21 0.295673076875 0.14903846132075474 0.26346153875 0.13076923113207548 0.259615384375 0.13076923113207548 0.219551281875 0.21658653867924527 0.219551281875 0.21899038490566036 0.25977564125 0.2697115386792453 0.26378205125 0.2704326924528302 0.345673076875 0.21923076886792453 0.34759615375 0.21682692264150943 0.306570513125 0.15745192264150942 0.295673076875 0.14903846132075474
21 0.4451923075 0.06057692264150944 0.43477564125 0.057211538679245284 0.3923076925 0.06418269245283019 0.38846153875 0.06658653867924529 0.380608974375 0.0757211537735849 0.369070513125 0.0915865386792453 0.367628205 0.09543269245283019 0.364262820625 0.11995192264150943 0.364423076875 0.1305288462264151 0.38878205125 0.18870192264150942 0.423076923125 0.19471153867924526 0.49006410250000004 0.11538461509433963 0.492628205 0.11129807735849057 0.49294871812499996 0.1072115386792453 0.49086538437500005 0.10336538490566037 0.4451923075 0.06057692264150944
21 0.619070513125 0.14903846132075474 0.607371795 0.13245192264150943 0.587820513125 0.13653846132075473 0.513621795 0.18629807735849058 0.510416666875 0.1891826924528302 0.509615384375 0.19110576886792452 0.509134615625 0.19350961509433962 0.5100961537500001 0.19663461509433963 0.58733974375 0.25 0.5956730768749999 0.24951923113207547 0.599679486875 0.24783653867924527 0.6166666668749999 0.2326923075471698 0.62147435875 0.1579326924528302 0.619070513125 0.14903846132075474
9 0.50641025625 0.23389423113207547 0.501121795 0.23581730754716979 0.498237179375 0.2389423075471698 0.49599359 0.24326923113207546 0.494070513125 0.25096153867924526 0.494070513125 0.2639423075471698 0.49487179500000006 0.26754807735849057 0.49791666687499997 0.2728365386792453 0.50240384625 0.275 0.51121794875 0.2721153849056604 0.51858974375 0.240625 0.51746794875 0.23245192264150943 0.50641025625 0.23389423113207547
9 0.36121794875 0.2721153849056604 0.357852564375 0.2709134613207547 0.34471153875 0.2735576924528302 0.34150641 0.27620192264150945 0.337179486875 0.2829326924528302 0.33573717937499997 0.2908653849056604 0.33557692312500004 0.2992788462264151 0.33766025624999996 0.30865384622641506 0.341987179375 0.31442307735849057 0.34503205125 0.31682692264150947 0.35080128187500004 0.3170673075471698 0.35400641 0.3141826924528302 0.36217948687499996 0.2752403849056604 0.36121794875 0.2721153849056604
1 0.25016025625 0.43533653867924527 0.251762820625 0.43173076886792455 0.25224359 0.4158653849056604 0.228365384375 0.37548076886792453 0.22467948687500003 0.3774038462264151 0.21650641 0.3920673075471698 0.21602564125 0.40240384622641506 0.216826923125 0.4098557688679245 0.224519230625 0.4233173075471698 0.23397435875 0.4362980773584905 0.23733974375 0.43966346132075473 0.24214743562500002 0.4408653849056604 0.245833333125 0.4399038462264151 0.25016025625 0.43533653867924527
13 0.373076923125 0.3617788462264151 0.36891025624999996 0.3610576924528302 0.350641025625 0.37884615377358494 0.33974359 0.39158653867924526 0.331570513125 0.4045673075471698 0.32996794875 0.40817307735849057 0.33141025625 0.4110576924528302 0.342147435625 0.41201923113207545 0.345673076875 0.4108173075471698 0.36121794875 0.4009615386792453 0.37548076937499997 0.3747596150943396 0.375801281875 0.36514423113207545 0.373076923125 0.3617788462264151
1 0.48717948687499996 0.3805288462264151 0.48814102562499995 0.37764423113207546 0.48685897437500003 0.36875 0.474519230625 0.33389423113207545 0.470352564375 0.3245192311320755 0.46762820499999996 0.3228365386792453 0.4548076925 0.32884615377358495 0.43701923062500003 0.35432692264150945 0.435576923125 0.35721153867924527 0.4326923075 0.3689903849056604 0.432051281875 0.3733173075471698 0.434455128125 0.3853365386792453 0.43685897437500004 0.39158653867924526 0.443108974375 0.3985576924528302 0.44983974375 0.40048076886792455 0.45496794875 0.4002403849056604 0.46522435875 0.3966346150943396 0.48717948687499996 0.3805288462264151
21 0.7323717949999999 0.3766826924528302 0.720833333125 0.36514423113207545 0.663621795 0.3141826924528302 0.64246794875 0.30072115377358494 0.5764423075 0.30865384622641506 0.572916666875 0.3141826924528302 0.53653846125 0.41971153867924527 0.5326923075 0.4329326924528302 0.532371795 0.43677884622641505 0.5331730768749999 0.44326923113207545 0.622382789375 0.4751170669811321 0.6799727368749999 0.43686088679245283 0.740384615625 0.39375 0.74102564125 0.39254807735849057 0.7375 0.38485576886792455 0.7323717949999999 0.3766826924528302
9 0.525320513125 0.4122596150943396 0.525320513125 0.4028846150943396 0.51746794875 0.3819711537735849 0.512980769375 0.37884615377358494 0.509615384375 0.378125 0.504166666875 0.384375 0.5019230768749999 0.39278846132075473 0.5014423075 0.39639423113207545 0.5038461537500001 0.4122596150943396 0.505769230625 0.41802884622641506 0.50977564125 0.42379807735849057 0.51378205125 0.42572115377358494 0.51875 0.42379807735849057 0.523397435625 0.4194711537735849 0.525320513125 0.4122596150943396
18 0.41618589749999996 0.48341346132075474 0.416826923125 0.47067307735849057 0.41586538437500004 0.4685096150943396 0.412019230625 0.4651442311320755 0.403044871875 0.4653846150943396 0.397916666875 0.46658653867924527 0.38317307687499996 0.4742788462264151 0.37291666687499997 0.48245192264150943 0.35737179500000005 0.5050480773584906 0.3548076925 0.5096153849056604 0.3548076925 0.5139423075471699 0.356730769375 0.5194711537735849 0.37291666687499997 0.5237980773584906 0.404326923125 0.5016826924528301 0.411858974375 0.4939903849056604 0.41426282062500003 0.48990384622641514 0.41618589749999996 0.48341346132075474
11 0.477083333125 0.5158653849056604 0.47772435874999997 0.521875 0.48028846125 0.5245192311320754 0.4826923075 0.5252403849056604 0.487019230625 0.5213942311320754 0.48846153875 0.4939903849056604 0.48621794875 0.4882211537735849 0.482051281875 0.4903846150943396 0.477083333125 0.5158653849056604
10 0.281891025625 0.48629807735849057 0.280929486875 0.48221153867924527 0.2764423075 0.4783653849056604 0.263301281875 0.47139423113207546 0.24727564125 0.4701923075471698 0.23205128187500002 0.47307692264150947 0.217628205 0.4819711537735849 0.214583333125 0.48605769245283015 0.21025641 0.4973557688679246 0.20849359 0.5088942311320754 0.209134615625 0.5252403849056604 0.214102564375 0.546875 0.21891025625000002 0.5564903849056604 0.222115384375 0.5569711537735849 0.224519230625 0.5555288462264151 0.279166666875 0.4927884613207547 0.280929486875 0.49014423113207545 0.281891025625 0.48629807735849057
21 0.33060897437500003 0.54375 0.326923076875 0.5399038462264151 0.32211538437500004 0.5384615386792453 0.319230769375 0.5396634613207547 0.316666666875 0.5447115386792453 0.31105769250000004 0.5603365386792453 0.312179486875 0.5629807688679246 0.31378205125 0.5644230773584905 0.32596153875 0.5673076924528302 0.32916666687499996 0.5663461537735849 0.33189102562499995 0.5639423075471699 0.334294871875 0.5519230773584906 0.33060897437500003 0.54375
9 0.35833333312500004 0.58125 0.35897435875 0.5721153849056604 0.35272435874999997 0.5612980773584906 0.349358974375 0.5574519226415094 0.34519230749999996 0.5620192311320754 0.339102564375 0.5733173075471698 0.33653846125000003 0.5800480773584905 0.33509615375 0.5879807688679246 0.33461538437500005 0.5959134613207547 0.33557692312500004 0.5997596150943396 0.3375 0.6028846150943395 0.34150641 0.6055288462264151 0.34775641 0.6036057688679246 0.35176282062500003 0.5997596150943396 0.35400641 0.5959134613207547 0.35833333312500004 0.58125
11 0.33285256437500005 0.6259615386792453 0.32996794875 0.6262019226415094 0.328365384375 0.628125 0.324519230625 0.6346153849056604 0.32259615375 0.6432692311320755 0.322916666875 0.6502403849056604 0.324198718125 0.6521634613207548 0.3264423075 0.6533653849056604 0.33189102562499995 0.6504807688679246 0.334294871875 0.6463942311320754 0.336378205 0.6310096150943396 0.335416666875 0.6276442311320755 0.33285256437500005 0.6259615386792453
21 0.196955128125 0.6019230773584906 0.19407051312499998 0.6050480773584905 0.19342948687500003 0.6069711537735849 0.19375 0.6269230773584905 0.228365384375 0.7153846150943396 0.26971153875 0.6110576924528301 0.270352564375 0.5992788462264151 0.26875 0.5980769226415095 0.208333333125 0.5992788462264151 0.196955128125 0.6019230773584906
21 0.354326923125 0.8259615386792453 0.32227564125 0.7197115386792453 0.309615384375 0.7127403849056604 0.294871795 0.7064903849056604 0.27932692312499996 0.7026442311320754 0.275320513125 0.7081730773584906 0.251602564375 0.7557692311320754 0.24407051312499997 0.7713942311320754 0.24791666687500002 0.7822115386792453 0.259134615625 0.7985576924528301 0.294871795 0.8125 0.349519230625 0.8310096150943396 0.35336538437500004 0.8295673075471699 0.35384615375 0.8283653849056604 0.354326923125 0.8259615386792453
20 0.38766025625 0.7170673075471699 0.38782051312500004 0.7100961537735849 0.38653846125 0.7043269226415094 0.38461538437500004 0.7002403849056604 0.380608974375 0.6961538462264151 0.361698718125 0.6875 0.345512820625 0.6911057688679246 0.342948718125 0.6930288462264151 0.345512820625 0.7057692311320755 0.35368589749999996 0.7177884613207547 0.357051281875 0.7211538462264151 0.37259615375000005 0.7283653849056604 0.376923076875 0.7288461537735849 0.380929486875 0.7274038462264151 0.38461538437500004 0.7242788462264151 0.38766025625 0.7170673075471699
1 0.474679486875 0.7576923075471699 0.47676282062500003 0.7478365386792453 0.475641025625 0.7403846150943396 0.471634615625 0.7324519226415095 0.462980769375 0.7286057688679246 0.46073717937499997 0.7286057688679246 0.44503205125 0.7387019226415095 0.4375 0.7492788462264152 0.43685897437500004 0.7514423075471699 0.436698718125 0.7560096150943396 0.43766025625 0.7612980773584905 0.44150641 0.7682692311320755 0.446955128125 0.7733173075471699 0.4548076925 0.7742788462264151 0.46025641 0.7723557688679246 0.46939102562499996 0.7663461537735848 0.474679486875 0.7576923075471699
1 0.47788461562499995 0.621875 0.47660256437500004 0.6115384613207547 0.47147435875 0.6004807688679246 0.466826923125 0.5961538462264151 0.462820513125 0.5942307688679246 0.435576923125 0.5894230773584905 0.431570513125 0.5911057688679245 0.43766025625 0.6543269226415095 0.45064102562499997 0.6572115386792453 0.45849359 0.6564903849056604 0.466826923125 0.6536057688679245 0.47227564125 0.6473557688679246 0.474679486875 0.6423076924528301 0.47692307687499996 0.6346153849056604 0.47788461562499995 0.621875
9 0.5217948718750001 0.6774038462264151 0.51650641 0.6620192311320754 0.513621795 0.6586538462264151 0.510897435625 0.6615384613207548 0.5056089743750001 0.6771634613207548 0.504166666875 0.6971153849056604 0.505769230625 0.7057692311320755 0.514102564375 0.7168269226415095 0.51746794875 0.7129807688679246 0.521955128125 0.7004807688679245 0.5229166668749999 0.69375 0.5229166668749999 0.6867788462264152 0.5217948718750001 0.6774038462264151
9 0.537179486875 0.5865384613207547 0.5331730768749999 0.5838942311320754 0.52884615375 0.5829326924528302 0.5238782049999999 0.5875 0.51891025625 0.5956730773584905 0.518429486875 0.6033653849056604 0.51971153875 0.6069711537735849 0.521634615625 0.6096153849056604 0.525801281875 0.6110576924528301 0.5331730768749999 0.6067307688679245 0.5350961537500001 0.6043269226415094 0.53846153875 0.5915865386792453 0.537179486875 0.5865384613207547
21 0.5719551281249999 0.6932692311320754 0.560737179375 0.7129807688679246 0.5599358975 0.7163461537735849 0.5599358975 0.7569711537735849 0.586858974375 0.79375 0.6665064099999999 0.7711538462264151 0.66971153875 0.7675480773584905 0.66971153875 0.7634615386792453 0.627083333125 0.640625 0.619871795 0.6463942311320754 0.5719551281249999 0.6932692311320754
21 0.417948718125 0.5862980773584906 0.41586538437500004 0.5862980773584906 0.41506410250000003 0.5877403849056604 0.4183498325 0.5942048509433961 0.42369747062499996 0.5991411320754717 0.42904510875 0.6016092726415094 0.4349358975 0.6021634613207547 0.437683600625 0.6003752018867924 0.43439274625 0.5942048509433961 0.42575425437500003 0.5886515339622642 0.417948718125 0.5862980773584906
21 0.41987179500000005 0.5930288462264152 0.416666666875 0.5927884613207547 0.411858974375 0.5949519226415094 0.412019230625 0.5971153849056604 0.41378205125 0.5995192311320754 0.42371794875 0.6069711537735849 0.42740384625 0.6081730773584906 0.42884615375 0.6072115386792453 0.42948717937499997 0.603125 0.42371794875 0.5956730773584905 0.41987179500000005 0.5930288462264152
21 0.6695512818749999 0.47692307735849054 0.666666666875 0.48221153867924527 0.65897435875 0.5290865386792453 0.6580128206249999 0.5610576924528301 0.66009615375 0.5641826924528301 0.740384615625 0.5899038462264151 0.741826923125 0.5877403849056604 0.750320513125 0.4543269226415095 0.747916666875 0.4507211537735849 0.7451923075000001 0.45120192264150943 0.6695512818749999 0.47692307735849054