9 0.38862179500000005 0.5841346150943396 0.39631410250000004 0.5925480773584906 0.39823717937499997 0.5913461537735849 0.3985576925 0.5875 0.39615384625 0.5798076924528301 0.3923076925 0.5774038462264152 0.38862179500000005 0.5800480773584905 0.38862179500000005 0.5841346150943396
9 0.475320513125 0.5682692311320754 0.470673076875 0.5632211537735848 0.46650641 0.5629807688679246 0.462820513125 0.5644230773584905 0.458173076875 0.56875 0.454647435625 0.5742788462264151 0.4525641025 0.5826923075471698 0.4525641025 0.5903846150943396 0.454647435625 0.5990384613207548 0.45881410250000004 0.6100961537735848 0.462980769375 0.6112980773584905 0.46858974375 0.6016826924528301 0.476121795 0.5788461537735848 0.47660256437500004 0.5759615386792453 0.475320513125 0.5682692311320754
5 0.461858974375 0.2007211537735849 0.460416666875 0.1930288462264151 0.44711538437500004 0.14975961509433963 0.4298076925 0.10336538490566037 0.42227564125 0.0915865386792453 0.41586538437500004 0.0882211537735849 0.412019230625 0.0882211537735849 0.40641025625 0.0915865386792453 0.4014423075 0.09975961509433963 0.38477564125 0.13245192264150943 0.364423076875 0.17379807735849057 0.38846153875 0.2516826924528302 0.40977564125 0.271875 0.41987179500000005 0.2771634613207547 0.43541666687499997 0.28076923113207547 0.462980769375 0.24807692264150946 0.46346153875 0.234375 0.461858974375 0.2007211537735849
7 0.693269230625 0.2163461537735849 0.6963141025 0.19350961509433962 0.69599359 0.1798076924528302 0.650320513125 0.08605769245283018 0.630929486875 0.06346153867924528 0.614583333125 0.062259615094339624 0.6032051281249999 0.06418269245283019 0.594230769375 0.06826923113207548 0.581730769375 0.0759615386792453 0.57628205125 0.08100961509433963 0.56746794875 0.09182692264150943 0.555769230625 0.11081730754716981 0.55128205125 0.12283653867924528 0.543429486875 0.1617788462264151 0.549519230625 0.2125 0.568269230625 0.26346153867924527 0.57227564125 0.2673076924528302 0.575641025625 0.2673076924528302 0.681570513125 0.23293269245283021 0.689423076875 0.2233173075471698 0.693269230625 0.2163461537735849
12 0.576121795 0.3653846150943396 0.584134615625 0.3221153849056604 0.58509615375 0.31057692264150943 0.584134615625 0.30264423113207545 0.58108974375 0.29783653867924526 0.57900641 0.2966346150943396 0.575 0.2966346150943396 0.570673076875 0.3 0.562019230625 0.3137019226415095 0.558173076875 0.3266826924528302 0.557051281875 0.3365384613207547 0.55625 0.35673076886792454 0.5576923075 0.365625 0.5605769231250001 0.37067307735849053 0.562980769375 0.37235576886792454 0.568269230625 0.37451923113207547 0.57227564125 0.37307692264150943 0.575 0.3689903849056604 0.576121795 0.3653846150943396
13 0.4576923075 0.3733173075471698 0.45496794875 0.3716346150943396 0.452884615625 0.37307692264150943 0.429166666875 0.3961538462264151 0.431570513125 0.4076923075471698 0.43317307687499995 0.41009615377358494 0.435576923125 0.41129807735849055 0.44839743562499995 0.41201923113207545 0.45128205125 0.40841346132075473 0.45785256437500005 0.3814903849056604 0.458333333125 0.3764423075471698 0.4576923075 0.3733173075471698
9 0.619871795 0.5495192311320755 0.615384615625 0.5432692311320754 0.609455128125 0.5399038462264151 0.599198718125 0.5389423075471699 0.5945512818750001 0.5403846150943395 0.5927884612500001 0.54375 0.595512820625 0.5526442311320754 0.61121794875 0.5834134613207548 0.6149038462499999 0.5829326924528302 0.619070513125 0.5802884613207547 0.621794871875 0.5759615386792453 0.6233974356249999 0.5682692311320754 0.6230769231250001 0.5612980773584906 0.619871795 0.5495192311320755
9 0.706730769375 0.41057692264150947 0.7008012818749999 0.409375 0.693429486875 0.41201923113207545 0.69134615375 0.4170673075471698 0.690544871875 0.4201923075471698 0.6923076924999999 0.4235576924528302 0.69647435875 0.4252403849056604 0.7014423075 0.4252403849056604 0.70753205125 0.421875 0.7099358975 0.415625 0.709455128125 0.4134615386792453 0.706730769375 0.41057692264150947
20 0.716826923125 0.55625 0.7125 0.5538461537735849 0.70897435875 0.5524038462264151 0.69759615375 0.5516826924528302 0.690865384375 0.5543269226415094 0.685576923125 0.5579326924528302 0.6695512818749999 0.5709134613207547 0.6653846156250001 0.5762019226415095 0.664423076875 0.5800480773584905 0.665544871875 0.5814903849056604 0.685576923125 0.5805288462264151 0.718108974375 0.5663461537735849 0.7197115387499999 0.5649038462264151 0.719871795 0.5634615386792453 0.719230769375 0.5605769226415095 0.716826923125 0.55625
9 0.687820513125 0.7216346150943396 0.685576923125 0.7127403849056604 0.6830128206249999 0.7088942311320754 0.6738782050000001 0.7019230773584906 0.6698717949999999 0.7012019226415095 0.6676282050000001 0.7028846150943396 0.66474359 0.7108173075471699 0.6641025643749999 0.7127403849056604 0.665544871875 0.7439903849056604 0.6698717949999999 0.7490384613207547 0.67772435875 0.7487980773584906 0.681730769375 0.7461538462264151 0.6857371793750001 0.7389423075471698 0.6876602562499999 0.7319711537735849 0.687820513125 0.7216346150943396
9 0.5326923075 0.6151442311320754 0.5238782049999999 0.6225961537735849 0.5211538462499999 0.6269230773584905 0.517628205 0.6372596150943396 0.517147435625 0.6502403849056604 0.519391025625 0.6581730773584905 0.529166666875 0.6737980773584905 0.5304487181249999 0.6735576924528301 0.537179486875 0.6584134613207547 0.538141025625 0.6189903849056604 0.53733974375 0.6168269226415094 0.5326923075 0.6151442311320754
9 0.44647435874999997 0.7040865386792453 0.44391025624999997 0.7021634613207547 0.431570513125 0.7033653849056604 0.42884615375 0.7086538462264151 0.42884615375 0.7201923075471699 0.431891025625 0.7228365386792452 0.439423076875 0.7242788462264151 0.44711538437500004 0.721875 0.449519230625 0.7170673075471699 0.44983974375 0.7125 0.449198718125 0.7084134613207548 0.44647435874999997 0.7040865386792453
20 0.310737179375 0.5685096150943396 0.29647435875 0.5673076924528302 0.293108974375 0.5682692311320754 0.292628205 0.5956730773584905 0.31442307687500004 0.5997596150943396 0.32435897437500005 0.5956730773584905 0.327884615625 0.5918269226415095 0.32820512812499997 0.5877403849056604 0.326602564375 0.5836538462264151 0.318429486875 0.5713942311320754 0.310737179375 0.5685096150943396
3 0.33349359 0.4206730773584905 0.27147435875 0.3995192311320755 0.23653846125 0.39254807735849057 0.235416666875 0.3942307688679245 0.23477564125 0.3973557688679245 0.238141025625 0.4670673075471698 0.239583333125 0.47067307735849057 0.270352564375 0.5021634613207547 0.310416666875 0.49519230754716986 0.34326923062500003 0.4358173075471698 0.341987179375 0.4314903849056604 0.33349359 0.4206730773584905
9 0.412019230625 0.48052884622641506 0.40977564125 0.4819711537735849 0.41025641 0.48918269245283014 0.41233974375000004 0.49254807735849054 0.42371794875 0.49759615377358485 0.4298076925 0.4939903849056604 0.430128205 0.49014423113207545 0.4235576925 0.4836538462264151 0.41506410250000003 0.4807692311320755 0.412019230625 0.48052884622641506