11 0.44711538437500004 0.35865384622641505 0.443108974375 0.3579326924528302 0.440544871875 0.3596153849056604 0.43990384624999995 0.36129807735849057 0.43974359 0.37211538490566043 0.43958333312500003 0.3846153849056604 0.44150641 0.3870192311320755 0.44727564125 0.38677884622641506 0.45112179500000005 0.3802884613207547 0.45208333312500004 0.3733173075471698 0.451602564375 0.36754807735849054 0.449519230625 0.36129807735849057 0.44711538437500004 0.35865384622641505
14 0.47996794875 0.19399038490566037 0.474519230625 0.190625 0.462820513125 0.19423076886792454 0.45384615375000004 0.21274038490566038 0.452884615625 0.21658653867924527 0.4525641025 0.22067307735849057 0.45384615375000004 0.22451923113207548 0.457371795 0.228125 0.45913461562499996 0.22860576886792452 0.48221153875 0.2125 0.48349359 0.20528846132075473 0.482852564375 0.19975961509433962 0.47996794875 0.19399038490566037
9 0.5899038462499999 0.21274038490566038 0.587820513125 0.21033653867924526 0.575641025625 0.21370192264150942 0.570673076875 0.2163461537735849 0.568269230625 0.2204326924528302 0.5671474356249999 0.2242788462264151 0.566987179375 0.22860576886792452 0.5701923074999999 0.23413461509433964 0.575801281875 0.2367788462264151 0.579487179375 0.23581730754716979 0.58766025625 0.22932692264150942 0.590544871875 0.22451923113207548 0.590705128125 0.2161057688679245 0.5899038462499999 0.21274038490566038
9 0.645352564375 0.24807692264150946 0.6426282050000001 0.24471153867924528 0.638621795 0.24326923113207546 0.634615384375 0.2454326924528302 0.630448718125 0.2514423075471698 0.625320513125 0.26466346132075474 0.624679486875 0.27139423113207545 0.6264423075 0.2745192311320755 0.63028846125 0.27692307735849053 0.634615384375 0.27620192264150945 0.64503205125 0.26370192264150943 0.6471153843749999 0.25625 0.646634615625 0.25216346132075473 0.645352564375 0.24807692264150946
14 0.52227564125 0.2788461537735849 0.517628205 0.2788461537735849 0.512820513125 0.28317307735849057 0.508173076875 0.2935096150943396 0.5088141025 0.3055288462264151 0.51378205125 0.32524038490566043 0.51746794875 0.32740384622641505 0.52596153875 0.32620192264150943 0.5286858975 0.31057692264150943 0.52724359 0.28317307735849057 0.525320513125 0.28052884622641505 0.52227564125 0.2788461537735849
1 0.385737179375 0.3954326924528302 0.38221153874999997 0.3918269226415095 0.37772435875 0.390625 0.3713141025 0.39158653867924526 0.36778846125000003 0.39495192264150947 0.36506410250000004 0.4009615386792453 0.364583333125 0.40432692264150943 0.368429486875 0.4122596150943396 0.376602564375 0.41682692264150945 0.380929486875 0.4165865386792453 0.3875 0.41201923113207545 0.38862179500000005 0.4098557688679245 0.38766025625 0.4002403849056604 0.385737179375 0.3954326924528302
11 0.321955128125 0.4235576924528302 0.31955128187500004 0.425 0.318269230625 0.428125 0.318269230625 0.43557692264150943 0.321955128125 0.43798076886792453 0.337820513125 0.4399038462264151 0.33974359 0.43533653867924527 0.33974359 0.4314903849056604 0.33862179500000006 0.4298076924528302 0.32996794875 0.4252403849056604 0.321955128125 0.4235576924528302
9 0.435897435625 0.4584134613207547 0.4298076925 0.4507211537735849 0.42099359 0.44495192264150946 0.400320513125 0.44375 0.39759615375 0.4475961537735849 0.39615384625 0.4543269226415095 0.395673076875 0.4591346150943396 0.39647435875 0.4627403849056604 0.412980769375 0.4819711537735849 0.41987179500000005 0.48725961509433957 0.42836538437500005 0.48629807735849057 0.43814102562499996 0.478125 0.43846153875 0.4663461537735849 0.435897435625 0.4584134613207547
9 0.523076923125 0.41201923113207545 0.518108974375 0.4060096150943396 0.513621795 0.40576923113207547 0.50897435875 0.4103365386792453 0.507852564375 0.4139423075471698 0.507852564375 0.4204326924528302 0.510737179375 0.43557692264150943 0.513141025625 0.43942307735849057 0.5161858975 0.44182692264150947 0.517628205 0.4423076924528302 0.520833333125 0.44014423113207546 0.52371794875 0.4204326924528302 0.523076923125 0.41201923113207545
9 0.63477564125 0.4173076924528302 0.630929486875 0.4076923075471698 0.6266025643750001 0.40120192264150945 0.62259615375 0.3990384613207547 0.620833333125 0.4002403849056604 0.61858974375 0.40432692264150943 0.616987179375 0.41201923113207545 0.61858974375 0.42379807735849057 0.6230769231250001 0.4319711537735849 0.6275641025 0.4334134613207547 0.630769230625 0.4322115386792453 0.6349358975 0.4283653849056604 0.635737179375 0.42283653867924526 0.63477564125 0.4173076924528302
11 0.7205128206249999 0.42451923113207546 0.716666666875 0.4233173075471698 0.71602564125 0.42475961509433957 0.71634615375 0.4591346150943396 0.719230769375 0.4608173075471698 0.724519230625 0.4596153849056604 0.726121795 0.4545673075471698 0.7274038462500001 0.4435096150943396 0.7274038462500001 0.43701923113207547 0.7264423075 0.4314903849056604 0.7205128206249999 0.42451923113207546
9 0.7099358975 0.5447115386792453 0.70897435875 0.5411057688679246 0.70608974375 0.5372596150943396 0.700641025625 0.5365384613207548 0.695673076875 0.5391826924528301 0.693429486875 0.5456730773584906 0.693429486875 0.5567307688679246 0.695673076875 0.5682692311320754 0.6974358975 0.5704326924528301 0.700641025625 0.5716346150943395 0.7038461537499999 0.5697115386792453 0.7073717949999999 0.5644230773584905 0.70977564125 0.5526442311320754 0.7099358975 0.5447115386792453
9 0.61121794875 0.5084134613207547 0.59903846125 0.5100961537735849 0.59150641 0.5141826924528301 0.58974359 0.5165865386792453 0.5889423075 0.5197115386792452 0.589423076875 0.5245192311320754 0.59246794875 0.5310096150943396 0.5951923075 0.5329326924528301 0.600641025625 0.5331730773584905 0.60400641 0.53125 0.613141025625 0.5189903849056604 0.61378205125 0.5132211537735849 0.61121794875 0.5084134613207547
1 0.540544871875 0.5644230773584905 0.550320513125 0.540625 0.550641025625 0.5372596150943396 0.540865384375 0.5110576924528302 0.533333333125 0.5076923075471699 0.5139423075 0.5045673075471698 0.504487179375 0.5161057688679246 0.49967948687499997 0.5293269226415095 0.49967948687499997 0.5389423075471699 0.5009615387499999 0.5487980773584905 0.505929486875 0.5641826924528301 0.513301281875 0.5721153849056604 0.5173076925 0.5740384613207548 0.52147435875 0.5742788462264151 0.529166666875 0.5723557688679246 0.540544871875 0.5644230773584905
11 0.36185897437500003 0.5516826924528302 0.35336538437500004 0.5528846150943396 0.35016025624999997 0.5550480773584906 0.34519230749999996 0.5617788462264152 0.34230769250000004 0.5685096150943396 0.341826923125 0.5721153849056604 0.345352564375 0.5793269226415094 0.349519230625 0.5795673075471699 0.361698718125 0.5689903849056605 0.36586538437500005 0.5615384613207547 0.36698717937499997 0.5564903849056604 0.36522435875 0.5533653849056605 0.36185897437500003 0.5516826924528302
9 0.518108974375 0.6524038462264151 0.51346153875 0.6524038462264151 0.511378205 0.6550480773584906 0.5100961537500001 0.6612980773584906 0.5100961537500001 0.6680288462264151 0.511858974375 0.6733173075471699 0.520352564375 0.6824519226415094 0.525320513125 0.6817307688679246 0.529166666875 0.6774038462264151 0.530929486875 0.6697115386792453 0.5224358975 0.6545673075471699 0.518108974375 0.6524038462264151
9 0.59615384625 0.6346153849056604 0.594070513125 0.6307692311320754 0.5918269231250001 0.6290865386792452 0.58766025625 0.6290865386792452 0.585897435625 0.6302884613207548 0.584455128125 0.634375 0.5838141025 0.6442307688679246 0.5836538462499999 0.6507211537735849 0.584615384375 0.6574519226415094 0.587820513125 0.6651442311320754 0.59503205125 0.6625 0.5985576925 0.6581730773584905 0.599519230625 0.6504807688679246 0.59903846125 0.6466346150943396 0.59615384625 0.6346153849056604
3 0.700480769375 0.6367788462264151 0.67772435875 0.6454326924528302 0.655448718125 0.6704326924528301 0.650480769375 0.6894230773584905 0.689423076875 0.7110576924528301 0.699679486875 0.7019230773584906 0.706570513125 0.6850961537735849 0.70721153875 0.6800480773584906 0.706730769375 0.6584134613207547 0.703205128125 0.6387019226415095 0.700480769375 0.6367788462264151
13 0.687980769375 0.7338942311320754 0.685416666875 0.7314903849056604 0.676602564375 0.7360576924528301 0.675320513125 0.7399038462264151 0.67516025625 0.7560096150943396 0.67628205125 0.7641826924528301 0.67772435875 0.7665865386792453 0.68141025625 0.7692307688679246 0.685416666875 0.7680288462264151 0.687820513125 0.7637019226415095 0.688621795 0.7415865386792453 0.687980769375 0.7338942311320754