13 0.40625 0.7324218754716981 0.353516025625 0.7324218754716981 0.353516025625 0.7998040867924529 0.40625 0.7998040867924529 0.40625 0.7324218754716981
11 0.3360576925 0.5096153849056604 0.32227564125 0.5110576924528302 0.31955128187500004 0.5132211537735849 0.31746794875 0.5168269226415094 0.318108974375 0.5185096150943396 0.321955128125 0.5204326924528302 0.34166666687499997 0.5264423075471698 0.34230769250000004 0.5254807688679246 0.34230769250000004 0.5211538462264151 0.33974359 0.5132211537735849 0.337820513125 0.5103365386792452 0.3360576925 0.5096153849056604
9 0.51233974375 0.0875 0.5125 0.07620192264150943 0.507051281875 0.06706730754716982 0.5014423075 0.06442307735849057 0.49391025624999996 0.06778846132075471 0.49022435875 0.071875 0.48541666687499996 0.08004807735849057 0.474679486875 0.11899038490566037 0.47772435874999997 0.1274038462264151 0.48141025625 0.13341346132075474 0.48477564125 0.1350961537735849 0.490544871875 0.13533653867924528 0.502083333125 0.12692307735849057 0.50977564125 0.09975961509433963 0.51233974375 0.0875
9 0.45384615375000004 0.19807692264150942 0.453365384375 0.22067307735849057 0.4625 0.23317307735849058 0.4826923075 0.2300480773584906 0.506891025625 0.22451923113207548 0.5100961537500001 0.20504807735849057 0.47852564125 0.1680288462264151 0.461378205 0.18100961509433963 0.45384615375000004 0.19807692264150942
18 0.612980769375 0.159375 0.611858974375 0.15048076886792452 0.61121794875 0.14975961509433963 0.607371795 0.1514423075471698 0.601602564375 0.15625 0.5975961537500001 0.1625 0.592628205 0.1735576924528302 0.5918269231250001 0.17716346132075472 0.591666666875 0.18605769245283021 0.5929487181249999 0.18774038490566036 0.59503205125 0.18870192264150942 0.599519230625 0.18798076886792453 0.6032051281249999 0.1850961537735849 0.608173076875 0.17764423113207548 0.61153846125 0.1694711537735849 0.612980769375 0.159375
1 0.6096153843750001 0.26754807735849057 0.62099359 0.24014423113207548 0.62099359 0.23221153867924527 0.6176282049999999 0.22451923113207548 0.576121795 0.20649038490566038 0.56778846125 0.21225961509433963 0.562179486875 0.22067307735849057 0.5610576925 0.22451923113207548 0.5615384612500001 0.2367788462264151 0.563141025625 0.2439903849056604 0.565865384375 0.24927884622641508 0.5786858975 0.2658653849056604 0.588301281875 0.2723557688679245 0.5927884612500001 0.27307692264150946 0.60352564125 0.27139423113207545 0.6096153843750001 0.26754807735849057
13 0.43028846125000003 0.2439903849056604 0.42724359 0.2360576924528302 0.42483974375 0.23293269245283021 0.40560897437500004 0.21586538490566037 0.380769230625 0.2132211537735849 0.38012820499999994 0.2161057688679245 0.38028846125 0.22403846132075472 0.383333333125 0.23221153867924527 0.40496794875 0.275 0.410897435625 0.2798076924528302 0.41378205125 0.27908653867924527 0.4298076925 0.2466346150943396 0.43028846125000003 0.2439903849056604
9 0.4423076925 0.29783653867924526 0.43990384624999995 0.29399038490566043 0.43541666687499997 0.2899038462264151 0.431570513125 0.28870192264150946 0.42772435875 0.28942307735849054 0.42403846125 0.2944711537735849 0.424198718125 0.2985576924528302 0.428044871875 0.31442307735849057 0.430769230625 0.3180288462264151 0.435576923125 0.3173076924528302 0.43862179500000004 0.31466346132075473 0.442948718125 0.30673076886792455 0.44358974375000004 0.3024038462264151 0.4423076925 0.29783653867924526
9 0.514583333125 0.265625 0.51346153875 0.26490384622641505 0.511858974375 0.26658653867924526 0.51153846125 0.2723557688679245 0.51233974375 0.2800480773584905 0.517948718125 0.2944711537735849 0.5211538462499999 0.29903846132075473 0.523397435625 0.2985576924528302 0.523237179375 0.290625 0.51746794875 0.2709134613207547 0.514583333125 0.265625
13 0.601762820625 0.30264423113207545 0.600480769375 0.29975961509433957 0.595512820625 0.29495192264150943 0.591666666875 0.29399038490566043 0.5854166668749999 0.29471153867924527 0.5725961537500001 0.31057692264150943 0.572115384375 0.31826923113207545 0.594391025625 0.36225961509433957 0.5956730768749999 0.3641826924528302 0.597916666875 0.36514423113207545 0.607371795 0.365625 0.6089743587499999 0.3610576924528302 0.6088141025 0.35721153867924527 0.601762820625 0.30264423113207545
13 0.71522435875 0.40432692264150943 0.7290064099999999 0.38076923113207545 0.690865384375 0.3298076924528302 0.654166666875 0.3100961537735849 0.65 0.31033653867924527 0.62740384625 0.34951923113207545 0.6266025643750001 0.3521634613207547 0.6266025643750001 0.35432692264150945 0.6306089743750001 0.365625 0.632852564375 0.36923076886792455 0.64150641 0.3766826924528302 0.654166666875 0.3850961537735849 0.70096153875 0.4117788462264151 0.705769230625 0.41201923113207545 0.71522435875 0.40432692264150943
9 0.49294871812499996 0.3391826924528302 0.483012820625 0.3533653849056604 0.498237179375 0.3533653849056604 0.5025641025 0.3497596150943396 0.50849359 0.34158653867924527 0.508173076875 0.3372596150943396 0.505929486875 0.334375 0.494070513125 0.33798076886792455 0.49294871812499996 0.3391826924528302
13 0.37708333312500003 0.34807692264150947 0.37403846125 0.3490384613207547 0.37355769250000004 0.35 0.37435897437500004 0.36153846132075473 0.376923076875 0.3689903849056604 0.380769230625 0.36875 0.386378205 0.36129807735849057 0.387019230625 0.35721153867924527 0.38477564125 0.3540865386792453 0.37708333312500003 0.34807692264150947
1 0.279647435625 0.3923076924528302 0.27147435875 0.3870192311320755 0.262019230625 0.38966346132075474 0.25865384625 0.3920673075471698 0.251121795 0.40432692264150943 0.249198718125 0.41370192264150946 0.249198718125 0.4278846150943396 0.2525641025 0.4430288462264151 0.26346153875 0.4591346150943396 0.267628205 0.459375 0.282852564375 0.4079326924528302 0.28317307687500004 0.40336538490566043 0.28173076937499997 0.39639423113207545 0.279647435625 0.3923076924528302
9 0.46522435875 0.38774038490566043 0.462980769375 0.37283653867924527 0.46073717937499997 0.3680288462264151 0.45496794875 0.3646634613207547 0.45240384624999996 0.3661057688679245 0.45064102562499997 0.3689903849056604 0.44839743562499995 0.3920673075471698 0.44903846125 0.3959134613207547 0.45208333312500004 0.4026442311320755 0.454326923125 0.4038461537735849 0.45913461562499996 0.40360576886792454 0.46346153875 0.3997596150943396 0.4650641025 0.3954326924528302 0.46522435875 0.38774038490566043
1 0.5985576925 0.42403846132075473 0.59134615375 0.41201923113207545 0.5838141025 0.40697115377358495 0.5764423075 0.4048076924528302 0.572115384375 0.4045673075471698 0.567948718125 0.40576923113207547 0.562019230625 0.4125 0.560416666875 0.41610576886792455 0.5599358975 0.41971153867924527 0.55977564125 0.4278846150943396 0.56121794875 0.4338942311320755 0.580128205 0.44879807735849053 0.58397435875 0.45 0.595512820625 0.4466346150943396 0.6 0.43942307735849057 0.600320513125 0.4314903849056604 0.5985576925 0.42403846132075473
3 0.6485576925 0.45408653867924526 0.64246794875 0.425 0.626121795 0.45024038490566043 0.605128205 0.48629807735849057 0.6269230768749999 0.5194711537735849 0.630769230625 0.5213942311320754 0.6389423075 0.5180288462264151 0.64903846125 0.5019230773584905 0.65096153875 0.49326923113207544 0.6512820512499999 0.49014423113207545 0.6485576925 0.45408653867924526
18 0.718269230625 0.5682692311320754 0.7205128206249999 0.5651442311320755 0.7258012818749999 0.5487980773584905 0.725641025625 0.5331730773584905 0.7209935900000001 0.5206730773584906 0.7169871793750001 0.5153846150943396 0.7076923075 0.5112980773584905 0.67483974375 0.5204326924528302 0.671634615625 0.5213942311320754 0.675801281875 0.5449519226415095 0.67900641 0.5567307688679246 0.685416666875 0.5682692311320754 0.6931089743750001 0.5752403849056604 0.705608974375 0.5766826924528301 0.7088141025 0.5762019226415095 0.718269230625 0.5682692311320754
9 0.58397435875 0.5247596150943395 0.5860576925000001 0.5141826924528301 0.5849358975 0.5057692311320754 0.582371795 0.5009615386792453 0.57996794875 0.49855769245283016 0.5764423075 0.4973557688679246 0.572115384375 0.49759615377358485 0.5578525643750001 0.5254807688679246 0.556570513125 0.5293269226415095 0.559134615625 0.5329326924528301 0.5644230768749999 0.5375 0.568429486875 0.5399038462264151 0.572115384375 0.5401442311320754 0.576121795 0.5387019226415094 0.58028846125 0.5338942311320755 0.58397435875 0.5247596150943395
13 0.530128205 0.5216346150943396 0.5302884612500001 0.5175480773584905 0.51746794875 0.48653846132075473 0.51378205125 0.4802884613207547 0.49727564125 0.4831730773584905 0.49471153875 0.48605769245283015 0.49358974375000003 0.49014423113207545 0.494070513125 0.49423076886792455 0.50224359 0.5475961537735848 0.504487179375 0.5487980773584905 0.507852564375 0.5485576924528301 0.518429486875 0.5418269226415094 0.5274038462499999 0.5288461537735849 0.530128205 0.5216346150943396
1 0.40769230749999996 0.5329326924528301 0.4110576925 0.5211538462264151 0.410897435625 0.5132211537735849 0.409294871875 0.5048076924528302 0.408173076875 0.5024038462264151 0.38493589749999996 0.49807692264150943 0.37900641 0.5122596150943396 0.378205128125 0.5161057688679246 0.378205128125 0.5213942311320754 0.380448718125 0.5293269226415095 0.385737179375 0.5370192311320754 0.39262820499999995 0.5423076924528302 0.39647435875 0.5427884613207548 0.40096153875 0.5408653849056604 0.40496794875 0.5375 0.40769230749999996 0.5329326924528301
9 0.284615384375 0.4877403849056604 0.28349359 0.48221153867924527 0.281570513125 0.48004807735849053 0.2713141025 0.4742788462264151 0.26650641 0.47620192264150946 0.259455128125 0.4819711537735849 0.245673076875 0.5110576924528302 0.245352564375 0.5144230773584906 0.24647435874999998 0.5189903849056604 0.248237179375 0.5213942311320754 0.252083333125 0.5223557688679246 0.27932692312499996 0.5076923075471699 0.282852564375 0.5016826924528301 0.284455128125 0.49447115377358486 0.284615384375 0.4877403849056604
9 0.285576923125 0.5675480773584906 0.28076923062500003 0.5641826924528301 0.27516025625 0.5634615386792453 0.26346153875 0.5701923075471699 0.2625 0.5728365386792452 0.262980769375 0.5800480773584905 0.26490384625 0.5848557688679246 0.287019230625 0.6105769226415094 0.29166666687500004 0.6076923075471699 0.29342948687500003 0.5997596150943396 0.293108974375 0.5855769226415094 0.28830128187500004 0.571875 0.285576923125 0.5675480773584906
9 0.36891025624999996 0.5545673075471699 0.36522435875 0.5507211537735849 0.3588141025 0.5487980773584905 0.34887820499999994 0.5509615386792452 0.34503205125 0.5581730773584905 0.34342948687499997 0.5639423075471699 0.34102564125 0.5798076924528301 0.3411858975 0.5838942311320754 0.345512820625 0.5860576924528301 0.365705128125 0.578125 0.370512820625 0.5701923075471699 0.37147435875 0.5653846150943396 0.37115384625 0.5598557688679245 0.36891025624999996 0.5545673075471699
9 0.299198718125 0.6545673075471699 0.294391025625 0.6545673075471699 0.28990384625 0.6572115386792453 0.2860576925 0.6632211537735849 0.283012820625 0.6759615386792452 0.28317307687500004 0.6848557688679245 0.28653846125 0.6932692311320754 0.2985576925 0.7055288462264151 0.301121795 0.7048076924528301 0.306570513125 0.6971153849056604 0.3076923075 0.6620192311320754 0.30352564125000003 0.6567307688679246 0.299198718125 0.6545673075471699
9 0.319391025625 0.7353365386792453 0.314262820625 0.7322115386792453 0.30641025625 0.7317307688679245 0.300801281875 0.7346153849056604 0.29471153875 0.7427884613207547 0.292628205 0.7492788462264152 0.29246794875 0.7516826924528301 0.2974358975 0.7564903849056605 0.306891025625 0.7612980773584905 0.32612179500000005 0.7627403849056604 0.3286858975 0.7596153849056604 0.328365384375 0.7516826924528301 0.32435897437500005 0.7401442311320754 0.319391025625 0.7353365386792453
9 0.388301281875 0.6504807688679246 0.38509615375 0.6454326924528302 0.371794871875 0.6384615386792453 0.3576923075 0.6334134613207547 0.35464743562499995 0.6382211537735849 0.354166666875 0.6418269226415094 0.354166666875 0.6504807688679246 0.355448718125 0.6552884613207547 0.36233974375 0.665625 0.36875 0.6689903849056604 0.373237179375 0.6692307688679245 0.37724359 0.6677884613207548 0.38653846125 0.6560096150943396 0.388301281875 0.6504807688679246
3 0.466987179375 0.6302884613207548 0.46057692312500004 0.5759615386792453 0.45112179500000005 0.5752403849056604 0.426923076875 0.6112980773584905 0.425320513125 0.6853365386792453 0.42772435875 0.6862980773584906 0.43862179500000004 0.678125 0.45913461562499996 0.6579326924528301 0.46233974375000003 0.6533653849056604 0.464102564375 0.6480769226415094 0.465544871875 0.6423076924528301 0.466987179375 0.6302884613207548
9 0.4213141025 0.6935096150943396 0.41618589749999996 0.6911057688679246 0.411858974375 0.6913461537735849 0.40288461562499994 0.6963942311320754 0.40016025624999996 0.7 0.396955128125 0.7096153849056605 0.396794871875 0.7139423075471698 0.400320513125 0.7194711537735848 0.412019230625 0.7233173075471698 0.4201923075 0.7225961537735849 0.425320513125 0.7209134613207547 0.42996794875 0.7177884613207547 0.43141025624999996 0.7134615386792452 0.4213141025 0.6935096150943396
9 0.459294871875 0.7766826924528302 0.463141025625 0.7733173075471699 0.46474359 0.7711538462264151 0.466987179375 0.7639423075471699 0.46634615375000005 0.7524038462264151 0.462980769375 0.7490384613207547 0.431570513125 0.7394230773584906 0.42291666687499996 0.7439903849056604 0.419551281875 0.7487980773584906 0.415544871875 0.7557692311320754 0.419230769375 0.7677884613207547 0.42291666687499996 0.7723557688679246 0.43125 0.7757211537735849 0.442948718125 0.7788461537735849 0.450801281875 0.7798076924528301 0.45400641 0.7790865386792453 0.459294871875 0.7766826924528302
9 0.5349358975 0.6487980773584906 0.531891025625 0.6420673075471699 0.5293269231250001 0.6391826924528301 0.525 0.6384615386792453 0.521634615625 0.6411057688679246 0.520512820625 0.6430288462264151 0.518269230625 0.6536057688679245 0.5152243587499999 0.6737980773584905 0.515705128125 0.6776442311320754 0.516987179375 0.6788461537735849 0.530929486875 0.6723557688679246 0.5328525643750001 0.6699519226415095 0.5350961537500001 0.6641826924528301 0.5360576925 0.6567307688679246 0.5349358975 0.6487980773584906
6 0.69727564125 0.6992788462264151 0.677884615625 0.65625 0.67371794875 0.6495192311320754 0.61522435875 0.6110576924528301 0.583012820625 0.6120192311320755 0.571794871875 0.6189903849056604 0.563621795 0.6338942311320754 0.56378205125 0.6396634613207547 0.599519230625 0.7247596150943396 0.645833333125 0.7415865386792453 0.685416666875 0.7408653849056605 0.699358974375 0.7283653849056604 0.700320513125 0.7259615386792453 0.7014423075 0.7163461537735849 0.69727564125 0.6992788462264151
20 0.32051282062500003 0.3973557688679245 0.31618589750000003 0.3985576924528302 0.314102564375 0.40048076886792455 0.310416666875 0.4079326924528302 0.309615384375 0.4125 0.31442307687500004 0.45600961509433957 0.318269230625 0.4555288462264151 0.349519230625 0.43798076886792453 0.349519230625 0.43317307735849053 0.341826923125 0.41875 0.323878205 0.3983173075471698 0.32051282062500003 0.3973557688679245