7 0.760416666875 0.5526442311320754 0.755769230625 0.5252403849056604 0.731730769375 0.46658653867924527 0.724679486875 0.45697115377358494 0.707852564375 0.44495192264150946 0.693429486875 0.4420673075471698 0.68108974375 0.44134615377358494 0.6722756412500001 0.44326923113207545 0.661698718125 0.45120192264150943 0.660897435625 0.45504807735849057 0.6625 0.4670673075471698 0.724519230625 0.6028846150943395 0.74022435875 0.6271634613207547 0.744230769375 0.6307692311320754 0.747916666875 0.63125 0.7576923075 0.6033653849056604 0.760416666875 0.5526442311320754
7 0.462820513125 0.24879807735849055 0.45496794875 0.24927884622641508 0.45240384624999996 0.25192307735849057 0.45208333312500004 0.26754807735849057 0.4661858975 0.30264423113207545 0.5056089743750001 0.31754807735849055 0.51634615375 0.3192307688679245 0.521955128125 0.3161057688679245 0.5213141025 0.30264423113207545 0.51746794875 0.2985576924528302 0.462820513125 0.24879807735849055
3 0.576121795 0.1115384613207547 0.548878205 0.09735576886792452 0.51746794875 0.103125 0.5019230768749999 0.10841346132075472 0.500480769375 0.10985576886792453 0.49983974375 0.11346153867924529 0.49599359 0.171875 0.49567307687499995 0.18605769245283021 0.49647435875 0.19326923113207548 0.49727564125 0.1944711537735849 0.5826923075 0.26875 0.60352564125 0.28557692264150947 0.60528846125 0.28389423113207546 0.595512820625 0.12692307735849057 0.576121795 0.1115384613207547
3 0.36618589749999997 0.7204326924528301 0.3625 0.7151442311320754 0.264583333125 0.5877403849056604 0.251762820625 0.5838942311320754 0.249519230625 0.5862980773584906 0.24679487187500002 0.5915865386792453 0.22724359 0.6471153849056605 0.22003205125 0.6932692311320754 0.219230769375 0.7004807688679245 0.219551281875 0.7045673075471699 0.23221153875 0.7788461537735849 0.283012820625 0.7959134613207547 0.286858974375 0.7951923075471699 0.34166666687499997 0.76875 0.36618589749999997 0.7237980773584906 0.36618589749999997 0.7204326924528301
7 0.36506410250000004 0.15985576886792452 0.31057692312499996 0.18076923113207546 0.28766025625 0.20504807735849057 0.266666666875 0.2360576924528302 0.266666666875 0.24110576886792454 0.27371794875 0.2596153849056604 0.27900641 0.26634615377358495 0.29871794875 0.27139423113207545 0.306570513125 0.2711538462264151 0.42227564125 0.15408653867924527 0.415705128125 0.15288461509433962 0.36506410250000004 0.15985576886792452
7 0.45016025625 0.2048076924528302 0.44871794875 0.20096153867924527 0.443269230625 0.19783653867924528 0.41987179500000005 0.1901442311320755 0.369070513125 0.228125 0.35192307687499996 0.2439903849056604 0.35224359 0.246875 0.35737179500000005 0.25384615377358494 0.369070513125 0.2588942311320755 0.373237179375 0.2596153849056604 0.38862179500000005 0.25625 0.451602564375 0.23389423113207547 0.4525641025 0.23221153867924527 0.45016025625 0.2048076924528302
5 0.41009615375 0.31538461509433957 0.42179487187500003 0.2901442311320755 0.42403846125 0.2725961537735849 0.423397435625 0.26610576886792453 0.41971153875 0.2620192311320755 0.41538461562499995 0.2610576924528302 0.401762820625 0.26634615377358495 0.38589743562499995 0.27908653867924527 0.379166666875 0.29471153867924527 0.37067307687499995 0.32596153867924527 0.37115384625 0.3372596150943396 0.37355769250000004 0.34326923113207547 0.37740384624999995 0.3461538462264151 0.380929486875 0.346875 0.38493589749999996 0.34567307735849057 0.39342948687499996 0.33798076886792455 0.40128205125 0.32860576886792453 0.41009615375 0.31538461509433957
3 0.5161858975 0.2399038462264151 0.505448718125 0.23846153867924527 0.4974358975 0.24182692264150946 0.49599359 0.2439903849056604 0.49599359 0.24807692264150946 0.496955128125 0.25216346132075473 0.5 0.25745192264150946 0.525320513125 0.27067307735849055 0.525320513125 0.25985576886792455 0.5217948718750001 0.25048076886792453 0.5161858975 0.2399038462264151
1 0.657051281875 0.24326923113207546 0.65016025625 0.2326923075471698 0.63525641 0.22932692264150942 0.6269230768749999 0.23076923113207548 0.6251602562499999 0.2319711537735849 0.620833333125 0.24014423113207548 0.6176282049999999 0.24807692264150946 0.61650641 0.253125 0.616826923125 0.2639423075471698 0.619551281875 0.2742788462264151 0.621634615625 0.27860576886792454 0.625641025625 0.28052884622641505 0.6306089743750001 0.27932692264150943 0.662019230625 0.2586538462264151 0.662820513125 0.25576923113207545 0.657051281875 0.24326923113207546
1 0.596794871875 0.3211538462264151 0.590384615625 0.3064903849056604 0.5838141025 0.2985576924528302 0.573397435625 0.29375 0.568269230625 0.2923076924528302 0.562820513125 0.29254807735849053 0.559134615625 0.2944711537735849 0.555608974375 0.3016826924528302 0.55721153875 0.3122596150943396 0.559294871875 0.3161057688679245 0.576602564375 0.3329326924528302 0.5838141025 0.33798076886792455 0.587820513125 0.33870192264150945 0.595833333125 0.3358173075471698 0.59775641 0.32764423113207547 0.596794871875 0.3211538462264151
1 0.6846153843749999 0.3557692311320755 0.686378205 0.34278846132075474 0.68509615375 0.3336538462264151 0.68141025625 0.3283653849056604 0.654166666875 0.32307692264150945 0.64903846125 0.3233173075471698 0.6448717949999999 0.32596153867924527 0.643269230625 0.33004807735849057 0.6411858975 0.34086538490566043 0.6410256412500001 0.34591346132075473 0.641987179375 0.34951923113207545 0.654166666875 0.36322115377358494 0.6625 0.3689903849056604 0.6695512818749999 0.3709134613207547 0.67740384625 0.3677884613207547 0.68221153875 0.36153846132075473 0.6846153843749999 0.3557692311320755
1 0.73621794875 0.3617788462264151 0.7278846156250001 0.3627403849056604 0.723397435625 0.36514423113207545 0.71875 0.3694711537735849 0.7243589743750001 0.43173076886792455 0.728365384375 0.43942307735849057 0.7429487181250001 0.4230769226415095 0.750641025625 0.4048076924528302 0.750801281875 0.4014423075471698 0.748878205 0.38677884622641506 0.73621794875 0.3617788462264151
14 0.724519230625 0.6516826924528302 0.725641025625 0.6466346150943396 0.724519230625 0.6298076924528302 0.716826923125 0.6221153849056604 0.7092948718750001 0.6192307688679246 0.70096153875 0.6192307688679246 0.700480769375 0.6233173075471699 0.7016025643749999 0.6307692311320754 0.7027243587499999 0.6348557688679246 0.7048076925 0.6384615386792453 0.7150641025 0.6548076924528301 0.7189102562499999 0.65625 0.72259615375 0.6548076924528301 0.724519230625 0.6516826924528302
14 0.682371795 0.5747596150943396 0.681570513125 0.5735576924528302 0.6775641025 0.5762019226415095 0.662179486875 0.5911057688679245 0.656570513125 0.5995192311320754 0.655128205 0.6048076924528302 0.65384615375 0.6146634613207548 0.654326923125 0.6197115386792452 0.65897435875 0.621875 0.6649038462500001 0.6180288462264151 0.68108974375 0.5966346150943396 0.683333333125 0.5925480773584906 0.684134615625 0.5826923075471698 0.682371795 0.5747596150943396
18 0.6259615387499999 0.46129807735849054 0.632051281875 0.4471153849056604 0.63878205125 0.428125 0.640384615625 0.4201923075471698 0.63974359 0.4117788462264151 0.63766025625 0.40697115377358495 0.63125 0.3992788462264151 0.62724359 0.3978365386792453 0.61778846125 0.3985576924528302 0.60865384625 0.40817307735849057 0.605608974375 0.4194711537735849 0.605608974375 0.4266826924528302 0.60641025625 0.43533653867924527 0.609294871875 0.44567307735849054 0.61474359 0.45504807735849057 0.61875 0.4591346150943396 0.622916666875 0.4625 0.6259615387499999 0.46129807735849054
18 0.57003205125 0.4699519226415095 0.5681089743750001 0.45889423113207545 0.564583333125 0.4497596150943396 0.556730769375 0.4387019226415095 0.549358974375 0.4329326924528302 0.540865384375 0.43004807735849054 0.537019230625 0.4298076924528302 0.5349358975 0.4350961537735849 0.5349358975 0.4435096150943396 0.537019230625 0.4514423075471698 0.558333333125 0.48870192264150947 0.560737179375 0.490625 0.565384615625 0.4870192311320754 0.569070513125 0.47860576886792455 0.57003205125 0.4747596150943396 0.57003205125 0.4699519226415095
20 0.5009615387499999 0.46298076886792455 0.500480769375 0.45096153867924527 0.496794871875 0.4430288462264151 0.49102564125000003 0.43701923113207547 0.48637820499999995 0.4350961537735849 0.47868589749999996 0.4358173075471698 0.47596153874999997 0.43966346132075473 0.47483974375000004 0.44326923113207545 0.475 0.4548076924528302 0.48028846125 0.4627403849056604 0.48477564125 0.46682692264150943 0.49391025624999996 0.4721153849056604 0.498076923125 0.46923076886792453 0.49983974375 0.4663461537735849 0.5009615387499999 0.46298076886792455
18 0.45753205125 0.3747596150943396 0.45512820499999995 0.3716346150943396 0.44711538437500004 0.37427884622641505 0.44471153874999997 0.37716346132075473 0.435737179375 0.3961538462264151 0.43525641 0.3985576924528302 0.43637820499999996 0.40576923113207547 0.43862179500000004 0.409375 0.443429486875 0.41057692264150947 0.44983974375 0.4064903849056604 0.4536858975 0.4009615386792453 0.458333333125 0.38798076886792454 0.459455128125 0.38076923113207545 0.45753205125 0.3747596150943396
14 0.45112179500000005 0.5033653849056604 0.4375 0.4742788462264151 0.431570513125 0.4673076924528302 0.42772435875 0.46682692264150943 0.426923076875 0.46947115377358495 0.4298076925 0.4939903849056604 0.431570513125 0.49855769245283016 0.443429486875 0.5134615386792453 0.446955128125 0.5151442311320754 0.450801281875 0.5146634613207547 0.45224359 0.5134615386792453 0.45320512812499997 0.509375 0.45112179500000005 0.5033653849056604
1 0.35833333312500004 0.46658653867924527 0.360737179375 0.45889423113207545 0.36153846125 0.45048076886792454 0.35464743562499995 0.4350961537735849 0.34983974375000004 0.43485576886792454 0.33381410250000004 0.4447115386792453 0.318269230625 0.4579326924528302 0.313141025625 0.4653846150943396 0.31233974375 0.46923076886792453 0.312820513125 0.47259615377358494 0.316666666875 0.4788461537735849 0.32051282062500003 0.4829326924528302 0.32564102562499997 0.48605769245283015 0.330769230625 0.4870192311320754 0.341826923125 0.4848557688679246 0.350320513125 0.4783653849056604 0.35833333312500004 0.46658653867924527
18 0.27003205125 0.31875 0.270512820625 0.31466346132075473 0.270512820625 0.3100961537735849 0.26891025625000003 0.30192307735849055 0.26602564125 0.29639423113207547 0.26121794875 0.2932692311320755 0.255608974375 0.29254807735849053 0.251602564375 0.29495192264150943 0.24182692312499998 0.3040865386792453 0.219551281875 0.3341346150943396 0.217147435625 0.34158653867924527 0.21426282062500002 0.35360576886792455 0.21778846125 0.3627403849056604 0.224519230625 0.3725961537735849 0.246634615625 0.3608173075471698 0.24903846125 0.35841346132075474 0.25705128187500004 0.34567307735849057 0.268108974375 0.3245192311320755 0.27003205125 0.31875
20 0.268429486875 0.39014423113207547 0.263621795 0.39014423113207547 0.256570513125 0.39639423113207545 0.25384615374999997 0.40408653867924527 0.252083333125 0.4310096150943396 0.253365384375 0.4548076924528302 0.263621795 0.4728365386792453 0.267628205 0.4615384613207547 0.27003205125 0.45120192264150943 0.27419871812499996 0.4098557688679245 0.27419871812499996 0.40360576886792454 0.273076923125 0.3983173075471698 0.268429486875 0.39014423113207547
20 0.29503205125 0.4966346150943396 0.290384615625 0.4961538462264151 0.285416666875 0.4973557688679246 0.279166666875 0.5014423075471699 0.2735576925 0.5103365386792452 0.2713141025 0.5173076924528301 0.27227564125000003 0.5197115386792452 0.28269230749999996 0.5302884613207547 0.29102564125 0.5346153849056604 0.29871794875 0.53125 0.3036858975 0.5096153849056604 0.30016025625000003 0.4997596150943396 0.29503205125 0.4966346150943396
20 0.318269230625 0.5774038462264152 0.3125 0.5834134613207548 0.31121794875 0.5870192311320754 0.31121794875 0.5956730773584905 0.31298076937499997 0.5997596150943396 0.318108974375 0.6033653849056604 0.32996794875 0.6048076924528302 0.34342948687499997 0.5877403849056604 0.33990384625 0.5822115386792452 0.326923076875 0.5747596150943396 0.318269230625 0.5774038462264152
14 0.373397435625 0.5098557688679246 0.369070513125 0.5074519226415094 0.368108974375 0.5079326924528301 0.36009615375000004 0.5170673075471699 0.3576923075 0.5211538462264151 0.357051281875 0.5240384613207547 0.35737179500000005 0.5360576924528302 0.3599358975 0.5432692311320754 0.36490384625 0.5480769226415094 0.370833333125 0.546875 0.371955128125 0.5449519226415095 0.375 0.5182692311320755 0.375 0.5134615386792453 0.373397435625 0.5098557688679246
9 0.22467948687500003 0.5848557688679246 0.223397435625 0.5862980773584906 0.222916666875 0.5887019226415094 0.223878205 0.5961538462264151 0.22852564125 0.6043269226415094 0.23221153875 0.6036057688679246 0.248397435625 0.5959134613207547 0.24791666687500002 0.5932692311320754 0.23830128187500002 0.5870192311320754 0.22467948687500003 0.5848557688679246
18 0.42788461562499996 0.6490384613207547 0.42868589749999997 0.6439903849056604 0.42836538437500005 0.6387019226415095 0.425801281875 0.6336538462264151 0.42003205125 0.6302884613207548 0.41522435874999997 0.6305288462264151 0.408173076875 0.6331730773584906 0.392147435625 0.6454326924528302 0.3875 0.6543269226415095 0.38733974375 0.6608173075471698 0.39070512812499997 0.6677884613207548 0.39743589749999997 0.671875 0.400801281875 0.6723557688679246 0.40384615375000005 0.6713942311320754 0.41602564125 0.6651442311320754 0.42371794875 0.6572115386792453 0.42788461562499996 0.6490384613207547
18 0.428044871875 0.7209134613207547 0.4235576925 0.7134615386792452 0.40480769250000004 0.6901442311320755 0.376923076875 0.6692307688679245 0.37275641 0.66875 0.37163461562499994 0.6697115386792453 0.36538461562499996 0.6932692311320754 0.36474359 0.7 0.36410256437500005 0.7165865386792453 0.36650641 0.7242788462264151 0.37291666687499997 0.7324519226415095 0.391987179375 0.7408653849056605 0.40416666687499997 0.7420673075471699 0.41233974375000004 0.7384615386792452 0.41650641 0.7355769226415094 0.428044871875 0.7209134613207547
14 0.415544871875 0.7711538462264151 0.40977564125 0.775 0.4025641025 0.7819711537735848 0.394551281875 0.7949519226415095 0.392948718125 0.8040865386792453 0.39262820499999995 0.8110576924528301 0.39391025625 0.8180288462264151 0.39631410250000004 0.8223557688679246 0.39983974375000003 0.8211538462264151 0.419551281875 0.7819711537735848 0.4201923075 0.7788461537735849 0.41778846125 0.7721153849056605 0.415544871875 0.7711538462264151
20 0.470352564375 0.7245192311320754 0.467147435625 0.7230769226415095 0.46266025624999996 0.7235576924528302 0.45897435875 0.7276442311320754 0.45112179500000005 0.7435096150943395 0.45 0.7512019226415094 0.45032051312500004 0.7752403849056604 0.470512820625 0.7959134613207547 0.475480769375 0.7949519226415095 0.49903846125 0.7764423075471698 0.498076923125 0.7653846150943396 0.494070513125 0.7540865386792452 0.48621794875 0.7375 0.470352564375 0.7245192311320754
24 0.4974358975 0.6932692311320754 0.494391025625 0.6899038462264151 0.49134615375 0.6908653849056604 0.49006410250000004 0.6932692311320754 0.48621794875 0.7050480773584905 0.48685897437500003 0.7086538462264151 0.49022435875 0.7129807688679246 0.494230769375 0.7129807688679246 0.498237179375 0.7112980773584906 0.49967948687499997 0.7086538462264151 0.5 0.7048076924528301 0.4974358975 0.6932692311320754
18 0.48653846125 0.6651442311320754 0.49375 0.6540865386792453 0.49599359 0.6427884613207547 0.49358974375000003 0.5987980773584906 0.49246794875 0.5908653849056604 0.49038461562499996 0.5850961537735849 0.48637820499999995 0.5795673075471699 0.47756410250000003 0.5759615386792453 0.474519230625 0.5754807688679245 0.47099359 0.5766826924528301 0.46666666687499997 0.5807692311320755 0.46233974375000003 0.5872596150943395 0.45849359 0.603125 0.45849359 0.6163461537735849 0.46009615375 0.6427884613207547 0.462820513125 0.6526442311320754 0.46538461562499994 0.6581730773584905 0.46826923062500003 0.6620192311320754 0.474519230625 0.6665865386792452 0.47852564125 0.6675480773584905 0.48653846125 0.6651442311320754
6 0.591987179375 0.6194711537735849 0.5975961537500001 0.5807692311320755 0.598076923125 0.5637019226415094 0.595512820625 0.540625 0.593429486875 0.5370192311320754 0.58397435875 0.5298076924528301 0.571794871875 0.534375 0.568269230625 0.5399038462264151 0.54599359 0.5838942311320754 0.5375 0.6706730773584906 0.539102564375 0.6735576924528301 0.54391025625 0.6752403849056604 0.54871794875 0.6752403849056604 0.55272435875 0.6740384613207547 0.5644230768749999 0.6670673075471698 0.57996794875 0.6526442311320754 0.591987179375 0.6194711537735849
18 0.5826923075 0.7908653849056604 0.593108974375 0.7634615386792453 0.593429486875 0.7557692311320754 0.556570513125 0.7579326924528301 0.54775641 0.7673076924528301 0.544871795 0.7752403849056604 0.54391025625 0.7872596150943396 0.54759615375 0.8026442311320754 0.55096153875 0.8064903849056604 0.55897435875 0.8125 0.568269230625 0.8129807688679246 0.57227564125 0.8096153849056604 0.576762820625 0.8033653849056605 0.5826923075 0.7908653849056604
20 0.620673076875 0.6543269226415095 0.61891025625 0.6521634613207548 0.615705128125 0.6507211537735849 0.611378205 0.6509615386792452 0.606891025625 0.6540865386792453 0.6011217950000001 0.6603365386792452 0.593429486875 0.6737980773584905 0.593429486875 0.6774038462264151 0.599519230625 0.6870192311320754 0.606570513125 0.6896634613207547 0.61121794875 0.6889423075471699 0.6211538462499999 0.6694711537735849 0.622115384375 0.6612980773584906 0.620673076875 0.6543269226415095
7 0.64647435875 0.8254807688679245 0.653044871875 0.8221153849056604 0.658173076875 0.8173076924528302 0.720833333125 0.7444711537735849 0.72852564125 0.7324519226415095 0.72724359 0.7283653849056604 0.72483974375 0.7245192311320754 0.6599358975 0.6798076924528301 0.655128205 0.6774038462264151 0.64358974375 0.6776442311320754 0.63733974375 0.6810096150943395 0.63108974375 0.6879807688679246 0.625320513125 0.6971153849056604 0.6240384612500001 0.7009615386792453 0.61778846125 0.728125 0.617948718125 0.7682692311320755 0.619070513125 0.7949519226415095 0.621794871875 0.8067307688679246 0.625 0.8134615386792453 0.630769230625 0.8206730773584906 0.638301281875 0.8247596150943396 0.64647435875 0.8254807688679245