21 0.7224358975 0.6699519226415095 0.7243589743750001 0.6675480773584905 0.725480769375 0.6620192311320754 0.725480769375 0.6579326924528301 0.689423076875 0.5442307688679245 0.6230769231250001 0.6189903849056604 0.618108974375 0.6266826924528301 0.616987179375 0.6338942311320754 0.6176282049999999 0.671875 0.620833333125 0.6860576924528301 0.6258012818750001 0.7009615386792453 0.627083333125 0.7028846150943396 0.630448718125 0.7040865386792453 0.6625 0.7026442311320754 0.681570513125 0.6935096150943396 0.7224358975 0.6699519226415095
6 0.37291666687499997 0.3850961537735849 0.35721153875 0.32620192264150943 0.353044871875 0.31875 0.34983974375000004 0.31682692264150947 0.30272435875 0.3108173075471698 0.22900641 0.45360576886792453 0.22884615375 0.45528846132075473 0.236378205 0.4783653849056604 0.24022435875 0.4826923075471698 0.278044871875 0.5019230773584905 0.318269230625 0.51875 0.32099359 0.5175480773584905 0.37291666687499997 0.3951923075471698 0.37291666687499997 0.3850961537735849
21 0.50128205125 0.275 0.5038461537500001 0.2653846150943396 0.5038461537500001 0.2603365386792453 0.49791666687499997 0.2350961537735849 0.49022435875 0.21923076886792453 0.46266025624999996 0.19038461509433963 0.44903846125 0.17764423113207548 0.42003205125 0.1673076924528302 0.4099358975 0.16971153867924527 0.400320513125 0.17764423113207548 0.38862179500000005 0.20504807735849057 0.396794871875 0.30264423113207545 0.399519230625 0.3072115386792453 0.40128205125 0.3076923075471698 0.477083333125 0.29423076886792454 0.488301281875 0.2908653849056604 0.497115384375 0.28317307735849057 0.50128205125 0.275
3 0.520833333125 0.20985576886792454 0.519391025625 0.2117788462264151 0.54246794875 0.365625 0.550320513125 0.3997596150943396 0.556570513125 0.4122596150943396 0.685897435625 0.3836538462264151 0.6860576924999999 0.38076923113207545 0.5923076925 0.16514423113207546 0.59102564125 0.16514423113207546 0.520833333125 0.20985576886792454
1 0.719871795 0.3257211537735849 0.7213141025 0.3213942311320755 0.721955128125 0.31514423113207546 0.721794871875 0.31033653867924527 0.720673076875 0.3064903849056604 0.71233974375 0.29615384622641505 0.709134615625 0.29399038490566043 0.6982371793750001 0.29302884622641506 0.6884615387499999 0.29375 0.682852564375 0.2966346150943396 0.6788461537499999 0.30264423113207545 0.675641025625 0.3141826924528302 0.675480769375 0.31826923113207545 0.6764423075 0.32307692264150945 0.67772435875 0.32716346132075474 0.6798076925 0.33004807735849057 0.70096153875 0.34663461509433957 0.7051282050000001 0.34567307735849057 0.710737179375 0.34158653867924527 0.719871795 0.3257211537735849
1 0.575480769375 0.5057692311320754 0.57483974375 0.5002403849056604 0.5701923074999999 0.4826923075471698 0.564583333125 0.4740384613207547 0.5588141025 0.4810096150943396 0.55224359 0.4992788462264151 0.552083333125 0.5057692311320754 0.5530448718750001 0.5091346150943395 0.555769230625 0.5146634613207547 0.55977564125 0.5194711537735849 0.563621795 0.5206730773584906 0.568269230625 0.5194711537735849 0.574198718125 0.5132211537735849 0.575480769375 0.5057692311320754
17 0.50977564125 0.5252403849056604 0.5009615387499999 0.49759615377358485 0.49951923062500003 0.4966346150943396 0.40416666687499997 0.49182692264150946 0.4036858975 0.49254807735849054 0.40608974375 0.5759615386792453 0.4088141025 0.5805288462264151 0.4235576925 0.5877403849056604 0.43782051312500003 0.5894230773584905 0.454487179375 0.5884615386792452 0.46025641 0.5877403849056604 0.474519230625 0.5824519226415095 0.50977564125 0.5252403849056604
18 0.369070513125 0.7252403849056605 0.373076923125 0.7221153849056604 0.376923076875 0.7170673075471699 0.380929486875 0.7069711537735849 0.383333333125 0.6971153849056604 0.38221153874999997 0.6862980773584906 0.380769230625 0.68125 0.37099359 0.6620192311320754 0.331570513125 0.6307692311320754 0.32227564125 0.6252403849056604 0.31057692312499996 0.6204326924528302 0.302884615625 0.6185096150943395 0.29471153875 0.61875 0.287179486875 0.6247596150943396 0.283333333125 0.6307692311320754 0.28028846125 0.6387019226415095 0.27996794875 0.6504807688679246 0.28125 0.6576923075471699 0.28365384625 0.665625 0.28733974375 0.6721153849056604 0.3025641025 0.6896634613207547 0.34439102562499996 0.7206730773584905 0.360897435625 0.7254807688679246 0.369070513125 0.7252403849056605
1 0.47003205125 0.7012019226415095 0.46634615375000005 0.6963942311320754 0.4625 0.6939903849056605 0.457371795 0.6930288462264151 0.45112179500000005 0.6942307688679246 0.448878205 0.6961538462264151 0.44535256437500004 0.7016826924528301 0.44150641 0.7129807688679246 0.440705128125 0.7189903849056604 0.44278846125 0.7319711537735849 0.44743589749999996 0.7401442311320754 0.45208333312500004 0.7444711537735849 0.45496794875 0.7459134613207548 0.45897435875 0.7461538462264151 0.46266025624999996 0.7430288462264151 0.464102564375 0.7396634613207548 0.47003205125 0.7012019226415095
1 0.53365384625 0.6651442311320754 0.529487179375 0.6463942311320754 0.5266025643750001 0.6415865386792453 0.52483974375 0.6401442311320754 0.520352564375 0.6391826924528301 0.51650641 0.6399038462264152 0.513621795 0.6418269226415094 0.5110576925 0.6502403849056604 0.50865384625 0.6740384613207547 0.509134615625 0.6814903849056604 0.513621795 0.6923076924528302 0.51746794875 0.6961538462264151 0.523397435625 0.6959134613207547 0.52628205125 0.69375 0.530128205 0.6887019226415094 0.5331730768749999 0.6778846150943396 0.53365384625 0.6651442311320754
1 0.57596153875 0.7177884613207547 0.5785256412500001 0.7084134613207548 0.5798076925 0.6836538462264151 0.579166666875 0.6745192311320755 0.5778846156249999 0.6699519226415095 0.57596153875 0.6677884613207548 0.57227564125 0.6663461537735849 0.56025641 0.6759615386792452 0.54375 0.7139423075471698 0.54358974375 0.7206730773584905 0.54503205125 0.728125 0.55224359 0.7362980773584905 0.556570513125 0.7389423075471698 0.56009615375 0.7384615386792452 0.567948718125 0.7322115386792453 0.57099359 0.7278846150943395 0.57596153875 0.7177884613207547