3 0.544871795 0.6201923075471698 0.546794871875 0.6153846150943396 0.544070513125 0.5798076924528301 0.529166666875 0.5213942311320754 0.5274038462499999 0.5175480773584905 0.525320513125 0.515625 0.41602564125 0.4723557688679245 0.412019230625 0.47259615377358494 0.40096153875 0.48221153867924527 0.38365384625 0.5016826924528301 0.380769230625 0.5084134613207547 0.379487179375 0.5173076924528301 0.36891025624999996 0.6771634613207548 0.36875 0.6901442311320755 0.369391025625 0.6932692311320754 0.42435897437500003 0.7211538462264151 0.439262820625 0.7240384613207548 0.455769230625 0.7247596150943396 0.471955128125 0.7242788462264151 0.48733974375 0.7209134613207547 0.544871795 0.6201923075471698
14 0.31057692312499996 0.4074519226415095 0.309134615625 0.40817307735849057 0.296634615625 0.425 0.2951923075 0.4290865386792453 0.29599359 0.44326923113207545 0.30016025625000003 0.4548076924528302 0.30272435875 0.45576923113207546 0.306570513125 0.4533653849056604 0.316826923125 0.42139423113207547 0.316666666875 0.4165865386792453 0.315384615625 0.41201923113207545 0.31057692312499996 0.4074519226415095
9 0.5068359375 0.624023437735849 0.5029296875 0.6269531245283019 0.5 0.6313476566037736 0.5009765625 0.6328125 0.5087890625 0.6386718754716981 0.5126953125 0.6386718754716981 0.513671875 0.6372070311320754 0.513671875 0.6313476566037736 0.5107421875 0.6269531245283019 0.5068359375 0.624023437735849
18 0.5076923074999999 0.5127403849056604 0.509615384375 0.5110576924528302 0.51153846125 0.5021634613207547 0.50977564125 0.4908653849056604 0.505929486875 0.48004807735849053 0.494230769375 0.4533653849056604 0.49038461562499996 0.4466346150943396 0.4826923075 0.44182692264150947 0.47371794875 0.4415865386792453 0.47083333312500003 0.44326923113207545 0.467948718125 0.44735576886792455 0.4639423075 0.4596153849056604 0.46346153875 0.4634615386792453 0.464102564375 0.4699519226415095 0.46875 0.484375 0.48525641 0.5074519226415094 0.48974359 0.5115384613207548 0.4951923075 0.5137019226415095 0.5025641025 0.5139423075471699 0.5076923074999999 0.5127403849056604
13 0.693269230625 0.6134615386792452 0.6884615387499999 0.6103365386792453 0.681570513125 0.6103365386792453 0.68108974375 0.6112980773584905 0.680929486875 0.615625 0.682051281875 0.6225961537735849 0.685576923125 0.6322115386792453 0.688621795 0.6317307688679246 0.695673076875 0.6230769226415095 0.69599359 0.61875 0.694871795 0.6153846150943396 0.693269230625 0.6134615386792452
21 0.50272435875 0.19375 0.502884615625 0.17692307735849058 0.5019230768749999 0.16538461509433963 0.49791666687499997 0.13557692264150942 0.49567307687499995 0.12716346132075473 0.494070513125 0.12307692264150942 0.474198718125 0.08942307735849056 0.45496794875 0.07067307735849056 0.37291666687499997 0.06153846132075471 0.369230769375 0.06322115377358489 0.368429486875 0.06442307735849057 0.337820513125 0.24110576886792454 0.33766025624999996 0.24759615377358493 0.34166666687499997 0.25745192264150946 0.35160256437500004 0.2735576924528302 0.431570513125 0.3502403849056604 0.43509615375000005 0.34951923113207545 0.470673076875 0.31466346132075473 0.49150641 0.24759615377358493 0.50272435875 0.19375
13 0.644391025625 0.13557692264150942 0.626121795 0.1072115386792453 0.61634615375 0.09903846132075471 0.603365384375 0.09567307735849057 0.576121795 0.09182692264150943 0.563621795 0.09230769245283019 0.547916666875 0.09807692264150944 0.544230769375 0.11033653867924528 0.54150641 0.12548076886792453 0.54102564125 0.13485576886792452 0.5423076925 0.13870192264150943 0.551923076875 0.15408653867924527 0.599519230625 0.15528846132075472 0.63477564125 0.1454326924528302 0.64278846125 0.14038461509433964 0.644070513125 0.13846153867924527 0.644391025625 0.13557692264150942
1 0.706891025625 0.22836538490566038 0.7011217949999999 0.2074519226415094 0.693429486875 0.20288461509433964 0.6918269231249999 0.20408653867924528 0.67099359 0.23629807735849057 0.670512820625 0.2399038462264151 0.6703525643749999 0.24423076886792452 0.67371794875 0.25432692264150947 0.693269230625 0.25745192264150946 0.69727564125 0.2567307688679245 0.701762820625 0.2514423075471698 0.70496794875 0.24375 0.70721153875 0.23245192264150943 0.706891025625 0.22836538490566038
9 0.6698717949999999 0.26610576886792453 0.668108974375 0.26826923113207546 0.667948718125 0.2771634613207547 0.669070513125 0.29110576886792455 0.6698717949999999 0.29375 0.67371794875 0.29375 0.67483974375 0.28509615377358494 0.6741987181250001 0.2692307688679245 0.6733974356250001 0.2670673075471698 0.6698717949999999 0.26610576886792453
13 0.7482371793750001 0.2896634613207547 0.7205128206249999 0.3040865386792453 0.689423076875 0.32740384622641505 0.68509615375 0.3350961537735849 0.6831730768750001 0.34086538490566043 0.6791666668749999 0.35721153867924527 0.680128205 0.36129807735849057 0.724519230625 0.3764423075471698 0.7676282050000001 0.3576923075471698 0.76875 0.35360576886792455 0.753044871875 0.29471153867924527 0.751121795 0.2908653849056604 0.7482371793750001 0.2896634613207547
12 0.60272435875 0.3454326924528302 0.59983974375 0.33557692264150946 0.595833333125 0.3305288462264151 0.591666666875 0.32860576886792453 0.587820513125 0.3295673075471698 0.5838141025 0.33245192264150947 0.57900641 0.3389423075471698 0.57724359 0.3454326924528302 0.577083333125 0.3502403849056604 0.578044871875 0.3538461537735849 0.584615384375 0.3716346150943396 0.58733974375 0.37548076886792453 0.591666666875 0.3762019226415095 0.599198718125 0.3737980773584905 0.603365384375 0.37067307735849053 0.60272435875 0.3454326924528302
1 0.5266025643750001 0.3889423075471698 0.52852564125 0.3766826924528302 0.52724359 0.3689903849056604 0.525320513125 0.3649038462264151 0.5211538462499999 0.3634615386792453 0.512980769375 0.36923076886792455 0.49791666687499997 0.40528846132075474 0.49663461562499994 0.4125 0.4963141025 0.4158653849056604 0.4974358975 0.4264423075471698 0.49935897437500004 0.4310096150943396 0.50128205125 0.43317307735849053 0.505929486875 0.4314903849056604 0.5152243587499999 0.41971153867924527 0.52147435875 0.40817307735849057 0.5266025643750001 0.3889423075471698
1 0.42275641 0.38846153867924527 0.42291666687499996 0.38004807735849055 0.42179487187500003 0.37548076886792453 0.40384615375000005 0.3377403849056604 0.400320513125 0.34086538490566043 0.38221153874999997 0.371875 0.37532051312500003 0.390625 0.375 0.39278846132075473 0.37596153875 0.3961538462264151 0.380769230625 0.4016826924528302 0.395833333125 0.41201923113207545 0.4025641025 0.4132211537735849 0.41025641 0.40841346132075473 0.41618589749999996 0.4009615386792453 0.42275641 0.38846153867924527
18 0.280128205 0.2944711537735849 0.293269230625 0.2673076924528302 0.295352564375 0.2600961537735849 0.2963141025 0.24783653867924527 0.287019230625 0.2360576924528302 0.28269230749999996 0.23221153867924527 0.271634615625 0.22788461509433963 0.26490384625 0.22788461509433963 0.256570513125 0.2336538462264151 0.249519230625 0.24759615377358493 0.248878205 0.2512019226415095 0.248076923125 0.26057692264150945 0.249198718125 0.26995192264150947 0.250801281875 0.27692307735849053 0.255128205 0.2867788462264151 0.263621795 0.29639423113207547 0.27227564125000003 0.2992788462264151 0.275320513125 0.2985576924528302 0.280128205 0.2944711537735849
14 0.263621795 0.3283653849056604 0.24166666687500002 0.34158653867924527 0.23621794875 0.3492788462264151 0.23477564125 0.3533653849056604 0.235737179375 0.3560096150943396 0.24791666687500002 0.3540865386792453 0.275480769375 0.3473557688679245 0.276923076875 0.3454326924528302 0.27628205125 0.3401442311320755 0.273397435625 0.3317307688679245 0.263621795 0.3283653849056604
1 0.35641025625 0.43173076886792455 0.35625 0.4274038462264151 0.35496794875 0.42475961509433957 0.345673076875 0.4139423075471698 0.327884615625 0.4103365386792453 0.32211538437500004 0.41201923113207545 0.319871795 0.4158653849056604 0.319230769375 0.42475961509433957 0.32003205125 0.42764423113207545 0.328365384375 0.4362980773584905 0.337820513125 0.4415865386792453 0.345673076875 0.44254807735849055 0.350320513125 0.43966346132075473 0.35384615375 0.4360576924528302 0.35641025625 0.43173076886792455
14 0.42516025625 0.4610576924528302 0.42740384625 0.45504807735849057 0.426923076875 0.4495192311320755 0.42387820499999995 0.4466346150943396 0.39663461562499996 0.4454326924528302 0.395833333125 0.4461538462264151 0.39342948687499996 0.45096153867924527 0.39358974375 0.45504807735849057 0.39631410250000004 0.46298076886792455 0.39983974375000003 0.46971153867924526 0.40352564125 0.471875 0.412019230625 0.47139423113207546 0.42083333312500004 0.4653846150943396 0.42516025625 0.4610576924528302
14 0.36875 0.4810096150943396 0.36682692312500004 0.47692307735849054 0.36121794875 0.4776442311320755 0.334455128125 0.49447115377358486 0.334294871875 0.49807692264150943 0.338141025625 0.5043269226415095 0.342147435625 0.5060096150943396 0.34903846125 0.5040865386792452 0.3610576925 0.49807692264150943 0.36490384625 0.49423076886792455 0.368269230625 0.48629807735849057 0.36875 0.4810096150943396
3 0.301762820625 0.7673076924528301 0.33397435875 0.7098557688679246 0.346955128125 0.6543269226415095 0.34775641 0.6420673075471699 0.342147435625 0.5673076924528302 0.3360576925 0.5290865386792453 0.32772435875 0.5139423075471699 0.323878205 0.5096153849056604 0.318429486875 0.5055288462264151 0.300641025625 0.4973557688679246 0.275480769375 0.4875 0.27147435875 0.4875 0.25368589750000003 0.49759615377358485 0.24358974374999998 0.5057692311320754 0.20144230749999997 0.5879807688679246 0.2 0.5923076924528301 0.19983974375 0.5956730773584905 0.200641025625 0.5987980773584906 0.25096153875 0.7552884613207548 0.25368589750000003 0.7596153849056604 0.267628205 0.7711538462264151 0.27099359 0.7721153849056605 0.298878205 0.7704326924528302 0.301762820625 0.7673076924528301
18 0.23349359 0.5266826924528302 0.248076923125 0.49711538490566043 0.24967948687500002 0.4896634613207547 0.24391025625 0.46682692264150943 0.240544871875 0.4603365386792453 0.224519230625 0.45697115377358494 0.22083333312499998 0.45889423113207545 0.2125 0.47067307735849057 0.204647435625 0.48653846132075473 0.20096153875 0.5009615386792453 0.20080128187500002 0.5096153849056604 0.20480769250000003 0.5189903849056604 0.20865384625 0.5257211537735849 0.21346153874999999 0.5317307688679246 0.21858974374999998 0.5360576924528302 0.22083333312499998 0.5367788462264151 0.228365384375 0.5322115386792453 0.23349359 0.5266826924528302
18 0.4173076925 0.7634615386792453 0.41987179500000005 0.7572115386792453 0.4201923075 0.7519230773584905 0.41153846125 0.7394230773584906 0.407852564375 0.7362980773584905 0.40240384625 0.7350961537735848 0.395673076875 0.7360576924528301 0.38846153875 0.740625 0.36522435875 0.7612980773584905 0.357051281875 0.7713942311320754 0.35352564125 0.7771634613207548 0.3514423075 0.7834134613207547 0.350480769375 0.7915865386792452 0.35160256437500004 0.7987980773584905 0.35368589749999996 0.8033653849056605 0.35625 0.8064903849056604 0.36137820499999995 0.8091346150943396 0.373076923125 0.8103365386792453 0.40592948687499997 0.78125 0.4173076925 0.7634615386792453
13 0.46089743562499996 0.4206730773584905 0.45913461562499996 0.42283653867924526 0.45897435875 0.42379807735849057 0.462019230625 0.4283653849056604 0.469551281875 0.4338942311320755 0.47403846125 0.43365384622641506 0.476121795 0.4314903849056604 0.47628205125 0.42764423113207545 0.474519230625 0.41370192264150946 0.46089743562499996 0.4206730773584905
18 0.59775641 0.4783653849056604 0.59503205125 0.4728365386792453 0.5923076925 0.46971153867924526 0.5842948718750001 0.4653846150943396 0.5719551281249999 0.4670673075471698 0.562019230625 0.4783653849056604 0.55 0.5060096150943396 0.556730769375 0.5331730773584905 0.56490384625 0.5355769226415095 0.57403846125 0.53125 0.595512820625 0.5057692311320754 0.598237179375 0.49326923113207544 0.59871794875 0.48605769245283015 0.59775641 0.4783653849056604
1 0.619070513125 0.428125 0.610737179375 0.4252403849056604 0.6032051281249999 0.425 0.59903846125 0.42764423113207545 0.597115384375 0.4302884613207547 0.5947115387499999 0.43846153867924526 0.594070513125 0.45504807735849057 0.61875 0.4639423075471698 0.622916666875 0.4639423075471698 0.6240384612500001 0.4615384613207547 0.6258012818750001 0.4514423075471698 0.624679486875 0.43942307735849057 0.62099359 0.4307692311320755 0.619070513125 0.428125
13 0.674358974375 0.5685096150943396 0.66474359 0.5216346150943396 0.662019230625 0.5192307688679246 0.6584935900000001 0.5182692311320755 0.6483974356250001 0.5204326924528302 0.58846153875 0.5485576924528301 0.580769230625 0.5644230773584905 0.576762820625 0.5879807688679246 0.576923076875 0.5920673075471699 0.57996794875 0.5947115386792453 0.6426282050000001 0.5901442311320754 0.66153846125 0.5846153849056605 0.66971153875 0.5786057688679246 0.67371794875 0.5716346150943395 0.674358974375 0.5685096150943396
9 0.6421474356250001 0.4771634613207547 0.6389423075 0.48149038490566043 0.63878205125 0.48605769245283015 0.63990384625 0.49495192264150945 0.64246794875 0.49759615377358485 0.645833333125 0.4963942311320754 0.646634615625 0.49423076886792455 0.646634615625 0.48605769245283015 0.6455128206249999 0.4810096150943396 0.6421474356250001 0.4771634613207547
13 0.75849359 0.4307692311320755 0.755929486875 0.4286057688679245 0.74022435875 0.4259615386792453 0.7360576925 0.42572115377358494 0.7298076925 0.42764423113207545 0.6963141025 0.4497596150943396 0.68509615375 0.46682692264150943 0.684455128125 0.4711538462264151 0.685576923125 0.4754807688679245 0.747916666875 0.546875 0.7517628206249999 0.5447115386792453 0.753365384375 0.5372596150943396 0.76121794875 0.4519230773584905 0.76121794875 0.4430288462264151 0.75849359 0.4307692311320755
18 0.712820513125 0.5170673075471699 0.70897435875 0.5091346150943395 0.70496794875 0.5057692311320754 0.703044871875 0.5072115386792453 0.702083333125 0.509375 0.703205128125 0.5658653849056604 0.7035256412500001 0.5685096150943396 0.7051282050000001 0.5701923075471699 0.7096153843749999 0.5673076924528302 0.7131410256249999 0.5600961537735849 0.7147435900000001 0.5497596150943396 0.7144230768750001 0.5283653849056604 0.712820513125 0.5170673075471699
14 0.7676282050000001 0.5341346150943396 0.7636217949999999 0.5346153849056604 0.761698718125 0.5370192311320754 0.7583333331250001 0.5447115386792453 0.7498397437500001 0.5723557688679246 0.755769230625 0.5783653849056604 0.7671474356250001 0.5814903849056604 0.77275641 0.5800480773584905 0.7737179487500001 0.5759615386792453 0.77403846125 0.5447115386792453 0.7721153843749999 0.5379807688679246 0.7676282050000001 0.5341346150943396
14 0.70528846125 0.6612980773584906 0.7027243587499999 0.6620192311320754 0.7011217949999999 0.6639423075471699 0.69983974375 0.6692307688679245 0.699358974375 0.6774038462264151 0.699358974375 0.7127403849056604 0.7011217949999999 0.7168269226415095 0.7054487181250001 0.7141826924528302 0.70721153875 0.7117788462264151 0.7137820512499999 0.6971153849056604 0.71522435875 0.6817307688679246 0.70897435875 0.6644230773584906 0.70528846125 0.6612980773584906
13 0.674358974375 0.6971153849056604 0.6661858975 0.6951923075471699 0.657852564375 0.703125 0.6463141025 0.7206730773584905 0.6203525643750001 0.7872596150943396 0.662019230625 0.83125 0.665865384375 0.8288461537735848 0.6698717949999999 0.8206730773584906 0.6966346156250001 0.7245192311320754 0.694070513125 0.71875 0.67740384625 0.6992788462264151 0.674358974375 0.6971153849056604
9 0.56121794875 0.7608173075471698 0.557371795 0.7581730773584906 0.54871794875 0.7576923075471699 0.545673076875 0.7600961537735849 0.544551281875 0.7625 0.5451923075 0.7675480773584905 0.5466346156249999 0.7699519226415095 0.55272435875 0.7745192311320754 0.55721153875 0.7754807688679246 0.565384615625 0.7713942311320754 0.56522435875 0.7673076924528301 0.563621795 0.7639423075471699 0.56121794875 0.7608173075471698
1 0.56875 0.6463942311320754 0.5644230768749999 0.6389423075471699 0.5551282049999999 0.6379807688679245 0.525320513125 0.6620192311320754 0.5229166668749999 0.6658653849056604 0.523397435625 0.6737980773584905 0.5293269231250001 0.6788461537735849 0.54871794875 0.6786057688679246 0.560416666875 0.6730769226415094 0.5644230768749999 0.6682692311320754 0.569230769375 0.6581730773584905 0.56875 0.6463942311320754