6 0.27516025625 0.3040865386792453 0.2110576925 0.3137019226415095 0.20384615374999998 0.31754807735849055 0.201602564375 0.3201923075471698 0.18525641 0.3524038462264151 0.185576923125 0.3790865386792453 0.28317307687500004 0.38125 0.32339743562499995 0.3507211537735849 0.328365384375 0.3420673075471698 0.330448718125 0.3264423075471698 0.330448718125 0.31442307735849057 0.287980769375 0.3040865386792453 0.27516025625 0.3040865386792453
9 0.39391025625 0.24879807735849055 0.39391025625 0.24254807735849054 0.3911858975 0.2235576924528302 0.384455128125 0.21730769245283021 0.37900641 0.21754807735849058 0.376762820625 0.21899038490566036 0.37291666687499997 0.228125 0.3724358975 0.23221153867924527 0.37227564125 0.2360576924528302 0.375 0.25192307735849057 0.379647435625 0.2600961537735849 0.384294871875 0.26177884622641506 0.38653846125 0.26129807735849053 0.389423076875 0.25985576886792455 0.39246794875 0.25576923113207545 0.39391025625 0.24879807735849055
9 0.43525641 0.29110576886792455 0.43621794875 0.28701923113207545 0.434615384375 0.27932692264150943 0.43237179500000006 0.2742788462264151 0.42788461562499996 0.2716346150943396 0.42227564125 0.2723557688679245 0.41875 0.2745192311320755 0.412179486875 0.28221153867924526 0.4099358975 0.28701923113207545 0.4088141025 0.2913461537735849 0.409134615625 0.2944711537735849 0.410897435625 0.29903846132075473 0.412179486875 0.3014423075471698 0.4173076925 0.3038461537735849 0.4201923075 0.3038461537735849 0.431730769375 0.296875 0.43525641 0.29110576886792455
1 0.5368589743750001 0.2180288462264151 0.5485576925 0.19326923113207548 0.549358974375 0.1423076924528302 0.5463141025 0.134375 0.5407051281249999 0.1329326924528302 0.51346153875 0.13918269245283021 0.510416666875 0.14254807735849057 0.5094551281249999 0.14567307735849058 0.5036858975 0.2125 0.50400641 0.22836538490566038 0.505769230625 0.23100961509433962 0.50977564125 0.23389423113207547 0.513301281875 0.2350961537735849 0.517948718125 0.23461538490566036 0.525320513125 0.23149038490566037 0.5368589743750001 0.2180288462264151
14 0.581730769375 0.22403846132075472 0.580128205 0.20913461509433962 0.573397435625 0.2004807688679245 0.56875 0.1987980773584906 0.5626602562499999 0.20024038490566037 0.5616987181249999 0.20096153867924527 0.5616987181249999 0.20336538490566036 0.564583333125 0.2439903849056604 0.56778846125 0.24639423113207548 0.572115384375 0.24591346132075473 0.576762820625 0.240625 0.580929486875 0.2300480773584906 0.581730769375 0.22403846132075472
9 0.6798076925 0.24591346132075473 0.677083333125 0.24447115377358491 0.6725961537499999 0.2451923075471698 0.669070513125 0.2471153849056604 0.6610576924999999 0.26274038490566043 0.659294871875 0.26826923113207546 0.66009615375 0.27908653867924527 0.66233974375 0.28389423113207546 0.66522435875 0.2853365386792453 0.66971153875 0.28557692264150947 0.674519230625 0.2829326924528302 0.6767628206249999 0.27932692264150943 0.6788461537499999 0.2725961537735849 0.6798076925 0.24591346132075473
1 0.6645833331250001 0.34182692264150943 0.658173076875 0.3377403849056604 0.650320513125 0.3375 0.6421474356250001 0.34158653867924527 0.63878205125 0.34447115377358495 0.633012820625 0.3552884613207547 0.633173076875 0.3608173075471698 0.637019230625 0.3685096150943396 0.665865384375 0.3870192311320755 0.6713141025 0.38245192264150946 0.6741987181250001 0.3733173075471698 0.67403846125 0.3617788462264151 0.671955128125 0.3528846150943396 0.6645833331250001 0.34182692264150943
14 0.5153846156249999 0.3497596150943396 0.513141025625 0.35552884622641506 0.513301281875 0.36153846132075473 0.514583333125 0.365625 0.51746794875 0.36875 0.52147435875 0.3689903849056604 0.5328525643750001 0.34951923113207545 0.5304487181249999 0.3425480773584905 0.525320513125 0.3420673075471698 0.5153846156249999 0.3497596150943396
9 0.39310897437500003 0.3670673075471698 0.39166666687499996 0.3641826924528302 0.38862179500000005 0.3617788462264151 0.384455128125 0.3610576924528302 0.37772435875 0.3646634613207547 0.370512820625 0.37211538490566043 0.36875 0.3762019226415095 0.36891025624999996 0.38076923113207545 0.37275641 0.38846153867924527 0.376602564375 0.3920673075471698 0.377884615625 0.3920673075471698 0.39246794875 0.3858173075471698 0.394070513125 0.3786057688679245 0.394230769375 0.37307692264150943 0.39310897437500003 0.3670673075471698
1 0.26858974375 0.4444711537735849 0.268429486875 0.43533653867924527 0.267628205 0.4341346150943396 0.26041666687500004 0.4271634613207547 0.255448718125 0.42379807735849057 0.25192307687500004 0.42235576886792453 0.24551282062500002 0.42259615377358495 0.23205128187500002 0.4314903849056604 0.224519230625 0.4439903849056604 0.223076923125 0.45048076886792454 0.222916666875 0.4600961537735849 0.223878205 0.4670673075471698 0.228365384375 0.4798076924528302 0.232371795 0.48533653867924526 0.24022435875 0.49014423113207545 0.25977564125 0.49182692264150946 0.26233974374999997 0.49014423113207545 0.26858974375 0.4444711537735849
1 0.465865384375 0.4591346150943396 0.46810897437500004 0.45120192264150943 0.465544871875 0.43533653867924527 0.462820513125 0.4305288462264151 0.43541666687499997 0.434375 0.430608974375 0.43846153867924526 0.429166666875 0.4451923075471698 0.42868589749999997 0.45096153867924527 0.431570513125 0.45817307735849055 0.43862179500000004 0.46778846132075474 0.442948718125 0.4711538462264151 0.446955128125 0.4721153849056604 0.454326923125 0.47139423113207546 0.459455128125 0.46802884622641505 0.465865384375 0.4591346150943396
9 0.529166666875 0.4670673075471698 0.529166666875 0.4598557688679245 0.52772435875 0.4545673075471698 0.525320513125 0.45120192264150943 0.52147435875 0.44879807735849053 0.51746794875 0.4475961537735849 0.5088141025 0.44879807735849053 0.5019230768749999 0.45264423113207547 0.5 0.45745192264150947 0.49983974375 0.46298076886792455 0.501762820625 0.46778846132075474 0.50608974375 0.471875 0.51746794875 0.478125 0.52147435875 0.4776442311320755 0.52628205125 0.4747596150943396 0.528205128125 0.4711538462264151 0.529166666875 0.4670673075471698
9 0.610576923125 0.4391826924528302 0.6089743587499999 0.43365384622641506 0.605448718125 0.42764423113207545 0.600801281875 0.42451923113207546 0.59615384625 0.4252403849056604 0.5939102562499999 0.42692307735849055 0.58974359 0.4338942311320755 0.589262820625 0.43533653867924527 0.598237179375 0.4596153849056604 0.603365384375 0.4641826924528302 0.60753205125 0.46370192264150945 0.61025641 0.4608173075471698 0.61121794875 0.45889423113207545 0.61153846125 0.4514423075471698 0.610576923125 0.4391826924528302
1 0.650480769375 0.46971153867924526 0.646634615625 0.4617788462264151 0.6426282050000001 0.4576923075471698 0.63365384625 0.4564903849056604 0.62628205125 0.4572115386792453 0.621955128125 0.4600961537735849 0.61602564125 0.47067307735849057 0.615865384375 0.4747596150943396 0.6176282049999999 0.4788461537735849 0.638621795 0.49447115377358486 0.6463141025 0.4966346150943396 0.65 0.4908653849056604 0.6522435900000001 0.4836538462264151 0.6519230768750001 0.4742788462264151 0.650480769375 0.46971153867924526
1 0.6838141025 0.4377403849056604 0.67740384625 0.4338942311320755 0.67371794875 0.4329326924528302 0.665865384375 0.4341346150943396 0.6612179487500001 0.43822115377358495 0.658333333125 0.4471153849056604 0.6580128206249999 0.48245192264150943 0.70096153875 0.4915865386792453 0.70528846125 0.490625 0.7080128206249999 0.4877403849056604 0.708333333125 0.4783653849056604 0.7051282050000001 0.4673076924528302 0.689583333125 0.44326923113207545 0.6838141025 0.4377403849056604
14 0.6775641025 0.5420673075471698 0.673237179375 0.5377403849056605 0.665865384375 0.5377403849056605 0.662980769375 0.5408653849056604 0.6625 0.5444711537735849 0.661698718125 0.5665865386792452 0.66233974375 0.5721153849056604 0.66522435875 0.5786057688679246 0.669391025625 0.5802884613207547 0.67275641 0.5800480773584905 0.681730769375 0.5543269226415094 0.681730769375 0.5509615386792452 0.6775641025 0.5420673075471698
1 0.58253205125 0.55625 0.5836538462499999 0.5480769226415094 0.583012820625 0.5408653849056604 0.58028846125 0.5293269226415095 0.57724359 0.5223557688679246 0.573237179375 0.5161057688679246 0.56858974375 0.5127403849056604 0.5599358975 0.5098557688679246 0.55625 0.5103365386792452 0.548397435625 0.5141826924528301 0.540384615625 0.5254807688679246 0.538301281875 0.5324519226415094 0.53766025625 0.540625 0.538301281875 0.5490384613207547 0.542147435625 0.5644230773584905 0.544871795 0.5706730773584906 0.5644230768749999 0.5728365386792452 0.576121795 0.5670673075471698 0.580128205 0.5622596150943396 0.58253205125 0.55625
14 0.6203525643750001 0.6379807688679245 0.620673076875 0.6302884613207548 0.619871795 0.6175480773584906 0.619230769375 0.6153846150943396 0.618429486875 0.6151442311320754 0.599519230625 0.6221153849056604 0.5918269231250001 0.6276442311320755 0.589583333125 0.6314903849056605 0.5891025643750001 0.6348557688679246 0.590705128125 0.6408653849056604 0.5918269231250001 0.6430288462264151 0.595512820625 0.6461538462264151 0.61153846125 0.6459134613207548 0.615865384375 0.6444711537735849 0.619070513125 0.6423076924528301 0.6203525643750001 0.6379807688679245
9 0.6875 0.6581730773584905 0.686378205 0.6548076924528301 0.6834935900000001 0.6519230773584905 0.6798076925 0.6507211537735849 0.675801281875 0.6509615386792452 0.6703525643749999 0.6540865386792453 0.667147435625 0.6807692311320754 0.6669871793750001 0.6853365386792453 0.667948718125 0.6889423075471699 0.670833333125 0.6911057688679246 0.67403846125 0.6920673075471698 0.680769230625 0.6860576924528301 0.6860576924999999 0.6745192311320755 0.688141025625 0.6670673075471698 0.6875 0.6581730773584905
9 0.663621795 0.7245192311320754 0.66266025625 0.7189903849056604 0.6602564099999999 0.7127403849056604 0.654326923125 0.7081730773584906 0.64150641 0.7086538462264151 0.634615384375 0.7149038462264151 0.63349359 0.7177884613207547 0.63349359 0.7245192311320754 0.6360576925 0.7295673075471698 0.638621795 0.7317307688679245 0.650320513125 0.7355769226415094 0.654166666875 0.7360576924528301 0.660416666875 0.7317307688679245 0.662179486875 0.7298076924528302 0.663621795 0.7245192311320754
9 0.5838141025 0.8497596150943396 0.584134615625 0.8418269226415095 0.5836538462499999 0.8377403849056604 0.5775641025 0.825 0.5719551281249999 0.8168269226415095 0.56858974375 0.8151442311320755 0.5633012818750001 0.8182692311320754 0.5615384612500001 0.8221153849056604 0.561378205 0.8300480773584905 0.5626602562499999 0.8420673075471699 0.5663461537500001 0.8550480773584905 0.569070513125 0.8588942311320754 0.5719551281249999 0.8605769226415094 0.5764423075 0.8598557688679246 0.57996794875 0.8569711537735849 0.5838141025 0.8497596150943396
3 0.5310897437500001 0.6855769226415095 0.49391025624999996 0.6168269226415094 0.4923076925 0.6175480773584906 0.45112179500000005 0.6887019226415094 0.449519230625 0.6932692311320754 0.44935897437500005 0.6973557688679246 0.47516025624999997 0.7834134613207547 0.47868589749999996 0.7850961537735849 0.49006410250000004 0.7754807688679246 0.5008012818750001 0.7632211537735849 0.525801281875 0.7108173075471699 0.529487179375 0.6975961537735849 0.5310897437500001 0.6855769226415095
14 0.429166666875 0.6235576924528301 0.42788461562499996 0.6298076924528302 0.42772435875 0.6350961537735849 0.42852564125000003 0.6384615386792453 0.431891025625 0.6413461537735848 0.47019230749999996 0.6269230773584905 0.462820513125 0.6081730773584906 0.4548076925 0.6050480773584905 0.43525641 0.6100961537735848 0.429166666875 0.6235576924528301
1 0.314262820625 0.7701923075471698 0.31618589750000003 0.7675480773584905 0.32115384625 0.7564903849056605 0.32483974375 0.7439903849056604 0.321955128125 0.7286057688679246 0.31602564125 0.7086538462264151 0.31474359 0.7076923075471698 0.26746794875 0.7076923075471698 0.266826923125 0.7086538462264151 0.2639423075 0.7204326924528301 0.265384615625 0.7473557688679245 0.26746794875 0.7548076924528302 0.2713141025 0.7603365386792452 0.284294871875 0.7716346150943396 0.295352564375 0.7769230773584905 0.307051281875 0.7754807688679246 0.314262820625 0.7701923075471698
1 0.25705128187500004 0.6682692311320754 0.28397435875 0.6346153849056604 0.24022435875 0.559375 0.232371795 0.5615384613207547 0.224519230625 0.5689903849056605 0.21875 0.5790865386792453 0.21666666687500002 0.5858173075471699 0.21522435874999998 0.5951923075471699 0.2150641025 0.6096153849056604 0.21634615375 0.6228365386792453 0.2201923075 0.6331730773584906 0.22275641000000002 0.6382211537735849 0.23653846125 0.6579326924528301 0.24743589750000003 0.6699519226415095 0.252083333125 0.6711538462264152 0.25705128187500004 0.6682692311320754
1 0.34342948687499997 0.5502403849056604 0.34278846125 0.5375 0.3400641025 0.5302884613207547 0.337980769375 0.5269230773584905 0.334455128125 0.5240384613207547 0.330448718125 0.5223557688679246 0.325801281875 0.5221153849056605 0.32131410250000003 0.5259615386792452 0.319070513125 0.5329326924528301 0.31875 0.5375 0.320833333125 0.5651442311320755 0.32275641 0.5721153849056604 0.32612179500000005 0.5752403849056604 0.33012820499999995 0.575 0.33493589749999997 0.5725961537735849 0.33990384625 0.5658653849056604 0.34342948687499997 0.5502403849056604