18 0.505929486875 0.18605769245283021 0.509615384375 0.18245192264150942 0.5158653843750001 0.1735576924528302 0.51634615375 0.16201923113207548 0.514423076875 0.15745192264150942 0.50977564125 0.1514423075471698 0.5056089743750001 0.14783653867924526 0.494070513125 0.1430288462264151 0.4838141025 0.140625 0.47387820499999994 0.140625 0.46858974375 0.14206730754716979 0.463301281875 0.14639423113207548 0.46089743562499996 0.15048076886792452 0.45961538437500005 0.15504807735849058 0.459294871875 0.15985576886792452 0.46009615375 0.16586538490566038 0.46378205125 0.1742788462264151 0.47083333312500003 0.18028846132075474 0.4838141025 0.18629807735849058 0.496955128125 0.18870192264150942 0.50224359 0.18798076886792453 0.505929486875 0.18605769245283021
18 0.6471153843749999 0.2163461537735849 0.651121795 0.209375 0.6525641025 0.2048076924528302 0.654166666875 0.18557692264150943 0.638621795 0.1735576924528302 0.62227564125 0.1680288462264151 0.607371795 0.1663461537735849 0.595512820625 0.17211538490566036 0.594391025625 0.1735576924528302 0.592628205 0.18149038490566038 0.5929487181249999 0.1913461537735849 0.605929486875 0.20889423113207548 0.61121794875 0.21346153867924528 0.619230769375 0.21778846132075472 0.6298076925 0.22091346132075473 0.64246794875 0.21995192264150942 0.6471153843749999 0.2163461537735849
18 0.706570513125 0.28317307735849057 0.7048076925 0.2692307688679245 0.7027243587499999 0.2625 0.697115384375 0.2552884613207547 0.69022435875 0.2533653849056604 0.682051281875 0.25576923113207545 0.677083333125 0.259375 0.6698717949999999 0.26610576886792453 0.6641025643749999 0.27548076886792455 0.659615384375 0.28701923113207545 0.65977564125 0.2908653849056604 0.66233974375 0.2954326924528302 0.665544871875 0.29783653867924526 0.67003205125 0.2980769226415095 0.697115384375 0.29423076886792454 0.7046474356250001 0.2879807688679245 0.706570513125 0.28317307735849057
18 0.7487179487500001 0.42764423113207545 0.7522435900000001 0.4221153849056604 0.7543269231249999 0.4153846150943396 0.7540064099999999 0.4 0.749198718125 0.37572115377358495 0.74391025625 0.3591346150943396 0.7386217949999999 0.34591346132075473 0.733012820625 0.3396634613207547 0.7290064099999999 0.3377403849056604 0.718108974375 0.34110576886792454 0.715705128125 0.3425480773584905 0.7139423075000001 0.3451923075471698 0.71153846125 0.3605769226415095 0.711378205 0.3653846150943396 0.712820513125 0.37403846132075474 0.7200320512499999 0.4048076924528302 0.72996794875 0.4254807688679245 0.7326923075 0.4290865386792453 0.735576923125 0.4305288462264151 0.74391025625 0.4305288462264151 0.7487179487500001 0.42764423113207545
12 0.6426282050000001 0.3653846150943396 0.6463141025 0.3507211537735849 0.64727564125 0.3423076924528302 0.64647435875 0.32884615377358495 0.6426282050000001 0.31466346132075473 0.640384615625 0.30985576886792454 0.635897435625 0.3064903849056604 0.631730769375 0.3064903849056604 0.630769230625 0.30745192264150945 0.599519230625 0.38485576886792455 0.599519230625 0.39254807735849057 0.6025641025 0.39639423113207545 0.60721153875 0.4 0.61266025625 0.40048076886792455 0.61891025625 0.39879807735849054 0.6269230768749999 0.39350961509433957 0.63621794875 0.3810096150943396 0.6426282050000001 0.3653846150943396
18 0.570352564375 0.2711538462264151 0.580448718125 0.2569711537735849 0.5849358975 0.24807692264150946 0.55272435875 0.21201923113207546 0.5485576925 0.21274038490566038 0.54471153875 0.2149038462264151 0.5386217950000001 0.22019230754716979 0.535737179375 0.22451923113207548 0.5314102562499999 0.23653846132075473 0.53125 0.2439903849056604 0.53365384625 0.2552884613207547 0.535416666875 0.2596153849056604 0.5407051281249999 0.26754807735849057 0.548397435625 0.27307692264150946 0.5524038462499999 0.2745192311320755 0.561378205 0.2752403849056604 0.570352564375 0.2711538462264151
20 0.512179486875 0.2673076924528302 0.493269230625 0.22836538490566038 0.49022435875 0.22596153867924526 0.474519230625 0.2225961537735849 0.464102564375 0.22836538490566038 0.45304487187500003 0.23629807735849057 0.41907051312500004 0.29471153867924527 0.419551281875 0.2956730773584905 0.49663461562499994 0.32427884622641506 0.5019230768749999 0.3247596150943396 0.50608974375 0.3235576924528302 0.5213141025 0.3110576924528302 0.514423076875 0.275 0.512179486875 0.2673076924528302
5 0.39775641 0.21298076886792452 0.39743589749999997 0.18461538490566037 0.381570513125 0.15024038490566038 0.35737179500000005 0.15288461509433962 0.29679487187500003 0.20889423113207548 0.29503205125 0.2125 0.295512820625 0.22091346132075473 0.297916666875 0.2288461537735849 0.314262820625 0.24423076886792452 0.31971153874999997 0.24495192264150945 0.35737179500000005 0.2435096150943396 0.37884615375 0.23341346132075472 0.395673076875 0.22067307735849057 0.39775641 0.21298076886792452
9 0.33974359 0.31442307735849057 0.33878205125 0.3122596150943396 0.33397435875 0.3079326924528302 0.33012820499999995 0.30673076886792455 0.32131410250000003 0.3064903849056604 0.305608974375 0.30985576886792454 0.301762820625 0.3127403849056604 0.294871795 0.32427884622641506 0.294871795 0.3334134613207547 0.2985576925 0.34326923113207547 0.301121795 0.3454326924528302 0.309294871875 0.34759615377358494 0.337980769375 0.3396634613207547 0.34102564125 0.3353365386792453 0.341987179375 0.32764423113207547 0.33974359 0.31442307735849057
20 0.279647435625 0.3846153849056604 0.24022435875 0.32716346132075474 0.22996794874999998 0.36682692264150946 0.22980769250000002 0.3733173075471698 0.23221153875 0.3810096150943396 0.24022435875 0.39375 0.243108974375 0.3966346150943396 0.279166666875 0.4153846150943396 0.285576923125 0.40408653867924527 0.28509615374999997 0.39639423113207545 0.279647435625 0.3846153849056604
13 0.357852564375 0.38557692264150945 0.35737179500000005 0.3836538462264151 0.354166666875 0.3829326924528302 0.34150641 0.38485576886792455 0.33733974375000003 0.3872596150943396 0.33397435875 0.3918269226415095 0.33397435875 0.39639423113207545 0.338301281875 0.4026442311320755 0.340865384375 0.40360576886792454 0.349679486875 0.403125 0.352083333125 0.40120192264150945 0.3548076925 0.396875 0.3576923075 0.38966346132075474 0.357852564375 0.38557692264150945
18 0.27371794875 0.5045673075471698 0.280448718125 0.4935096150943396 0.28221153875 0.48581730754716984 0.283333333125 0.4742788462264151 0.28028846125 0.46682692264150943 0.27227564125000003 0.4622596150943396 0.264583333125 0.46129807735849054 0.224519230625 0.46129807735849054 0.220512820625 0.4627403849056604 0.217948718125 0.46658653867924527 0.21650641 0.4701923075471698 0.2150641025 0.47860576886792455 0.21474358999999998 0.4826923075471698 0.21602564125 0.4896634613207547 0.22179487187500002 0.5028846150943396 0.228205128125 0.5134615386792453 0.248397435625 0.5165865386792453 0.255769230625 0.5161057688679246 0.263621795 0.5127403849056604 0.27371794875 0.5045673075471698
14 0.37291666687499997 0.4742788462264151 0.37003205125 0.46971153867924526 0.35352564125 0.4615384613207547 0.349519230625 0.4620192311320755 0.34615384624999995 0.4663461537735849 0.34615384624999995 0.47091346132075473 0.34807692312500005 0.4754807688679245 0.36682692312500004 0.4923076924528301 0.373076923125 0.49447115377358486 0.37516025625 0.49182692264150946 0.375801281875 0.48653846132075473 0.37516025625 0.4819711537735849 0.37291666687499997 0.4742788462264151
9 0.435576923125 0.4855769226415095 0.42932692312500004 0.4663461537735849 0.427083333125 0.4651442311320755 0.42371794875 0.46682692264150943 0.414583333125 0.4819711537735849 0.409294871875 0.509375 0.407852564375 0.5213942311320754 0.40977564125 0.5237980773584906 0.412179486875 0.5245192311320754 0.41634615375 0.5223557688679246 0.425 0.5141826924528301 0.43237179500000006 0.5007211537735848 0.43541666687499997 0.49014423113207545 0.435576923125 0.4855769226415095
18 0.48717948687499996 0.4334134613207547 0.4826923075 0.43317307735849053 0.48108974375 0.43533653867924527 0.47900641 0.49423076886792455 0.480128205 0.5096153849056604 0.48253205125 0.5108173075471698 0.4849358975 0.50625 0.494070513125 0.47259615377358494 0.494551281875 0.44927884622641506 0.49182692312500004 0.43942307735849057 0.48717948687499996 0.4334134613207547
14 0.49022435875 0.35360576886792455 0.462820513125 0.3413461537735849 0.454487179375 0.34158653867924527 0.450801281875 0.34278846132075474 0.448076923125 0.3483173075471698 0.45016025625 0.36129807735849057 0.45096153875 0.3627403849056604 0.48253205125 0.3689903849056604 0.48637820499999995 0.3677884613207547 0.489423076875 0.36514423113207545 0.49134615375 0.36009615377358495 0.49134615375 0.3569711537735849 0.49022435875 0.35360576886792455
1 0.563621795 0.41201923113207545 0.558173076875 0.3841346150943396 0.556570513125 0.3817307688679245 0.54871794875 0.3766826924528302 0.5407051281249999 0.37788461509433957 0.5368589743750001 0.3802884613207547 0.530608974375 0.38870192264150943 0.52852564125 0.3997596150943396 0.529166666875 0.4165865386792453 0.5304487181249999 0.42379807735849057 0.5350961537500001 0.4329326924528302 0.537179486875 0.43533653867924527 0.5407051281249999 0.43677884622641505 0.54503205125 0.43653846132075474 0.548878205 0.43317307735849053 0.563621795 0.41201923113207545
1 0.6588141025 0.4850961537735849 0.6572115387499999 0.48149038490566043 0.6514423075000001 0.47451923113207545 0.6471153843749999 0.4711538462264151 0.64246794875 0.4689903849056604 0.637980769375 0.4685096150943396 0.62275641 0.47259615377358494 0.61891025625 0.4747596150943396 0.61602564125 0.4778846150943396 0.613301281875 0.48605769245283015 0.610737179375 0.5057692311320754 0.61121794875 0.5064903849056605 0.65272435875 0.5170673075471699 0.658173076875 0.5165865386792453 0.659455128125 0.5149038462264152 0.6610576924999999 0.5064903849056605 0.6610576924999999 0.4995192311320754 0.6588141025 0.4850961537735849
18 0.29983974375 0.6307692311320754 0.294871795 0.6262019226415094 0.27996794875 0.6209134613207548 0.2701923075 0.6194711537735849 0.26346153875 0.6206730773584905 0.26121794875 0.6228365386792453 0.2610576925 0.6276442311320755 0.261858974375 0.6307692311320754 0.274679486875 0.6367788462264151 0.28317307687500004 0.6391826924528301 0.29134615375 0.6399038462264152 0.29647435875 0.6382211537735849 0.30016025625000003 0.6346153849056604 0.29983974375 0.6307692311320754
18 0.392948718125 0.6213942311320754 0.376762820625 0.6228365386792453 0.3639423075 0.6314903849056605 0.360737179375 0.6360576924528302 0.359134615625 0.6423076924528301 0.35897435875 0.6509615386792452 0.36137820499999995 0.659375 0.36506410250000004 0.6632211537735849 0.373076923125 0.6629807688679246 0.4 0.6355769226415094 0.40240384625 0.6307692311320754 0.398878205 0.6247596150943396 0.392948718125 0.6213942311320754
20 0.50977564125 0.5788461537735848 0.455448718125 0.5802884613207547 0.45112179500000005 0.5824519226415095 0.44375 0.5963942311320755 0.443429486875 0.5995192311320754 0.444871795 0.6033653849056604 0.463301281875 0.6144230773584906 0.47227564125 0.6163461537735849 0.494070513125 0.60625 0.5094551281249999 0.5915865386792453 0.51378205125 0.5838942311320754 0.50977564125 0.5788461537735848
20 0.61009615375 0.5370192311320754 0.60753205125 0.534375 0.6032051281249999 0.5317307688679246 0.58397435875 0.5242788462264151 0.5644230768749999 0.5262019226415094 0.5615384612500001 0.5290865386792453 0.555769230625 0.5423076924528302 0.5551282049999999 0.5447115386792453 0.591666666875 0.5817307688679246 0.599679486875 0.5798076924528301 0.611378205 0.5569711537735849 0.613301281875 0.5526442311320754 0.613621795 0.5490384613207547 0.611698718125 0.5408653849056604 0.61009615375 0.5370192311320754
14 0.6900641025 0.44182692264150947 0.6796474356250001 0.4461538462264151 0.675 0.4514423075471698 0.675 0.4591346150943396 0.6775641025 0.4651442311320755 0.681570513125 0.4689903849056604 0.70641025625 0.46057692264150946 0.7081730768750001 0.45889423113207545 0.7080128206249999 0.4548076924528302 0.703365384375 0.4483173075471698 0.6900641025 0.44182692264150947
11 0.697916666875 0.6112980773584905 0.6892628206249999 0.5918269226415095 0.685897435625 0.5877403849056604 0.67371794875 0.5882211537735849 0.6714743587499999 0.5923076924528301 0.670833333125 0.5959134613207547 0.671634615625 0.5997596150943396 0.673076923125 0.6021634613207547 0.67740384625 0.6074519226415095 0.687820513125 0.615625 0.693269230625 0.6168269226415094 0.695512820625 0.6151442311320754 0.697916666875 0.6112980773584905
14 0.62740384625 0.65 0.62628205125 0.6490384613207547 0.62275641 0.6514423075471698 0.6203525643750001 0.6584134613207547 0.6161858975 0.6817307688679246 0.621634615625 0.7012019226415095 0.622916666875 0.703125 0.627083333125 0.7052884613207547 0.628365384375 0.7045673075471699 0.629487179375 0.7016826924528301 0.6298076925 0.6579326924528301 0.62740384625 0.65
11 0.560416666875 0.6004807688679246 0.554487179375 0.6048076924528302 0.55128205125 0.6086538462264152 0.549679486875 0.6115384613207547 0.551121795 0.6146634613207548 0.55272435875 0.6153846150943396 0.5633012818750001 0.6081730773584906 0.565865384375 0.6045673075471698 0.5661858975 0.6024038462264151 0.5644230768749999 0.5992788462264151 0.560416666875 0.6004807688679246
1 0.5568910256249999 0.6641826924528301 0.55897435875 0.6543269226415095 0.5586538462499999 0.6463942311320754 0.55272435875 0.6379807688679245 0.545512820625 0.6413461537735848 0.51971153875 0.6639423075471699 0.516987179375 0.6680288462264151 0.51650641 0.6704326924528301 0.517147435625 0.6745192311320755 0.51891025625 0.6783653849056605 0.5224358975 0.6826923075471698 0.5304487181249999 0.6848557688679245 0.53990384625 0.6824519226415094 0.54871794875 0.6764423075471698 0.5568910256249999 0.6641826924528301
21 0.569070513125 0.7463942311320754 0.562179486875 0.7483173075471699 0.55641025625 0.7569711537735849 0.5536858975 0.7658653849056604 0.55384615375 0.7742788462264151 0.555769230625 0.7788461537735849 0.559294871875 0.7834134613207547 0.567948718125 0.7915865386792452 0.613141025625 0.7831730773584905 0.59983974375 0.7646634613207547 0.576121795 0.7463942311320754 0.569070513125 0.7463942311320754
14 0.510576923125 0.7271634613207547 0.505769230625 0.7288461537735849 0.49951923062500003 0.7401442311320754 0.49791666687499997 0.7675480773584905 0.499198718125 0.7699519226415095 0.502083333125 0.7711538462264151 0.506570513125 0.7694711537735849 0.510737179375 0.7653846150943396 0.51746794875 0.7514423075471699 0.5150641025 0.7362980773584905 0.510576923125 0.7271634613207547
20 0.49006410250000004 0.7401442311320754 0.46730769250000004 0.7274038462264151 0.45913461562499996 0.7245192311320754 0.439102564375 0.7228365386792452 0.435576923125 0.7245192311320754 0.431570513125 0.7286057688679246 0.42932692312500004 0.7324519226415095 0.42868589749999997 0.7355769226415094 0.42852564125000003 0.7420673075471699 0.42932692312500004 0.7478365386792453 0.435576923125 0.7649038462264152 0.463141025625 0.7610576924528302 0.48028846125 0.7548076924528302 0.485897435625 0.7516826924528301 0.49038461562499996 0.7439903849056604 0.49006410250000004 0.7401442311320754
18 0.41634615375 0.7105769226415094 0.412179486875 0.7120192311320754 0.40753205125 0.7209134613207547 0.400480769375 0.7478365386792453 0.4 0.7620192311320754 0.401762820625 0.7713942311320754 0.40400641 0.7757211537735849 0.408012820625 0.7757211537735849 0.40961538437500006 0.7713942311320754 0.41810897437500005 0.7245192311320754 0.41778846125 0.7132211537735849 0.41634615375 0.7105769226415094
18 0.362980769375 0.7353365386792453 0.369070513125 0.7242788462264151 0.373237179375 0.7127403849056604 0.36121794875 0.7086538462264151 0.35496794875 0.7086538462264151 0.31153846125 0.7127403849056604 0.310416666875 0.7139423075471698 0.309615384375 0.7180288462264152 0.309615384375 0.7245192311320754 0.31201923062500003 0.7298076924528302 0.31378205125 0.7326923075471699 0.319391025625 0.7370192311320755 0.32243589749999996 0.7384615386792452 0.349679486875 0.7413461537735849 0.359615384375 0.7377403849056604 0.362980769375 0.7353365386792453