6 0.525801281875 0.18076923113207546 0.537179486875 0.16514423113207546 0.541987179375 0.14975961509433963 0.543269230625 0.1423076924528302 0.54358974375 0.12644230754716979 0.53878205125 0.11105769245283019 0.535416666875 0.1072115386792453 0.5293269231250001 0.10408653867924529 0.495512820625 0.10288461509433963 0.48621794875 0.10504807735849056 0.474198718125 0.10961538490566038 0.43894230749999996 0.12716346132075473 0.39391025625 0.18533653867924527 0.384455128125 0.19903846132075473 0.383333333125 0.20096153867924527 0.38381410250000003 0.20360576886792453 0.431570513125 0.2360576924528302 0.44471153874999997 0.24014423113207548 0.448076923125 0.24014423113207548 0.49791666687499997 0.21057692264150943 0.5110576925 0.1975961537735849 0.525801281875 0.18076923113207546
17 0.399358974375 0.29879807735849057 0.395673076875 0.29110576886792455 0.35176282062500003 0.2274038462264151 0.34983974375000004 0.22596153867924526 0.345673076875 0.2264423075471698 0.341826923125 0.23245192264150943 0.340865384375 0.23629807735849057 0.34310897437500004 0.2596153849056604 0.36121794875 0.33990384622641506 0.36522435875 0.34278846132075474 0.38862179500000005 0.3367788462264151 0.4014423075 0.31057692264150943 0.401602564375 0.30673076886792455 0.399358974375 0.29879807735849057
1 0.6668269231249999 0.12067307735849056 0.669230769375 0.1072115386792453 0.66778846125 0.08966346132075471 0.662019230625 0.07620192264150943 0.6230769231250001 0.06730769245283019 0.6203525643750001 0.06826923113207548 0.6089743587499999 0.10360576886792452 0.60849359 0.11514423113207548 0.615865384375 0.12692307735849057 0.6248397437500001 0.13557692264150942 0.633173076875 0.1379807688679245 0.638301281875 0.13774038490566037 0.658173076875 0.13076923113207548 0.664262820625 0.12475961509433962 0.6668269231249999 0.12067307735849056
3 0.58733974375 0.24783653867924527 0.594070513125 0.2204326924528302 0.590705128125 0.184375 0.575320513125 0.1826923075471698 0.556570513125 0.2004807688679245 0.5524038462499999 0.2076923075471698 0.55096153875 0.21274038490566038 0.550480769375 0.21778846132075472 0.553365384375 0.24807692264150946 0.554647435625 0.25264423113207546 0.5599358975 0.2608173075471698 0.568429486875 0.26514423113207547 0.58349359 0.2552884613207547 0.585737179375 0.25216346132075473 0.58733974375 0.24783653867924527
14 0.654166666875 0.209375 0.65 0.2074519226415094 0.64358974375 0.21033653867924526 0.630769230625 0.22451923113207548 0.62772435875 0.2399038462264151 0.6296474356249999 0.24783653867924527 0.6323717950000001 0.2514423075471698 0.63878205125 0.2524038462264151 0.6512820512499999 0.23629807735849057 0.657051281875 0.2163461537735849 0.655929486875 0.21225961509433963 0.654166666875 0.209375
18 0.783333333125 0.17379807735849057 0.775320513125 0.1569711537735849 0.771634615625 0.15408653867924527 0.762820513125 0.1536057688679245 0.75641025625 0.15480769245283021 0.7421474356250001 0.1625 0.724519230625 0.18125 0.70625 0.22836538490566038 0.705769230625 0.24807692264150946 0.70897435875 0.24951923113207547 0.724519230625 0.24759615377358493 0.74102564125 0.23461538490566036 0.773878205 0.20216346132075472 0.7830128206249999 0.18173076886792452 0.78365384625 0.178125 0.783333333125 0.17379807735849057
1 0.5338141025 0.29879807735849057 0.535576923125 0.2896634613207547 0.5331730768749999 0.27139423113207545 0.53125 0.26274038490566043 0.5275641025 0.2576923075471698 0.521634615625 0.2545673075471698 0.51746794875 0.25432692264150947 0.513621795 0.25576923113207545 0.50865384625 0.25985576886792455 0.505929486875 0.26370192264150943 0.503205128125 0.2721153849056604 0.502083333125 0.27860576886792454 0.502083333125 0.28509615377358494 0.503044871875 0.290625 0.511378205 0.3048076924528302 0.5139423075 0.30625 0.517628205 0.3064903849056604 0.529487179375 0.3040865386792453 0.5338141025 0.29879807735849057
1 0.67003205125 0.321875 0.6641025643749999 0.3127403849056604 0.662019230625 0.3112980773584905 0.64903846125 0.309375 0.63846153875 0.3108173075471698 0.63253205125 0.3185096150943396 0.629326923125 0.3278846150943396 0.62740384625 0.3389423075471698 0.62724359 0.34182692264150943 0.62900641 0.3509615386792453 0.630929486875 0.3540865386792453 0.6350961537500001 0.3560096150943396 0.672115384375 0.3377403849056604 0.6741987181250001 0.3360576924528302 0.674519230625 0.3334134613207547 0.67003205125 0.321875
1 0.8181089743750001 0.28557692264150947 0.8147435900000001 0.2814903849056604 0.80352564125 0.2745192311320755 0.79775641 0.2733173075471698 0.7918269231249999 0.275 0.7814102562499999 0.2814903849056604 0.779647435625 0.28509615377358494 0.7798076924999999 0.2901442311320755 0.78365384625 0.29975961509433957 0.8102564099999999 0.3240384613207547 0.814423076875 0.3221153849056604 0.822115384375 0.3021634613207547 0.82227564125 0.2985576924528302 0.8208333331250001 0.29254807735849053 0.8181089743750001 0.28557692264150947
1 0.8673076925 0.34158653867924527 0.8650641025 0.3377403849056604 0.85753205125 0.3336538462264151 0.8485576924999999 0.33389423113207545 0.840705128125 0.3382211537735849 0.8338141025 0.3533653849056604 0.8331730768750001 0.36129807735849057 0.83397435875 0.3689903849056604 0.841826923125 0.37788461509433957 0.853365384375 0.3725961537735849 0.86121794875 0.365625 0.8658653843749999 0.35721153867924527 0.867628205 0.3497596150943396 0.8673076925 0.34158653867924527
14 0.73621794875 0.3334134613207547 0.72772435875 0.3403846150943396 0.724679486875 0.34567307735849057 0.74647435875 0.37283653867924527 0.748076923125 0.37307692264150943 0.75977564125 0.35721153867924527 0.76009615375 0.3509615386792453 0.751923076875 0.3336538462264151 0.7443910256249999 0.3326923075471698 0.73621794875 0.3334134613207547
14 0.7522435900000001 0.41201923113207545 0.74727564125 0.40913461509433957 0.7360576925 0.40841346132075473 0.730769230625 0.4134615386792453 0.7293269231249999 0.41802884622641506 0.7293269231249999 0.42379807735849057 0.731730769375 0.4305288462264151 0.74022435875 0.4430288462264151 0.744070513125 0.4435096150943396 0.749679486875 0.43942307735849057 0.7517628206249999 0.4358173075471698 0.755929486875 0.415625 0.7522435900000001 0.41201923113207545
20 0.682371795 0.4584134613207547 0.680128205 0.45384615377358495 0.675480769375 0.45096153867924527 0.669391025625 0.45024038490566043 0.66602564125 0.45120192264150943 0.651121795 0.4625 0.648076923125 0.46682692264150943 0.6411858975 0.48173076886792454 0.637820513125 0.49375 0.63846153875 0.5019230773584905 0.64278846125 0.5021634613207547 0.669070513125 0.49254807735849054 0.6764423075 0.48221153867924527 0.680769230625 0.4742788462264151 0.6826923075000001 0.4670673075471698 0.682371795 0.4584134613207547
1 0.604647435625 0.4 0.60352564125 0.3850961537735849 0.6 0.37716346132075473 0.5956730768749999 0.37283653867924527 0.591666666875 0.3716346150943396 0.57996794875 0.37235576886792454 0.575480769375 0.3870192311320755 0.57516025625 0.39254807735849057 0.57596153875 0.4014423075471698 0.580128205 0.40817307735849057 0.587980769375 0.4149038462264151 0.595512820625 0.41610576886792455 0.599519230625 0.41201923113207545 0.6038461537500001 0.40432692264150943 0.604647435625 0.4
1 0.537980769375 0.37211538490566043 0.53525641 0.3581730773584905 0.5314102562499999 0.34879807735849055 0.525320513125 0.3423076924528302 0.51746794875 0.3372596150943396 0.51650641 0.3377403849056604 0.50224359 0.3471153849056604 0.495352564375 0.3557692311320755 0.49358974375000003 0.3596153849056604 0.490544871875 0.3689903849056604 0.49086538437500005 0.3735576924528302 0.49791666687499997 0.39639423113207545 0.501762820625 0.4028846150943396 0.525320513125 0.403125 0.533012820625 0.39495192264150947 0.53621794875 0.38846153867924527 0.537980769375 0.37211538490566043
1 0.37227564125 0.45120192264150943 0.369070513125 0.42764423113207545 0.36794871812499996 0.42379807735849057 0.3588141025 0.40576923113207547 0.35336538437500004 0.4002403849056604 0.349519230625 0.3983173075471698 0.34166666687499997 0.3985576924528302 0.33589743562499996 0.4048076924528302 0.33525641 0.40817307735849057 0.33974359 0.4377403849056604 0.34519230749999996 0.4555288462264151 0.35352564125 0.47139423113207546 0.360737179375 0.4740384613207547 0.36602564125000003 0.4721153849056604 0.369391025625 0.4663461537735849 0.37227564125 0.45120192264150943
18 0.30032051312499997 0.46586538490566043 0.295512820625 0.46490384622641506 0.28733974375 0.46586538490566043 0.284294871875 0.46923076886792453 0.28493589750000003 0.4819711537735849 0.29278846125 0.5314903849056604 0.30224359 0.5302884613207547 0.31266025625 0.5134615386792453 0.31474359 0.4908653849056604 0.31394230749999996 0.48245192264150943 0.306570513125 0.47067307735849057 0.30032051312499997 0.46586538490566043
7 0.36153846125 0.6697115386792453 0.35496794875 0.6610576924528302 0.34983974375000004 0.6576923075471699 0.31378205125 0.6461538462264151 0.30977564125 0.6456730773584906 0.307371795 0.6463942311320754 0.30625 0.6483173075471699 0.305929486875 0.6504807688679246 0.338141025625 0.7519230773584905 0.34727564125 0.7675480773584905 0.3639423075 0.7918269226415094 0.3923076925 0.8262019226415095 0.42772435875 0.8365384613207547 0.42852564125000003 0.8338942311320754 0.36153846125 0.6697115386792453
23 0.50240384625 0.5526442311320754 0.45128205125 0.46947115377358495 0.443429486875 0.4622596150943396 0.43317307687499995 0.465625 0.391826923125 0.49014423113207545 0.38862179500000005 0.49423076886792455 0.37532051312500003 0.5197115386792452 0.37532051312500003 0.5252403849056604 0.38477564125 0.5653846150943396 0.46233974375000003 0.7713942311320754 0.46666666687499997 0.7740384613207547 0.474519230625 0.7730769226415094 0.492628205 0.7480769226415095 0.50128205125 0.6076923075471699 0.50240384625 0.5526442311320754
1 0.5395833331250001 0.49807692264150943 0.539262820625 0.4935096150943396 0.53397435875 0.48629807735849057 0.5001602562499999 0.46658653867924527 0.494070513125 0.4670673075471698 0.49022435875 0.4711538462264151 0.48621794875 0.48221153867924527 0.488621795 0.5019230773584905 0.49391025624999996 0.5161057688679246 0.498237179375 0.5211538462264151 0.505769230625 0.5237980773584906 0.51746794875 0.5213942311320754 0.53365384625 0.5079326924528301 0.5395833331250001 0.49807692264150943
1 0.577083333125 0.5814903849056604 0.577083333125 0.5682692311320754 0.57275641 0.5586538462264151 0.56474359 0.5528846150943396 0.559294871875 0.5526442311320754 0.5525641025 0.5545673075471699 0.545512820625 0.5603365386792453 0.519391025625 0.5975961537735849 0.519230769375 0.5995192311320754 0.5389423074999999 0.6194711537735849 0.545352564375 0.6213942311320754 0.5524038462499999 0.6189903849056604 0.5644230768749999 0.6081730773584906 0.57227564125 0.5963942311320755 0.576121795 0.5862980773584906 0.577083333125 0.5814903849056604
20 0.5854166668749999 0.6894230773584905 0.584134615625 0.6879807688679246 0.5485576925 0.6891826924528301 0.548397435625 0.6932692311320754 0.5525641025 0.7245192311320754 0.5644230768749999 0.7677884613207547 0.568269230625 0.7622596150943396 0.583012820625 0.7283653849056604 0.586698718125 0.7088942311320754 0.58653846125 0.6932692311320754 0.5854166668749999 0.6894230773584905
6 0.7301282050000001 0.7245192311320754 0.7323717949999999 0.7158653849056604 0.73221153875 0.6978365386792452 0.715705128125 0.6425480773584905 0.666666666875 0.5834134613207548 0.6467948718750001 0.5637019226415094 0.63108974375 0.5526442311320754 0.6264423075 0.5521634613207548 0.6230769231250001 0.5536057688679246 0.614262820625 0.5680288462264151 0.599519230625 0.6658653849056604 0.599519230625 0.6733173075471699 0.635576923125 0.8105769226415095 0.63846153875 0.8129807688679246 0.6426282050000001 0.8115384613207547 0.646634615625 0.8084134613207548 0.7014423075 0.7596153849056604 0.72852564125 0.7276442311320754 0.7301282050000001 0.7245192311320754
21 0.76746794875 0.5372596150943396 0.755769230625 0.5276442311320754 0.741987179375 0.5266826924528302 0.738301281875 0.5302884613207547 0.7328525643749999 0.5408653849056604 0.728044871875 0.5608173075471699 0.7274038462500001 0.5673076924528302 0.7278846156250001 0.5877403849056604 0.7347756412500001 0.6189903849056604 0.75977564125 0.6625 0.7639423075 0.6548076924528301 0.77275641 0.5449519226415095 0.7713141025 0.5413461537735849 0.76746794875 0.5372596150943396
1 0.8354166668749999 0.6295673075471698 0.8346153843749999 0.6228365386792453 0.8338141025 0.6211538462264151 0.8219551281249999 0.6209134613207548 0.809455128125 0.6254807688679246 0.801602564375 0.6341346150943395 0.7963141025 0.6418269226415094 0.789423076875 0.6538461537735849 0.7830128206249999 0.6697115386792453 0.782051281875 0.6776442311320754 0.782371795 0.6853365386792453 0.787019230625 0.7009615386792453 0.78974359 0.7048076924528301 0.8025641025 0.7137019226415094 0.832852564375 0.6564903849056604 0.835737179375 0.6466346150943396 0.8354166668749999 0.6295673075471698
9 0.843429486875 0.7206730773584905 0.841666666875 0.7120192311320754 0.837820513125 0.7064903849056604 0.83397435875 0.7043269226415094 0.8261217949999999 0.7052884613207547 0.820512820625 0.7105769226415094 0.818429486875 0.715625 0.818429486875 0.7209134613207547 0.819871795 0.7283653849056604 0.8216346156250001 0.7322115386792453 0.8334935900000001 0.7360576924528301 0.8387820512499999 0.7355769226415094 0.8423076924999999 0.7324519226415095 0.8435897437500001 0.7254807688679246 0.843429486875 0.7206730773584905
14 0.8775641025 0.525 0.85224359 0.5286057688679245 0.8451923075000001 0.5370192311320754 0.8427884612500001 0.5420673075471698 0.842628205 0.5524038462264151 0.8447115387499999 0.5567307688679246 0.8459935900000001 0.5572115386792452 0.880769230625 0.5430288462264151 0.88349359 0.5334134613207547 0.883173076875 0.5293269226415095 0.880769230625 0.5262019226415094 0.8775641025 0.525