7 0.57996794875 0.4699519226415095 0.529166666875 0.5117788462264151 0.487820513125 0.5552884613207547 0.47724359 0.5966346150943396 0.477083333125 0.5997596150943396 0.47836538437500004 0.6060096150943396 0.494070513125 0.6338942311320754 0.49791666687499997 0.6365384613207548 0.571634615625 0.5096153849056604 0.580929486875 0.47451923113207545 0.58108974375 0.47067307735849057 0.57996794875 0.4699519226415095
12 0.474679486875 0.47451923113207545 0.47772435874999997 0.45889423113207545 0.47628205125 0.4514423075471698 0.462820513125 0.43653846132075474 0.43605769250000004 0.4252403849056604 0.431570513125 0.42475961509433957 0.42227564125 0.4274038462264151 0.41522435874999997 0.43557692264150943 0.412019230625 0.4461538462264151 0.412820513125 0.4545673075471698 0.41442307687499996 0.4572115386792453 0.446955128125 0.4908653849056604 0.45096153875 0.49375 0.45496794875 0.49423076886792455 0.462980769375 0.49110576886792456 0.470512820625 0.4841346150943396 0.474679486875 0.47451923113207545
9 0.474679486875 0.4076923075471698 0.473237179375 0.4134615386792453 0.473237179375 0.4170673075471698 0.474679486875 0.4216346150943396 0.47836538437500004 0.42475961509433957 0.48237179500000005 0.4242788462264151 0.482852564375 0.41899038490566043 0.48237179500000005 0.415625 0.48125 0.4139423075471698 0.474679486875 0.4076923075471698
20 0.60016025625 0.059615384905660374 0.5956730768749999 0.05697115377358491 0.58766025625 0.05697115377358491 0.578205128125 0.06274038490566038 0.575641025625 0.0663461537735849 0.573076923125 0.07235576886792452 0.5725961537500001 0.07620192264150943 0.573878205 0.0802884613207547 0.587820513125 0.103125 0.5918269231250001 0.10576923113207548 0.5963141025 0.09951923113207548 0.599519230625 0.08870192264150943 0.60224359 0.06418269245283019 0.60016025625 0.059615384905660374
13 0.49871794875 0.1774038462264151 0.521955128125 0.13942307735849058 0.523397435625 0.13485576886792452 0.523397435625 0.1295673075471698 0.5213141025 0.1180288462264151 0.51025641 0.10408653867924529 0.50897435875 0.10360576886792452 0.50608974375 0.10432692264150943 0.49022435875 0.11346153867924529 0.480128205 0.12067307735849056 0.45112179500000005 0.1586538462264151 0.44567307687499996 0.17596153867924527 0.44615384625 0.18533653867924527 0.44727564125 0.18798076886792453 0.45913461562499996 0.19711538490566038 0.462820513125 0.1987980773584906 0.46730769250000004 0.19951923113207548 0.470512820625 0.1985576924528302 0.48237179500000005 0.190625 0.49871794875 0.1774038462264151
20 0.40416666687499997 0.15096153867924528 0.400320513125 0.1449519226415094 0.38862179500000005 0.13870192264150943 0.37724359 0.1432692311320755 0.372115384375 0.14663461509433962 0.367628205 0.1524038462264151 0.365705128125 0.15841346132075473 0.36586538437500005 0.16586538490566038 0.36794871812499996 0.16850961509433962 0.373237179375 0.17139423113207547 0.38397435874999997 0.16971153867924527 0.39262820499999995 0.1663461537735849 0.404326923125 0.15841346132075473 0.40496794875 0.15408653867924527 0.40416666687499997 0.15096153867924528
18 0.33397435875 0.2555288462264151 0.3375 0.24783653867924527 0.3389423075 0.24038461509433962 0.3389423075 0.23557692264150942 0.337820513125 0.2295673075471698 0.33573717937499997 0.22451923113207548 0.32996794875 0.21658653867924527 0.32804487187500003 0.21586538490566037 0.32131410250000003 0.21586538490566037 0.310416666875 0.21875 0.304647435625 0.22836538490566038 0.295512820625 0.24783653867924527 0.292147435625 0.259375 0.290544871875 0.2701923075471698 0.29150641 0.2795673075471698 0.294391025625 0.2860576924528302 0.299358974375 0.2913461537735849 0.30208333312499996 0.29254807735849053 0.306570513125 0.29254807735849053 0.314583333125 0.2867788462264151 0.32003205125 0.27908653867924527 0.33397435875 0.2555288462264151
9 0.400320513125 0.23581730754716979 0.39663461562499996 0.2387019226415094 0.394070513125 0.24278846132075474 0.39342948687499996 0.24471153867924528 0.394230769375 0.2483173075471698 0.39711538437500005 0.2497596150943396 0.400641025625 0.2497596150943396 0.40496794875 0.24615384622641506 0.40673076937499997 0.23966346132075472 0.404326923125 0.23533653867924528 0.400320513125 0.23581730754716979
18 0.4860576925 0.3108173075471698 0.4923076925 0.2992788462264151 0.493429486875 0.24302884622641507 0.490544871875 0.22716346132075474 0.487980769375 0.21971153867924528 0.480769230625 0.21274038490566038 0.474679486875 0.21057692264150943 0.46650641 0.21274038490566038 0.46266025624999996 0.21658653867924527 0.45897435875 0.2225961537735849 0.45608974375 0.2319711537735849 0.452884615625 0.24855769245283021 0.45272435875 0.2524038462264151 0.45625 0.28317307735849057 0.45897435875 0.29471153867924527 0.462179486875 0.3036057688679245 0.46666666687499997 0.3108173075471698 0.474519230625 0.3180288462264151 0.479166666875 0.31826923113207545 0.4860576925 0.3108173075471698
12 0.565544871875 0.17764423113207548 0.5641025643750001 0.17379807735849057 0.560416666875 0.16995192264150943 0.549679486875 0.1711538462264151 0.544871795 0.17379807735849057 0.5411858975 0.17764423113207548 0.536378205 0.18557692264150943 0.5328525643750001 0.19783653867924528 0.531891025625 0.20408653867924528 0.531730769375 0.20961538490566037 0.5326923075 0.2170673075471698 0.5360576925 0.228125 0.54022435875 0.23581730754716979 0.556570513125 0.25745192264150946 0.56121794875 0.25192307735849057 0.565544871875 0.18149038490566038 0.565544871875 0.17764423113207548
20 0.64358974375 0.16971153867924527 0.64246794875 0.16514423113207546 0.61121794875 0.1694711537735849 0.612179486875 0.17764423113207548 0.619551281875 0.20817307735849058 0.622916666875 0.20889423113207548 0.630769230625 0.20673076886792452 0.6360576925 0.2014423075471698 0.638621795 0.196875 0.64246794875 0.18076923113207546 0.64358974375 0.16971153867924527
13 0.776602564375 0.18149038490566038 0.7713141025 0.17596153867924527 0.744070513125 0.1608173075471698 0.7227564099999999 0.16586538490566038 0.7051282050000001 0.1745192311320755 0.701923076875 0.17788461509433962 0.699519230625 0.18894230754716979 0.699358974375 0.19375 0.7027243587499999 0.20456730754716979 0.7165064099999999 0.22067307735849057 0.755128205 0.24014423113207548 0.76778846125 0.24086538490566037 0.7706730768750001 0.2399038462264151 0.77772435875 0.18557692264150943 0.776602564375 0.18149038490566038
18 0.834455128125 0.35 0.8338141025 0.34375 0.82996794875 0.33004807735849057 0.82259615375 0.31995192264150946 0.814423076875 0.31682692264150947 0.81009615375 0.31634615377358494 0.803205128125 0.31754807735849055 0.79775641 0.3213942311320755 0.7868589743750001 0.3382211537735849 0.7862179487500001 0.3497596150943396 0.7883012818749999 0.35721153867924527 0.79358974375 0.3685096150943396 0.7948717949999999 0.3704326924528302 0.798076923125 0.37211538490566043 0.8285256412500001 0.3634615386792453 0.83253205125 0.35841346132075474 0.834455128125 0.35
20 0.8081730768750001 0.38966346132075474 0.8030448718750001 0.384375 0.79471153875 0.38846153867924527 0.793269230625 0.390625 0.7919871793750001 0.3971153849056604 0.794391025625 0.41201923113207545 0.7983974356250001 0.41923076886792454 0.8025641025 0.42379807735849057 0.810576923125 0.4252403849056604 0.819070513125 0.41201923113207545 0.81891025625 0.40408653867924527 0.8081730768750001 0.38966346132075474
1 0.7857371793750001 0.4326923075471698 0.7826923075000001 0.4230769226415095 0.780608974375 0.41971153867924527 0.776121795 0.415625 0.77147435875 0.4132211537735849 0.766987179375 0.4134615386792453 0.762019230625 0.4153846150943396 0.7578525643749999 0.41899038490566043 0.754647435625 0.42379807735849057 0.75352564125 0.4310096150943396 0.753205128125 0.43942307735849057 0.7607371793750001 0.4646634613207547 0.7636217949999999 0.4711538462264151 0.7676282050000001 0.47091346132075473 0.7794871793750001 0.465625 0.785897435625 0.4548076924528302 0.78653846125 0.43822115377358495 0.7857371793750001 0.4326923075471698
1 0.72516025625 0.28701923113207545 0.7213141025 0.2814903849056604 0.716826923125 0.2798076924528302 0.71233974375 0.27932692264150943 0.705769230625 0.28173076886792453 0.6958333331250001 0.2867788462264151 0.6911858975 0.2903846150943396 0.68509615375 0.29879807735849057 0.6831730768750001 0.3055288462264151 0.6826923075000001 0.31466346132075473 0.6846153843749999 0.3221153849056604 0.689423076875 0.328125 0.6950320512499999 0.328125 0.697916666875 0.32620192264150943 0.721794871875 0.29879807735849057 0.7237179487500001 0.2951923075471698 0.72516025625 0.28701923113207545
18 0.6703525643749999 0.3334134613207547 0.666666666875 0.3235576924528302 0.661698718125 0.31754807735849055 0.6536858975 0.3139423075471698 0.65 0.3139423075471698 0.63990384625 0.3177884613207547 0.63766025625 0.32067307735849054 0.637179486875 0.3221153849056604 0.639423076875 0.3653846150943396 0.645833333125 0.36754807735849054 0.6576923075000001 0.3682692311320755 0.66602564125 0.3608173075471698 0.6695512818749999 0.35360576886792455 0.6711538462500001 0.3420673075471698 0.6703525643749999 0.3334134613207547
18 0.6266025643750001 0.309375 0.64246794875 0.29975961509433957 0.64647435875 0.29423076886792454 0.649358974375 0.2872596150943396 0.649519230625 0.2673076924528302 0.6474358975 0.26274038490566043 0.641826923125 0.2555288462264151 0.63846153875 0.2533653849056604 0.630929486875 0.25096153867924526 0.595512820625 0.25048076886792453 0.583173076875 0.2540865386792453 0.576121795 0.2579326924528302 0.569551281875 0.26754807735849057 0.567628205 0.2798076924528302 0.56891025625 0.2908653849056604 0.5708333331250001 0.29639423113207547 0.575 0.3024038462264151 0.58028846125 0.3064903849056604 0.5911858975 0.31033653867924527 0.619230769375 0.31201923113207547 0.6266025643750001 0.309375
9 0.37708333312500003 0.2896634613207547 0.37291666687499997 0.2903846150943396 0.36987179500000006 0.2923076924528302 0.36474359 0.2971153849056604 0.362820513125 0.3009615386792453 0.36233974375 0.30673076886792455 0.36506410250000004 0.3189903849056604 0.36858974375000003 0.3204326924528302 0.380769230625 0.31201923113207547 0.384294871875 0.30264423113207545 0.38317307687499996 0.29495192264150943 0.380769230625 0.2913461537735849 0.37708333312500003 0.2896634613207547
14 0.345352564375 0.3665865386792453 0.34166666687499997 0.35841346132075474 0.33381410250000004 0.353125 0.32564102562499997 0.3617788462264151 0.323878205 0.36514423113207545 0.32243589749999996 0.3725961537735849 0.32067307687499996 0.3971153849056604 0.32163461562499995 0.4014423075471698 0.32339743562499995 0.40432692264150943 0.32596153875 0.40625 0.330448718125 0.4064903849056604 0.345512820625 0.3983173075471698 0.34599359 0.3697115386792453 0.345352564375 0.3665865386792453
20 0.306730769375 0.4483173075471698 0.298878205 0.4230769226415095 0.285416666875 0.43461538490566043 0.277083333125 0.4466346150943396 0.276121795 0.4497596150943396 0.27596153875 0.45504807735849057 0.2786858975 0.46057692264150946 0.28349359 0.46490384622641506 0.294551281875 0.46826923113207547 0.30240384625 0.4632211537735849 0.305128205 0.45889423113207545 0.306891025625 0.4533653849056604 0.306730769375 0.4483173075471698
7 0.439423076875 0.34086538490566043 0.39150641 0.35745192264150943 0.3911858975 0.409375 0.391826923125 0.41129807735849055 0.486698718125 0.4125 0.529166666875 0.3923076924528302 0.522115384375 0.34567307735849057 0.518108974375 0.34110576886792454 0.513621795 0.33870192264150945 0.439423076875 0.34086538490566043
20 0.593269230625 0.42235576886792453 0.60496794875 0.4399038462264151 0.607371795 0.44014423113207546 0.61650641 0.4266826924528302 0.624358974375 0.3836538462264151 0.611378205 0.3557692311320755 0.589262820625 0.4115384613207547 0.593269230625 0.42235576886792453
13 0.79102564125 0.47451923113207545 0.7883012818749999 0.478125 0.7868589743750001 0.4855769226415095 0.786378205 0.49326923113207544 0.7862179487500001 0.49831730754716985 0.787019230625 0.5021634613207547 0.8014423075 0.5108173075471698 0.802884615625 0.5110576924528302 0.8046474356250001 0.5096153849056604 0.804326923125 0.5045673075471698 0.79471153875 0.4740384613207547 0.79102564125 0.47451923113207545
1 0.73733974375 0.49831730754716985 0.737019230625 0.4939903849056604 0.73621794875 0.48990384622641514 0.7339743587499999 0.48533653867924526 0.7290064099999999 0.4783653849056604 0.7169871793750001 0.46778846132075474 0.7011217949999999 0.4622596150943396 0.696794871875 0.4622596150943396 0.687820513125 0.46658653867924527 0.68477564125 0.4723557688679245 0.684455128125 0.4747596150943396 0.6862179487500001 0.48245192264150943 0.6875 0.4846153849056604 0.716666666875 0.5081730773584906 0.724519230625 0.5105769226415094 0.73221153875 0.5100961537735849 0.73621794875 0.5045673075471698 0.73733974375 0.49831730754716985
20 0.649519230625 0.4627403849056604 0.6475961537499999 0.46658653867924527 0.649358974375 0.49134615377358487 0.68125 0.5072115386792453 0.682371795 0.50625 0.680128205 0.478125 0.662179486875 0.4600961537735849 0.65384615375 0.4586538462264151 0.649519230625 0.4627403849056604
9 0.61522435875 0.4836538462264151 0.61522435875 0.49423076886792455 0.619230769375 0.4959134613207547 0.621634615625 0.49423076886792455 0.62371794875 0.4908653849056604 0.624358974375 0.48581730754716984 0.62259615375 0.4783653849056604 0.61891025625 0.4766826924528302 0.61522435875 0.4836538462264151
12 0.3951923075 0.4939903849056604 0.394551281875 0.48605769245283015 0.3923076925 0.4759615386792453 0.385737179375 0.46658653867924527 0.380769230625 0.4639423075471698 0.37628205125 0.4641826924528302 0.37163461562499994 0.46610576886792454 0.36794871812499996 0.4701923075471698 0.3599358975 0.48221153867924527 0.35528846125 0.4923076924528301 0.35496794875 0.4992788462264151 0.35737179500000005 0.5064903849056605 0.380448718125 0.5276442311320754 0.38525641 0.5288461537735849 0.388301281875 0.5264423075471698 0.39134615375000004 0.5213942311320754 0.394551281875 0.5014423075471699 0.3951923075 0.4939903849056604
9 0.450801281875 0.5432692311320754 0.44743589749999996 0.5447115386792453 0.441666666875 0.5514423075471698 0.44086538437500006 0.5528846150943396 0.4423076925 0.5564903849056604 0.446794871875 0.5586538462264151 0.45112179500000005 0.5576923075471698 0.45320512812499997 0.5552884613207547 0.45496794875 0.5509615386792452 0.45512820499999995 0.5432692311320754 0.450801281875 0.5432692311320754
1 0.292628205 0.5293269226415095 0.28653846125 0.5300480773584906 0.27852564125 0.5353365386792452 0.2735576925 0.5415865386792452 0.27115384625 0.5475961537735848 0.2625 0.5860576924528301 0.263621795 0.5978365386792452 0.2701923075 0.5959134613207547 0.275801281875 0.5901442311320754 0.305769230625 0.5524038462264151 0.305769230625 0.5447115386792453 0.304647435625 0.5370192311320754 0.295673076875 0.5300480773584906 0.292628205 0.5293269226415095
18 0.36009615375000004 0.6737980773584905 0.369551281875 0.6543269226415095 0.373076923125 0.6322115386792453 0.37275641 0.6158653849056605 0.370833333125 0.6079326924528301 0.36121794875 0.5915865386792453 0.35737179500000005 0.5891826924528302 0.35352564125 0.5891826924528302 0.349198718125 0.5925480773584906 0.31057692312499996 0.6346153849056604 0.310416666875 0.6384615386792453 0.31634615374999997 0.6620192311320754 0.32211538437500004 0.6776442311320754 0.337820513125 0.6867788462264152 0.34423076937499997 0.6860576924528301 0.349679486875 0.6841346150943396 0.353205128125 0.6814903849056604 0.36009615375000004 0.6737980773584905
21 0.518429486875 0.6963942311320754 0.500641025625 0.6776442311320754 0.45512820499999995 0.65625 0.45112179500000005 0.6560096150943396 0.3923076925 0.665625 0.38878205125 0.6697115386792453 0.38301282062500003 0.6971153849056604 0.38365384625 0.7040865386792453 0.40753205125 0.7834134613207547 0.408012820625 0.7846153849056604 0.43044871812499996 0.7959134613207547 0.5019230768749999 0.7884615386792453 0.5298076925 0.7168269226415095 0.518429486875 0.6963942311320754
1 0.630929486875 0.7668269226415094 0.6306089743750001 0.75625 0.6269230768749999 0.75 0.6230769231250001 0.7507211537735848 0.61778846125 0.7540865386792452 0.5935897437500001 0.7752403849056604 0.5927884612500001 0.7774038462264151 0.593269230625 0.7870192311320754 0.594871795 0.7894230773584906 0.6032051281249999 0.7942307688679245 0.60753205125 0.7944711537735849 0.61153846125 0.7925480773584905 0.6193910256249999 0.7867788462264151 0.627083333125 0.7776442311320754 0.630929486875 0.7668269226415094
20 0.58846153875 0.5870192311320754 0.584134615625 0.5810096150943396 0.58028846125 0.5778846150943396 0.57227564125 0.5752403849056604 0.568429486875 0.5754807688679245 0.5639423075 0.5774038462264152 0.55849359 0.5841346150943396 0.556730769375 0.5887019226415094 0.556570513125 0.6112980773584905 0.5578525643750001 0.6146634613207548 0.560416666875 0.6170673075471699 0.568269230625 0.6165865386792453 0.57275641 0.6146634613207548 0.585897435625 0.603125 0.5891025643750001 0.5923076924528301 0.58846153875 0.5870192311320754
3 0.6775641025 0.684375 0.689583333125 0.6658653849056604 0.698397435625 0.6384615386792453 0.699198718125 0.6302884613207548 0.6977564099999999 0.6245192311320754 0.685576923125 0.5995192311320754 0.63846153875 0.5514423075471698 0.634615384375 0.5502403849056604 0.6259615387499999 0.5524038462264151 0.62275641 0.5543269226415094 0.61522435875 0.5603365386792453 0.605448718125 0.5725961537735849 0.60224359 0.5798076924528301 0.589423076875 0.6382211537735849 0.588301281875 0.6574519226415094 0.5891025643750001 0.6608173075471698 0.591666666875 0.6668269226415094 0.60721153875 0.6870192311320754 0.650320513125 0.7057692311320755 0.653205128125 0.7057692311320755 0.6552884612500001 0.7050480773584905 0.6775641025 0.684375
7 0.75977564125 0.6401442311320754 0.747916666875 0.6293269226415095 0.7011217949999999 0.6971153849056604 0.668429486875 0.7632211537735849 0.66875 0.7639423075471699 0.673237179375 0.7661057688679246 0.681570513125 0.7639423075471699 0.748878205 0.7050480773584905 0.7636217949999999 0.6737980773584905 0.7661858975 0.6579326924528301 0.75977564125 0.6401442311320754
20 0.7463141025 0.721875 0.749358974375 0.7365384613207547 0.76346153875 0.7603365386792452 0.791666666875 0.7048076924528301 0.751602564375 0.7036057688679246 0.7487179487500001 0.7050480773584905 0.7463141025 0.7105769226415094 0.7463141025 0.721875
20 0.73253205125 0.7870192311320754 0.73221153875 0.7841346150943396 0.72996794875 0.7824519226415094 0.6625 0.7776442311320754 0.656730769375 0.778125 0.656570513125 0.7793269226415095 0.657852564375 0.78125 0.7048076925 0.8288461537735848 0.717147435625 0.8283653849056604 0.720673076875 0.8266826924528301 0.7258012818749999 0.8211538462264151 0.726923076875 0.8185096150943396 0.73253205125 0.7870192311320754
18 0.810576923125 0.5961538462264151 0.8168269231249999 0.5896634613207548 0.820512820625 0.5759615386792453 0.820512820625 0.5692307688679246 0.815865384375 0.5622596150943396 0.8107371793750001 0.5576923075471698 0.775 0.5466346150943396 0.76858974375 0.5451923075471699 0.759615384375 0.5466346150943396 0.754647435625 0.5526442311320754 0.75272435875 0.5572115386792452 0.7517628206249999 0.5605769226415095 0.753205128125 0.5721153849056604 0.7544871793750001 0.5759615386792453 0.7599358975 0.5829326924528302 0.76746794875 0.5877403849056604 0.790865384375 0.5949519226415094 0.80625 0.5978365386792452 0.810576923125 0.5961538462264151
20 0.72772435875 0.5528846150943396 0.724519230625 0.5444711537735849 0.720673076875 0.5399038462264151 0.71634615375 0.5379807688679246 0.7099358975 0.5408653849056604 0.706891025625 0.5449519226415095 0.70641025625 0.5487980773584905 0.70865384625 0.5581730773584905 0.7100961537499999 0.5605769226415095 0.716826923125 0.5651442311320755 0.724198718125 0.5670673075471698 0.726762820625 0.565625 0.7282051281249999 0.5572115386792452 0.72772435875 0.5528846150943396