3 0.537019230625 0.11923076886792452 0.526121795 0.10336538490566037 0.51746794875 0.09903846132075471 0.515544871875 0.103125 0.514423076875 0.11129807735849057 0.51474359 0.11899038490566037 0.5213141025 0.14158653867924528 0.5266025643750001 0.14639423113207548 0.536378205 0.1514423075471698 0.544871795 0.1524038462264151 0.545833333125 0.15 0.537019230625 0.11923076886792452
9 0.515705128125 0.2435096150943396 0.513621795 0.24038461509433962 0.505769230625 0.23966346132075472 0.504166666875 0.240625 0.50272435875 0.2439903849056604 0.501121795 0.2516826924528302 0.502083333125 0.26346153867924527 0.505128205 0.26778846132075473 0.50897435875 0.2697115386792453 0.514262820625 0.26778846132075473 0.516666666875 0.26370192264150943 0.517628205 0.2564903849056604 0.515705128125 0.2435096150943396
20 0.423237179375 0.2668269226415095 0.41137820499999994 0.2752403849056604 0.410737179375 0.27692307735849053 0.410416666875 0.27932692264150943 0.412019230625 0.28197115377358495 0.43541666687499997 0.3088942311320755 0.44391025624999997 0.3055288462264151 0.44535256437500004 0.3033653849056604 0.43782051312500003 0.27932692264150943 0.432051281875 0.2701923075471698 0.423237179375 0.2668269226415095
20 0.337820513125 0.3278846150943396 0.33397435875 0.32379807735849053 0.32371794875 0.31826923113207545 0.32211538437500004 0.31826923113207545 0.319230769375 0.321875 0.32115384625 0.37283653867924527 0.329326923125 0.40408653867924527 0.33365384625 0.40913461509433957 0.337820513125 0.4115384613207547 0.376762820625 0.42451923113207546 0.384455128125 0.42283653867924526 0.38477564125 0.41899038490566043 0.337820513125 0.3278846150943396
18 0.526923076875 0.3762019226415095 0.523397435625 0.3670673075471698 0.52099359 0.3646634613207547 0.514262820625 0.3625 0.49871794875 0.36370192264150947 0.48637820499999995 0.3701923075471698 0.4838141025 0.3725961537735849 0.48189102562499997 0.3764423075471698 0.479487179375 0.3891826924528302 0.479326923125 0.39567307735849055 0.483012820625 0.4009615386792453 0.49182692312500004 0.4021634613207547 0.5094551281249999 0.3985576924528302 0.51778846125 0.3939903849056604 0.523237179375 0.38870192264150943 0.525801281875 0.3834134613207547 0.526923076875 0.3762019226415095
20 0.650320513125 0.3 0.626121795 0.31442307735849057 0.613301281875 0.32596153867924527 0.603365384375 0.34278846132075474 0.600480769375 0.35 0.67003205125 0.3569711537735849 0.6775641025 0.3528846150943396 0.682371795 0.34807692264150947 0.687179486875 0.34086538490566043 0.6865384612500001 0.3382211537735849 0.662019230625 0.2966346150943396 0.650320513125 0.3
20 0.72596153875 0.39254807735849057 0.71875 0.43942307735849057 0.7323717949999999 0.4634615386792453 0.7900641025 0.4471153849056604 0.7974358975 0.43557692264150943 0.7713141025 0.4117788462264151 0.7599358975 0.40552884622641505 0.73108974375 0.39254807735849057 0.72596153875 0.39254807735849057
13 0.5786858975 0.45504807735849057 0.575 0.4704326924528302 0.576121795 0.47379807735849055 0.591666666875 0.46947115377358495 0.603044871875 0.45889423113207545 0.600480769375 0.4545673075471698 0.587980769375 0.4483173075471698 0.58397435875 0.45 0.5786858975 0.45504807735849057
20 0.67628205125 0.5290865386792453 0.68028846125 0.5692307688679246 0.68108974375 0.571875 0.716666666875 0.5802884613207547 0.73846153875 0.5759615386792453 0.7326923075 0.5175480773584905 0.724198718125 0.5168269226415094 0.7046474356250001 0.5209134613207548 0.67628205125 0.5290865386792453
18 0.7400641025 0.7120192311320754 0.7463141025 0.7012019226415095 0.739583333125 0.6579326924528301 0.73766025625 0.6543269226415095 0.7328525643749999 0.6502403849056604 0.729166666875 0.6490384613207547 0.723397435625 0.6490384613207547 0.714583333125 0.6504807688679246 0.707852564375 0.65625 0.70128205125 0.6658653849056604 0.7 0.6766826924528302 0.7 0.6891826924528301 0.704326923125 0.7038461537735848 0.70753205125 0.709375 0.716666666875 0.7199519226415094 0.725320513125 0.7206730773584905 0.73221153875 0.71875 0.735737179375 0.7165865386792453 0.7400641025 0.7120192311320754
9 0.63221153875 0.5783653849056604 0.61153846125 0.5716346150943395 0.595512820625 0.5709134613207547 0.5786858975 0.5798076924528301 0.586858974375 0.5966346150943396 0.591666666875 0.6040865386792452 0.604326923125 0.6137019226415095 0.607371795 0.6137019226415095 0.63477564125 0.5935096150943396 0.635576923125 0.5920673075471699 0.633173076875 0.5795673075471699 0.63221153875 0.5783653849056604
20 0.639423076875 0.7346153849056604 0.64150641 0.725 0.6410256412500001 0.7185096150943396 0.638621795 0.7139423075471698 0.607371795 0.7064903849056604 0.602884615625 0.7086538462264151 0.600641025625 0.7211538462264151 0.600641025625 0.7305288462264151 0.601602564375 0.7360576924528301 0.602884615625 0.7387019226415095 0.608333333125 0.7459134613207548 0.6150641025 0.7492788462264152 0.6230769231250001 0.7487980773584906 0.6349358975 0.7415865386792453 0.639423076875 0.7346153849056604
9 0.54503205125 0.7045673075471699 0.540865384375 0.7088942311320754 0.5400641025 0.7127403849056604 0.54871794875 0.7194711537735848 0.560416666875 0.7204326924528301 0.5644230768749999 0.7192307688679246 0.56650641 0.7168269226415095 0.5661858975 0.7125 0.5639423075 0.7091346150943396 0.54503205125 0.7045673075471699
9 0.560416666875 0.5319711537735848 0.513301281875 0.5314903849056604 0.511698718125 0.5329326924528301 0.5073717950000001 0.5526442311320754 0.513621795 0.5798076924528301 0.517628205 0.5870192311320754 0.5213141025 0.5891826924528302 0.558012820625 0.5682692311320754 0.5725961537500001 0.5485576924528301 0.572115384375 0.540625 0.560416666875 0.5319711537735848
20 0.44647435874999997 0.7072115386792452 0.49086538437500005 0.6896634613207547 0.46666666687499997 0.640625 0.462820513125 0.6365384613207548 0.452884615625 0.6384615386792453 0.445833333125 0.7048076924528301 0.44647435874999997 0.7072115386792452
9 0.42564102562499995 0.7048076924528301 0.424519230625 0.6932692311320754 0.417948718125 0.6855769226415095 0.412179486875 0.6807692311320754 0.40897435875 0.6795673075471699 0.40625 0.6800480773584906 0.400641025625 0.6853365386792453 0.39871794875 0.6891826924528301 0.39823717937499997 0.6930288462264151 0.39807692312500004 0.7209134613207547 0.398878205 0.7317307688679245 0.404326923125 0.7418269226415094 0.408012820625 0.74375 0.412179486875 0.74375 0.41602564125 0.740625 0.42099359 0.7314903849056604 0.42564102562499995 0.7048076924528301
20 0.37644230749999996 0.6451923075471698 0.369230769375 0.6399038462264152 0.345673076875 0.6384615386792453 0.33653846125000003 0.6449519226415095 0.33573717937499997 0.6463942311320754 0.35641025625 0.6639423075471699 0.36474359 0.6665865386792452 0.37451923062500003 0.6644230773584906 0.378044871875 0.6603365386792452 0.3798076925 0.6552884613207547 0.379166666875 0.6502403849056604 0.37644230749999996 0.6451923075471698
9 0.42275641 0.5074519226415094 0.418269230625 0.5069711537735849 0.41474359 0.5110576924528302 0.41442307687499996 0.5175480773584905 0.41714743562499995 0.5240384613207547 0.41971153875 0.5266826924528302 0.42564102562499995 0.5235576924528301 0.428044871875 0.5199519226415095 0.42852564125000003 0.5168269226415094 0.42756410250000004 0.5134615386792453 0.42275641 0.5074519226415094