6 0.296875 0.2519531245283019 0.26171794875 0.2519531245283019 0.26171794875 0.3251959132075472 0.296875 0.3251959132075472 0.296875 0.2519531245283019
6 0.41907051312500004 0.2836538462264151 0.41907051312500004 0.2514423075471698 0.41602564125 0.1850961537735849 0.41506410250000003 0.18149038490566038 0.36522435875 0.12427884622641511 0.333333333125 0.10769230754716981 0.32211538437500004 0.10576923113207548 0.31025641 0.10865384622641511 0.306570513125 0.11057692264150944 0.298397435625 0.1180288462264151 0.290865384375 0.13076923113207548 0.283012820625 0.14639423113207548 0.28317307687500004 0.14807692264150943 0.376923076875 0.2935096150943396 0.38012820499999994 0.2951923075471698 0.404487179375 0.29759615377358495 0.4125 0.2954326924528302 0.41650641 0.2913461537735849 0.41907051312500004 0.2836538462264151
3 0.60608974375 0.06826923113207548 0.599519230625 0.06418269245283019 0.56378205125 0.052644231132075475 0.538141025625 0.04807692264150943 0.529487179375 0.05240384622641509 0.519871795 0.06033653867924528 0.50849359 0.11105769245283019 0.50865384625 0.11370192264150944 0.578044871875 0.15216346132075473 0.581891025625 0.1524038462264151 0.5899038462499999 0.1485576924528302 0.622916666875 0.11514423113207548 0.6150641025 0.07620192264150943 0.60608974375 0.06826923113207548
6 0.55352564125 0.2829326924528302 0.554487179375 0.2689903849056604 0.554487179375 0.2514423075471698 0.549679486875 0.23221153867924527 0.52227564125 0.18533653867924527 0.5110576925 0.16971153867924527 0.47788461562499995 0.1639423075471698 0.466826923125 0.16514423113207546 0.4610576925 0.16995192264150943 0.45993589749999997 0.17235576886792453 0.46009615375 0.1805288462264151 0.462019230625 0.1891826924528302 0.48766025625 0.26610576886792453 0.525320513125 0.2915865386792453 0.5413461537500001 0.2971153849056604 0.544551281875 0.2956730773584905 0.55016025625 0.290625 0.55352564125 0.2829326924528302
3 0.717147435625 0.22451923113207548 0.689423076875 0.17139423113207547 0.6775641025 0.1608173075471698 0.670673076875 0.1588942311320755 0.661698718125 0.1586538462264151 0.6306089743750001 0.16850961509433962 0.62852564125 0.17379807735849057 0.6264423075 0.18942307735849057 0.623237179375 0.24783653867924527 0.630128205 0.33798076886792455 0.640384615625 0.34158653867924527 0.644070513125 0.34158653867924527 0.6698717949999999 0.3377403849056604 0.71346153875 0.2367788462264151 0.716666666875 0.22860576886792452 0.717147435625 0.22451923113207548
9 0.72259615375 0.39254807735849057 0.7011217949999999 0.3269230773584905 0.687820513125 0.3377403849056604 0.68221153875 0.34567307735849057 0.681730769375 0.35721153867924527 0.685576923125 0.3829326924528302 0.689102564375 0.3923076924528302 0.691666666875 0.39639423113207545 0.6977564099999999 0.4021634613207547 0.7036858975 0.40432692264150943 0.720833333125 0.3990384613207547 0.72259615375 0.39254807735849057
6 0.60625 0.39639423113207545 0.606891025625 0.38966346132075474 0.60641025625 0.38076923113207545 0.598076923125 0.375 0.5778846156249999 0.365625 0.576121795 0.36514423113207545 0.5698717950000001 0.37283653867924527 0.568429486875 0.37572115377358495 0.56778846125 0.3802884613207547 0.567628205 0.3891826924528302 0.569551281875 0.3973557688679245 0.571794871875 0.40048076886792455 0.5836538462499999 0.40817307735849057 0.5923076925 0.40913461509433957 0.599519230625 0.40697115377358495 0.604166666875 0.40192307735849053 0.60625 0.39639423113207545
9 0.472916666875 0.41201923113207545 0.462820513125 0.40240384622641506 0.446955128125 0.3961538462264151 0.443108974375 0.39567307735849055 0.42371794875 0.40360576886792454 0.42115384624999996 0.4079326924528302 0.41971153875 0.41370192264150946 0.41987179500000005 0.4233173075471698 0.42772435875 0.4423076924528302 0.431570513125 0.4444711537735849 0.45496794875 0.4423076924528302 0.45897435875 0.44014423113207546 0.466987179375 0.4319711537735849 0.46971153875 0.42764423113207545 0.472916666875 0.41201923113207545
9 0.37772435875 0.37716346132075473 0.35384615375 0.3689903849056604 0.33733974375000003 0.3697115386792453 0.334455128125 0.37067307735849053 0.32724359 0.3805288462264151 0.326923076875 0.41995192264150943 0.35721153875 0.43533653867924527 0.36794871812499996 0.4314903849056604 0.373076923125 0.4278846150943396 0.37564102562499996 0.42379807735849057 0.380929486875 0.4002403849056604 0.380769230625 0.3805288462264151 0.37772435875 0.37716346132075473
6 0.26778846125 0.5355769226415095 0.28317307687500004 0.5338942311320755 0.32227564125 0.5206730773584906 0.324679486875 0.5175480773584905 0.323237179375 0.5016826924528301 0.280128205 0.42379807735849057 0.271634615625 0.4153846150943396 0.266987179375 0.4158653849056604 0.232371795 0.4495192311320755 0.199358974375 0.48581730754716984 0.197115384375 0.48870192264150947 0.19647435875 0.49134615377358487 0.19647435875 0.49807692264150943 0.198397435625 0.5055288462264151 0.201121795 0.5134615386792453 0.206570513125 0.5247596150943395 0.21666666687500002 0.5295673075471699 0.228205128125 0.5334134613207547 0.255448718125 0.5355769226415095 0.26778846125 0.5355769226415095
9 0.261858974375 0.6639423075471699 0.25192307687500004 0.6550480773584906 0.247115384375 0.6552884613207547 0.24503205125000002 0.6579326924528301 0.24358974374999998 0.6622596150943396 0.24391025625 0.6697115386792453 0.24551282062500002 0.6735576924528301 0.24871794875 0.6774038462264151 0.259615384375 0.6819711537735849 0.2639423075 0.6805288462264151 0.265865384375 0.6776442311320754 0.26570512812499997 0.6735576924528301 0.261858974375 0.6639423075471699
6 0.36121794875 0.63125 0.33477564125000003 0.6682692311320754 0.326923076875 0.6814903849056604 0.32211538437500004 0.6930288462264151 0.32051282062500003 0.7012019226415095 0.32035256437500004 0.7050480773584905 0.32211538437500004 0.7091346150943396 0.345673076875 0.7028846150943396 0.423076923125 0.6735576924528301 0.424519230625 0.6699519226415095 0.43108974375000003 0.6341346150943395 0.400480769375 0.6300480773584906 0.36121794875 0.63125
6 0.675641025625 0.7396634613207548 0.665865384375 0.6961538462264151 0.562820513125 0.6658653849056604 0.5605769231250001 0.6814903849056604 0.56522435875 0.7009615386792453 0.5918269231250001 0.7634615386792453 0.599519230625 0.7675480773584905 0.66602564125 0.778125 0.67003205125 0.7774038462264151 0.6738782050000001 0.7557692311320754 0.675641025625 0.7396634613207548
6 0.568269230625 0.5980769226415095 0.57628205125 0.5608173075471699 0.57227564125 0.5254807688679246 0.566666666875 0.5024038462264151 0.561858974375 0.49014423113207545 0.5411858975 0.4548076924528302 0.533012820625 0.44735576886792455 0.516826923125 0.4478365386792453 0.5160256412500001 0.45 0.512820513125 0.5918269226415095 0.521634615625 0.6110576924528301 0.5293269231250001 0.6177884613207547 0.54471153875 0.6240384613207547 0.55272435875 0.6235576924528301 0.556570513125 0.6206730773584905 0.5639423075 0.6096153849056604 0.568269230625 0.5980769226415095
6 0.6918269231249999 0.42379807735849057 0.6892628206249999 0.4230769226415095 0.650320513125 0.4264423075471698 0.644551281875 0.4360576924528302 0.64503205125 0.44326923113207545 0.6560897437500001 0.48605769245283015 0.697115384375 0.5514423075471698 0.74022435875 0.5615384613207547 0.744070513125 0.5533653849056605 0.747916666875 0.5408653849056604 0.734294871875 0.4879807688679246 0.6918269231249999 0.42379807735849057
9 0.7347756412500001 0.6322115386792453 0.712820513125 0.6185096150943395 0.7048076925 0.6189903849056604 0.6897435900000001 0.6225961537735849 0.6876602562499999 0.6240384613207547 0.6862179487500001 0.6269230773584905 0.686378205 0.6370192311320754 0.6953525643749999 0.6579326924528301 0.696794871875 0.6591346150943396 0.720673076875 0.659375 0.7323717949999999 0.6524038462264151 0.7349358975 0.6466346150943396 0.735416666875 0.6341346150943395 0.7347756412500001 0.6322115386792453