21 0.4338141025 0.036538461320754716 0.432051281875 0.03389423113207547 0.42772435875 0.03245192264150943 0.40897435875 0.033173077358490566 0.35016025624999997 0.0913461537735849 0.348397435625 0.0959134613207547 0.33766025624999996 0.1920673075471698 0.33766025624999996 0.2014423075471698 0.339262820625 0.20168269245283021 0.408012820625 0.1663461537735849 0.427083333125 0.15024038490566038 0.43108974375000003 0.13461538490566038 0.43365384625 0.12043269245283018 0.43413461562499994 0.03942307735849057 0.4338141025 0.036538461320754716
6 0.193269230625 0.4620192311320755 0.198397435625 0.45360576886792453 0.209615384375 0.43173076886792455 0.21666666687500002 0.4153846150943396 0.22628205125 0.34879807735849055 0.22660256437499998 0.3141826924528302 0.21746794875 0.28317307735849057 0.21009615375 0.27379807735849054 0.201602564375 0.26490384622641505 0.18541666687500002 0.2588942311320755 0.17371794875 0.2596153849056604 0.16490384625 0.2752403849056604 0.126602564375 0.44326923113207545 0.12772435875 0.46658653867924527 0.130128205 0.4704326924528302 0.144551281875 0.48629807735849057 0.1463141025 0.4879807688679246 0.149519230625 0.48870192264150947 0.165865384375 0.48725961509433957 0.193269230625 0.4620192311320755
14 0.292948718125 0.4002403849056604 0.290865384375 0.39807692264150946 0.284134615625 0.3975961537735849 0.274679486875 0.4045673075471698 0.271794871875 0.4098557688679245 0.27147435875 0.4158653849056604 0.27275641 0.41802884622641506 0.27884615375 0.4204326924528302 0.283333333125 0.4201923075471698 0.292147435625 0.4146634613207547 0.29342948687500003 0.41201923113207545 0.294391025625 0.40408653867924527 0.292948718125 0.4002403849056604
11 0.33381410250000004 0.4334134613207547 0.33349359 0.43942307735849057 0.34423076937499997 0.45697115377358494 0.349519230625 0.4634615386792453 0.349198718125 0.45096153867924527 0.34759615375 0.4444711537735849 0.34423076937499997 0.4375 0.3389423075 0.4334134613207547 0.33381410250000004 0.4334134613207547
20 0.44391025624999997 0.2483173075471698 0.443269230625 0.24639423113207548 0.439423076875 0.24759615377358493 0.4025641025 0.2725961537735849 0.37836538437500006 0.2908653849056604 0.37740384624999995 0.31033653867924527 0.380608974375 0.31682692264150947 0.388301281875 0.3216346150943396 0.400320513125 0.3180288462264151 0.416666666875 0.3064903849056604 0.428205128125 0.29399038490566043 0.44358974375000004 0.2560096150943396 0.44391025624999997 0.2483173075471698
3 0.69278846125 0.23076923113207548 0.6576923075000001 0.23942307735849058 0.626762820625 0.25384615377358494 0.583173076875 0.3293269226415095 0.5838141025 0.3322115386792453 0.630769230625 0.3576923075471698 0.6698717949999999 0.3473557688679245 0.7326923075 0.3257211537735849 0.7323717949999999 0.3221153849056604 0.69727564125 0.23581730754716979 0.695512820625 0.23221153867924527 0.69278846125 0.23076923113207548
6 0.666666666875 0.384375 0.650480769375 0.3725961537735849 0.646634615625 0.37283653867924527 0.625320513125 0.38245192264150946 0.620512820625 0.4127403849056604 0.6203525643750001 0.41971153867924527 0.6235576925 0.4242788462264151 0.6698717949999999 0.4341346150943396 0.693429486875 0.43485576886792454 0.705608974375 0.4314903849056604 0.7051282050000001 0.4271634613207547 0.6884615387499999 0.40408653867924527 0.666666666875 0.384375
21 0.6931089743750001 0.5151442311320754 0.63397435875 0.5209134613207548 0.63028846125 0.5252403849056604 0.617948718125 0.5487980773584905 0.613621795 0.6024038462264151 0.614102564375 0.6125 0.64647435875 0.6370192311320754 0.6506410256249999 0.6367788462264151 0.709455128125 0.6211538462264151 0.7110576925 0.6189903849056604 0.7112179487500001 0.6144230773584906 0.6974358975 0.5173076924528301 0.6931089743750001 0.5151442311320754
21 0.599679486875 0.7658653849056604 0.6088141025 0.7555288462264151 0.624519230625 0.7088942311320754 0.630929486875 0.6622596150943396 0.630769230625 0.6596153849056604 0.588621795 0.6211538462264151 0.576121795 0.6269230773584905 0.5599358975 0.6658653849056604 0.5578525643750001 0.7 0.5578525643750001 0.7206730773584905 0.55977564125 0.7360576924528301 0.561858974375 0.7432692311320754 0.568429486875 0.7555288462264151 0.576121795 0.7644230773584906 0.58349359 0.7685096150943396 0.591666666875 0.7689903849056604 0.599679486875 0.7658653849056604
9 0.47580128187500004 0.6149038462264151 0.4764423075 0.6117788462264151 0.47628205125 0.6033653849056604 0.474519230625 0.6009615386792453 0.45496794875 0.5918269226415095 0.43541666687499997 0.5862980773584906 0.43253205125 0.5918269226415095 0.43653846125 0.6100961537735848 0.4411858975 0.6180288462264151 0.45016025625 0.6278846150943396 0.45865384625 0.6329326924528301 0.46666666687499997 0.6314903849056605 0.470512820625 0.6274038462264151 0.47580128187500004 0.6149038462264151
1 0.3411858975 0.7444711537735849 0.34022435875 0.7350961537735848 0.3360576925 0.7276442311320754 0.33221153875 0.7237980773584906 0.32227564125 0.7185096150943396 0.31201923062500003 0.7199519226415094 0.310416666875 0.7206730773584905 0.309294871875 0.7228365386792452 0.30897435875 0.7329326924528301 0.31121794875 0.7401442311320754 0.32163461562499995 0.75625 0.32596153875 0.7605769226415094 0.33381410250000004 0.7588942311320754 0.33733974375000003 0.7557692311320754 0.33974359 0.7509615386792453 0.3411858975 0.7444711537735849
14 0.25849359 0.6853365386792453 0.26346153875 0.6889423075471699 0.283012820625 0.6889423075471699 0.28653846125 0.6814903849056604 0.282852564375 0.6774038462264151 0.26778846125 0.6747596150943396 0.25849359 0.6807692311320754 0.25849359 0.6853365386792453
14 0.2963141025 0.5877403849056604 0.29471153875 0.5685096150943396 0.287019230625 0.5576923075471698 0.28317307687500004 0.5564903849056604 0.27932692312499996 0.559375 0.275 0.5668269226415095 0.274358974375 0.5680288462264151 0.274519230625 0.5713942311320754 0.27980769250000004 0.6110576924528301 0.28397435875 0.6120192311320755 0.287019230625 0.6103365386792453 0.289583333125 0.6072115386792453 0.295833333125 0.5918269226415095 0.2963141025 0.5877403849056604
18 0.24102564125 0.6153846150943396 0.24551282062500002 0.5920673075471699 0.242948718125 0.5757211537735849 0.240384615625 0.5701923075471699 0.231891025625 0.5646634613207547 0.21282051312499997 0.5560096150943395 0.206891025625 0.5560096150943395 0.201121795 0.5576923075471698 0.197115384375 0.5603365386792453 0.18541666687500002 0.5771634613207547 0.18429487187500002 0.5831730773584906 0.184134615625 0.5918269226415095 0.18525641 0.6074519226415095 0.19407051312499998 0.6262019226415094 0.20528846125 0.6362980773584905 0.21634615375 0.6396634613207547 0.2286858975 0.6353365386792452 0.23653846125 0.6262019226415094 0.24102564125 0.6153846150943396
12 0.341987179375 0.6040865386792452 0.329326923125 0.6055288462264151 0.324198718125 0.6079326924528301 0.313301281875 0.6216346150943396 0.309294871875 0.6271634613207547 0.30641025625 0.6353365386792452 0.306891025625 0.6692307688679245 0.314583333125 0.6793269226415094 0.35753205125 0.6521634613207548 0.362820513125 0.6423076924528301 0.36346153875 0.6228365386792453 0.36137820499999995 0.6175480773584906 0.35160256437500004 0.6084134613207547 0.341987179375 0.6040865386792452