14 0.45881410250000004 0.10961538490566038 0.4548076925 0.10889423113207547 0.42772435875 0.13317307735849057 0.4264423075 0.1367788462264151 0.426762820625 0.14399038490566038 0.42900641 0.14903846132075474 0.43365384625 0.15096153867924528 0.43958333312500003 0.15024038490566038 0.45064102562499997 0.1358173075471698 0.45785256437500005 0.1235576924528302 0.459294871875 0.11610576886792452 0.45881410250000004 0.10961538490566038
1 0.56746794875 0.1194711537735849 0.56602564125 0.11129807735849057 0.564583333125 0.109375 0.556730769375 0.10649038490566037 0.548397435625 0.10745192264150943 0.539262820625 0.11514423113207548 0.525320513125 0.1305288462264151 0.525320513125 0.1389423075471698 0.53525641 0.15841346132075473 0.54022435875 0.16201923113207548 0.544871795 0.16201923113207548 0.557051281875 0.15528846132075472 0.562980769375 0.14783653867924526 0.566666666875 0.1329326924528302 0.56746794875 0.1194711537735849
18 0.6338141025 0.15 0.64278846125 0.12235576886792453 0.6448717949999999 0.10336538490566037 0.644230769375 0.08774038490566037 0.64246794875 0.07908653867924528 0.63990384625 0.07475961509433962 0.63477564125 0.07139423113207548 0.62275641 0.07139423113207548 0.607371795 0.08245192264150944 0.605448718125 0.10336538490566037 0.6048076925 0.14014423113207547 0.605448718125 0.1461538462264151 0.607371795 0.15288461509433962 0.61121794875 0.159375 0.619070513125 0.16370192264150943 0.6269230768749999 0.15961538490566038 0.6306089743750001 0.15576923113207547 0.6338141025 0.15
20 0.689423076875 0.1524038462264151 0.6873397437500001 0.14639423113207548 0.68141025625 0.13966346132075472 0.672916666875 0.13942307735849058 0.662019230625 0.14278846132075473 0.658173076875 0.15 0.652884615625 0.16466346132075474 0.6512820512499999 0.16995192264150943 0.6512820512499999 0.1735576924528302 0.65352564125 0.17596153867924527 0.6698717949999999 0.1711538462264151 0.686858974375 0.16442307735849057 0.6889423075000001 0.16201923113207548 0.68990384625 0.15841346132075473 0.689423076875 0.1524038462264151
21 0.7676282050000001 0.17235576886792453 0.75977564125 0.16658653867924528 0.7485576924999999 0.1639423075471698 0.7323717949999999 0.1625 0.7298076925 0.1641826924528302 0.7278846156250001 0.16778846132075473 0.716666666875 0.2014423075471698 0.7144230768750001 0.21225961509433963 0.7142628206249999 0.22524038490566037 0.716666666875 0.2439903849056604 0.7363782050000001 0.2644230773584905 0.7988782050000001 0.25192307735849057 0.800801281875 0.2483173075471698 0.800641025625 0.2435096150943396 0.7713141025 0.178125 0.7676282050000001 0.17235576886792453
9 0.57996794875 0.22091346132075473 0.577083333125 0.21658653867924527 0.57227564125 0.21298076886792452 0.5681089743750001 0.21225961509433963 0.562019230625 0.21466346132075473 0.552884615625 0.2242788462264151 0.551762820625 0.22860576886792452 0.551121795 0.23245192264150943 0.55224359 0.24567307735849056 0.55272435875 0.24783653867924527 0.5568910256249999 0.2536057688679245 0.576602564375 0.23629807735849057 0.57996794875 0.2295673075471698 0.580929486875 0.2242788462264151 0.57996794875 0.22091346132075473
1 0.418429486875 0.26754807735849057 0.4201923075 0.26346153867924527 0.42179487187500003 0.25576923113207545 0.41586538437500004 0.2483173075471698 0.412980769375 0.24615384622641506 0.40416666687499997 0.24375 0.37612179500000004 0.24951923113207547 0.36522435875 0.2540865386792453 0.36041666687499996 0.2588942311320755 0.35689102562499997 0.26634615377358495 0.35753205125 0.2788461537735849 0.362820513125 0.2915865386792453 0.36634615375 0.29495192264150943 0.370833333125 0.29735576886792453 0.38397435874999997 0.2983173075471698 0.3911858975 0.29591346132075474 0.412179486875 0.27692307735849053 0.418429486875 0.26754807735849057
20 0.35336538437500004 0.3341346150943396 0.35352564125 0.32596153867924527 0.35160256437500004 0.31826923113207545 0.3463141025 0.31153846132075474 0.302884615625 0.3038461537735849 0.30096153875 0.3057692311320755 0.30496794875 0.33798076886792455 0.306891025625 0.3403846150943396 0.32211538437500004 0.3473557688679245 0.334294871875 0.34879807735849055 0.34423076937499997 0.3471153849056604 0.3474358975 0.3454326924528302 0.350480769375 0.34182692264150943 0.35336538437500004 0.3341346150943396
12 0.349519230625 0.4454326924528302 0.35096153874999997 0.4358173075471698 0.35096153874999997 0.4264423075471698 0.349519230625 0.4153846150943396 0.34647435875 0.40528846132075474 0.34230769250000004 0.3995192311320755 0.33221153875 0.390625 0.32628205125 0.38798076886792454 0.321794871875 0.3875 0.31602564125 0.38870192264150943 0.31057692312499996 0.3918269226415095 0.30384615375 0.40048076886792455 0.30032051312499997 0.40913461509433957 0.30016025625000003 0.4194711537735849 0.3025641025 0.4307692311320755 0.323076923125 0.478125 0.32900641 0.48221153867924527 0.33413461562499996 0.47932692264150945 0.34166666687499997 0.46875 0.346794871875 0.4555288462264151 0.349519230625 0.4454326924528302
14 0.47516025624999997 0.4442307688679245 0.462820513125 0.4266826924528302 0.459455128125 0.43966346132075473 0.459294871875 0.446875 0.46987179500000004 0.4774038462264151 0.474519230625 0.48125 0.47836538437500004 0.4826923075471698 0.48237179500000005 0.48245192264150943 0.484615384375 0.4740384613207547 0.48525641 0.4663461537735849 0.47516025624999997 0.4442307688679245
14 0.5213141025 0.41442307735849054 0.5160256412500001 0.4158653849056604 0.49759615375000005 0.44254807735849055 0.50272435875 0.4516826924528302 0.5056089743750001 0.45504807735849057 0.50977564125 0.45600961509433957 0.514583333125 0.4528846150943396 0.525801281875 0.4358173075471698 0.5275641025 0.428125 0.5264423075 0.41971153867924527 0.5213141025 0.41442307735849054
14 0.514583333125 0.2882211537735849 0.51025641 0.2846153849056604 0.50496794875 0.28557692264150947 0.503044871875 0.28701923113207545 0.501762820625 0.2908653849056604 0.4951923075 0.32596153867924527 0.49775641 0.32764423113207547 0.505769230625 0.3293269226415095 0.510576923125 0.3266826924528302 0.51746794875 0.3141826924528302 0.51650641 0.29495192264150943 0.5160256412500001 0.2913461537735849 0.514583333125 0.2882211537735849
18 0.55625 0.3194711537735849 0.5474358975 0.32620192264150943 0.542948718125 0.3358173075471698 0.54150641 0.34182692264150943 0.53974359 0.37307692264150943 0.541826923125 0.3822115386792453 0.544871795 0.3860576924528302 0.548878205 0.3829326924528302 0.5568910256249999 0.36514423113207545 0.5626602562499999 0.3221153849056604 0.5605769231250001 0.3201923075471698 0.55625 0.3194711537735849
9 0.58525641 0.42379807735849057 0.5826923075 0.4146634613207547 0.575320513125 0.40408653867924527 0.5719551281249999 0.40120192264150945 0.56858974375 0.3995192311320755 0.564262820625 0.4 0.56009615375 0.4045673075471698 0.558012820625 0.41057692264150947 0.5576923075 0.4158653849056604 0.559615384375 0.421875 0.5634615387499999 0.4278846150943396 0.572115384375 0.434375 0.580128205 0.4350961537735849 0.583173076875 0.4322115386792453 0.58525641 0.42764423113207545 0.58525641 0.42379807735849057
1 0.6426282050000001 0.47067307735849057 0.643108974375 0.46129807735849054 0.64246794875 0.45697115377358494 0.638621795 0.45264423113207547 0.6264423075 0.4454326924528302 0.62275641 0.4451923075471698 0.619230769375 0.4471153849056604 0.61602564125 0.4576923075471698 0.61522435875 0.4620192311320755 0.6155448718750001 0.46682692264150943 0.6203525643750001 0.47932692264150945 0.625480769375 0.4836538462264151 0.630769230625 0.484375 0.6349358975 0.48245192264150943 0.6410256412500001 0.4742788462264151 0.6426282050000001 0.47067307735849057
18 0.74647435875 0.5069711537735849 0.7485576924999999 0.5019230773584905 0.7501602562499999 0.49014423113207545 0.747916666875 0.48605769245283015 0.7165064099999999 0.4831730773584905 0.712820513125 0.4846153849056604 0.7088141025 0.49423076886792455 0.707852564375 0.5014423075471699 0.70865384625 0.5045673075471698 0.718108974375 0.51875 0.7201923075000001 0.5199519226415095 0.7286858975 0.5209134613207548 0.73221153875 0.5199519226415095 0.73653846125 0.5170673075471699 0.74647435875 0.5069711537735849
20 0.7570512818749999 0.5365384613207548 0.751121795 0.5334134613207547 0.7389423075 0.5329326924528301 0.73621794875 0.5353365386792452 0.7323717949999999 0.5451923075471699 0.73221153875 0.5519230773584906 0.74615384625 0.5932692311320754 0.7501602562499999 0.6004807688679246 0.759615384375 0.6076923075471699 0.776121795 0.6079326924528301 0.7799679487500001 0.6050480773584905 0.779166666875 0.5949519226415094 0.7570512818749999 0.5365384613207548
14 0.6463141025 0.49831730754716985 0.64246794875 0.4987980773584905 0.638141025625 0.5072115386792453 0.637820513125 0.5129807688679245 0.639102564375 0.5182692311320755 0.645833333125 0.5295673075471699 0.650801281875 0.5310096150943396 0.6549679487500001 0.5288461537735849 0.656570513125 0.5252403849056604 0.656730769375 0.5213942311320754 0.6463141025 0.49831730754716985
9 0.683333333125 0.6384615386792453 0.68028846125 0.6307692311320754 0.67772435875 0.6271634613207547 0.6695512818749999 0.6228365386792453 0.66522435875 0.6223557688679245 0.66009615375 0.6247596150943396 0.658173076875 0.6271634613207547 0.6548076924999999 0.6348557688679246 0.6540064099999999 0.6389423075471699 0.654647435625 0.6425480773584905 0.655929486875 0.6444711537735849 0.665865384375 0.6507211537735849 0.6711538462500001 0.6516826924528302 0.677884615625 0.6502403849056604 0.683333333125 0.6463942311320754 0.683333333125 0.6384615386792453
14 0.599519230625 0.6668269226415094 0.586858974375 0.6709134613207547 0.58349359 0.6735576924528301 0.58141025625 0.6776442311320754 0.5956730768749999 0.6990384613207548 0.61121794875 0.7050480773584905 0.622916666875 0.6935096150943396 0.6269230768749999 0.6855769226415095 0.625641025625 0.6814903849056604 0.6193910256249999 0.6735576924528301 0.599519230625 0.6668269226415094
18 0.632051281875 0.6067307688679245 0.630769230625 0.6016826924528301 0.6241987181249999 0.5913461537735849 0.62147435875 0.5894230773584905 0.61602564125 0.5879807688679246 0.61121794875 0.5882211537735849 0.599519230625 0.5951923075471699 0.5953525643750001 0.5990384613207548 0.591987179375 0.6036057688679246 0.591666666875 0.6055288462264151 0.591666666875 0.6129807688679246 0.5935897437500001 0.6223557688679245 0.5956730768749999 0.6269230773584905 0.599198718125 0.628125 0.605929486875 0.6269230773584905 0.630929486875 0.6122596150943396 0.632051281875 0.6100961537735848 0.632051281875 0.6067307688679245
18 0.5644230768749999 0.49855769245283016 0.556570513125 0.49783653867924527 0.552884615625 0.4995192311320754 0.544871795 0.5098557688679246 0.544230769375 0.5134615386792453 0.544871795 0.515625 0.572916666875 0.5314903849056604 0.576602564375 0.5324519226415094 0.579647435625 0.5293269226415095 0.57371794875 0.509375 0.5681089743750001 0.5014423075471699 0.5644230768749999 0.49855769245283016
14 0.49375 0.5237980773584906 0.488301281875 0.5264423075471698 0.4838141025 0.5324519226415094 0.48717948687499996 0.546875 0.52099359 0.5492788462264151 0.529487179375 0.5487980773584905 0.5274038462499999 0.5370192311320754 0.523076923125 0.5298076924528301 0.513141025625 0.5247596150943395 0.5019230768749999 0.5225961537735849 0.49375 0.5237980773584906
20 0.5610576925 0.6197115386792452 0.5615384612500001 0.6185096150943395 0.5605769231250001 0.6153846150943396 0.55128205125 0.5995192311320754 0.55 0.5987980773584906 0.5019230768749999 0.5939903849056604 0.485576923125 0.6158653849056605 0.4838141025 0.6192307688679246 0.48333333312500004 0.6225961537735849 0.483173076875 0.6269230773584905 0.484134615625 0.6310096150943396 0.48621794875 0.6350961537735849 0.489423076875 0.6377403849056604 0.5016025643750001 0.6439903849056604 0.517628205 0.65 0.5213141025 0.6487980773584906 0.5610576925 0.6197115386792452
14 0.509615384375 0.7021634613207547 0.49983974375 0.7112980773584906 0.49759615375000005 0.7151442311320754 0.49647435875 0.7192307688679246 0.4963141025 0.7271634613207547 0.4974358975 0.7326923075471699 0.49887820499999996 0.7348557688679246 0.50224359 0.7365384613207547 0.5293269231250001 0.7177884613207547 0.5338141025 0.7127403849056604 0.525320513125 0.7024038462264152 0.509615384375 0.7021634613207547
21 0.369230769375 0.7139423075471698 0.37612179500000004 0.7127403849056604 0.39375 0.7050480773584905 0.40016025624999996 0.6894230773584905 0.41266025624999997 0.6502403849056604 0.41602564125 0.6314903849056605 0.41714743562499995 0.61875 0.376923076875 0.5346153849056604 0.37548076937499997 0.5346153849056604 0.318108974375 0.5745192311320754 0.314262820625 0.5798076924528301 0.314102564375 0.5838942311320754 0.329487179375 0.6675480773584905 0.33397435875 0.6824519226415094 0.3375 0.6901442311320755 0.3474358975 0.7050480773584905 0.353044871875 0.7096153849056605 0.36025641 0.7132211537735849 0.369230769375 0.7139423075471698
7 0.74102564125 0.41370192264150946 0.7514423075000001 0.41129807735849055 0.7549679487500001 0.40889423113207546 0.7649038462500001 0.3971153849056604 0.76746794875 0.39254807735849057 0.7717948718750001 0.37692307735849057 0.7725961537499999 0.36923076886792455 0.771955128125 0.35192307735849054 0.76891025625 0.34158653867924527 0.7517628206249999 0.32067307735849054 0.662019230625 0.3060096150943396 0.66233974375 0.32596153867924527 0.6714743587499999 0.37211538490566043 0.6772435900000001 0.3920673075471698 0.68141025625 0.3983173075471698 0.685416666875 0.40120192264150945 0.7137820512499999 0.40913461509433957 0.728365384375 0.4127403849056604 0.74102564125 0.41370192264150946