9 0.37724359 0.7350961537735848 0.3724358975 0.7331730773584906 0.36778846125000003 0.7353365386792453 0.365544871875 0.7401442311320754 0.36522435875 0.7596153849056604 0.36602564125000003 0.7634615386792453 0.368269230625 0.7661057688679246 0.373076923125 0.7670673075471699 0.37532051312500003 0.7637019226415095 0.3798076925 0.7487980773584906 0.37932692312500005 0.7391826924528302 0.37724359 0.7350961537735848
9 0.4963141025 0.5449519226415095 0.495512820625 0.5408653849056604 0.493269230625 0.5370192311320754 0.49038461562499996 0.534375 0.48397435875 0.5326923075471699 0.47868589749999996 0.5334134613207547 0.475480769375 0.5360576924528302 0.474358974375 0.5389423075471699 0.474519230625 0.5447115386792453 0.47788461562499995 0.5495192311320755 0.485737179375 0.5569711537735849 0.49022435875 0.5574519226415094 0.49214743562499996 0.5564903849056604 0.494230769375 0.5543269226415094 0.49567307687499995 0.5504807688679246 0.4963141025 0.5449519226415095
3 0.513621795 0.1423076924528302 0.510897435625 0.13461538490566038 0.50625 0.1257211537735849 0.462820513125 0.07043269245283018 0.41602564125 0.03966346132075472 0.34407051312500003 0.05625 0.318108974375 0.08629807735849056 0.318108974375 0.09014423113207548 0.36506410250000004 0.24879807735849055 0.404326923125 0.23846153867924527 0.41907051312500004 0.2319711537735849 0.49006410250000004 0.1891826924528302 0.513621795 0.17379807735849057 0.517147435625 0.16971153867924527 0.513621795 0.1423076924528302
9 0.309134615625 0.334375 0.30865384625000003 0.3322115386792453 0.306730769375 0.3298076924528302 0.3025641025 0.3293269226415095 0.2923076925 0.3341346150943396 0.28653846125 0.34158653867924527 0.28125 0.3548076924528302 0.281891025625 0.3661057688679245 0.286378205 0.37764423113207546 0.28733974375 0.3783653849056604 0.29102564125 0.3774038462264151 0.295673076875 0.3747596150943396 0.3048076925 0.3576923075471698 0.3076923075 0.34951923113207545 0.309134615625 0.334375
1 0.444871795 0.353125 0.44615384625 0.3461538462264151 0.445833333125 0.34110576886792454 0.43974359 0.32764423113207547 0.43782051312500003 0.3257211537735849 0.408173076875 0.3088942311320755 0.40416666687499997 0.31514423113207546 0.39983974375000003 0.32620192264150943 0.39823717937499997 0.3348557688679245 0.400641025625 0.3451923075471698 0.40576923062500003 0.3533653849056604 0.4110576925 0.3569711537735849 0.42099359 0.35985576886792453 0.435576923125 0.36009615377358495 0.442948718125 0.3560096150943396 0.444871795 0.353125
1 0.566987179375 0.3024038462264151 0.56474359 0.29495192264150943 0.559615384375 0.29110576886792455 0.554326923125 0.2903846150943396 0.544391025625 0.29182692264150945 0.537980769375 0.29471153867924527 0.5304487181249999 0.3024038462264151 0.5274038462499999 0.31057692264150943 0.526923076875 0.31442307735849057 0.52772435875 0.3192307688679245 0.530608974375 0.3216346150943396 0.56121794875 0.31995192264150946 0.56378205125 0.31875 0.5650641025 0.3161057688679245 0.566987179375 0.3076923075471698 0.566987179375 0.3024038462264151
1 0.634615384375 0.20288461509433964 0.6269230768749999 0.20360576886792453 0.619070513125 0.2086538462264151 0.608333333125 0.2194711537735849 0.60240384625 0.2326923075471698 0.60096153875 0.2389423075471698 0.600641025625 0.25192307735849057 0.601762820625 0.2569711537735849 0.6048076925 0.2622596150943396 0.611378205 0.26995192264150947 0.648076923125 0.2350961537735849 0.650320513125 0.228125 0.641987179375 0.2086538462264151 0.634615384375 0.20288461509433964
9 0.6575320512499999 0.3137019226415095 0.65 0.3180288462264151 0.646634615625 0.32235576886792455 0.6421474356250001 0.3298076924528302 0.640865384375 0.3367788462264151 0.64246794875 0.3454326924528302 0.6549679487500001 0.34951923113207545 0.67371794875 0.3384615386792453 0.67403846125 0.3257211537735849 0.6714743587499999 0.3216346150943396 0.66602564125 0.3161057688679245 0.662179486875 0.3141826924528302 0.6575320512499999 0.3137019226415095
1 0.73621794875 0.3346153849056604 0.7275641025 0.32716346132075474 0.7216346156250001 0.32620192264150943 0.7185897437500001 0.32884615377358495 0.715384615625 0.3367788462264151 0.715544871875 0.34182692264150943 0.716666666875 0.3449519226415095 0.72852564125 0.36322115377358494 0.7323717949999999 0.36442307735849055 0.73878205125 0.35745192264150943 0.74022435875 0.3485576924528302 0.7386217949999999 0.3377403849056604 0.73621794875 0.3346153849056604
9 0.53621794875 0.5057692311320754 0.53525641 0.5019230773584905 0.5338141025 0.49807692264150943 0.5298076925 0.4920673075471699 0.525320513125 0.48725961509433957 0.521955128125 0.4855769226415095 0.52003205125 0.48605769245283015 0.51778846125 0.48870192264150947 0.517147435625 0.49014423113207545 0.5173076925 0.49783653867924527 0.52003205125 0.5072115386792453 0.52275641 0.5115384613207548 0.529487179375 0.5141826924528301 0.533333333125 0.5120192311320754 0.53525641 0.509375 0.53621794875 0.5057692311320754
9 0.54102564125 0.43701923113207547 0.539102564375 0.4391826924528302 0.538141025625 0.4420673075471698 0.538141025625 0.4471153849056604 0.540865384375 0.45120192264150943 0.545352564375 0.45096153867924527 0.548397435625 0.44807692264150945 0.55128205125 0.44326923113207545 0.550801281875 0.43942307735849057 0.54871794875 0.43557692264150943 0.54102564125 0.43701923113207547
12 0.39631410250000004 0.43365384622641506 0.400480769375 0.4274038462264151 0.40384615375000005 0.4158653849056604 0.40416666687499997 0.4 0.400480769375 0.39254807735849057 0.3923076925 0.38076923113207545 0.38846153875 0.37692307735849057 0.38413461562499995 0.37596153867924526 0.38221153874999997 0.37692307735849057 0.35737179500000005 0.4117788462264151 0.35560897437500005 0.415625 0.355448718125 0.41995192264150943 0.35737179500000005 0.4264423075471698 0.36025641 0.43173076886792455 0.365544871875 0.4362980773584905 0.37387820499999996 0.44014423113207546 0.38108974375000004 0.4408653849056604 0.38862179500000005 0.4391826924528302 0.39631410250000004 0.43365384622641506
20 0.46346153875 0.3805288462264151 0.45897435875 0.3802884613207547 0.46057692312500004 0.44326923113207545 0.462820513125 0.4444711537735849 0.49246794875 0.4103365386792453 0.4951923075 0.40048076886792455 0.495352564375 0.3959134613207547 0.494551281875 0.39254807735849057 0.48974359 0.3872596150943396 0.46346153875 0.3805288462264151
13 0.354166666875 0.4764423075471698 0.323076923125 0.4471153849056604 0.318429486875 0.44735576886792455 0.31746794875 0.45096153867924527 0.3173076925 0.45528846132075473 0.31891025625 0.4663461537735849 0.33509615375 0.5060096150943396 0.337820513125 0.5076923075471699 0.34150641 0.5057692311320754 0.35560897437500005 0.48629807735849057 0.35528846125 0.47860576886792455 0.354166666875 0.4764423075471698
9 0.44631410250000003 0.48629807735849057 0.44647435874999997 0.47451923113207545 0.44551282062500003 0.47091346132075473 0.44262820499999994 0.4685096150943396 0.435897435625 0.4670673075471698 0.43125 0.4670673075471698 0.42387820499999995 0.47091346132075473 0.41987179500000005 0.4752403849056604 0.41426282062500003 0.48533653867924526 0.41153846125 0.49254807735849054 0.409294871875 0.5019230773584905 0.409134615625 0.5098557688679246 0.410737179375 0.5170673075471699 0.411858974375 0.5206730773584906 0.41586538437500004 0.525 0.43108974375000003 0.5293269226415095 0.439423076875 0.5266826924528302 0.440384615625 0.5252403849056604 0.44631410250000003 0.48629807735849057
9 0.31201923062500003 0.5620192311320754 0.308012820625 0.5526442311320754 0.3048076925 0.5475961537735848 0.302884615625 0.5454326924528301 0.29871794875 0.5456730773584906 0.290384615625 0.5526442311320754 0.28589743562500003 0.5608173075471699 0.282852564375 0.5721153849056604 0.27628205125 0.5995192311320754 0.27628205125 0.6033653849056604 0.27980769250000004 0.6112980773584905 0.283333333125 0.6149038462264151 0.303365384375 0.6209134613207548 0.304647435625 0.6189903849056604 0.31298076937499997 0.5725961537735849 0.31201923062500003 0.5620192311320754
9 0.357852564375 0.5463942311320754 0.35400641 0.5442307688679245 0.349198718125 0.5447115386792453 0.3463141025 0.5478365386792453 0.34487179500000004 0.5514423075471698 0.345352564375 0.5603365386792453 0.353205128125 0.5759615386792453 0.3576923075 0.578125 0.36217948687499996 0.5745192311320754 0.363301281875 0.5713942311320754 0.363621795 0.5641826924528301 0.360737179375 0.5526442311320754 0.357852564375 0.5463942311320754
9 0.42788461562499996 0.571875 0.42291666687499996 0.5716346150943395 0.418429486875 0.5771634613207547 0.41634615375 0.5853365386792453 0.417628205 0.6038461537735849 0.41987179500000005 0.60625 0.42147435875 0.6064903849056604 0.428044871875 0.6052884613207548 0.430608974375 0.5995192311320754 0.433333333125 0.584375 0.431570513125 0.5762019226415095 0.42788461562499996 0.571875
9 0.369391025625 0.6689903849056604 0.3673076925 0.6622596150943396 0.36490384625 0.6596153849056604 0.36121794875 0.6576923075471699 0.35336538437500004 0.6564903849056604 0.349358974375 0.6576923075471699 0.346634615625 0.6617788462264151 0.34647435875 0.6658653849056604 0.34903846125 0.6716346150943396 0.35753205125 0.6800480773584906 0.360897435625 0.6814903849056604 0.36474359 0.6807692311320754 0.367628205 0.6790865386792453 0.369391025625 0.6764423075471698 0.369391025625 0.6689903849056604
1 0.3264423075 0.7016826924528301 0.32339743562499995 0.6932692311320754 0.318429486875 0.6918269226415095 0.29102564125 0.6896634613207547 0.288141025625 0.7004807688679245 0.288141025625 0.7086538462264151 0.292147435625 0.7163461537735849 0.29503205125 0.7206730773584905 0.30544871812499996 0.7286057688679246 0.31442307687500004 0.7252403849056605 0.32259615375 0.7185096150943396 0.32708333312500004 0.709375 0.3264423075 0.7016826924528301
9 0.506891025625 0.690625 0.5056089743750001 0.6858173075471699 0.501762820625 0.6807692311320754 0.486698718125 0.6730769226415094 0.48429487187500003 0.6742788462264151 0.48253205125 0.6769230773584906 0.48237179500000005 0.6819711537735849 0.48621794875 0.6927884613207548 0.49214743562499996 0.7012019226415095 0.49759615375000005 0.7045673075471699 0.5019230768749999 0.7045673075471699 0.5056089743750001 0.7012019226415095 0.507051281875 0.6961538462264151 0.506891025625 0.690625
9 0.564583333125 0.5995192311320754 0.5541666668749999 0.5954326924528301 0.552083333125 0.5954326924528301 0.548237179375 0.5975961537735849 0.545512820625 0.6045673075471698 0.545352564375 0.6079326924528301 0.5463141025 0.6120192311320755 0.55272435875 0.6185096150943395 0.5644230768749999 0.6165865386792453 0.56778846125 0.6122596150943396 0.56858974375 0.6076923075471699 0.56746794875 0.6036057688679246 0.564583333125 0.5995192311320754
9 0.6599358975 0.6932692311320754 0.655929486875 0.6923076924528302 0.650480769375 0.6930288462264151 0.64647435875 0.6959134613207547 0.6411858975 0.7043269226415094 0.63974359 0.7127403849056604 0.63990384625 0.7209134613207547 0.64246794875 0.7257211537735849 0.654166666875 0.721875 0.66522435875 0.7108173075471699 0.668429486875 0.7050480773584905 0.668269230625 0.7016826924528301 0.66346153875 0.6956730773584906 0.6599358975 0.6932692311320754
9 0.6426282050000001 0.5875 0.638301281875 0.5867788462264151 0.63477564125 0.5887019226415094 0.6323717950000001 0.5944711537735848 0.63349359 0.6151442311320754 0.638301281875 0.6189903849056604 0.643269230625 0.6182692311320754 0.645352564375 0.6151442311320754 0.6471153843749999 0.6014423075471699 0.6471153843749999 0.5956730773584905 0.64615384625 0.5918269226415095 0.6426282050000001 0.5875
9 0.617948718125 0.5173076924528301 0.615384615625 0.5127403849056604 0.60721153875 0.5060096150943396 0.60400641 0.5057692311320754 0.600641025625 0.5079326924528301 0.59903846125 0.5120192311320754 0.599198718125 0.51875 0.605608974375 0.5319711537735848 0.61121794875 0.5355769226415095 0.61522435875 0.534375 0.61746794875 0.5322115386792453 0.619070513125 0.5266826924528302 0.619070513125 0.5213942311320754 0.617948718125 0.5173076924528301
9 0.7286858975 0.6228365386792453 0.722115384375 0.6168269226415094 0.7165064099999999 0.6161057688679246 0.7125 0.61875 0.710576923125 0.621875 0.71025641 0.6276442311320755 0.7110576925 0.6317307688679246 0.713301281875 0.6355769226415094 0.7165064099999999 0.6384615386792453 0.728365384375 0.6394230773584906 0.73125 0.6346153849056604 0.731730769375 0.6269230773584905 0.7286858975 0.6228365386792453