9 0.380769230625 0.20889423113207548 0.382371795 0.19326923113207548 0.380929486875 0.17331730754716979 0.378205128125 0.16610576886792452 0.37291666687499997 0.16153846132075472 0.36650641 0.16153846132075472 0.36121794875 0.1663461537735849 0.35897435875 0.17331730754716979 0.358012820625 0.17764423113207548 0.35897435875 0.1858173075471698 0.36698717937499997 0.20600961509433963 0.36987179500000006 0.21057692264150943 0.37291666687499997 0.2132211537735849 0.376762820625 0.21298076886792452 0.379647435625 0.21057692264150943 0.380769230625 0.20889423113207548
9 0.49775641 0.15408653867924527 0.499198718125 0.1483173075471698 0.49887820499999996 0.14471153867924527 0.494551281875 0.1329326924528302 0.48477564125 0.11875 0.47852564125 0.1132211537735849 0.474358974375 0.11201923113207547 0.471634615625 0.11514423113207548 0.46987179500000004 0.11899038490566037 0.46971153875 0.1233173075471698 0.473237179375 0.146875 0.4764423075 0.15841346132075473 0.48189102562499997 0.1639423075471698 0.4849358975 0.16466346132075474 0.48990384625 0.1632211537735849 0.49391025624999996 0.1600961537735849 0.49775641 0.15408653867924527
9 0.60400641 0.225 0.6038461537500001 0.22067307735849057 0.600801281875 0.2004807688679245 0.59871794875 0.19254807735849058 0.59615384625 0.18725961509433964 0.59022435875 0.1848557688679245 0.5838141025 0.18605769245283021 0.578205128125 0.1920673075471698 0.576602564375 0.19735576886792452 0.575801281875 0.20432692264150942 0.5764423075 0.2125 0.5786858975 0.21826923113207547 0.58733974375 0.23221153867924527 0.591666666875 0.2370192311320755 0.595833333125 0.2375 0.601762820625 0.2319711537735849 0.60400641 0.225
9 0.507051281875 0.2326923075471698 0.50400641 0.22475961509433962 0.499198718125 0.21899038490566036 0.49391025624999996 0.21778846132075472 0.48846153875 0.21995192264150942 0.48237179500000005 0.22836538490566038 0.47115384624999995 0.2545673075471698 0.47211538437500006 0.259375 0.475 0.26466346132075474 0.47868589749999996 0.2670673075471698 0.483012820625 0.26778846132075473 0.50128205125 0.25264423113207546 0.5076923074999999 0.24423076886792452 0.50849359 0.2399038462264151 0.507051281875 0.2326923075471698
9 0.687019230625 0.36875 0.687980769375 0.3569711537735849 0.686378205 0.34951923113207545 0.681570513125 0.34375 0.67772435875 0.34447115377358495 0.6735576925 0.346875 0.66522435875 0.3538461537735849 0.657852564375 0.36225961509433957 0.65272435875 0.37235576886792454 0.6533653843749999 0.3783653849056604 0.6552884612500001 0.3819711537735849 0.657852564375 0.3838942311320755 0.66634615375 0.384375 0.67740384625 0.38076923113207545 0.6818910256249999 0.37716346132075473 0.685416666875 0.3725961537735849 0.687019230625 0.36875
3 0.6818910256249999 0.5372596150943396 0.6911858975 0.49783653867924527 0.6918269231249999 0.48990384622641514 0.690544871875 0.4783653849056604 0.689423076875 0.4757211537735849 0.6139423075 0.4579326924528302 0.61121794875 0.45889423113207545 0.572115384375 0.5009615386792453 0.56875 0.5057692311320754 0.56778846125 0.5088942311320754 0.580929486875 0.5290865386792453 0.60753205125 0.5480769226415094 0.631570513125 0.5576923075471698 0.6512820512499999 0.5569711537735849 0.661698718125 0.5548076924528301 0.666666666875 0.5526442311320754 0.67772435875 0.5430288462264151 0.6818910256249999 0.5372596150943396
12 0.6375 0.7567307688679246 0.655929486875 0.7206730773584905 0.65625 0.7088942311320754 0.6525641025 0.696875 0.6467948718750001 0.6872596150943396 0.643429486875 0.6838942311320754 0.639102564375 0.6805288462264151 0.6349358975 0.6788461537735849 0.630448718125 0.678125 0.62275641 0.6790865386792453 0.618429486875 0.6814903849056604 0.6110576925 0.6891826924528301 0.606730769375 0.6959134613207547 0.60224359 0.7048076924528301 0.599519230625 0.7141826924528302 0.59871794875 0.7201923075471699 0.598237179375 0.7362980773584905 0.601602564375 0.7514423075471699 0.60849359 0.7617788462264151 0.612820513125 0.7649038462264152 0.619070513125 0.7670673075471699 0.6266025643750001 0.7663461537735848 0.63108974375 0.7641826924528301 0.6375 0.7567307688679246
12 0.54903846125 0.6629807688679246 0.550480769375 0.6495192311320754 0.550480769375 0.6382211537735849 0.54903846125 0.6194711537735849 0.54615384625 0.6074519226415095 0.5411858975 0.6007211537735849 0.537179486875 0.5975961537735849 0.532371795 0.5949519226415094 0.524679486875 0.59375 0.519070513125 0.5951923075471699 0.505448718125 0.603125 0.5001602562499999 0.6074519226415095 0.49759615375000005 0.6127403849056604 0.497115384375 0.6158653849056605 0.49775641 0.6233173075471699 0.52147435875 0.6896634613207547 0.52900641 0.6923076924528302 0.5328525643750001 0.6918269226415095 0.54022435875 0.6860576924528301 0.546794871875 0.6733173075471699 0.54903846125 0.6629807688679246
10 0.443269230625 0.6615384613207548 0.4400641025 0.6461538462264151 0.43701923062500003 0.6387019226415095 0.431891025625 0.6336538462264151 0.42003205125 0.6266826924528301 0.4139423075 0.6257211537735848 0.40512820499999996 0.6262019226415094 0.395833333125 0.6307692311320754 0.39166666687499996 0.6362980773584905 0.390865384375 0.6391826924528301 0.39102564125 0.6502403849056604 0.3923076925 0.6581730773584905 0.394070513125 0.6608173075471698 0.435576923125 0.6925480773584906 0.43958333312500003 0.6930288462264151 0.443269230625 0.6862980773584906 0.444230769375 0.6730769226415094 0.443269230625 0.6615384613207548
18 0.37275641 0.5526442311320754 0.37275641 0.5483173075471699 0.370352564375 0.5389423075471699 0.36538461562499996 0.5322115386792453 0.36121794875 0.5300480773584906 0.35336538437500004 0.5317307688679246 0.34150641 0.5447115386792453 0.3375 0.5526442311320754 0.333333333125 0.5639423075471699 0.33365384625 0.5798076924528301 0.337820513125 0.5860576924528301 0.342948718125 0.5889423075471698 0.35080128187500004 0.5877403849056604 0.36137820499999995 0.5824519226415095 0.363621795 0.5800480773584905 0.36971153875 0.5634615386792453 0.37275641 0.5526442311320754
9 0.34711538437500006 0.39158653867924526 0.34423076937499997 0.3810096150943396 0.337820513125 0.3737980773584905 0.3298076925 0.3764423075471698 0.317948718125 0.38557692264150945 0.30977564125 0.3966346150943396 0.30897435875 0.4045673075471698 0.31057692312499996 0.40817307735849057 0.32211538437500004 0.4170673075471698 0.32612179500000005 0.4182692311320755 0.33653846125000003 0.4139423075471698 0.34326923062500003 0.40889423113207546 0.346794871875 0.39807692264150946 0.34711538437500006 0.39158653867924526