17 0.744070513125 0.6663461537735849 0.74471153875 0.6620192311320754 0.7363782050000001 0.6557692311320754 0.73108974375 0.6552884613207547 0.656570513125 0.6853365386792453 0.650320513125 0.6889423075471699 0.650801281875 0.6932692311320754 0.655769230625 0.7012019226415095 0.67371794875 0.7252403849056605 0.67740384625 0.7288461537735849 0.712980769375 0.7480769226415095 0.716826923125 0.7447115386792452 0.724519230625 0.728125 0.744070513125 0.6663461537735849
18 0.55468830125 0.2636706726415094 0.490234775625 0.2636706726415094 0.490234775625 0.3486322113207547 0.55468830125 0.3486322113207547 0.55468830125 0.2636706726415094
1 0.6201923075 0.0915865386792453 0.6150641025 0.08918269245283018 0.605929486875 0.10168269245283018 0.6036858975 0.10841346132075472 0.604487179375 0.12524038490566036 0.60753205125 0.1293269226415094 0.62259615375 0.14038461509433964 0.62724359 0.14038461509433964 0.6349358975 0.13557692264150942 0.63525641 0.13461538490566038 0.62900641 0.1072115386792453 0.6201923075 0.0915865386792453
1 0.612019230625 0.17932692264150943 0.6076923075 0.17235576886792453 0.6 0.16586538490566038 0.5921474356249999 0.16298076886792454 0.580448718125 0.16610576886792452 0.572115384375 0.17067307735849058 0.565865384375 0.1774038462264151 0.562980769375 0.18557692264150943 0.5633012818750001 0.19735576886792452 0.5681089743750001 0.20504807735849057 0.569070513125 0.20528846132075473 0.60753205125 0.20024038490566037 0.6139423075 0.19711538490566038 0.6149038462499999 0.19375 0.614262820625 0.1850961537735849 0.612019230625 0.17932692264150943
1 0.735416666875 0.26346153867924527 0.73108974375 0.23221153867924527 0.70897435875 0.20504807735849057 0.7016025643749999 0.20889423113207548 0.693429486875 0.2170673075471698 0.684455128125 0.2288461537735849 0.6834935900000001 0.2387019226415094 0.6846153843749999 0.24591346132075473 0.690705128125 0.2596153849056604 0.699358974375 0.26875 0.7108974356250001 0.2752403849056604 0.7169871793750001 0.2752403849056604 0.7237179487500001 0.2725961537735849 0.735416666875 0.26346153867924527
1 0.48717948687499996 0.22091346132075473 0.48685897437500003 0.2007211537735849 0.48621794875 0.19735576886792452 0.47483974375000004 0.19254807735849058 0.470512820625 0.1923076924528302 0.46666666687499997 0.1944711537735849 0.462820513125 0.1987980773584906 0.46009615375 0.20625 0.45961538437500005 0.21346153867924528 0.46057692312500004 0.2213942311320755 0.462179486875 0.22860576886792452 0.46634615375000005 0.2382211537735849 0.474519230625 0.24447115377358491 0.48060897437500005 0.2439903849056604 0.482852564375 0.24014423113207548 0.48717948687499996 0.22091346132075473
1 0.44935897437500005 0.20889423113207548 0.44567307687499996 0.19735576886792452 0.43894230749999996 0.1913461537735849 0.430608974375 0.1901442311320755 0.42083333312500004 0.1923076924528302 0.404326923125 0.2014423075471698 0.40272435875 0.2038461537735849 0.40128205125 0.2086538462264151 0.4014423075 0.21274038490566038 0.40400641 0.22019230754716979 0.415544871875 0.22716346132075474 0.442147435625 0.2235576924528302 0.44567307687499996 0.22163461509433963 0.449198718125 0.21682692264150943 0.44935897437500005 0.20889423113207548
13 0.35384615375 0.2860576924528302 0.35352564125 0.28221153867924526 0.32259615375 0.26658653867924526 0.31778846125 0.2658653849056604 0.315865384375 0.2670673075471698 0.30753205125 0.2752403849056604 0.29775641 0.2980769226415095 0.286698718125 0.33629807735849054 0.28525641 0.34158653867924527 0.28830128187500004 0.3545673075471698 0.292628205 0.36370192264150947 0.310416666875 0.3733173075471698 0.33862179500000006 0.3283653849056604 0.349679486875 0.3072115386792453 0.35272435874999997 0.29471153867924527 0.35384615375 0.2860576924528302
13 0.442147435625 0.36514423113207545 0.44631410250000003 0.3180288462264151 0.43141025624999996 0.30264423113207545 0.423237179375 0.30264423113207545 0.415544871875 0.3060096150943396 0.36522435875 0.3425480773584905 0.35833333312500004 0.35360576886792455 0.358173076875 0.35504807735849053 0.358173076875 0.3610576924528302 0.35897435875 0.3641826924528302 0.36650641 0.38076923113207545 0.37532051312500003 0.3846153849056604 0.38397435874999997 0.3865384613207547 0.40480769250000004 0.38677884622641506 0.43541666687499997 0.3810096150943396 0.442147435625 0.36514423113207545
1 0.47676282062500003 0.39639423113207545 0.475480769375 0.39254807735849057 0.474519230625 0.39134615377358495 0.463141025625 0.390625 0.46009615375 0.3920673075471698 0.43701923062500003 0.43004807735849054 0.43637820499999996 0.4314903849056604 0.43701923062500003 0.43677884622641505 0.4411858975 0.44182692264150947 0.444391025625 0.4430288462264151 0.449679486875 0.4411057688679245 0.46875 0.4286057688679245 0.47115384624999995 0.42403846132075473 0.47676282062500003 0.39639423113207545
1 0.5525641025 0.4002403849056604 0.555769230625 0.39639423113207545 0.558333333125 0.38076923113207545 0.556570513125 0.3764423075471698 0.54471153875 0.36129807735849057 0.5211538462499999 0.3560096150943396 0.519391025625 0.3579326924528302 0.51875 0.3629807688679245 0.51875 0.3680288462264151 0.52003205125 0.37451923113207547 0.52371794875 0.3846153849056604 0.5296474356249999 0.39447115377358494 0.53766025625 0.40048076886792455 0.544070513125 0.40240384622641506 0.54903846125 0.40192307735849053 0.5525641025 0.4002403849056604
1 0.598237179375 0.3836538462264151 0.5974358975 0.37716346132075473 0.59615384625 0.3735576924528302 0.593108974375 0.3701923075471698 0.5891025643750001 0.3682692311320755 0.58766025625 0.3682692311320755 0.584134615625 0.3716346150943396 0.57227564125 0.38846153867924527 0.5698717950000001 0.3961538462264151 0.56778846125 0.4076923075471698 0.567628205 0.4127403849056604 0.568269230625 0.4149038462264151 0.5713141025 0.4165865386792453 0.5785256412500001 0.4158653849056604 0.58974359 0.40817307735849057 0.59615384625 0.3983173075471698 0.59775641 0.3930288462264151 0.598237179375 0.3836538462264151
1 0.7209935900000001 0.3653846150943396 0.720833333125 0.3557692311320755 0.6915064099999999 0.31201923113207547 0.681730769375 0.3045673075471698 0.6735576925 0.30745192264150945 0.66971153875 0.32307692264150945 0.66971153875 0.33125 0.67275641 0.34110576886792454 0.6834935900000001 0.3649038462264151 0.692147435625 0.37572115377358495 0.700320513125 0.37884615377358494 0.70496794875 0.37884615377358494 0.7139423075000001 0.3733173075471698 0.7209935900000001 0.3653846150943396
18 0.7963141025 0.32620192264150943 0.795673076875 0.31754807735849055 0.7889423075 0.3021634613207547 0.78653846125 0.29951923113207546 0.7830128206249999 0.2985576924528302 0.774519230625 0.3028846150943396 0.7721153843749999 0.30625 0.76891025625 0.31514423113207546 0.768269230625 0.32596153867924527 0.77003205125 0.3375 0.77147435875 0.3413461537735849 0.774679486875 0.34567307735849057 0.779166666875 0.34879807735849055 0.7834935900000001 0.34951923113207545 0.788141025625 0.3454326924528302 0.7963141025 0.32620192264150943
13 0.8110576924999999 0.45096153867924527 0.812019230625 0.4430288462264151 0.809134615625 0.3802884613207547 0.806570513125 0.37403846132075474 0.8025641025 0.3733173075471698 0.73621794875 0.41442307735849054 0.734134615625 0.4158653849056604 0.735576923125 0.46682692264150943 0.7400641025 0.47860576886792455 0.76746794875 0.48221153867924527 0.782852564375 0.4788461537735849 0.7948717949999999 0.4721153849056604 0.80625 0.45889423113207545 0.8110576924999999 0.45096153867924527
1 0.657051281875 0.4350961537735849 0.6580128206249999 0.4314903849056604 0.658333333125 0.4274038462264151 0.655929486875 0.41971153867924527 0.65016025625 0.4074519226415095 0.645352564375 0.4002403849056604 0.63878205125 0.39495192264150947 0.634615384375 0.39447115377358494 0.625 0.4 0.620673076875 0.4079326924528302 0.619230769375 0.4139423075471698 0.618269230625 0.42403846132075473 0.620833333125 0.4341346150943396 0.6286858975 0.4495192311320755 0.63477564125 0.45528846132075473 0.638621795 0.4548076924528302 0.64391025625 0.4507211537735849 0.6540064099999999 0.43942307735849057 0.657051281875 0.4350961537735849
14 0.505769230625 0.41610576886792455 0.48733974375 0.4266826924528302 0.4860576925 0.42764423113207545 0.48477564125 0.4314903849056604 0.48397435875 0.43557692264150943 0.4849358975 0.43701923113207547 0.49022435875 0.43942307735849057 0.51746794875 0.4288461537735849 0.519871795 0.42379807735849057 0.514423076875 0.4158653849056604 0.509134615625 0.4151442311320755 0.505769230625 0.41610576886792455
9 0.49791666687499997 0.4608173075471698 0.49391025624999996 0.4598557688679245 0.49086538437500005 0.4620192311320755 0.48846153875 0.46778846132075474 0.48717948687499996 0.4778846150943396 0.48733974375 0.48990384622641514 0.49022435875 0.4920673075471699 0.494551281875 0.4879807688679246 0.497115384375 0.48341346132075474 0.49935897437500004 0.4747596150943396 0.5 0.46658653867924527 0.49791666687499997 0.4608173075471698
1 0.41875 0.47067307735849057 0.416826923125 0.4670673075471698 0.412019230625 0.4615384613207547 0.40833333312500003 0.4598557688679245 0.403044871875 0.4610576924528302 0.40096153875 0.4627403849056604 0.399519230625 0.465625 0.3951923075 0.48653846132075473 0.39503205125 0.4939903849056604 0.39615384625 0.49567307735849053 0.404487179375 0.5007211537735848 0.41025641 0.5004807688679246 0.41490384625 0.49519230754716986 0.418269230625 0.48677884622641515 0.41971153875 0.4783653849056604 0.41875 0.47067307735849057
18 0.39599359 0.4627403849056604 0.39246794875 0.4564903849056604 0.389102564375 0.45384615377358495 0.380769230625 0.4555288462264151 0.37371794875 0.4610576924528302 0.36698717937499997 0.4701923075471698 0.36121794875 0.48629807735849057 0.35977564125 0.49447115377358486 0.36266025625 0.5009615386792453 0.36875 0.5033653849056604 0.375 0.5043269226415095 0.38205128187500004 0.5026442311320755 0.39166666687499996 0.48677884622641515 0.395673076875 0.4689903849056604 0.39599359 0.4627403849056604
18 0.37259615375000005 0.45528846132075473 0.371955128125 0.44735576886792455 0.36794871812499996 0.43798076886792453 0.36153846125 0.434375 0.35400641 0.4341346150943396 0.345673076875 0.43798076886792453 0.33573717937499997 0.4466346150943396 0.329326923125 0.4543269226415095 0.32435897437500005 0.4617788462264151 0.319871795 0.47451923113207545 0.32003205125 0.48149038490566043 0.32227564125 0.49375 0.32612179500000005 0.5 0.33381410250000004 0.5040865386792452 0.35336538437500004 0.5057692311320754 0.360737179375 0.5016826924528301 0.371955128125 0.4596153849056604 0.37259615375000005 0.45528846132075473
18 0.30352564125000003 0.48990384622641514 0.30496794875 0.48629807735849057 0.30400641 0.4759615386792453 0.292147435625 0.4471153849056604 0.27419871812499996 0.4305288462264151 0.27115384625 0.43004807735849054 0.2650641025 0.4375 0.2625 0.4427884613207547 0.26057692312499997 0.45120192264150943 0.26041666687500004 0.47307692264150947 0.262019230625 0.4882211537735849 0.263301281875 0.49254807735849054 0.269551281875 0.5026442311320755 0.2786858975 0.5067307688679246 0.282852564375 0.5057692311320754 0.2985576925 0.4963942311320754 0.30352564125000003 0.48990384622641514
9 0.295673076875 0.5370192311320754 0.28317307687500004 0.5293269226415095 0.279166666875 0.5293269226415095 0.275320513125 0.5307692311320754 0.26971153875 0.5372596150943396 0.269871795 0.5485576924528301 0.27067307687500003 0.5497596150943396 0.275320513125 0.5550480773584906 0.287019230625 0.5629807688679246 0.2985576925 0.553125 0.300641025625 0.5487980773584905 0.3 0.5444711537735849 0.295673076875 0.5370192311320754
1 0.400320513125 0.5237980773584906 0.3923076925 0.5225961537735849 0.38766025625 0.5240384613207547 0.38285256437500004 0.5276442311320754 0.376762820625 0.5370192311320754 0.36618589749999997 0.5603365386792453 0.36522435875 0.5641826924528301 0.364583333125 0.5721153849056604 0.36522435875 0.5754807688679245 0.377884615625 0.5798076924528301 0.412019230625 0.5567307688679246 0.411858974375 0.5487980773584905 0.409455128125 0.5331730773584905 0.40721153875 0.5295673075471699 0.400320513125 0.5237980773584906
1 0.503365384375 0.5632211537735848 0.506730769375 0.5564903849056604 0.50753205125 0.5526442311320754 0.50753205125 0.5425480773584905 0.505769230625 0.5375 0.50240384625 0.5317307688679246 0.470512820625 0.5132211537735849 0.462820513125 0.5170673075471699 0.45641025625 0.5370192311320754 0.45625 0.5449519226415095 0.45721153875 0.5519230773584906 0.460416666875 0.5584134613207548 0.466826923125 0.5651442311320755 0.478205128125 0.5692307688679246 0.48221153875 0.5704326924528301 0.49391025624999996 0.5697115386792453 0.503365384375 0.5632211537735848
9 0.536378205 0.5235576924528301 0.52884615375 0.5223557688679246 0.52596153875 0.5245192311320754 0.523076923125 0.5286057688679245 0.520833333125 0.5370192311320754 0.52099359 0.5425480773584905 0.5302884612500001 0.5721153849056604 0.53349359 0.575 0.540865384375 0.5701923075471699 0.542147435625 0.5680288462264151 0.54759615375 0.5492788462264151 0.54471153875 0.5290865386792453 0.536378205 0.5235576924528301
18 0.59134615375 0.4742788462264151 0.5923076925 0.4622596150943396 0.5911858975 0.4548076924528302 0.58878205125 0.4495192311320755 0.584615384375 0.44567307735849054 0.57724359 0.44326923113207545 0.567948718125 0.4447115386792453 0.564583333125 0.446875 0.559134615625 0.45504807735849057 0.556570513125 0.4627403849056604 0.55721153875 0.47091346132075473 0.5605769231250001 0.4798076924528302 0.5644230768749999 0.48605769245283015 0.568269230625 0.48725961509433957 0.580128205 0.48677884622641515 0.5891025643750001 0.4783653849056604 0.59134615375 0.4742788462264151
18 0.693269230625 0.5173076924528301 0.6961538462500001 0.5052884613207548 0.6966346156250001 0.49783653867924527 0.69358974375 0.4826923075471698 0.6865384612500001 0.4740384613207547 0.681730769375 0.47163461509433957 0.677884615625 0.47163461509433957 0.64391025625 0.4783653849056604 0.64246794875 0.4802884613207547 0.64278846125 0.4947115386792453 0.645833333125 0.5069711537735849 0.648878205 0.5120192311320754 0.658333333125 0.521875 0.669391025625 0.5290865386792453 0.6780448718750001 0.5314903849056604 0.681570513125 0.5298076924528301 0.693269230625 0.5173076924528301
18 0.7350961537499999 0.48605769245283015 0.7328525643749999 0.48221153867924527 0.731891025625 0.48221153867924527 0.729647435625 0.4855769226415095 0.7158653843749999 0.5161057688679246 0.7142628206249999 0.5230769226415094 0.714102564375 0.5257211537735849 0.7165064099999999 0.5314903849056604 0.721794871875 0.5334134613207547 0.7275641025 0.5310096150943396 0.7349358975 0.5213942311320754 0.73621794875 0.5177884613207547 0.7363782050000001 0.5024038462264151 0.7350961537499999 0.48605769245283015
18 0.747916666875 0.6192307688679246 0.7549679487500001 0.6112980773584905 0.761698718125 0.5995192311320754 0.7633012818749999 0.5682692311320754 0.735576923125 0.5495192311320755 0.723878205 0.5704326924528301 0.7185897437500001 0.5824519226415095 0.718269230625 0.5879807688679246 0.720673076875 0.603125 0.722916666875 0.6072115386792453 0.730448718125 0.6161057688679246 0.73621794875 0.6199519226415094 0.7400641025 0.6213942311320754 0.744070513125 0.6213942311320754 0.747916666875 0.6192307688679246
14 0.811378205 0.5651442311320755 0.795673076875 0.5735576924528302 0.79246794875 0.5778846150943396 0.7889423075 0.5853365386792453 0.789423076875 0.5915865386792453 0.790865384375 0.5932692311320754 0.8107371793750001 0.5877403849056604 0.8208333331250001 0.5795673075471699 0.820673076875 0.5721153849056604 0.818269230625 0.5653846150943396 0.814423076875 0.5639423075471699 0.811378205 0.5651442311320755
14 0.812820513125 0.5370192311320754 0.8102564099999999 0.5341346150943396 0.78365384625 0.5447115386792453 0.7822115387499999 0.5473557688679246 0.781891025625 0.5487980773584905 0.78397435875 0.5536057688679246 0.79503205125 0.5637019226415094 0.79871794875 0.5622596150943396 0.8115384612500001 0.5519230773584906 0.8134615387499999 0.5478365386792453 0.813621795 0.5415865386792452 0.812820513125 0.5370192311320754
14 0.79983974375 0.6346153849056604 0.79503205125 0.6360576924528302 0.7887820512499999 0.6427884613207547 0.787019230625 0.6492788462264151 0.787179486875 0.6509615386792452 0.810576923125 0.6697115386792453 0.814423076875 0.6685096150943396 0.8168269231249999 0.6620192311320754 0.8168269231249999 0.6581730773584905 0.810416666875 0.6387019226415095 0.806570513125 0.6346153849056604 0.79983974375 0.6346153849056604
14 0.799358974375 0.6848557688679245 0.79871794875 0.6824519226415094 0.7948717949999999 0.6817307688679246 0.77147435875 0.6903846150943396 0.769230769375 0.6932692311320754 0.76858974375 0.6980769226415094 0.76858974375 0.7050480773584905 0.7713141025 0.7115384613207547 0.775480769375 0.7129807688679246 0.7810897437500001 0.7127403849056604 0.7868589743750001 0.7088942311320754 0.796955128125 0.6978365386792452 0.79871794875 0.6935096150943396 0.799358974375 0.6848557688679245
14 0.697115384375 0.6338942311320754 0.694070513125 0.6377403849056604 0.687980769375 0.6557692311320754 0.689102564375 0.6860576924528301 0.6903846156250001 0.6901442311320755 0.693269230625 0.6920673075471698 0.6969551281249999 0.6891826924528301 0.7046474356250001 0.6622596150943396 0.704166666875 0.6540865386792453 0.69871794875 0.6350961537735849 0.697115384375 0.6338942311320754
14 0.678205128125 0.7591346150943395 0.668429486875 0.765625 0.6669871793750001 0.7675480773584905 0.66602564125 0.7711538462264151 0.6641025643749999 0.7829326924528301 0.66474359 0.7903846150943395 0.66602564125 0.7935096150943396 0.6900641025 0.7834134613207547 0.695512820625 0.775 0.69599359 0.7713942311320754 0.681570513125 0.7598557688679246 0.678205128125 0.7591346150943395
14 0.64391025625 0.7336538462264152 0.6269230768749999 0.7326923075471699 0.6233974356249999 0.7353365386792453 0.62227564125 0.7382211537735849 0.622115384375 0.7403846150943396 0.623237179375 0.7420673075471699 0.64246794875 0.7680288462264151 0.65897435875 0.7634615386792453 0.6610576924999999 0.7608173075471698 0.6612179487500001 0.7596153849056604 0.650480769375 0.740625 0.64391025625 0.7336538462264152
1 0.597115384375 0.6814903849056604 0.592628205 0.6694711537735849 0.589423076875 0.6634615386792453 0.57900641 0.6564903849056604 0.575641025625 0.6557692311320754 0.57227564125 0.6574519226415094 0.570673076875 0.6596153849056604 0.56778846125 0.6697115386792453 0.5663461537500001 0.6896634613207547 0.569551281875 0.7050480773584905 0.57099359 0.7088942311320754 0.57628205125 0.7103365386792453 0.5918269231250001 0.7072115386792452 0.595833333125 0.7028846150943396 0.59903846125 0.6930288462264151 0.597115384375 0.6814903849056604
1 0.622115384375 0.6091346150943396 0.6259615387499999 0.6043269226415094 0.629326923125 0.5956730773584905 0.63028846125 0.5867788462264151 0.630128205 0.5838942311320754 0.6241987181249999 0.5680288462264151 0.61233974375 0.5673076924528302 0.607371795 0.5675480773584906 0.576121795 0.5879807688679246 0.56875 0.5956730773584905 0.5698717950000001 0.5995192311320754 0.57596153875 0.6103365386792453 0.585576923125 0.6158653849056605 0.59727564125 0.6199519226415094 0.607371795 0.6180288462264151 0.61634615375 0.6137019226415095 0.622115384375 0.6091346150943396
14 0.6639423075 0.5877403849056604 0.6605769231249999 0.5682692311320754 0.65865384625 0.5651442311320755 0.65352564125 0.5641826924528301 0.65016025625 0.5651442311320755 0.648237179375 0.5677884613207548 0.648878205 0.5879807688679246 0.6514423075000001 0.6076923075471699 0.6522435900000001 0.6103365386792453 0.654326923125 0.6122596150943396 0.657371795 0.6103365386792453 0.6605769231249999 0.6043269226415094 0.662820513125 0.5980769226415095 0.6639423075 0.5877403849056604
9 0.546794871875 0.690625 0.5293269231250001 0.6514423075471698 0.498076923125 0.5992788462264151 0.494070513125 0.5975961537735849 0.493269230625 0.5987980773584906 0.48237179500000005 0.6211538462264151 0.48157051312500004 0.6262019226415094 0.48221153875 0.6584134613207547 0.48637820499999995 0.6668269226415094 0.5293269231250001 0.6990384613207548 0.537019230625 0.7036057688679246 0.5411858975 0.7050480773584905 0.54615384625 0.7012019226415095 0.54759615375 0.6932692311320754 0.546794871875 0.690625
18 0.56522435875 0.7620192311320754 0.559615384375 0.7572115386792453 0.556570513125 0.7552884613207548 0.549519230625 0.7536057688679246 0.5463141025 0.7540865386792452 0.53878205125 0.7584134613207547 0.534455128125 0.7685096150943396 0.534134615625 0.7757211537735849 0.535416666875 0.7834134613207547 0.55641025625 0.8098557688679245 0.5644230768749999 0.8026442311320754 0.568429486875 0.7961538462264152 0.5708333331250001 0.7838942311320755 0.56971153875 0.7711538462264151 0.56522435875 0.7620192311320754
18 0.4838141025 0.7826923075471699 0.4860576925 0.7716346150943396 0.485737179375 0.7634615386792453 0.48365384624999996 0.7557692311320754 0.477083333125 0.7475961537735849 0.47019230749999996 0.7439903849056604 0.46346153875 0.7425480773584906 0.435737179375 0.7411057688679246 0.43141025624999996 0.7411057688679246 0.41987179500000005 0.7463942311320754 0.413621795 0.7588942311320754 0.41137820499999994 0.7709134613207548 0.411858974375 0.7790865386792453 0.42275641 0.7908653849056604 0.431570513125 0.7963942311320754 0.44471153874999997 0.7973557688679246 0.46666666687499997 0.7966346150943396 0.470352564375 0.7956730773584906 0.478044871875 0.7911057688679246 0.4838141025 0.7826923075471699
18 0.439102564375 0.8692307688679246 0.443429486875 0.8622596150943396 0.44567307687499996 0.8572115386792453 0.44727564125 0.8507211537735849 0.44743589749999996 0.8411057688679245 0.445833333125 0.8338942311320754 0.439423076875 0.8211538462264151 0.39631410250000004 0.8026442311320754 0.386698718125 0.8014423075471698 0.380769230625 0.8038461537735849 0.37147435875 0.8139423075471699 0.370352564375 0.8211538462264151 0.36987179500000006 0.834375 0.37147435875 0.8418269226415095 0.38108974375000004 0.8572115386792453 0.38862179500000005 0.8637019226415095 0.40769230749999996 0.8709134613207548 0.42371794875 0.8745192311320754 0.43509615375000005 0.8728365386792453 0.439102564375 0.8692307688679246
18 0.434455128125 0.6807692311320754 0.434294871875 0.6776442311320754 0.42403846125 0.6355769226415094 0.420673076875 0.625 0.41490384625 0.6182692311320754 0.412019230625 0.6168269226415094 0.408173076875 0.6170673075471699 0.40512820499999996 0.61875 0.3985576925 0.6307692311320754 0.39647435875 0.6502403849056604 0.40288461562499994 0.6740384613207547 0.40977564125 0.6894230773584905 0.4173076925 0.7009615386792453 0.42371794875 0.7016826924528301 0.43317307687499995 0.6894230773584905 0.434294871875 0.6853365386792453 0.434455128125 0.6807692311320754
14 0.43974359 0.5838942311320754 0.423237179375 0.5855769226415094 0.4201923075 0.5877403849056604 0.41891025625 0.5913461537735849 0.41875 0.5956730773584905 0.43541666687499997 0.6129807688679246 0.448878205 0.6074519226415095 0.45112179500000005 0.6057692311320754 0.45400641 0.6 0.45352564125 0.5956730773584905 0.45096153875 0.5903846150943396 0.43974359 0.5838942311320754
9 0.34407051312500003 0.6269230773584905 0.34358974375 0.6149038462264151 0.34102564125 0.6072115386792453 0.338301281875 0.6028846150943395 0.334294871875 0.6019230773584906 0.33189102562499995 0.6028846150943395 0.3286858975 0.6064903849056604 0.30096153875 0.6538461537735849 0.29727564125 0.6735576924528301 0.2985576925 0.6769230773584906 0.31442307687500004 0.6776442311320754 0.31955128187500004 0.675 0.32339743562499995 0.6716346150943396 0.33381410250000004 0.6540865386792453 0.34342948687499997 0.6307692311320754 0.34407051312500003 0.6269230773584905
1 0.35833333312500004 0.7605769226415094 0.342147435625 0.7084134613207548 0.337820513125 0.7060096150943396 0.32628205125 0.7134615386792452 0.324519230625 0.7170673075471699 0.3235576925 0.7242788462264151 0.32339743562499995 0.7286057688679246 0.32532051312500004 0.7425480773584906 0.33621794875 0.7675480773584905 0.34166666687499997 0.7709134613207548 0.35368589749999996 0.7713942311320754 0.358012820625 0.7670673075471699 0.35897435875 0.7639423075471699 0.35833333312500004 0.7605769226415094