1 0.607422275625 0.5126947113207547 0.57812580125 0.5126947113207547 0.57812580125 0.5595697113207547 0.607422275625 0.5595697113207547 0.607422275625 0.5126947113207547
11 0.362820513125 0.3959134613207547 0.36121794875 0.39278846132075473 0.357852564375 0.3903846150943396 0.35368589749999996 0.3918269226415095 0.349519230625 0.40817307735849057 0.34759615375 0.41971153867924527 0.34775641 0.42403846132075473 0.349519230625 0.4290865386792453 0.35368589749999996 0.4288461537735849 0.35753205125 0.42451923113207546 0.361698718125 0.4134615386792453 0.36378205125 0.40432692264150943 0.362820513125 0.3959134613207547
21 0.52403846125 0.09951923113207548 0.524358974375 0.09567307735849057 0.52275641 0.09182692264150943 0.462980769375 0.04831730754716981 0.44727564125 0.04519230754716981 0.4400641025 0.04567307735849057 0.431570513125 0.04807692264150943 0.41987179500000005 0.058894231132075474 0.408173076875 0.07403846132075471 0.40673076937499997 0.07620192264150943 0.42371794875 0.13701923113207548 0.43141025624999996 0.15600961509433964 0.439102564375 0.17067307735849058 0.45496794875 0.18966346132075473 0.470512820625 0.20168269245283021 0.50128205125 0.19711538490566038 0.52403846125 0.09951923113207548
5 0.619230769375 0.13245192264150943 0.576602564375 0.12908653867924527 0.56858974375 0.1298076924528302 0.5644230768749999 0.13076923113207548 0.5541666668749999 0.1358173075471698 0.551121795 0.1399038462264151 0.5485576925 0.15024038490566038 0.54871794875 0.15769230754716979 0.60352564125 0.28413461509433957 0.661698718125 0.21370192264150942 0.66602564125 0.20096153867924527 0.6548076924999999 0.17788461509433962 0.6323717950000001 0.13870192264150943 0.6269230768749999 0.1350961537735849 0.619230769375 0.13245192264150943
11 0.34727564125 0.1992788462264151 0.32596153875 0.19110576886792452 0.32067307687499996 0.19038461509433963 0.317948718125 0.1913461537735849 0.317628205 0.2014423075471698 0.31891025625 0.2048076924528302 0.32099359 0.2057692311320755 0.33381410250000004 0.20913461509433962 0.341987179375 0.20913461509433962 0.345673076875 0.20673076886792452 0.348237179375 0.20096153867924527 0.34727564125 0.1992788462264151
1 0.42868589749999997 0.1891826924528302 0.42291666687499996 0.18533653867924527 0.41586538437500004 0.184375 0.412179486875 0.18605769245283021 0.400801281875 0.19711538490566038 0.395673076875 0.20504807735849057 0.391987179375 0.2132211537735849 0.39022435875 0.2233173075471698 0.390384615625 0.23245192264150943 0.3923076925 0.2399038462264151 0.39599359 0.2466346150943396 0.400320513125 0.24951923113207547 0.404326923125 0.24879807735849055 0.42852564125000003 0.23221153867924527 0.430608974375 0.19326923113207548 0.42868589749999997 0.1891826924528302
9 0.22083333312499998 0.2524038462264151 0.21602564125 0.24615384622641506 0.21282051312499997 0.24423076886792452 0.20865384625 0.24447115377358491 0.20673076937499998 0.24783653867924527 0.19647435875 0.27860576886792454 0.19631410249999998 0.28317307735849057 0.197916666875 0.2860576924528302 0.20897435875 0.2879807688679245 0.215384615625 0.28509615377358494 0.21891025625000002 0.27908653867924527 0.22147435875 0.27139423113207545 0.22227564125000002 0.2588942311320755 0.22083333312499998 0.2524038462264151
9 0.27884615375 0.2600961537735849 0.27884615375 0.24807692264150946 0.275801281875 0.2387019226415094 0.27147435875 0.234375 0.267628205 0.23581730754716979 0.26153846125 0.2588942311320755 0.26153846125 0.2639423075471698 0.262980769375 0.26850961509433957 0.264102564375 0.27139423113207545 0.2673076925 0.27548076886792455 0.2713141025 0.2764423075471698 0.27516025625 0.2740384613207547 0.277884615625 0.26778846132075473 0.27884615375 0.2600961537735849
9 0.318108974375 0.3492788462264151 0.32211538437500004 0.3336538462264151 0.314102564375 0.32427884622641506 0.290865384375 0.33629807735849054 0.289423076875 0.33990384622641506 0.289102564375 0.34567307735849057 0.28974359 0.3483173075471698 0.29391025625 0.35625 0.29871794875 0.359375 0.307051281875 0.36129807735849057 0.312179486875 0.3596153849056604 0.315705128125 0.35504807735849053 0.318108974375 0.3492788462264151
11 0.222115384375 0.34951923113207545 0.221634615625 0.35360576886792455 0.224358974375 0.35673076886792454 0.244230769375 0.35360576886792455 0.244230769375 0.34951923113207545 0.23766025625 0.3377403849056604 0.236378205 0.3367788462264151 0.22772435875 0.34182692264150943 0.222115384375 0.34951923113207545
18 0.26378205125 0.42379807735849057 0.2599358975 0.4206730773584905 0.23974359 0.4149038462264151 0.23621794875 0.41682692264150945 0.234294871875 0.4206730773584905 0.233333333125 0.42379807735849057 0.231891025625 0.43677884622641505 0.232371795 0.44735576886792455 0.234455128125 0.45240384622641505 0.24102564125 0.45600961509433957 0.248076923125 0.4555288462264151 0.254326923125 0.4497596150943396 0.25801282062500003 0.44326923113207545 0.26378205125 0.42764423113207545 0.26378205125 0.42379807735849057
9 0.178044871875 0.5163461537735848 0.173397435625 0.5134615386792453 0.16955128187500002 0.5144230773584906 0.165544871875 0.5170673075471699 0.16522435875 0.5211538462264151 0.17596153874999998 0.5370192311320754 0.180448718125 0.5387019226415094 0.18365384625 0.5370192311320754 0.18509615375 0.5329326924528301 0.18429487187500002 0.5252403849056604 0.18253205125000002 0.5216346150943396 0.178044871875 0.5163461537735848
18 0.29471153875 0.5185096150943396 0.29391025625 0.5098557688679246 0.292628205 0.5057692311320754 0.290865384375 0.5021634613207547 0.2875 0.5007211537735848 0.27996794875 0.5004807688679246 0.278365384375 0.5024038462264151 0.27419871812499996 0.5170673075471699 0.275480769375 0.525 0.27900641 0.5293269226415095 0.28317307687500004 0.5314903849056604 0.287179486875 0.53125 0.289583333125 0.5295673075471699 0.29278846125 0.525 0.29471153875 0.5185096150943396
17 0.306730769375 0.725 0.31057692312499996 0.7153846150943396 0.310737179375 0.6971153849056604 0.3025641025 0.665625 0.255769230625 0.5802884613207547 0.23766025625 0.6096153849056604 0.22419871812499997 0.634375 0.22323717937499998 0.6375 0.22323717937499998 0.6463942311320754 0.224358974375 0.6536057688679245 0.228365384375 0.665625 0.27660256437499997 0.7360576924528301 0.27900641 0.7372596150943396 0.287019230625 0.7379807688679246 0.29871794875 0.7367788462264151 0.306730769375 0.725
1 0.34887820499999994 0.6057692311320754 0.34775641 0.5870192311320754 0.34599359 0.5800480773584905 0.3411858975 0.5728365386792452 0.338141025625 0.5704326924528301 0.33365384625 0.5709134613207547 0.330448718125 0.5730769226415094 0.3275641025 0.5754807688679245 0.325801281875 0.5790865386792453 0.32483974375 0.5834134613207548 0.32532051312500004 0.5889423075471698 0.33557692312500004 0.6151442311320754 0.33766025624999996 0.6170673075471699 0.341826923125 0.6175480773584906 0.345512820625 0.6141826924528302 0.3474358975 0.6108173075471699 0.34887820499999994 0.6057692311320754
20 0.44711538437500004 0.6737980773584905 0.43365384625 0.6882211537735848 0.40384615375000005 0.728125 0.395833333125 0.7439903849056604 0.39727564125000003 0.7478365386792453 0.403365384375 0.7524038462264151 0.412820513125 0.7519230773584905 0.439423076875 0.7449519226415094 0.44759615375 0.7283653849056604 0.45272435875 0.6853365386792453 0.44711538437500004 0.6737980773584905
1 0.400320513125 0.6538461537735849 0.403365384375 0.6463942311320754 0.40416666687499997 0.6379807688679245 0.403365384375 0.6259615386792453 0.40096153875 0.6197115386792452 0.39631410250000004 0.6132211537735849 0.39246794875 0.6115384613207547 0.38301282062500003 0.6151442311320754 0.36971153875 0.625 0.368108974375 0.6276442311320755 0.36714743562499996 0.6314903849056605 0.3701923075 0.6461538462264151 0.37516025625 0.6545673075471699 0.380929486875 0.6588942311320755 0.38862179500000005 0.6617788462264151 0.392948718125 0.6610576924528302 0.39743589749999997 0.6581730773584905 0.400320513125 0.6538461537735849
9 0.379166666875 0.5247596150943395 0.3798076925 0.5165865386792453 0.37852564125 0.5096153849056604 0.37291666687499997 0.49423076886792455 0.36875 0.4915865386792453 0.36506410250000004 0.49110576886792456 0.36266025625 0.4939903849056604 0.358173076875 0.5057692311320754 0.35160256437500004 0.5293269226415095 0.35160256437500004 0.5331730773584905 0.35352564125 0.5362980773584906 0.360897435625 0.5411057688679246 0.36586538437500005 0.5427884613207548 0.3713141025 0.5408653849056604 0.376762820625 0.5350961537735849 0.379166666875 0.5247596150943395
13 0.41971153875 0.45360576886792453 0.41602564125 0.45264423113207547 0.408173076875 0.4533653849056604 0.40272435875 0.4584134613207547 0.401762820625 0.4615384613207547 0.400320513125 0.48221153867924527 0.40833333312500003 0.48870192264150947 0.4125 0.48894230754716983 0.41907051312500004 0.48677884622641515 0.434294871875 0.4778846150943396 0.43541666687499997 0.4754807688679245 0.432852564375 0.47067307735849057 0.41971153875 0.45360576886792453
13 0.39358974375 0.38870192264150943 0.39631410250000004 0.3971153849056604 0.40689102562499996 0.3923076924528302 0.41057692312500005 0.3850961537735849 0.40849359 0.3802884613207547 0.400320513125 0.3673076924528302 0.39439102562499995 0.3817307688679245 0.39358974375 0.38870192264150943
9 0.447916666875 0.34879807735849055 0.447916666875 0.3538461537735849 0.450801281875 0.3581730773584905 0.454487179375 0.35432692264150945 0.455769230625 0.3497596150943396 0.4548076925 0.3461538462264151 0.451602564375 0.34471153867924526 0.449198718125 0.34591346132075473 0.447916666875 0.34879807735849055
20 0.525320513125 0.28557692264150947 0.524519230625 0.28341346132075473 0.521634615625 0.2814903849056604 0.51746794875 0.28173076886792453 0.5139423075 0.2848557688679245 0.49727564125 0.3137019226415095 0.495512820625 0.3185096150943396 0.49471153875 0.3240384613207547 0.495352564375 0.3377403849056604 0.49775641 0.3401442311320755 0.5014423075 0.3413461537735849 0.505769230625 0.3403846150943396 0.513301281875 0.3329326924528302 0.518269230625 0.3225961537735849 0.525320513125 0.3040865386792453 0.525320513125 0.28557692264150947
18 0.491666666875 0.43557692264150943 0.49134615375 0.41610576886792455 0.48990384625 0.4117788462264151 0.48621794875 0.4079326924528302 0.48157051312500004 0.4074519226415095 0.47772435874999997 0.40889423113207546 0.470352564375 0.4158653849056604 0.466826923125 0.4235576924528302 0.466826923125 0.4314903849056604 0.46762820499999996 0.43533653867924527 0.47259615375 0.44375 0.47788461562499995 0.4497596150943396 0.482051281875 0.4528846150943396 0.484615384375 0.45216346132075474 0.48653846125 0.45024038490566043 0.491666666875 0.43557692264150943
1 0.474519230625 0.48052884622641506 0.471794871875 0.4783653849056604 0.462019230625 0.47451923113207545 0.450801281875 0.4757211537735849 0.44599359 0.4783653849056604 0.44262820499999994 0.4819711537735849 0.440384615625 0.48581730754716984 0.439262820625 0.4908653849056604 0.439423076875 0.49807692264150943 0.45112179500000005 0.5199519226415095 0.45897435875 0.5269230773584905 0.47403846125 0.5189903849056604 0.4764423075 0.5137019226415095 0.47724359 0.49831730754716985 0.47676282062500003 0.48990384622641514 0.474519230625 0.48052884622641506
20 0.51778846125 0.5473557688679246 0.51346153875 0.5485576924528301 0.48237179500000005 0.5838942311320754 0.480448718125 0.5875 0.47772435874999997 0.5978365386792452 0.478044871875 0.6038461537735849 0.48141025625 0.6115384613207547 0.48621794875 0.6168269226415094 0.49006410250000004 0.6170673075471699 0.5274038462499999 0.5915865386792453 0.5293269231250001 0.5882211537735849 0.530929486875 0.5721153849056604 0.51778846125 0.5473557688679246
6 0.622916666875 0.6581730773584905 0.57628205125 0.6490384613207547 0.54871794875 0.6461538462264151 0.5389423074999999 0.6615384613207548 0.540865384375 0.6814903849056604 0.6230769231250001 0.7158653849056604 0.6540064099999999 0.7259615386792453 0.65865384625 0.7245192311320754 0.662179486875 0.7209134613207547 0.655128205 0.7004807688679245 0.6389423075 0.6778846150943396 0.622916666875 0.6581730773584905
17 0.7048076925 0.5040865386792452 0.702083333125 0.5036057688679246 0.689423076875 0.5055288462264151 0.67371794875 0.515625 0.669391025625 0.5211538462264151 0.6657051281249999 0.5319711537735848 0.6641025643749999 0.5447115386792453 0.6584935900000001 0.6502403849056604 0.7051282050000001 0.6677884613207548 0.7088141025 0.6680288462264151 0.7131410256249999 0.6584134613207547 0.717147435625 0.6463942311320754 0.725 0.6072115386792453 0.706730769375 0.5057692311320754 0.7048076925 0.5040865386792452
13 0.686378205 0.45096153867924527 0.67772435875 0.42259615377358495 0.67371794875 0.41442307735849054 0.66971153875 0.4103365386792453 0.6661858975 0.40889423113207546 0.662019230625 0.40913461509433957 0.660897435625 0.41201923113207545 0.655769230625 0.4783653849056604 0.655608974375 0.4829326924528302 0.656570513125 0.48677884622641515 0.657852564375 0.4879807688679246 0.663621795 0.4870192311320754 0.681570513125 0.47139423113207546 0.6849358975 0.46658653867924527 0.686698718125 0.45697115377358494 0.686378205 0.45096153867924527
20 0.5863782049999999 0.4310096150943396 0.584615384375 0.41995192264150943 0.580448718125 0.40817307735849057 0.574198718125 0.396875 0.56378205125 0.3870192311320755 0.56121794875 0.3882211537735849 0.55 0.40408653867924527 0.54871794875 0.4259615386792453 0.548878205 0.43677884622641505 0.5514423075 0.4634615386792453 0.55224359 0.46610576886792454 0.576762820625 0.4653846150943396 0.58509615375 0.4620192311320755 0.586698718125 0.4586538462264151 0.5863782049999999 0.4310096150943396
9 0.6211538462499999 0.3591346150943396 0.6161858975 0.3557692311320755 0.6110576925 0.35504807735849053 0.60753205125 0.35649038490566043 0.60352564125 0.36009615377358495 0.598076923125 0.3677884613207547 0.59727564125 0.3689903849056604 0.5975961537500001 0.37283653867924527 0.60016025625 0.3762019226415095 0.622916666875 0.3903846150943396 0.6269230768749999 0.3805288462264151 0.62724359 0.3725961537735849 0.625480769375 0.3653846150943396 0.6211538462499999 0.3591346150943396
18 0.6953525643749999 0.3100961537735849 0.6897435900000001 0.3064903849056604 0.6798076925 0.3048076924528302 0.6676282050000001 0.31057692264150943 0.657852564375 0.32067307735849054 0.655128205 0.3298076924528302 0.654647435625 0.334375 0.655128205 0.34567307735849057 0.658173076875 0.35721153867924527 0.694070513125 0.38076923113207545 0.699519230625 0.38076923113207545 0.703365384375 0.3528846150943396 0.704326923125 0.3358173075471698 0.7008012818749999 0.3204326924528302 0.6953525643749999 0.3100961537735849