11 0.49663461562499994 0.6932692311320754 0.48028846125 0.6850961537735849 0.47403846125 0.6838942311320754 0.46987179500000004 0.6877403849056604 0.46907051312500003 0.6891826924528301 0.469551281875 0.6935096150943396 0.47227564125 0.6973557688679246 0.4860576925 0.7050480773584905 0.49855769250000004 0.7024038462264152 0.500320513125 0.7009615386792453 0.501121795 0.6973557688679246 0.49663461562499994 0.6932692311320754
12 0.458173076875 0.18557692264150943 0.459455128125 0.175 0.4548076925 0.15817307735849057 0.447916666875 0.14879807735849057 0.439262820625 0.1432692311320755 0.434455128125 0.14254807735849057 0.42740384625 0.1432692311320755 0.41971153875 0.14663461509433962 0.41522435874999997 0.15024038490566038 0.40961538437500006 0.15817307735849057 0.407051281875 0.16610576886792452 0.404487179375 0.17836538490566037 0.40400641 0.18149038490566038 0.412179486875 0.19807692264150942 0.41586538437500004 0.20024038490566037 0.439423076875 0.2024038462264151 0.45064102562499997 0.1992788462264151 0.45272435875 0.1975961537735849 0.45528846125 0.19350961509433962 0.458173076875 0.18557692264150943
6 0.562019230625 0.16995192264150943 0.5633012818750001 0.17043269245283021 0.638621795 0.1449519226415094 0.6607371793750001 0.12307692264150942 0.599519230625 0.0680288462264151 0.5644230768749999 0.1055288462264151 0.56121794875 0.11538461509433963 0.562019230625 0.16995192264150943
12 0.412019230625 0.29375 0.412019230625 0.28317307735849057 0.410416666875 0.27836538490566043 0.408173076875 0.2747596150943396 0.40416666687499997 0.2716346150943396 0.400801281875 0.27067307735849055 0.38862179500000005 0.27139423113207545 0.379647435625 0.27908653867924527 0.37291666687499997 0.2954326924528302 0.372115384375 0.29903846132075473 0.373076923125 0.3064903849056604 0.381570513125 0.3100961537735849 0.3860576925 0.3108173075471698 0.394871795 0.309375 0.40673076937499997 0.3024038462264151 0.410416666875 0.29759615377358495 0.412019230625 0.29375
12 0.566666666875 0.28701923113207545 0.560737179375 0.2766826924528302 0.550480769375 0.26658653867924526 0.54102564125 0.2603365386792453 0.537179486875 0.2591346150943396 0.529166666875 0.2596153849056604 0.524358974375 0.2622596150943396 0.520352564375 0.265625 0.516987179375 0.2711538462264151 0.515544871875 0.2752403849056604 0.51474359 0.27908653867924527 0.51746794875 0.2824519226415095 0.5551282049999999 0.3021634613207547 0.560737179375 0.3028846150943396 0.5634615387499999 0.30192307735849055 0.565384615625 0.3002403849056604 0.566666666875 0.2971153849056604 0.566666666875 0.28701923113207545
9 0.624358974375 0.2584134613207547 0.6173076925000001 0.26754807735849057 0.61650641 0.27067307735849055 0.6173076925000001 0.2728365386792453 0.6266025643750001 0.28052884622641505 0.630769230625 0.27908653867924527 0.6350961537500001 0.2689903849056604 0.637820513125 0.25576923113207545 0.6349358975 0.2524038462264151 0.62900641 0.2548076924528302 0.624358974375 0.2584134613207547
18 0.71634615375 0.2985576924528302 0.7073717949999999 0.2788461537735849 0.7051282050000001 0.27548076886792455 0.7011217949999999 0.27620192264150945 0.7 0.27836538490566043 0.699679486875 0.28317307735849057 0.700480769375 0.28942307735849054 0.704326923125 0.2980769226415095 0.709134615625 0.3045673075471698 0.712980769375 0.3060096150943396 0.715544871875 0.3038461537735849 0.7165064099999999 0.3024038462264151 0.71634615375 0.2985576924528302
1 0.773878205 0.2752403849056604 0.774679486875 0.27139423113207545 0.7741987181250001 0.26370192264150943 0.77227564125 0.25625 0.76474359 0.2439903849056604 0.749679486875 0.23221153867924527 0.7443910256249999 0.23125 0.742628205 0.2319711537735849 0.7400641025 0.23533653867924528 0.7386217949999999 0.24014423113207548 0.736858974375 0.26466346132075474 0.740384615625 0.284375 0.7490384612500001 0.29615384622641505 0.751602564375 0.29759615377358495 0.755929486875 0.29735576886792453 0.76474359 0.29110576886792455 0.7679487181250001 0.2867788462264151 0.773878205 0.2752403849056604
18 0.829326923125 0.4242788462264151 0.829166666875 0.38245192264150946 0.82596153875 0.35745192264150943 0.824198718125 0.3528846150943396 0.82099359 0.34951923113207545 0.814583333125 0.34639423113207546 0.8110576924999999 0.34807692264150947 0.80641025625 0.3524038462264151 0.8033653843749999 0.35721153867924527 0.7961538462500001 0.37283653867924527 0.79391025625 0.3920673075471698 0.79471153875 0.41610576886792455 0.7983974356250001 0.43125 0.8014423075 0.4389423075471698 0.806570513125 0.4427884613207547 0.8139423075000001 0.4451923075471698 0.822916666875 0.44326923113207545 0.8261217949999999 0.43798076886792453 0.829326923125 0.4242788462264151
1 0.70128205125 0.4882211537735849 0.70641025625 0.484375 0.7137820512499999 0.4742788462264151 0.721955128125 0.45120192264150943 0.7205128206249999 0.4466346150943396 0.709455128125 0.43533653867924527 0.69759615375 0.4286057688679245 0.67371794875 0.4266826924528302 0.6701923075 0.42764423113207545 0.6607371793750001 0.4372596150943396 0.6575320512499999 0.4471153849056604 0.657051281875 0.4673076924528302 0.65897435875 0.47451923113207545 0.662179486875 0.4802884613207547 0.66875 0.48605769245283015 0.6775641025 0.49110576886792456 0.680769230625 0.4915865386792453 0.694871795 0.49014423113207545 0.70128205125 0.4882211537735849
1 0.7517628206249999 0.5819711537735849 0.748397435625 0.571875 0.744871795 0.5653846150943396 0.7350961537499999 0.5526442311320754 0.73221153875 0.5507211537735849 0.69903846125 0.5379807688679246 0.69278846125 0.5370192311320754 0.68509615375 0.5408653849056604 0.6834935900000001 0.5552884613207547 0.688621795 0.5762019226415095 0.73621794875 0.6365384613207548 0.747916666875 0.6449519226415095 0.75 0.6439903849056604 0.7536858975 0.6305288462264151 0.75608974375 0.6144230773584906 0.7517628206249999 0.5819711537735849
1 0.71346153875 0.6971153849056604 0.7205128206249999 0.6891826924528301 0.724198718125 0.68125 0.72596153875 0.6737980773584905 0.7258012818749999 0.6617788462264151 0.72403846125 0.6557692311320754 0.722115384375 0.653125 0.716826923125 0.6504807688679246 0.7084935900000001 0.6495192311320754 0.681570513125 0.6586538462264151 0.675 0.6629807688679246 0.6738782050000001 0.6663461537735849 0.6735576925 0.6699519226415095 0.6741987181250001 0.6733173075471699 0.67852564125 0.6838942311320754 0.680608974375 0.6875 0.6892628206249999 0.6975961537735849 0.7046474356250001 0.7004807688679245 0.7088141025 0.6997596150943396 0.71346153875 0.6971153849056604
1 0.599198718125 0.6661057688679246 0.60096153875 0.6579326924528301 0.6 0.6463942311320754 0.5975961537500001 0.6399038462264152 0.594391025625 0.6348557688679246 0.5875 0.6307692311320754 0.5663461537500001 0.6300480773584906 0.56121794875 0.63125 0.554487179375 0.6377403849056604 0.551602564375 0.6463942311320754 0.550801281875 0.6512019226415094 0.551121795 0.6540865386792453 0.552083333125 0.6555288462264152 0.574519230625 0.6783653849056605 0.57996794875 0.6817307688679246 0.584615384375 0.6814903849056604 0.595512820625 0.6737980773584905 0.599198718125 0.6661057688679246
1 0.592628205 0.5134615386792453 0.5951923075 0.5064903849056605 0.5974358975 0.490625 0.597115384375 0.484375 0.594070513125 0.4747596150943396 0.587820513125 0.4663461537735849 0.5681089743750001 0.4653846150943396 0.5644230768749999 0.46778846132075474 0.56025641 0.4740384613207547 0.55753205125 0.4855769226415095 0.556570513125 0.49423076886792455 0.55849359 0.5019230773584905 0.5625 0.5098557688679246 0.569230769375 0.5173076924528301 0.574358974375 0.5209134613207548 0.580448718125 0.5213942311320754 0.587980769375 0.5185096150943396 0.592628205 0.5134615386792453
18 0.535576923125 0.5913461537735849 0.5375 0.584375 0.537019230625 0.5795673075471699 0.50608974375 0.5754807688679245 0.501121795 0.5762019226415095 0.49935897437500004 0.5800480773584905 0.504487179375 0.5913461537735849 0.5125 0.6007211537735849 0.51875 0.6040865386792452 0.521634615625 0.6045673075471698 0.525480769375 0.6033653849056604 0.5302884612500001 0.6 0.535576923125 0.5913461537735849
9 0.44647435874999997 0.49110576886792456 0.445833333125 0.48629807735849057 0.443269230625 0.48245192264150943 0.43221153875 0.4774038462264151 0.427083333125 0.47692307735849054 0.42435897437500003 0.4778846150943396 0.420673076875 0.48221153867924527 0.41987179500000005 0.48581730754716984 0.41971153875 0.4908653849056604 0.42083333312500004 0.49567307735849053 0.423076923125 0.49903846132075474 0.42724359 0.5016826924528301 0.43958333312500003 0.5002403849056604 0.443429486875 0.4987980773584905 0.445833333125 0.4947115386792453 0.44647435874999997 0.49110576886792456
18 0.37644230749999996 0.6228365386792453 0.37884615375 0.6112980773584905 0.380608974375 0.5877403849056604 0.3798076925 0.5838942311320754 0.376923076875 0.5786057688679246 0.369230769375 0.5675480773584906 0.365544871875 0.5634615386792453 0.359615384375 0.5591346150943396 0.35352564125 0.5567307688679246 0.34887820499999994 0.5564903849056604 0.34166666687499997 0.5574519226415094 0.337820513125 0.5598557688679245 0.333333333125 0.5632211537735848 0.3286858975 0.5692307688679246 0.32852564125 0.5762019226415095 0.337820513125 0.6314903849056605 0.350320513125 0.6384615386792453 0.35737179500000005 0.6399038462264152 0.36137820499999995 0.6391826924528301 0.368429486875 0.6348557688679246 0.37483974375 0.6264423075471699 0.37644230749999996 0.6228365386792453