14 0.193269230625 0.2370192311320755 0.186698718125 0.24375 0.178205128125 0.2569711537735849 0.17403846125 0.2658653849056604 0.173878205 0.26754807735849057 0.17772435875 0.2752403849056604 0.18157051312499997 0.27620192264150945 0.198076923125 0.26370192264150943 0.201121795 0.2588942311320755 0.20128205125 0.24783653867924527 0.19775641 0.23966346132075472 0.193269230625 0.2370192311320755
9 0.2724358975 0.2867788462264151 0.268429486875 0.2795673075471698 0.26346153875 0.2742788462264151 0.24967948687500002 0.2920673075471698 0.24615384625 0.29879807735849057 0.24599358999999998 0.3028846150943396 0.248878205 0.3110576924528302 0.252884615625 0.3161057688679245 0.25897435874999997 0.31875 0.26746794875 0.31634615377358494 0.27115384625 0.3028846150943396 0.27227564125000003 0.2951923075471698 0.2724358975 0.2867788462264151
9 0.341826923125 0.19567307735849057 0.3400641025 0.1850961537735849 0.33766025624999996 0.18149038490566038 0.333012820625 0.1798076924528302 0.3275641025 0.18028846132075474 0.318429486875 0.18461538490566037 0.31057692312499996 0.1918269226415094 0.309615384375 0.19399038490566037 0.309134615625 0.1975961537735849 0.3099358975 0.2014423075471698 0.31346153875 0.20673076886792452 0.31746794875 0.20913461509433962 0.33397435875 0.20841346132075472 0.3389423075 0.2048076924528302 0.34102564125 0.20096153867924527 0.341826923125 0.19567307735849057
9 0.49118589749999997 0.16201923113207548 0.49791666687499997 0.1536057688679245 0.5001602562499999 0.14663461509433962 0.5001602562499999 0.1382211537735849 0.49791666687499997 0.13004807735849058 0.49006410250000004 0.1225961537735849 0.45496794875 0.1350961537735849 0.44839743562499995 0.14110576886792453 0.44759615375 0.14254807735849057 0.44663461562499995 0.14975961509433963 0.446794871875 0.15817307735849057 0.449198718125 0.16586538490566038 0.45224359 0.17091346132075472 0.454326923125 0.17331730754716979 0.462820513125 0.1762019226415094 0.474198718125 0.17235576886792453 0.48637820499999995 0.16586538490566038 0.49118589749999997 0.16201923113207548
9 0.60352564125 0.215625 0.59647435875 0.20721153867924527 0.587820513125 0.203125 0.580448718125 0.20336538490566036 0.570512820625 0.20721153867924527 0.56522435875 0.21225961509433963 0.5610576925 0.2204326924528302 0.5608974356249999 0.22475961509433962 0.5625 0.2350961537735849 0.568269230625 0.2451923075471698 0.5956730768749999 0.24807692264150946 0.6038461537500001 0.2382211537735849 0.605769230625 0.23245192264150943 0.605769230625 0.22524038490566037 0.60352564125 0.215625
9 0.626121795 0.4038461537735849 0.627083333125 0.39639423113207545 0.6269230768749999 0.38870192264150943 0.61778846125 0.3752403849056604 0.61153846125 0.37115384622641506 0.60721153875 0.3701923075471698 0.604166666875 0.3716346150943396 0.6025641025 0.37307692264150943 0.60096153875 0.3766826924528302 0.600801281875 0.3810096150943396 0.608173076875 0.40817307735849057 0.6096153843750001 0.4108173075471698 0.6150641025 0.4153846150943396 0.61891025625 0.4153846150943396 0.622115384375 0.4125 0.624679486875 0.40841346132075473 0.626121795 0.4038461537735849
9 0.50849359 0.2992788462264151 0.5076923074999999 0.29423076886792454 0.505769230625 0.29110576886792455 0.501762820625 0.2901442311320755 0.49791666687499997 0.2951923075471698 0.49647435875 0.2985576924528302 0.493108974375 0.30985576886792454 0.494070513125 0.31826923113207545 0.49791666687499997 0.32307692264150945 0.502083333125 0.3235576924528302 0.5046474356249999 0.3221153849056604 0.5073717950000001 0.3177884613207547 0.508173076875 0.3110576924528302 0.50849359 0.2992788462264151
12 0.41987179500000005 0.3891826924528302 0.42371794875 0.3829326924528302 0.42596153875 0.37692307735849057 0.42772435875 0.36875 0.42884615375 0.35745192264150943 0.42932692312500004 0.3439903849056604 0.42868589749999997 0.3370192311320755 0.42371794875 0.3209134613207547 0.41714743562499995 0.30985576886792454 0.40657051312500003 0.3 0.400320513125 0.29639423113207547 0.39358974375 0.2951923075471698 0.38525641 0.29615384622641505 0.379487179375 0.29975961509433957 0.37147435875 0.3064903849056604 0.36522435875 0.3158653849056604 0.35849359 0.3377403849056604 0.35833333312500004 0.3504807688679245 0.36121794875 0.3689903849056604 0.36778846125000003 0.38076923113207545 0.37291666687499997 0.38485576886792455 0.404487179375 0.3954326924528302 0.408173076875 0.39567307735849055 0.41442307687499996 0.39350961509433957 0.41987179500000005 0.3891826924528302
9 0.25 0.43125 0.24727564125 0.4235576924528302 0.24022435875 0.4132211537735849 0.23557692312499998 0.4134615386792453 0.23253205125 0.41610576886792455 0.23076923062500002 0.4204326924528302 0.22884615375 0.43533653867924527 0.2286858975 0.44735576886792455 0.229647435625 0.45120192264150943 0.23605769250000003 0.45625 0.240544871875 0.4567307688679245 0.24519230749999998 0.45504807735849057 0.248878205 0.45096153867924527 0.25128205125 0.44326923113207545 0.25 0.43125
21 0.2963141025 0.5915865386792453 0.287179486875 0.5798076924528301 0.24022435875 0.5276442311320754 0.23621794875 0.5262019226415094 0.201121795 0.5637019226415094 0.200480769375 0.5670673075471698 0.197115384375 0.6550480773584906 0.248237179375 0.6788461537735849 0.251602564375 0.6795673075471699 0.26634615375 0.6776442311320754 0.279166666875 0.6740384613207547 0.28397435875 0.6658653849056604 0.28846153874999997 0.6502403849056604 0.2963141025 0.5915865386792453
6 0.43782051312500003 0.7697115386792452 0.43958333312500003 0.7668269226415094 0.443269230625 0.75625 0.444871795 0.7399038462264151 0.43685897437500004 0.6735576924528301 0.43541666687499997 0.6689903849056604 0.419551281875 0.6425480773584905 0.379647435625 0.5956730773584905 0.36522435875 0.5826923075471698 0.360897435625 0.5817307688679246 0.35352564125 0.5834134613207548 0.35080128187500004 0.5877403849056604 0.345673076875 0.6146634613207548 0.345673076875 0.6223557688679245 0.35096153874999997 0.6507211537735849 0.3713141025 0.7516826924528301 0.40528846125 0.7790865386792453 0.41233974375000004 0.7831730773584905 0.41746794875 0.7838942311320755 0.425480769375 0.7829326924528301 0.43782051312500003 0.7697115386792452
6 0.567628205 0.48605769245283015 0.565865384375 0.48341346132075474 0.54871794875 0.4766826924528302 0.462820513125 0.4966346150943396 0.450480769375 0.5014423075471699 0.43766025625 0.5129807688679245 0.42996794875 0.5252403849056604 0.43108974375000003 0.5447115386792453 0.439423076875 0.5557692311320754 0.45272435875 0.5682692311320754 0.454487179375 0.5694711537735849 0.50625 0.5745192311320754 0.5400641025 0.5331730773584905 0.567628205 0.48605769245283015
9 0.58766025625 0.6838942311320754 0.590384615625 0.6776442311320754 0.59022435875 0.6697115386792453 0.582852564375 0.6608173075471698 0.5777243587499999 0.6567307688679246 0.57227564125 0.6538461537735849 0.560737179375 0.6526442311320754 0.559455128125 0.6533653849056604 0.5588141025 0.6543269226415095 0.559294871875 0.6737980773584905 0.560416666875 0.6771634613207548 0.5641025643750001 0.6826923075471698 0.5681089743750001 0.6867788462264152 0.576121795 0.690625 0.5775641025 0.6901442311320755 0.58766025625 0.6838942311320754
9 0.6032051281249999 0.6882211537735848 0.5935897437500001 0.7009615386792453 0.59375 0.7096153849056605 0.595512820625 0.71875 0.599519230625 0.7254807688679246 0.603365384375 0.7283653849056604 0.637019230625 0.6930288462264151 0.628365384375 0.6754807688679246 0.622916666875 0.6742788462264151 0.6032051281249999 0.6882211537735848
14 0.715544871875 0.5995192311320754 0.70865384625 0.5742788462264151 0.7048076925 0.5728365386792452 0.700320513125 0.5752403849056604 0.697916666875 0.5786057688679246 0.6950320512499999 0.5882211537735849 0.694070513125 0.5959134613207547 0.6977564099999999 0.6072115386792453 0.7051282050000001 0.6137019226415095 0.7088141025 0.6149038462264151 0.712820513125 0.6149038462264151 0.7137820512499999 0.6137019226415095 0.7158653843749999 0.6076923075471699 0.715544871875 0.5995192311320754