9 0.762980769375 0.3524038462264151 0.75977564125 0.35 0.755448718125 0.3492788462264151 0.752083333125 0.3509615386792453 0.7509615387499999 0.3528846150943396 0.750801281875 0.3610576924528302 0.75641025625 0.3689903849056604 0.75977564125 0.3709134613207547 0.76378205125 0.3701923075471698 0.765705128125 0.3682692311320755 0.766666666875 0.3653846150943396 0.766666666875 0.3610576924528302 0.762980769375 0.3524038462264151
1 0.64246794875 0.2319711537735849 0.64471153875 0.2211538462264151 0.64503205125 0.20504807735849057 0.64246794875 0.1961538462264151 0.63846153875 0.1951923075471698 0.634134615625 0.19711538490566038 0.603365384375 0.2204326924528302 0.605448718125 0.24423076886792452 0.607852564375 0.25192307735849057 0.6155448718750001 0.2569711537735849 0.623237179375 0.2569711537735849 0.631570513125 0.25192307735849057 0.639583333125 0.24014423113207548 0.64246794875 0.2319711537735849
11 0.37275641 0.31153846132075474 0.36971153875 0.3141826924528302 0.364262820625 0.32235576886792455 0.36009615375000004 0.3298076924528302 0.36041666687499996 0.3360576924528302 0.36121794875 0.3382211537735849 0.37564102562499996 0.3245192311320755 0.37836538437500006 0.3192307688679245 0.3786858975 0.31346153867924526 0.376923076875 0.31033653867924527 0.37275641 0.31153846132075474
9 0.37740384624999995 0.3370192311320755 0.37532051312500003 0.3370192311320755 0.37291666687499997 0.3384615386792453 0.369230769375 0.34567307735849057 0.368429486875 0.3492788462264151 0.369230769375 0.35745192264150943 0.371794871875 0.3627403849056604 0.37467948687499997 0.3627403849056604 0.37708333312500003 0.359375 0.3786858975 0.3533653849056604 0.379166666875 0.3413461537735849 0.37740384624999995 0.3370192311320755
20 0.51025641 0.35192307735849054 0.505929486875 0.3451923075471698 0.501762820625 0.3435096150943396 0.462179486875 0.3610576924528302 0.4625 0.36514423113207545 0.48237179500000005 0.4108173075471698 0.49086538437500005 0.4216346150943396 0.510416666875 0.4216346150943396 0.514262820625 0.41971153867924527 0.515705128125 0.3810096150943396 0.5153846156249999 0.3725961537735849 0.51025641 0.35192307735849054
20 0.430128205 0.5721153849056604 0.428205128125 0.5646634613207547 0.420512820625 0.5490384613207547 0.411858974375 0.5372596150943396 0.404326923125 0.5346153849056604 0.39807692312500004 0.5355769226415095 0.396794871875 0.5370192311320754 0.39503205125 0.5459134613207547 0.394871795 0.5487980773584905 0.403044871875 0.603125 0.40576923062500003 0.6100961537735848 0.408012820625 0.6132211537735849 0.42387820499999995 0.6137019226415095 0.4264423075 0.6112980773584905 0.42996794875 0.5805288462264151 0.430128205 0.5721153849056604
1 0.519391025625 0.5175480773584905 0.518429486875 0.5141826924528301 0.50224359 0.49783653867924527 0.49775641 0.49447115377358486 0.49391025624999996 0.49423076886792455 0.49134615375 0.4966346150943396 0.48814102562499995 0.5021634613207547 0.48445512812499997 0.5129807688679245 0.48429487187500003 0.5180288462264151 0.48717948687499996 0.5288461537735849 0.49022435875 0.5331730773584905 0.494391025625 0.5362980773584906 0.50128205125 0.5387019226415094 0.505929486875 0.5377403849056605 0.51233974375 0.5331730773584905 0.519391025625 0.5175480773584905
2 0.6698717949999999 0.4903846150943396 0.6838141025 0.46682692264150943 0.688141025625 0.4548076924528302 0.6892628206249999 0.4463942311320755 0.689583333125 0.43557692264150943 0.688621795 0.4206730773584905 0.679326923125 0.37716346132075473 0.676602564375 0.3689903849056604 0.67371794875 0.3641826924528302 0.6698717949999999 0.36370192264150947 0.66875 0.36514423113207545 0.609294871875 0.48990384622641514 0.610416666875 0.4939903849056604 0.613621795 0.49783653867924527 0.6230769231250001 0.5043269226415095 0.638621795 0.5079326924528301 0.650320513125 0.5052884613207548 0.65865384625 0.5012019226415094 0.6698717949999999 0.4903846150943396
12 0.50608974375 0.7127403849056604 0.514102564375 0.7088942311320754 0.520833333125 0.7026442311320754 0.525480769375 0.6935096150943396 0.52900641 0.678125 0.528365384375 0.6653846150943395 0.5256410256249999 0.6579326924528301 0.521634615625 0.6548076924528301 0.5125 0.653125 0.46666666687499997 0.6540865386792453 0.459294871875 0.6723557688679246 0.45977564125000003 0.6776442311320754 0.46266025624999996 0.6853365386792453 0.470512820625 0.6978365386792452 0.478044871875 0.7050480773584905 0.48237179500000005 0.7076923075471698 0.48990384625 0.7112980773584906 0.49791666687499997 0.7132211537735849 0.50608974375 0.7127403849056604
12 0.712980769375 0.6915865386792452 0.712820513125 0.6841346150943396 0.709134615625 0.6706730773584906 0.70496794875 0.6625 0.7011217949999999 0.6579326924528301 0.69727564125 0.6540865386792453 0.69102564125 0.6502403849056604 0.685897435625 0.6485576924528301 0.6772435900000001 0.6492788462264151 0.6738782050000001 0.6509615386792452 0.67003205125 0.659375 0.669391025625 0.6639423075471699 0.6701923075 0.6735576924528301 0.688301281875 0.7132211537735849 0.6931089743750001 0.7177884613207547 0.699679486875 0.7180288462264152 0.70528846125 0.7144230773584905 0.709134615625 0.709375 0.712019230625 0.7002403849056604 0.712980769375 0.6915865386792452
9 0.815544871875 0.6336538462264151 0.8126602562499999 0.6254807688679246 0.806570513125 0.6197115386792452 0.8025641025 0.6209134613207548 0.8011217949999999 0.6247596150943396 0.80128205125 0.6288461537735849 0.8041666668749999 0.6423076924528301 0.805608974375 0.6459134613207548 0.810416666875 0.6514423075471698 0.814423076875 0.6504807688679246 0.81602564125 0.6432692311320755 0.81602564125 0.6375 0.815544871875 0.6336538462264151