20 0.365544871875 0.19254807735849058 0.34166666687499997 0.17403846132075473 0.33862179500000006 0.17331730754716979 0.31474359 0.16971153867924527 0.3025641025 0.1701923075471698 0.294070513125 0.18076923113207546 0.29182692312499997 0.18870192264150942 0.29182692312499997 0.19399038490566037 0.295352564375 0.2024038462264151 0.29871794875 0.20600961509433963 0.30977564125 0.2117788462264151 0.35737179500000005 0.20985576886792454 0.37099359 0.20096153867924527 0.370352564375 0.19711538490566038 0.365544871875 0.19254807735849058
1 0.48125 0.09951923113207548 0.478205128125 0.09519230754716981 0.473397435625 0.09375 0.46666666687499997 0.0959134613207547 0.45785256437500005 0.10264423113207548 0.44182692312500005 0.12283653867924528 0.43637820499999996 0.134375 0.435737179375 0.1382211537735849 0.43509615375000005 0.15024038490566038 0.435576923125 0.15432692264150943 0.43685897437500004 0.1588942311320755 0.443269230625 0.1692307688679245 0.44743589749999996 0.171875 0.46666666687499997 0.17139423113207547 0.480929486875 0.10769230754716981 0.48125 0.09951923113207548
20 0.5605769231250001 0.17548076886792452 0.55272435875 0.17548076886792452 0.53653846125 0.1798076924528302 0.515705128125 0.20096153867924527 0.513621795 0.20408653867924528 0.50977564125 0.22475961509433962 0.50977564125 0.23389423113207547 0.5331730768749999 0.2564903849056604 0.556570513125 0.24639423113207548 0.576602564375 0.22067307735849057 0.574198718125 0.19711538490566038 0.57227564125 0.18942307735849057 0.56378205125 0.17764423113207548 0.5605769231250001 0.17548076886792452
1 0.6741987181250001 0.3663461537735849 0.6741987181250001 0.35889423113207547 0.671634615625 0.3490384613207547 0.6584935900000001 0.3377403849056604 0.650320513125 0.3367788462264151 0.6487179487500001 0.33798076886792455 0.6455128206249999 0.34182692264150943 0.640384615625 0.353125 0.638621795 0.37692307735849057 0.6411858975 0.3923076924528302 0.64246794875 0.39375 0.6544871793750001 0.3923076924528302 0.6649038462500001 0.38846153867924527 0.670512820625 0.38076923113207545 0.673237179375 0.37283653867924527 0.6741987181250001 0.3663461537735849
1 0.592628205 0.3850961537735849 0.5849358975 0.37596153867924526 0.57900641 0.37307692264150943 0.5724358975 0.37572115377358495 0.560416666875 0.38317307735849054 0.556730769375 0.38846153867924527 0.5530448718750001 0.39639423113207545 0.54871794875 0.4096153849056604 0.548237179375 0.4122596150943396 0.55128205125 0.41899038490566043 0.576121795 0.4326923075471698 0.59727564125 0.4134615386792453 0.5983974356249999 0.4117788462264151 0.599519230625 0.40408653867924527 0.596634615625 0.39254807735849057 0.592628205 0.3850961537735849
1 0.46746794875 0.3257211537735849 0.45881410250000004 0.3194711537735849 0.446794871875 0.3173076924528302 0.434455128125 0.3204326924528302 0.42724359 0.325 0.415544871875 0.34182692264150943 0.41538461562499995 0.34567307735849057 0.41634615375 0.3473557688679245 0.42788461562499996 0.3490384613207547 0.466826923125 0.34591346132075473 0.4713141025 0.3435096150943396 0.471955128125 0.34086538490566043 0.47083333312500003 0.3336538462264151 0.46746794875 0.3257211537735849
1 0.292948718125 0.37596153867924526 0.306570513125 0.3497596150943396 0.309294871875 0.34158653867924527 0.310737179375 0.33317307735849055 0.306891025625 0.3197115386792453 0.302884615625 0.3127403849056604 0.298237179375 0.3069711537735849 0.29102564125 0.3033653849056604 0.286858974375 0.3064903849056604 0.26378205125 0.33004807735849057 0.25625 0.3677884613207547 0.256570513125 0.3774038462264151 0.258173076875 0.38076923113207545 0.263621795 0.3860576924528302 0.27115384625 0.38846153867924527 0.275480769375 0.3882211537735849 0.28221153875 0.3858173075471698 0.288621795 0.38076923113207545 0.292948718125 0.37596153867924526
1 0.41378205125 0.4358173075471698 0.412820513125 0.4322115386792453 0.409455128125 0.4283653849056604 0.40400641 0.4286057688679245 0.396955128125 0.4389423075471698 0.395673076875 0.4463942311320755 0.3951923075 0.4632211537735849 0.39711538437500005 0.47067307735849057 0.40016025624999996 0.4740384613207547 0.40272435875 0.4747596150943396 0.40512820499999996 0.47451923113207545 0.409294871875 0.4711538462264151 0.41137820499999994 0.46658653867924527 0.41378205125 0.4358173075471698
1 0.283012820625 0.6598557688679246 0.28653846125 0.6540865386792453 0.28733974375 0.6502403849056604 0.28477564125 0.6456730773584906 0.259294871875 0.6134615386792452 0.24791666687500002 0.6036057688679246 0.24358974374999998 0.6024038462264151 0.239423076875 0.6158653849056605 0.239262820625 0.6223557688679245 0.2400641025 0.6283653849056604 0.24342948687500002 0.6394230773584906 0.24791666687500002 0.6492788462264151 0.266666666875 0.6625 0.27099359 0.6644230773584906 0.27980769250000004 0.6620192311320754 0.283012820625 0.6598557688679246
13 0.35336538437500004 0.5391826924528301 0.35080128187500004 0.5408653849056604 0.350320513125 0.5490384613207547 0.35128205125 0.5567307688679246 0.35288461562499995 0.5605769226415095 0.36634615375 0.5475961537735848 0.36778846125000003 0.5449519226415095 0.3673076925 0.5408653849056604 0.36522435875 0.5389423075471699 0.35336538437500004 0.5391826924528301
15 0.426762820625 0.6853365386792453 0.42660256437500005 0.6819711537735849 0.42387820499999995 0.6786057688679246 0.419551281875 0.6759615386792452 0.40865384624999995 0.671875 0.400320513125 0.6713942311320754 0.39647435875 0.6735576924528301 0.39310897437500003 0.6776442311320754 0.390384615625 0.6817307688679246 0.38862179500000005 0.6889423075471699 0.38733974375 0.6966346150943395 0.38846153875 0.7036057688679246 0.3923076925 0.7074519226415095 0.396794871875 0.7079326924528302 0.400320513125 0.7067307688679246 0.415705128125 0.696875 0.42516025625 0.6877403849056604 0.426762820625 0.6853365386792453
1 0.5525641025 0.6069711537735849 0.552884615625 0.5995192311320754 0.54983974375 0.5875 0.546955128125 0.5831730773584906 0.5411858975 0.5790865386792453 0.535416666875 0.5798076924528301 0.529166666875 0.5889423075471698 0.5211538462499999 0.6153846150943396 0.519230769375 0.6230769226415095 0.5213141025 0.6271634613207547 0.529166666875 0.6295673075471698 0.53349359 0.6293269226415095 0.540865384375 0.6278846150943396 0.5451923075 0.6257211537735848 0.550641025625 0.615625 0.5525641025 0.6069711537735849
6 0.6269230768749999 0.5199519226415095 0.611858974375 0.5007211537735848 0.605608974375 0.5019230773584905 0.60352564125 0.5052884613207548 0.599519230625 0.5442307688679245 0.596955128125 0.5838942311320754 0.6150641025 0.6278846150943396 0.6224358975 0.6307692311320754 0.62740384625 0.6293269226415095 0.629326923125 0.6269230773584905 0.635897435625 0.5956730773584905 0.6360576925 0.5783653849056604 0.6269230768749999 0.5199519226415095