9 0.410737179375 0.44807692264150945 0.40961538437500006 0.43942307735849057 0.408173076875 0.43653846132075474 0.40560897437500004 0.43557692264150943 0.39631410250000004 0.43557692264150943 0.39246794875 0.4391826924528302 0.385737179375 0.45384615377358495 0.385737179375 0.45889423113207545 0.38878205125 0.46778846132075474 0.39262820499999995 0.46875 0.39647435875 0.4670673075471698 0.404326923125 0.4608173075471698 0.408173076875 0.45600961509433957 0.410416666875 0.45096153867924527 0.410737179375 0.44807692264150945
6 0.751923076875 0.28389423113207546 0.7543269231249999 0.2752403849056604 0.7543269231249999 0.27139423113207545 0.74759615375 0.2439903849056604 0.745352564375 0.24014423113207548 0.638621795 0.16899038490566037 0.630769230625 0.16850961509433962 0.626762820625 0.18173076886792452 0.6266025643750001 0.19399038490566037 0.62772435875 0.20096153867924527 0.638621795 0.2350961537735849 0.6650641025 0.2944711537735849 0.702083333125 0.32596153867924527 0.706570513125 0.32620192264150943 0.715544871875 0.3221153849056604 0.751923076875 0.28389423113207546
9 0.664423076875 0.4115384613207547 0.658173076875 0.40673076886792453 0.654166666875 0.40697115377358495 0.64983974375 0.4096153849056604 0.6479166668749999 0.41370192264150946 0.64775641 0.41923076886792454 0.649519230625 0.4242788462264151 0.662179486875 0.44038461509433957 0.6661858975 0.44326923113207545 0.67099359 0.44014423113207546 0.671955128125 0.43533653867924527 0.670673076875 0.421875 0.664423076875 0.4115384613207547
9 0.7290064099999999 0.6814903849056604 0.72852564125 0.6649038462264151 0.72596153875 0.6543269226415095 0.724519230625 0.6524038462264151 0.72147435875 0.6516826924528302 0.716826923125 0.6526442311320754 0.712019230625 0.6581730773584905 0.7104166668749999 0.6639423075471699 0.710576923125 0.6733173075471699 0.7142628206249999 0.6879807688679246 0.717147435625 0.6932692311320754 0.719230769375 0.6951923075471699 0.7205128206249999 0.6961538462264151 0.724679486875 0.6959134613207547 0.726923076875 0.6932692311320754 0.7290064099999999 0.6814903849056604
9 0.58766025625 0.6403846150943396 0.584134615625 0.6377403849056604 0.578205128125 0.6379807688679245 0.575641025625 0.6399038462264152 0.571634615625 0.6478365386792453 0.572115384375 0.6598557688679246 0.583012820625 0.6778846150943396 0.587980769375 0.6800480773584906 0.5918269231250001 0.6778846150943396 0.5945512818750001 0.6737980773584905 0.594391025625 0.6615384613207548 0.591666666875 0.6504807688679246 0.58766025625 0.6403846150943396
14 0.545833333125 0.34278846132075474 0.543108974375 0.33942307735849053 0.536698718125 0.3391826924528302 0.50753205125 0.36514423113207545 0.514262820625 0.371875 0.52147435875 0.3762019226415095 0.52516025625 0.37716346132075473 0.5411858975 0.3665865386792453 0.54503205125 0.3605769226415095 0.546794871875 0.3454326924528302 0.545833333125 0.34278846132075474
9 0.389423076875 0.3533653849056604 0.38653846125 0.3471153849056604 0.380769230625 0.34278846132075474 0.376923076875 0.3449519226415095 0.36987179500000006 0.3524038462264151 0.36746794875 0.35673076886792454 0.36602564125000003 0.3625 0.36618589749999997 0.3689903849056604 0.369230769375 0.37596153867924526 0.3724358975 0.378125 0.37708333312500003 0.37716346132075473 0.384455128125 0.3697115386792453 0.38814102562499997 0.3634615386792453 0.38990384624999996 0.35745192264150943 0.389423076875 0.3533653849056604
9 0.482051281875 0.4322115386792453 0.48060897437500005 0.42379807735849057 0.474679486875 0.41971153867924527 0.45897435875 0.4216346150943396 0.45352564125 0.4252403849056604 0.45016025625 0.4314903849056604 0.45 0.43557692264150943 0.45240384624999996 0.4430288462264151 0.45496794875 0.446875 0.45881410250000004 0.44879807735849053 0.462980769375 0.4485576924528302 0.478205128125 0.44182692264150947 0.48189102562499997 0.43557692264150943 0.482051281875 0.4322115386792453
9 0.3400641025 0.48605769245283015 0.332051281875 0.48052884622641506 0.31746794875 0.47932692264150945 0.311378205 0.4819711537735849 0.31009615375 0.4841346150943396 0.308173076875 0.49134615377358487 0.308012820625 0.49423076886792455 0.309455128125 0.5019230773584905 0.31298076937499997 0.5076923075471699 0.3150641025 0.5084134613207547 0.33349359 0.5033653849056604 0.34038461562499994 0.4963942311320754 0.3411858975 0.4896634613207547 0.3400641025 0.48605769245283015
6 0.402083333125 0.7088942311320754 0.409134615625 0.6663461537735849 0.40240384625 0.6151442311320754 0.401602564375 0.6110576924528301 0.400320513125 0.609375 0.337820513125 0.6040865386792452 0.27147435875 0.6024038462264151 0.2639423075 0.6151442311320754 0.25496794875 0.6372596150943396 0.26153846125 0.7088942311320754 0.263621795 0.7117788462264151 0.275 0.7206730773584905 0.282051281875 0.7245192311320754 0.290865384375 0.7278846150943395 0.314262820625 0.7331730773584906 0.39262820499999995 0.7346153849056604 0.402083333125 0.7088942311320754
9 0.45977564125000003 0.6538461537735849 0.45512820499999995 0.6502403849056604 0.451762820625 0.6495192311320754 0.449519230625 0.6502403849056604 0.44551282062500003 0.6538461537735849 0.444070513125 0.6615384613207548 0.4423076925 0.6814903849056604 0.4423076925 0.6858173075471699 0.44711538437500004 0.6915865386792452 0.45528846125 0.6935096150943396 0.457371795 0.6908653849056604 0.462980769375 0.6742788462264151 0.46346153875 0.6709134613207547 0.462820513125 0.6617788462264151 0.45977564125000003 0.6538461537735849
9 0.50897435875 0.7221153849056604 0.49358974375000003 0.7189903849056604 0.48733974375 0.7225961537735849 0.48237179500000005 0.7310096150943396 0.48237179500000005 0.7362980773584905 0.48766025625 0.7439903849056604 0.494070513125 0.7487980773584906 0.505929486875 0.7473557688679245 0.51153846125 0.74375 0.513621795 0.740625 0.513621795 0.7322115386792453 0.50897435875 0.7221153849056604
9 0.494070513125 0.5538461537735849 0.49150641 0.5480769226415094 0.49006410250000004 0.5463942311320754 0.486698718125 0.5454326924528301 0.474358974375 0.5449519226415095 0.47083333312500003 0.5461538462264152 0.46762820499999996 0.5487980773584905 0.465865384375 0.5550480773584906 0.46666666687499997 0.5603365386792453 0.47019230749999996 0.5651442311320755 0.47852564125 0.5713942311320754 0.482051281875 0.5725961537735849 0.49006410250000004 0.5697115386792453 0.493269230625 0.5653846150943396 0.49471153875 0.5610576924528301 0.494070513125 0.5538461537735849