13 0.564453125 0.3090820311320755 0.564453125 0.3178710933962264 0.5673828125 0.3222656245283019 0.580078125 0.3120117188679245 0.580078125 0.3090820311320755 0.5791015625 0.30761718773584906 0.5654296875 0.30761718773584906 0.564453125 0.3090820311320755
7 0.54102564125 0.1848557688679245 0.53878205125 0.18149038490566038 0.536698718125 0.18100961509433963 0.529166666875 0.1836538462264151 0.52403846125 0.1899038462264151 0.523076923125 0.1923076924528302 0.52259615375 0.20673076886792452 0.523076923125 0.20889423113207548 0.526121795 0.2132211537735849 0.52852564125 0.21538461509433962 0.5338141025 0.2170673075471698 0.537179486875 0.21658653867924527 0.540544871875 0.21274038490566038 0.54102564125 0.1848557688679245
21 0.309134615625 0.3358173075471698 0.31490384625 0.33004807735849057 0.369070513125 0.2274038462264151 0.370833333125 0.22067307735849057 0.38525641 0.10745192264150943 0.38461538437500004 0.10120192264150944 0.30272435875 0.14038461509433964 0.29871794875 0.14375 0.274519230625 0.18774038490566036 0.27083333312499996 0.19591346132075474 0.25977564125 0.22716346132075474 0.25849359 0.23245192264150943 0.25801282062500003 0.24014423113207548 0.25849359 0.2673076924528302 0.259615384375 0.27932692264150943 0.27932692312499996 0.3278846150943396 0.28269230749999996 0.33389423113207545 0.28926282062500003 0.3396634613207547 0.294871795 0.34158653867924527 0.298237179375 0.3413461537735849 0.309134615625 0.3358173075471698
20 0.5719551281249999 0.060096153773584904 0.5644230768749999 0.04855769245283019 0.55641025625 0.040625 0.550641025625 0.03798076886792452 0.54471153875 0.03798076886792452 0.542948718125 0.03918269245283019 0.5389423074999999 0.04471153867924528 0.53733974375 0.05625 0.537179486875 0.06418269245283019 0.5411858975 0.07211538490566037 0.54871794875 0.08293269245283019 0.572115384375 0.10192307735849056 0.5735576925 0.10120192264150944 0.5838141025 0.08774038490566037 0.583333333125 0.08269230754716982 0.5719551281249999 0.060096153773584904
3 0.735576923125 0.14639423113207548 0.735416666875 0.1430288462264151 0.698397435625 0.04735576886792452 0.697115384375 0.04639423113207548 0.636698718125 0.06442307735849057 0.61522435875 0.08774038490566037 0.60272435875 0.11081730754716981 0.601762820625 0.1617788462264151 0.63253205125 0.2439903849056604 0.64647435875 0.2560096150943396 0.70496794875 0.27836538490566043 0.712820513125 0.2757211537735849 0.716666666875 0.2721153849056604 0.719230769375 0.259375 0.735576923125 0.14639423113207548
1 0.790865384375 0.3649038462264151 0.79503205125 0.35841346132075474 0.79775641 0.3504807688679245 0.799519230625 0.3420673075471698 0.799519230625 0.33389423113207545 0.796955128125 0.33004807735849057 0.787179486875 0.3216346150943396 0.783173076875 0.32067307735849054 0.765705128125 0.32427884622641506 0.7613782050000001 0.3264423075471698 0.758012820625 0.33389423113207545 0.75897435875 0.34375 0.760897435625 0.3533653849056604 0.766987179375 0.3689903849056604 0.775 0.3716346150943396 0.779326923125 0.371875 0.783173076875 0.37067307735849053 0.790865384375 0.3649038462264151
21 0.6761217949999999 0.38076923113207545 0.6764423075 0.37692307735849057 0.6735576925 0.34567307735849057 0.6668269231249999 0.33389423113207545 0.658173076875 0.3209134613207547 0.654166666875 0.3211538462264151 0.644551281875 0.32596153867924527 0.635737179375 0.33317307735849055 0.630769230625 0.3377403849056604 0.63141025625 0.34182692264150943 0.6463141025 0.3802884613207547 0.6491987181250001 0.38485576886792455 0.654166666875 0.3894230773584905 0.6698717949999999 0.39326923113207546 0.671634615625 0.39254807735849057 0.6761217949999999 0.38076923113207545
11 0.459455128125 0.2865384613207547 0.458173076875 0.2891826924528302 0.458333333125 0.29639423113207547 0.46057692312500004 0.3016826924528302 0.465865384375 0.30504807735849054 0.47083333312500003 0.3033653849056604 0.4724358975 0.29903846132075473 0.471955128125 0.2971153849056604 0.462820513125 0.2858173075471698 0.459455128125 0.2865384613207547
11 0.5160256412500001 0.2560096150943396 0.513621795 0.25288461509433957 0.5094551281249999 0.2533653849056604 0.5076923074999999 0.2552884613207547 0.512179486875 0.2795673075471698 0.5152243587499999 0.28413461509433957 0.51778846125 0.28509615377358494 0.5201923075 0.28389423113207546 0.5217948718750001 0.28125 0.5224358975 0.2745192311320755 0.51971153875 0.26370192264150943 0.5160256412500001 0.2560096150943396
21 0.474198718125 0.49423076886792455 0.46875 0.3918269226415095 0.466826923125 0.3882211537735849 0.443269230625 0.3725961537735849 0.43477564125 0.36923076886792455 0.428205128125 0.3680288462264151 0.41602564125 0.3689903849056604 0.40016025624999996 0.37451923113207547 0.37996794875 0.3908653849056604 0.36506410250000004 0.40817307735849057 0.34102564125 0.4670673075471698 0.33060897437500003 0.5064903849056605 0.32596153875 0.5382211537735849 0.325801281875 0.5447115386792453 0.32772435875 0.5567307688679246 0.33413461562499996 0.5838942311320754 0.34134615375000005 0.5980769226415095 0.35336538437500004 0.6033653849056604 0.43541666687499997 0.5877403849056604 0.439423076875 0.5838942311320754 0.474198718125 0.49423076886792455
1 0.31009615375 0.6389423075471699 0.30352564125000003 0.6295673075471698 0.29503205125 0.6240384613207547 0.2875 0.6235576924528301 0.280608974375 0.6259615386792453 0.278365384375 0.6278846150943396 0.271794871875 0.6384615386792453 0.271955128125 0.6545673075471699 0.27259615375 0.6576923075471699 0.274519230625 0.659375 0.2951923075 0.6661057688679246 0.30400641 0.6627403849056605 0.3125 0.6540865386792453 0.31298076937499997 0.6463942311320754 0.31009615375 0.6389423075471699
20 0.518108974375 0.6939903849056605 0.51746794875 0.6829326924528302 0.481730769375 0.6786057688679246 0.474358974375 0.68125 0.47147435875 0.6855769226415095 0.47083333312500003 0.6891826924528301 0.47115384624999995 0.6944711537735849 0.478205128125 0.7086538462264151 0.48621794875 0.7211538462264151 0.5099358975 0.715625 0.513621795 0.7112980773584906 0.51746794875 0.7004807688679245 0.518108974375 0.6939903849056605
9 0.630769230625 0.7360576924528301 0.6548076924999999 0.6894230773584905 0.655448718125 0.6858173075471699 0.654166666875 0.6831730773584905 0.582852564375 0.6543269226415095 0.5764423075 0.6545673075471699 0.573878205 0.6581730773584905 0.57275641 0.6620192311320754 0.573878205 0.6697115386792453 0.5786858975 0.6841346150943396 0.581730769375 0.6896634613207547 0.610576923125 0.7257211537735849 0.61971153875 0.7326923075471699 0.6269230768749999 0.7358173075471699 0.630769230625 0.7360576924528301
13 0.7421474356250001 0.7473557688679245 0.7421474356250001 0.7427884613207547 0.740384615625 0.7276442311320754 0.70496794875 0.6908653849056604 0.66971153875 0.6896634613207547 0.665865384375 0.6923076924528302 0.6637820512499999 0.6971153849056604 0.661698718125 0.7122596150943395 0.660416666875 0.7605769226415094 0.662019230625 0.7663461537735848 0.6661858975 0.7713942311320754 0.67740384625 0.7757211537735849 0.720673076875 0.7740384613207547 0.7326923075 0.7665865386792453 0.740705128125 0.7557692311320754 0.7421474356250001 0.7473557688679245
4 0.631730769375 0.5721153849056604 0.63253205125 0.5634615386792453 0.630769230625 0.5521634613207548 0.62371794875 0.5432692311320754 0.619070513125 0.5396634613207547 0.556570513125 0.5276442311320754 0.5536858975 0.5286057688679245 0.552884615625 0.5290865386792453 0.55625 0.5370192311320754 0.571794871875 0.5576923075471698 0.58028846125 0.5641826924528301 0.613621795 0.5838942311320754 0.623878205 0.5838942311320754 0.626762820625 0.5807692311320755 0.631730769375 0.5721153849056604
20 0.711858974375 0.5603365386792453 0.7096153843749999 0.5370192311320754 0.7051282050000001 0.5211538462264151 0.6931089743750001 0.5129807688679245 0.658173076875 0.49807692264150943 0.65384615375 0.5096153849056604 0.657051281875 0.5324519226415094 0.660897435625 0.5411057688679246 0.681570513125 0.5723557688679246 0.7051282050000001 0.5706730773584906 0.70897435875 0.5682692311320754 0.71153846125 0.5646634613207547 0.711858974375 0.5603365386792453
1 0.7599358975 0.6197115386792452 0.7625 0.6117788462264151 0.76266025625 0.6036057688679246 0.76121794875 0.5942307688679246 0.7583333331250001 0.5877403849056604 0.7556089743750001 0.5853365386792453 0.747916666875 0.584375 0.7429487181250001 0.5865384613207547 0.7397435900000001 0.5896634613207548 0.734294871875 0.5992788462264151 0.7323717949999999 0.6036057688679246 0.7328525643749999 0.6153846150943396 0.7358974356250001 0.6266826924528301 0.738141025625 0.6324519226415094 0.7397435900000001 0.634375 0.7471153843749999 0.6346153849056604 0.7517628206249999 0.6314903849056605 0.7599358975 0.6197115386792452
9 0.7841346156250001 0.5067307688679246 0.783333333125 0.5019230773584905 0.7783653843749999 0.49110576886792456 0.75977564125 0.46971153867924526 0.744070513125 0.4759615386792453 0.739583333125 0.4790865386792453 0.7389423075 0.48341346132075474 0.742628205 0.5081730773584906 0.749358974375 0.5252403849056604 0.753205128125 0.5290865386792453 0.764423076875 0.5290865386792453 0.771634615625 0.5257211537735849 0.779326923125 0.5182692311320755 0.7841346156250001 0.5067307688679246