1 0.39919871812499996 0.21514423113207548 0.39647435875 0.20120192264150943 0.39262820499999995 0.19735576886792452 0.38846153875 0.19639423113207546 0.376602564375 0.1985576924528302 0.36698717937499997 0.21346153867924528 0.36586538437500005 0.21730769245283021 0.36586538437500005 0.22932692264150942 0.368269230625 0.2387019226415094 0.375801281875 0.2497596150943396 0.38253205125 0.2514423075471698 0.38493589749999996 0.25096153867924526 0.387019230625 0.24903846132075472 0.39246794875 0.24086538490566037 0.39919871812499996 0.21514423113207548
14 0.485897435625 0.1545673075471698 0.47788461562499995 0.15336538490566037 0.474519230625 0.15528846132075472 0.47275641 0.15817307735849057 0.47003205125 0.17043269245283021 0.470512820625 0.1774038462264151 0.474519230625 0.18389423113207548 0.49022435875 0.184375 0.49182692312500004 0.18173076886792452 0.49214743562499996 0.1774038462264151 0.489262820625 0.16201923113207548 0.487820513125 0.15721153867924528 0.485897435625 0.1545673075471698
1 0.61746794875 0.15432692264150943 0.6161858975 0.14663461509433962 0.606891025625 0.11514423113207548 0.60272435875 0.10745192264150943 0.595833333125 0.10096153867924529 0.589583333125 0.10120192264150944 0.5854166668749999 0.1072115386792453 0.58349359 0.11658653867924529 0.58397435875 0.13653846132075473 0.5860576925000001 0.1461538462264151 0.5911858975 0.15504807735849058 0.5983974356249999 0.16033653867924527 0.603044871875 0.16201923113207548 0.61121794875 0.1608173075471698 0.6161858975 0.15745192264150942 0.61746794875 0.15432692264150943
3 0.6669871793750001 0.22836538490566038 0.66602564125 0.22692307735849057 0.6110576925 0.20096153867924527 0.607371795 0.2 0.601762820625 0.20096153867924527 0.576121795 0.2086538462264151 0.605128205 0.2524038462264151 0.61121794875 0.2560096150943396 0.630769230625 0.2608173075471698 0.6625 0.26370192264150943 0.663621795 0.2632211537735849 0.67099359 0.2514423075471698 0.671794871875 0.24807692264150946 0.6669871793750001 0.22836538490566038
1 0.7544871793750001 0.4314903849056604 0.75528846125 0.4271634613207547 0.754647435625 0.4153846150943396 0.750320513125 0.4045673075471698 0.7451923075000001 0.4 0.7405448718750001 0.3983173075471698 0.73253205125 0.3992788462264151 0.726762820625 0.4026442311320755 0.7200320512499999 0.4108173075471698 0.7161858975 0.41995192264150943 0.715705128125 0.4295673075471698 0.71602564125 0.43942307735849057 0.7185897437500001 0.4471153849056604 0.7205128206249999 0.4490384613207547 0.723397435625 0.4497596150943396 0.7282051281249999 0.44879807735849053 0.733173076875 0.446875 0.753365384375 0.43317307735849053 0.7544871793750001 0.4314903849056604
12 0.65977564125 0.7050480773584905 0.735416666875 0.709375 0.752083333125 0.7069711537735849 0.766826923125 0.6923076924528302 0.775480769375 0.6783653849056605 0.780128205 0.6668269226415094 0.7838141025 0.6536057688679245 0.7860576924999999 0.6353365386792452 0.7862179487500001 0.6264423075471699 0.7849358975 0.6115384613207547 0.7802884612500001 0.5882211537735849 0.7772435900000001 0.5793269226415094 0.768429486875 0.5639423075471699 0.755929486875 0.5485576924528301 0.748076923125 0.5425480773584905 0.7328525643749999 0.5362980773584906 0.723397435625 0.5360576924528302 0.70096153875 0.54375 0.6852564099999999 0.5526442311320754 0.6698717949999999 0.5634615386792453 0.654166666875 0.5790865386792453 0.6426282050000001 0.5956730773584905 0.634134615625 0.6201923075471698 0.6338141025 0.6435096150943396 0.6344551281249999 0.6545673075471699 0.637820513125 0.6740384613207547 0.641987179375 0.6882211537735848 0.6463141025 0.6956730773584906 0.6506410256249999 0.7009615386792453 0.654326923125 0.7043269226415094 0.65977564125 0.7050480773584905
1 0.674519230625 0.3841346150943396 0.668269230625 0.37283653867924527 0.658173076875 0.3677884613207547 0.654326923125 0.3680288462264151 0.649519230625 0.3709134613207547 0.639423076875 0.38629807735849053 0.638621795 0.3882211537735849 0.638621795 0.39134615377358495 0.63974359 0.40817307735849057 0.6463141025 0.4151442311320755 0.6735576925 0.40120192264150945 0.674519230625 0.4002403849056604 0.6767628206249999 0.39254807735849057 0.674519230625 0.3841346150943396
18 0.538301281875 0.3891826924528302 0.52884615375 0.38846153867924527 0.524519230625 0.390625 0.51971153875 0.4002403849056604 0.52003205125 0.40673076886792453 0.5229166668749999 0.41442307735849054 0.525320513125 0.41802884622641506 0.529166666875 0.4182692311320755 0.54391025625 0.39639423113207545 0.54358974375 0.3930288462264151 0.54102564125 0.39014423113207547 0.538301281875 0.3891826924528302
9 0.531891025625 0.4896634613207547 0.52900641 0.4831730773584905 0.52147435875 0.4788461537735849 0.51346153875 0.4776442311320755 0.50753205125 0.48221153867924527 0.49118589749999997 0.5019230773584905 0.49102564125000003 0.5096153849056604 0.491666666875 0.5125 0.498397435625 0.5235576924528301 0.525801281875 0.5105769226415094 0.5304487181249999 0.5048076924528302 0.531570513125 0.5016826924528301 0.53253205125 0.4935096150943396 0.531891025625 0.4896634613207547
1 0.58733974375 0.6389423075471699 0.5900641025 0.6269230773584905 0.589423076875 0.6146634613207548 0.58846153875 0.6110576924528301 0.57628205125 0.5956730773584905 0.5605769231250001 0.6072115386792453 0.554326923125 0.6151442311320754 0.55224359 0.6199519226415094 0.551923076875 0.6230769226415095 0.55352564125 0.6334134613207547 0.556570513125 0.6432692311320755 0.560737179375 0.6502403849056604 0.563621795 0.6514423075471698 0.580769230625 0.6473557688679246 0.585576923125 0.6425480773584905 0.58733974375 0.6389423075471699
1 0.45785256437500005 0.6153846150943396 0.439262820625 0.5901442311320754 0.43541666687499997 0.5867788462264151 0.431891025625 0.5877403849056604 0.42628205125 0.5944711537735848 0.425801281875 0.5959134613207547 0.42772435875 0.6052884613207548 0.430929486875 0.6117788462264151 0.45032051312500004 0.6307692311320754 0.45240384624999996 0.6307692311320754 0.455448718125 0.6283653849056604 0.45785256437500005 0.6225961537735849 0.45785256437500005 0.6153846150943396
4 0.35897435875 0.37283653867924527 0.355128205 0.3533653849056604 0.3463141025 0.34302884622641505 0.338141025625 0.3370192311320755 0.33349359 0.33557692264150946 0.318269230625 0.3372596150943396 0.310416666875 0.34447115377358495 0.30625 0.35721153867924527 0.30496794875 0.36370192264150947 0.30448717937499997 0.3810096150943396 0.306570513125 0.39278846132075473 0.36121794875 0.4617788462264151 0.362019230625 0.4610576924528302 0.362980769375 0.4591346150943396 0.363301281875 0.45 0.35977564125 0.38076923113207545 0.35897435875 0.37283653867924527
12 0.34262820499999996 0.5963942311320755 0.345512820625 0.5858173075471699 0.34615384624999995 0.5757211537735849 0.345512820625 0.5605769226415095 0.341987179375 0.5548076924528301 0.33766025624999996 0.5516826924528302 0.33028846125 0.5492788462264151 0.325801281875 0.5492788462264151 0.32211538437500004 0.5514423075471698 0.318269230625 0.5557692311320754 0.312820513125 0.5682692311320754 0.3125 0.5762019226415095 0.31474359 0.5915865386792453 0.316666666875 0.5959134613207547 0.32147435874999997 0.6009615386792453 0.3264423075 0.6045673075471698 0.33397435875 0.6055288462264151 0.3375 0.6033653849056604 0.34262820499999996 0.5963942311320755
1 0.422115384375 0.7360576924528301 0.42291666687499996 0.7262019226415094 0.4224358975 0.7127403849056604 0.4201923075 0.7050480773584905 0.41778846125 0.7009615386792453 0.40480769250000004 0.6891826924528301 0.40240384625 0.6894230773584905 0.39310897437500003 0.7242788462264151 0.39358974375 0.7286057688679246 0.39631410250000004 0.7367788462264151 0.404326923125 0.7449519226415094 0.40769230749999996 0.7463942311320754 0.41586538437500004 0.7451923075471698 0.42003205125 0.7411057688679246 0.422115384375 0.7360576924528301
12 0.32243589749999996 0.7120192311320754 0.329326923125 0.7050480773584905 0.33253205125 0.6973557688679246 0.33285256437500005 0.6920673075471698 0.332051281875 0.6810096150943395 0.33141025625 0.6800480773584906 0.28141025625 0.6418269226415094 0.27900641 0.6408653849056604 0.27660256437499997 0.6423076924528301 0.2713141025 0.6524038462264151 0.26971153875 0.6588942311320755 0.26891025625000003 0.6742788462264151 0.2713141025 0.6862980773584906 0.279166666875 0.7014423075471699 0.286698718125 0.7096153849056605 0.29471153875 0.7137019226415094 0.30192307687500003 0.7146634613207548 0.318429486875 0.7137019226415094 0.32243589749999996 0.7120192311320754