14 0.5302884612500001 0.5139423075471699 0.526121795 0.5096153849056604 0.5213141025 0.5055288462264151 0.5173076925 0.5048076924528302 0.505769230625 0.5201923075471698 0.504487179375 0.5262019226415094 0.504487179375 0.5324519226415094 0.505929486875 0.5370192311320754 0.513141025625 0.5435096150943396 0.517628205 0.5439903849056604 0.530608974375 0.5307692311320754 0.531891025625 0.521875 0.531570513125 0.5177884613207547 0.5302884612500001 0.5139423075471699
21 0.78365384625 0.46875 0.7501602562499999 0.509375 0.73621794875 0.6189903849056604 0.75721153875 0.6497596150943395 0.787179486875 0.6507211537735849 0.815865384375 0.6463942311320754 0.828044871875 0.5682692311320754 0.8301282050000001 0.5435096150943396 0.8296474356250001 0.5387019226415094 0.78365384625 0.46875
21 0.6618589743750001 0.35 0.6665064099999999 0.3298076924528302 0.66858974375 0.31442307735849057 0.6637820512499999 0.26778846132075473 0.655448718125 0.23942307735849058 0.64246794875 0.20673076886792452 0.63846153875 0.1985576924528302 0.627083333125 0.18701923113207547 0.61522435875 0.1798076924528302 0.600641025625 0.17716346132075472 0.58766025625 0.1766826924528302 0.576121795 0.18149038490566038 0.533012820625 0.20625 0.530929486875 0.20913461509433962 0.5213141025 0.240625 0.5048076925 0.34158653867924527 0.57740384625 0.3889423075471698 0.5798076925 0.38966346132075474 0.59150641 0.38870192264150943 0.63125 0.38125 0.63733974375 0.37692307735849057 0.658173076875 0.3569711537735849 0.6618589743750001 0.35
18 0.49791666687499997 0.8079326924528302 0.500480769375 0.8024038462264151 0.5014423075 0.7961538462264152 0.5001602562499999 0.7867788462264151 0.496955128125 0.78125 0.49118589749999997 0.7766826924528302 0.486698718125 0.7757211537735849 0.45496794875 0.778125 0.45032051312500004 0.7822115386792453 0.443108974375 0.7908653849056604 0.442948718125 0.7985576924528301 0.44727564125 0.8125 0.45112179500000005 0.8192307688679246 0.45785256437500005 0.8221153849056604 0.47836538437500004 0.8204326924528301 0.48621794875 0.8180288462264151 0.494391025625 0.8120192311320754 0.49791666687499997 0.8079326924528302
18 0.420352564375 0.1423076924528302 0.41907051312500004 0.1430288462264151 0.41346153874999997 0.15432692264150943 0.4125 0.15841346132075473 0.4125 0.16514423113207546 0.41410256437500004 0.17307692264150942 0.42435897437500003 0.19326923113207548 0.43525641 0.2014423075471698 0.441666666875 0.19783653867924528 0.44358974375000004 0.19567307735849057 0.444871795 0.1891826924528302 0.420352564375 0.1423076924528302
14 0.49935897437500004 0.11466346132075471 0.50128205125 0.12139423113207548 0.5056089743750001 0.12692307735849057 0.521634615625 0.12524038490566036 0.5331730768749999 0.11610576886792452 0.535416666875 0.10673076886792453 0.5331730768749999 0.09975961509433963 0.50977564125 0.10360576886792452 0.49935897437500004 0.11466346132075471
18 0.479166666875 0.22019230754716979 0.47756410250000003 0.2117788462264151 0.47596153874999997 0.20841346132075472 0.470673076875 0.20408653867924528 0.46634615375000005 0.20360576886792453 0.46121794875 0.20625 0.45881410250000004 0.20889423113207548 0.45608974375 0.21682692264150943 0.45528846125 0.22091346132075473 0.457371795 0.23245192264150943 0.462820513125 0.2382211537735849 0.46602564125 0.2391826924528302 0.470673076875 0.2387019226415094 0.474358974375 0.23557692264150942 0.478205128125 0.22836538490566038 0.479166666875 0.22019230754716979
14 0.49567307687499995 0.16274038490566037 0.48621794875 0.17475961509433963 0.482051281875 0.1848557688679245 0.480448718125 0.19110576886792452 0.480769230625 0.19735576886792452 0.48221153875 0.20192307735849058 0.4860576925 0.20408653867924528 0.487820513125 0.203125 0.504487179375 0.17043269245283021 0.503205128125 0.165625 0.498076923125 0.16129807735849058 0.49567307687499995 0.16274038490566037
18 0.6474358975 0.13846153867924527 0.6471153843749999 0.13076923113207548 0.61522435875 0.14086538490566036 0.6149038462499999 0.14182692264150942 0.612980769375 0.16129807735849058 0.61474359 0.16658653867924528 0.61778846125 0.17067307735849058 0.6230769231250001 0.17379807735849057 0.630929486875 0.17403846132075473 0.6423076925 0.16153846132075472 0.6455128206249999 0.15432692264150943 0.6474358975 0.13846153867924527
18 0.7336538462500001 0.2913461537735849 0.73653846125 0.28629807735849055 0.737820513125 0.28221153867924526 0.7386217949999999 0.275 0.7363782050000001 0.2641826924528302 0.7326923075 0.2588942311320755 0.7213141025 0.246875 0.709455128125 0.2360576924528302 0.70496794875 0.23317307735849058 0.70096153875 0.23317307735849058 0.697115384375 0.23533653867924528 0.694070513125 0.2399038462264151 0.692948718125 0.24447115377358491 0.692948718125 0.25432692264150947 0.697115384375 0.26610576886792453 0.699679486875 0.27139423113207545 0.712820513125 0.2884615386792453 0.720352564375 0.29495192264150943 0.724519230625 0.296875 0.72852564125 0.29591346132075474 0.7336538462500001 0.2913461537735849
13 0.79358974375 0.3838942311320755 0.79278846125 0.3802884613207547 0.79134615375 0.3764423075471698 0.783173076875 0.3641826924528302 0.748076923125 0.3401442311320755 0.731891025625 0.34951923113207545 0.7243589743750001 0.4079326924528302 0.7243589743750001 0.41201923113207545 0.728044871875 0.4151442311320755 0.7405448718750001 0.4165865386792453 0.779326923125 0.41201923113207545 0.7907051281249999 0.3983173075471698 0.792948718125 0.39278846132075473 0.79358974375 0.3838942311320755
14 0.689423076875 0.4391826924528302 0.681570513125 0.4286057688679245 0.66891025625 0.43557692264150943 0.6639423075 0.44038461509433957 0.66153846125 0.44326923113207545 0.66153846125 0.44735576886792455 0.6641025643749999 0.4627403849056604 0.67403846125 0.4625 0.6897435900000001 0.4576923075471698 0.6918269231249999 0.4528846150943396 0.6923076924999999 0.4471153849056604 0.689423076875 0.4391826924528302
18 0.697916666875 0.5288461537735849 0.700641025625 0.5209134613207548 0.7008012818749999 0.5146634613207547 0.699358974375 0.5060096150943396 0.6966346156250001 0.5009615386792453 0.693269230625 0.49783653867924527 0.6900641025 0.496875 0.68108974375 0.49759615377358485 0.67403846125 0.5019230773584905 0.6580128206249999 0.5165865386792453 0.644230769375 0.5319711537735848 0.6410256412500001 0.5365384613207548 0.636378205 0.5485576924528301 0.6360576925 0.5526442311320754 0.637820513125 0.5605769226415095 0.644230769375 0.5716346150943395 0.654326923125 0.5725961537735849 0.659455128125 0.5699519226415094 0.6892628206249999 0.5432692311320754 0.693429486875 0.5370192311320754 0.697916666875 0.5288461537735849
9 0.5525641025 0.43125 0.54503205125 0.4310096150943396 0.54246794875 0.434375 0.542147435625 0.4358173075471698 0.543269230625 0.4375 0.55128205125 0.44326923113207545 0.564262820625 0.4471153849056604 0.56650641 0.4435096150943396 0.565705128125 0.43942307735849057 0.5644230768749999 0.43798076886792453 0.5525641025 0.43125
14 0.505929486875 0.4185096150943396 0.5048076925 0.4194711537735849 0.50240384625 0.42379807735849057 0.500480769375 0.4302884613207547 0.50128205125 0.4471153849056604 0.50528846125 0.4627403849056604 0.513301281875 0.4699519226415095 0.520673076875 0.46778846132075474 0.5217948718750001 0.4632211537735849 0.5211538462499999 0.4596153849056604 0.509615384375 0.4194711537735849 0.505929486875 0.4185096150943396
20 0.439423076875 0.4242788462264151 0.42756410250000004 0.4153846150943396 0.419551281875 0.42764423113207545 0.41057692312500005 0.4759615386792453 0.410416666875 0.4826923075471698 0.41137820499999994 0.4875 0.41490384625 0.49423076886792455 0.41907051312500004 0.4961538462264151 0.42371794875 0.49519230754716986 0.45112179500000005 0.47932692264150945 0.45608974375 0.45096153867924527 0.439423076875 0.4242788462264151
18 0.341987179375 0.5877403849056604 0.349519230625 0.5798076924528301 0.35833333312500004 0.5646634613207547 0.36522435875 0.5487980773584905 0.368108974375 0.5399038462264151 0.36971153875 0.5334134613207547 0.37355769250000004 0.5021634613207547 0.371794871875 0.48629807735849057 0.369391025625 0.4764423075471698 0.36378205125 0.4625 0.35929487187500003 0.45625 0.35336538437500004 0.4519230773584905 0.33012820499999995 0.44134615377358494 0.3264423075 0.440625 0.314262820625 0.44182692264150947 0.28766025625 0.45889423113207545 0.275320513125 0.4721153849056604 0.266666666875 0.49014423113207545 0.26570512812499997 0.4939903849056604 0.265384615625 0.5293269226415095 0.2713141025 0.5564903849056604 0.283012820625 0.5769230773584906 0.3076923075 0.5911057688679245 0.317628205 0.5939903849056604 0.33028846125 0.5942307688679246 0.33365384625 0.5927884613207547 0.341987179375 0.5877403849056604
11 0.42756410250000004 0.5637019226415094 0.42371794875 0.5663461537735849 0.419551281875 0.5716346150943395 0.41939102562499997 0.5759615386792453 0.42099359 0.5802884613207547 0.42467948687499996 0.5822115386792452 0.43125 0.5824519226415095 0.439262820625 0.5798076924528301 0.44503205125 0.5680288462264151 0.443429486875 0.5651442311320755 0.42756410250000004 0.5637019226415094
18 0.4860576925 0.5819711537735849 0.470673076875 0.5485576924528301 0.46666666687499997 0.5418269226415094 0.46266025624999996 0.5418269226415094 0.45753205125 0.5456730773584906 0.45608974375 0.5483173075471699 0.455448718125 0.5548076924528301 0.45560897437500003 0.5632211537735848 0.458173076875 0.5757211537735849 0.465544871875 0.5899038462264151 0.474198718125 0.5980769226415095 0.48253205125 0.5978365386792452 0.48621794875 0.5951923075471699 0.486698718125 0.5867788462264151 0.4860576925 0.5819711537735849
18 0.56891025625 0.5170673075471699 0.564262820625 0.5096153849056604 0.560737179375 0.5084134613207547 0.55625 0.5088942311320754 0.551762820625 0.5129807688679245 0.546955128125 0.5204326924528302 0.544551281875 0.5288461537735849 0.54471153875 0.5355769226415095 0.5472756412500001 0.5435096150943396 0.55272435875 0.5485576924528301 0.56009615375 0.5478365386792453 0.5639423075 0.5442307688679245 0.568269230625 0.5370192311320754 0.56891025625 0.5334134613207547 0.56891025625 0.5170673075471699
18 0.599679486875 0.5620192311320754 0.595512820625 0.5560096150943395 0.59134615375 0.5545673075471699 0.5860576925000001 0.5574519226415094 0.584134615625 0.5605769226415095 0.58349359 0.5646634613207547 0.583333333125 0.5759615386792453 0.5918269231250001 0.6055288462264151 0.5993589743750001 0.6149038462264151 0.60400641 0.6153846150943396 0.60721153875 0.6132211537735849 0.609455128125 0.6074519226415095 0.6091346156249999 0.5956730773584905 0.599679486875 0.5620192311320754
18 0.6958333331250001 0.65 0.690705128125 0.6463942311320754 0.673237179375 0.6396634613207547 0.663621795 0.6396634613207547 0.6607371793750001 0.6435096150943396 0.659294871875 0.6480769226415094 0.659615384375 0.6543269226415095 0.6633012818749999 0.6627403849056605 0.67772435875 0.6742788462264151 0.685576923125 0.6745192311320755 0.69471153875 0.6663461537735849 0.6969551281249999 0.6615384613207548 0.697916666875 0.6540865386792453 0.6958333331250001 0.65
18 0.7323717949999999 0.8175480773584906 0.7413461537499999 0.8064903849056604 0.7421474356250001 0.8024038462264151 0.7347756412500001 0.7548076924528302 0.7323717949999999 0.7473557688679245 0.724519230625 0.7442307688679246 0.7131410256249999 0.7514423075471699 0.7038461537499999 0.7658653849056604 0.7008012818749999 0.7747596150943395 0.70096153875 0.7896634613207547 0.7038461537499999 0.8021634613207548 0.70528846125 0.8060096150943395 0.712820513125 0.815625 0.716666666875 0.8185096150943396 0.7237179487500001 0.8209134613207547 0.728365384375 0.8204326924528301 0.7323717949999999 0.8175480773584906
18 0.7649038462500001 0.7129807688679246 0.76474359 0.7050480773584905 0.763141025625 0.7009615386792453 0.7548076924999999 0.6949519226415094 0.748076923125 0.6935096150943396 0.735576923125 0.6947115386792453 0.729647435625 0.6966346150943395 0.721955128125 0.7026442311320754 0.717948718125 0.7105769226415094 0.717628205 0.7168269226415095 0.719871795 0.721875 0.724679486875 0.7269230773584906 0.73028846125 0.7288461537735849 0.751923076875 0.7278846150943395 0.75977564125 0.7223557688679246 0.764423076875 0.7165865386792453 0.7649038462500001 0.7129807688679246
18 0.6818910256249999 0.8310096150943396 0.684294871875 0.8257211537735849 0.6846153843749999 0.8180288462264151 0.6838141025 0.8139423075471699 0.6775641025 0.7985576924528301 0.67371794875 0.7939903849056604 0.66971153875 0.7927884613207548 0.6641025643749999 0.7963942311320754 0.65625 0.8036057688679246 0.65384615375 0.8117788462264152 0.6536858975 0.821875 0.654326923125 0.8266826924528301 0.65865384625 0.834375 0.665544871875 0.8399038462264151 0.67003205125 0.8408653849056604 0.67371794875 0.8399038462264151 0.6772435900000001 0.8375 0.6818910256249999 0.8310096150943396
9 0.66602564125 0.7403846150943396 0.657371795 0.7394230773584906 0.65016025625 0.7423076924528301 0.644551281875 0.7490384613207547 0.641666666875 0.75625 0.641826923125 0.7632211537735849 0.644230769375 0.7682692311320755 0.6463141025 0.7701923075471698 0.6544871793750001 0.7728365386792453 0.67003205125 0.7675480773584905 0.675320513125 0.7516826924528301 0.6735576925 0.7478365386792453 0.66602564125 0.7403846150943396
1 0.6411858975 0.6790865386792453 0.6451923075 0.6579326924528301 0.644551281875 0.6543269226415095 0.6426282050000001 0.6519230773584905 0.619070513125 0.6466346150943396 0.61378205125 0.6502403849056604 0.60224359 0.6701923075471699 0.60240384625 0.6766826924528302 0.606891025625 0.6867788462264152 0.615705128125 0.6935096150943396 0.622916666875 0.6966346150943395 0.6269230768749999 0.6963942311320754 0.63253205125 0.6935096150943396 0.6389423075 0.6855769226415095 0.6411858975 0.6790865386792453
18 0.620512820625 0.7870192311320754 0.625 0.7795673075471699 0.626762820625 0.775 0.6269230768749999 0.7711538462264151 0.6230769231250001 0.75625 0.6201923075 0.7514423075471699 0.61746794875 0.7502403849056604 0.610737179375 0.75 0.584455128125 0.7634615386792453 0.5735576925 0.7771634613207548 0.57227564125 0.7793269226415095 0.5708333331250001 0.7855769226415095 0.57147435875 0.7935096150943396 0.573397435625 0.7983173075471699 0.57516025625 0.8004807688679246 0.57884615375 0.8036057688679246 0.5838141025 0.8057692311320754 0.5911858975 0.8057692311320754 0.61121794875 0.7944711537735849 0.620512820625 0.7870192311320754
18 0.554487179375 0.8245192311320754 0.554647435625 0.8177884613207548 0.553205128125 0.8125 0.54871794875 0.8048076924528301 0.539262820625 0.7944711537735849 0.5331730768749999 0.7911057688679246 0.529166666875 0.7915865386792452 0.526121795 0.7949519226415095 0.523237179375 0.8033653849056605 0.5229166668749999 0.8069711537735849 0.52483974375 0.8137019226415094 0.531730769375 0.8240384613207548 0.537179486875 0.8293269226415094 0.544551281875 0.8338942311320754 0.54871794875 0.8338942311320754 0.55352564125 0.8286057688679246 0.554487179375 0.8245192311320754
18 0.53397435875 0.7206730773584905 0.54102564125 0.7084134613207548 0.544871795 0.6987980773584905 0.545673076875 0.6930288462264151 0.543108974375 0.6814903849056604 0.54102564125 0.6786057688679246 0.533333333125 0.6752403849056604 0.5264423075 0.6776442311320754 0.5173076925 0.6882211537735848 0.5088141025 0.7014423075471699 0.505448718125 0.7084134613207548 0.503205128125 0.7165865386792453 0.503044871875 0.7209134613207547 0.50496794875 0.7295673075471698 0.50625 0.7322115386792453 0.51121794875 0.7367788462264151 0.513301281875 0.7379807688679246 0.51778846125 0.7379807688679246 0.52516025625 0.7324519226415095 0.53397435875 0.7206730773584905
18 0.549519230625 0.6305288462264151 0.54599359 0.6221153849056604 0.5411858975 0.6182692311320754 0.5274038462499999 0.6180288462264151 0.500320513125 0.6346153849056604 0.4974358975 0.6384615386792453 0.494391025625 0.6466346150943396 0.494070513125 0.6620192311320754 0.49759615375000005 0.6658653849056604 0.50977564125 0.665625 0.5296474356249999 0.6600961537735849 0.5400641025 0.6545673075471699 0.544871795 0.6490384613207547 0.54903846125 0.6396634613207547 0.549519230625 0.6305288462264151
13 0.46762820499999996 0.6384615386792453 0.46746794875 0.6545673075471699 0.46826923062500003 0.6567307688679246 0.470673076875 0.6572115386792453 0.47403846125 0.6543269226415095 0.47900641 0.6423076924528301 0.470673076875 0.6348557688679246 0.46891025625 0.6358173075471698 0.46762820499999996 0.6384615386792453
13 0.45496794875 0.7387019226415095 0.451602564375 0.7379807688679246 0.446955128125 0.7382211537735849 0.44375 0.7399038462264151 0.44358974375000004 0.7439903849056604 0.44647435874999997 0.7615384613207548 0.44727564125 0.7629807688679245 0.448878205 0.7632211537735849 0.45352564125 0.7622596150943396 0.45689102562499995 0.7442307688679246 0.456570513125 0.7403846150943396 0.45496794875 0.7387019226415095
21 0.440705128125 0.6574519226415094 0.408173076875 0.6584134613207547 0.376762820625 0.6694711537735849 0.37355769250000004 0.6891826924528301 0.37387820499999996 0.6932692311320754 0.37467948687499997 0.6942307688679246 0.404326923125 0.7086538462264151 0.423076923125 0.7112980773584906 0.425801281875 0.7088942311320754 0.42660256437500005 0.7055288462264151 0.440705128125 0.6574519226415094
14 0.345512820625 0.7442307688679246 0.340705128125 0.7427884613207547 0.33653846125000003 0.7444711537735849 0.32884615375000004 0.7557692311320754 0.32483974375 0.7646634613207547 0.323878205 0.7675480773584905 0.32596153875 0.7793269226415095 0.32852564125 0.7870192311320754 0.33397435875 0.7927884613207548 0.33878205125 0.7930288462264151 0.34038461562499994 0.7911057688679246 0.34583333312500003 0.7480769226415095 0.345512820625 0.7442307688679246
14 0.38397435874999997 0.7478365386792453 0.38141025624999997 0.74375 0.37932692312500005 0.7423076924528301 0.37740384624999995 0.7413461537735849 0.373237179375 0.7423076924528301 0.36618589749999997 0.7461538462264151 0.361698718125 0.7569711537735849 0.360897435625 0.759375 0.360897435625 0.7685096150943396 0.36314102562499995 0.7776442311320754 0.36506410250000004 0.7800480773584906 0.37259615375000005 0.7795673075471699 0.373397435625 0.7790865386792453 0.38365384625 0.7516826924528301 0.38397435874999997 0.7478365386792453
14 0.37099359 0.24759615377358493 0.369551281875 0.24591346132075473 0.36474359 0.24639423113207548 0.36314102562499995 0.24807692264150946 0.36185897437500003 0.25192307735849057 0.361698718125 0.25576923113207545 0.36875 0.2908653849056604 0.37003205125 0.2927884613207547 0.373076923125 0.29375 0.37467948687499997 0.290625 0.37548076937499997 0.28629807735849055 0.376602564375 0.26346153867924527 0.37099359 0.24759615377358493