21 0.40849359 0.11418269245283019 0.367628205 0.17331730754716979 0.36474359 0.1826923075471698 0.36794871812499996 0.2132211537735849 0.38862179500000005 0.2757211537735849 0.43237179500000006 0.26490384622641505 0.46089743562499996 0.20913461509433962 0.45977564125000003 0.20192307735849058 0.42387820499999995 0.12019230754716981 0.40849359 0.11418269245283019
9 0.48429487187500003 0.35889423113207547 0.48397435875 0.35432692264150945 0.4826923075 0.35192307735849054 0.47884615375 0.3483173075471698 0.471634615625 0.34447115377358495 0.46522435875 0.34471153867924526 0.4610576925 0.34639423113207546 0.45977564125000003 0.34807692264150947 0.45961538437500005 0.35360576886792455 0.46121794875 0.36129807735849057 0.46346153875 0.36442307735849055 0.46666666687499997 0.3665865386792453 0.47403846125 0.3665865386792453 0.47900641 0.36514423113207545 0.483012820625 0.36225961509433957 0.48429487187500003 0.35889423113207547
9 0.589423076875 0.3889423075471698 0.589583333125 0.3817307688679245 0.58846153875 0.37596153867924526 0.5849358975 0.36875 0.575801281875 0.36322115377358494 0.56875 0.36129807735849057 0.562019230625 0.3610576924528302 0.55641025625 0.3629807688679245 0.550641025625 0.3680288462264151 0.545512820625 0.37692307735849057 0.541826923125 0.3870192311320755 0.5423076925 0.4002403849056604 0.544551281875 0.4064903849056604 0.550480769375 0.4158653849056604 0.55272435875 0.41899038490566043 0.564583333125 0.42139423113207547 0.57227564125 0.41995192264150943 0.587820513125 0.3947115386792453 0.589423076875 0.3889423075471698
9 0.637820513125 0.29423076886792454 0.636858974375 0.2903846150943396 0.634134615625 0.28701923113207545 0.63125 0.2858173075471698 0.625320513125 0.2867788462264151 0.622916666875 0.2884615386792453 0.615705128125 0.2980769226415095 0.612179486875 0.3052884613207547 0.61266025625 0.31033653867924527 0.614102564375 0.3125 0.61891025625 0.3149038462264151 0.622916666875 0.3141826924528302 0.631891025625 0.3091346150943396 0.63525641 0.3060096150943396 0.63733974375 0.3021634613207547 0.637820513125 0.29423076886792454
9 0.719871795 0.2956730773584905 0.719871795 0.2908653849056604 0.713301281875 0.2759615386792453 0.70897435875 0.2735576924528302 0.70496794875 0.27379807735849054 0.702884615625 0.2757211537735849 0.69375 0.30264423113207545 0.692628205 0.3108173075471698 0.6931089743750001 0.32620192264150943 0.6966346156250001 0.33028846132075473 0.70096153875 0.3322115386792453 0.7036858975 0.3314903849056604 0.70865384625 0.328125 0.7110576925 0.325 0.71602564125 0.31514423113207546 0.719871795 0.2956730773584905
9 0.82628205125 0.375 0.824679486875 0.371875 0.8219551281249999 0.36995192264150945 0.8181089743750001 0.36923076886792455 0.8102564099999999 0.37283653867924527 0.8075320512499999 0.3918269226415095 0.807852564375 0.39639423113207545 0.809134615625 0.39879807735849054 0.811378205 0.4 0.81522435875 0.4 0.824679486875 0.39158653867924526 0.82724359 0.38076923113207545 0.82628205125 0.375
9 0.72884615375 0.4278846150943396 0.726762820625 0.42379807735849057 0.720352564375 0.4139423075471698 0.7169871793750001 0.4117788462264151 0.71266025625 0.4125 0.7099358975 0.41682692264150945 0.7099358975 0.42379807735849057 0.7158653843749999 0.4399038462264151 0.7205128206249999 0.4442307688679245 0.72483974375 0.4451923075471698 0.72724359 0.4435096150943396 0.729166666875 0.4362980773584905 0.729166666875 0.4305288462264151 0.72884615375 0.4278846150943396
9 0.658173076875 0.4125 0.655448718125 0.4141826924528302 0.6533653843749999 0.4221153849056604 0.65352564125 0.4314903849056604 0.65865384625 0.43557692264150943 0.6711538462500001 0.43677884622641505 0.6738782050000001 0.43461538490566043 0.67628205125 0.4278846150943396 0.674358974375 0.42235576886792453 0.662019230625 0.4132211537735849 0.658173076875 0.4125
12 0.38477564125 0.4774038462264151 0.37884615375 0.4764423075471698 0.369391025625 0.4774038462264151 0.364423076875 0.4802884613207547 0.35721153875 0.48942307735849055 0.35464743562499995 0.49711538490566043 0.354487179375 0.5019230773584905 0.35560897437500005 0.5048076924528302 0.35721153875 0.50625 0.404326923125 0.5 0.40560897437500004 0.49807692264150943 0.404326923125 0.49375 0.39310897437500003 0.48125 0.38477564125 0.4774038462264151
18 0.482852564375 0.5137019226415095 0.474358974375 0.5074519226415094 0.46442307687499995 0.5055288462264151 0.45897435875 0.5064903849056605 0.45112179500000005 0.5098557688679246 0.443269230625 0.5173076924528301 0.43894230749999996 0.5254807688679246 0.43525641 0.5391826924528301 0.43525641 0.5524038462264151 0.43653846125 0.5574519226415094 0.439262820625 0.5632211537735848 0.45112179500000005 0.5817307688679246 0.49150641 0.5391826924528301 0.492628205 0.5370192311320754 0.48766025625 0.5216346150943396 0.482852564375 0.5137019226415095
1 0.365705128125 0.6348557688679246 0.3673076925 0.6052884613207548 0.36121794875 0.5911057688679245 0.358012820625 0.5877403849056604 0.349519230625 0.5853365386792453 0.34375 0.5860576924528301 0.33942307687499995 0.5891826924528302 0.33573717937499997 0.5949519226415094 0.334294871875 0.6 0.33365384625 0.6072115386792453 0.33413461562499996 0.61875 0.336378205 0.6266826924528301 0.34102564125 0.6360576924528302 0.345512820625 0.6423076924528301 0.353205128125 0.6461538462264151 0.36121794875 0.6447115386792452 0.36378205125 0.6425480773584905 0.365705128125 0.6348557688679246
15 0.431570513125 0.7391826924528302 0.43990384624999995 0.7399038462264151 0.45320512812499997 0.7346153849056604 0.46057692312500004 0.7221153849056604 0.464262820625 0.7050480773584905 0.46442307687499995 0.6894230773584905 0.46233974375000003 0.6774038462264151 0.45993589749999997 0.6706730773584906 0.45352564125 0.6620192311320754 0.443269230625 0.6557692311320754 0.43509615375000005 0.6555288462264152 0.432051281875 0.6574519226415094 0.40416666687499997 0.6860576924528301 0.403044871875 0.6891826924528301 0.4025641025 0.69375 0.403365384375 0.6992788462264151 0.40737179500000004 0.7127403849056604 0.410897435625 0.7211538462264151 0.41586538437500004 0.7288461537735849 0.41971153875 0.7329326924528301 0.42403846125 0.7362980773584905 0.431570513125 0.7391826924528302
9 0.534294871875 0.6024038462264151 0.5331730768749999 0.6009615386792453 0.5293269231250001 0.6012019226415094 0.524519230625 0.60625 0.52227564125 0.6112980773584905 0.5224358975 0.6197115386792452 0.5286858975 0.6379807688679245 0.53253205125 0.6399038462264152 0.5358974356249999 0.6387019226415095 0.5375 0.6314903849056605 0.537179486875 0.6173076924528301 0.536698718125 0.6110576924528301 0.534294871875 0.6024038462264151
9 0.620833333125 0.6663461537735849 0.620673076875 0.6615384613207548 0.619070513125 0.6591346150943396 0.6150641025 0.65625 0.603365384375 0.6564903849056604 0.59903846125 0.659375 0.59727564125 0.6620192311320754 0.596955128125 0.6665865386792452 0.59871794875 0.6730769226415094 0.600801281875 0.6764423075471698 0.604166666875 0.6786057688679246 0.609294871875 0.6786057688679246 0.6161858975 0.6754807688679246 0.619230769375 0.6713942311320754 0.620833333125 0.6663461537735849
9 0.662019230625 0.765625 0.659294871875 0.753125 0.6572115387499999 0.7480769226415095 0.65240384625 0.7420673075471699 0.650480769375 0.7408653849056605 0.644070513125 0.7420673075471699 0.6410256412500001 0.7442307688679246 0.639262820625 0.7485576924528301 0.639102564375 0.7545673075471698 0.6400641025 0.7598557688679246 0.643429486875 0.765625 0.65016025625 0.771875 0.654326923125 0.7742788462264151 0.658333333125 0.7745192311320754 0.661378205 0.7711538462264151 0.662019230625 0.765625
9 0.7150641025 0.6620192311320754 0.7131410256249999 0.6557692311320754 0.70977564125 0.6514423075471698 0.697115384375 0.6461538462264151 0.6924679487500001 0.65 0.690544871875 0.6540865386792453 0.6903846156250001 0.6584134613207547 0.693429486875 0.6658653849056604 0.70128205125 0.6733173075471699 0.70641025625 0.6740384613207547 0.710737179375 0.6728365386792453 0.71233974375 0.6711538462264152 0.714583333125 0.665625 0.7150641025 0.6620192311320754
9 0.65272435875 0.5290865386792453 0.650480769375 0.5276442311320754 0.6463141025 0.5276442311320754 0.640705128125 0.53125 0.635576923125 0.5413461537735849 0.635737179375 0.5492788462264151 0.63846153875 0.5524038462264151 0.6429487181250001 0.5526442311320754 0.646634615625 0.5512019226415095 0.652884615625 0.5463942311320754 0.6548076924999999 0.5415865386792452 0.655608974375 0.5367788462264151 0.65272435875 0.5290865386792453
1 0.812179486875 0.6692307688679245 0.810576923125 0.6663461537735849 0.7724358975 0.6735576924528301 0.7790064099999999 0.6949519226415094 0.786378205 0.7038461537735848 0.790865384375 0.7060096150943396 0.796634615625 0.7050480773584905 0.80721153875 0.6961538462264151 0.8123397437500001 0.6858173075471699 0.813301281875 0.6778846150943396 0.812179486875 0.6692307688679245