9 0.454647435625 0.07716346132075472 0.449679486875 0.07980769245283019 0.44631410250000003 0.08605769245283018 0.44551282062500003 0.08918269245283018 0.44535256437500004 0.09206730754716981 0.44631410250000003 0.09567307735849057 0.451923076875 0.10264423113207548 0.466826923125 0.1055288462264151 0.471634615625 0.09975961509433963 0.47019230749999996 0.08653846132075471 0.45608974375 0.07740384622641511 0.454647435625 0.07716346132075472
11 0.380929486875 0.12836538490566038 0.36522435875 0.12091346132075473 0.363621795 0.12283653867924528 0.36346153875 0.13076923113207548 0.36474359 0.13870192264150943 0.36714743562499996 0.14110576886792453 0.3724358975 0.14254807735849057 0.380769230625 0.14158653867924528 0.38621794875 0.1382211537735849 0.386378205 0.13317307735849057 0.380929486875 0.12836538490566038
9 0.450480769375 0.20913461509433962 0.45384615375000004 0.2004807688679245 0.45208333312500004 0.19278846132075472 0.44743589749999996 0.1882211537735849 0.444391025625 0.1882211537735849 0.44150641 0.1901442311320755 0.432051281875 0.2014423075471698 0.430769230625 0.2048076924528302 0.430769230625 0.20913461509433962 0.432051281875 0.2144230773584906 0.4349358975 0.21850961509433964 0.43990384624999995 0.22091346132075473 0.443108974375 0.21971153867924528 0.44567307687499996 0.21730769245283021 0.450480769375 0.20913461509433962
9 0.39471153875 0.2757211537735849 0.394230769375 0.2711538462264151 0.392147435625 0.26658653867924526 0.380769230625 0.2728365386792453 0.364423076875 0.2872596150943396 0.35528846125 0.29783653867924526 0.35560897437500005 0.3028846150943396 0.35897435875 0.30673076886792455 0.36538461562499996 0.31057692264150943 0.369551281875 0.3108173075471698 0.373076923125 0.309375 0.379647435625 0.3028846150943396 0.38862179500000005 0.2899038462264151 0.39471153875 0.2757211537735849
9 0.49647435875 0.3 0.498076923125 0.29471153867924527 0.49727564125 0.290625 0.4951923075 0.2867788462264151 0.49038461562499996 0.284375 0.48189102562499997 0.28389423113207546 0.47836538437500004 0.2853365386792453 0.475641025625 0.2896634613207547 0.475 0.2908653849056604 0.47516025624999997 0.29495192264150943 0.476121795 0.29879807735849057 0.47852564125 0.3016826924528302 0.48621794875 0.3060096150943396 0.49022435875 0.3060096150943396 0.494391025625 0.3036057688679245 0.49647435875 0.3
1 0.34038461562499994 0.37283653867924527 0.298878205 0.3485576924528302 0.294551281875 0.3485576924528302 0.28974359 0.35432692264150945 0.287019230625 0.3596153849056604 0.287019230625 0.3665865386792453 0.290705128125 0.37716346132075473 0.294391025625 0.3814903849056604 0.314102564375 0.3954326924528302 0.32243589749999996 0.3951923075471698 0.329326923125 0.39254807735849057 0.33477564125000003 0.38485576886792455 0.34038461562499994 0.37283653867924527
9 0.45897435875 0.3646634613207547 0.45496794875 0.365625 0.44727564125 0.37211538490566043 0.444230769375 0.3798076924528302 0.444230769375 0.38557692264150945 0.44599359 0.39254807735849057 0.44711538437500004 0.39447115377358494 0.45112179500000005 0.39447115377358494 0.45560897437500003 0.3894230773584905 0.466987179375 0.37283653867924527 0.4625 0.3658653849056604 0.45897435875 0.3646634613207547
1 0.5836538462499999 0.46610576886792454 0.586698718125 0.45889423113207545 0.5923076925 0.4235576924528302 0.54871794875 0.3985576924528302 0.544871795 0.3997596150943396 0.5400641025 0.40576923113207547 0.536698718125 0.4139423075471698 0.535576923125 0.41923076886792454 0.53621794875 0.43557692264150943 0.540544871875 0.4459134613207547 0.544871795 0.45360576886792453 0.56025641 0.46923076886792453 0.5623397437500001 0.47067307735849057 0.57147435875 0.47259615377358494 0.580128205 0.47067307735849057 0.5836538462499999 0.46610576886792454
25 0.6783653843749999 0.3610576924528302 0.6767628206249999 0.3610576924528302 0.67772435875 0.38846153867924527 0.689102564375 0.40432692264150943 0.692628205 0.40841346132075473 0.694070513125 0.4086538462264151 0.7088141025 0.4007211537735849 0.709134615625 0.39567307735849055 0.703044871875 0.3870192311320755 0.6783653843749999 0.3610576924528302
1 0.690865384375 0.6509615386792452 0.719070513125 0.5930288462264152 0.7201923075000001 0.5877403849056604 0.719551281875 0.5841346150943396 0.71346153875 0.5759615386792453 0.7092948718750001 0.5740384613207548 0.697115384375 0.5745192311320754 0.69278846125 0.5771634613207547 0.681730769375 0.5908653849056604 0.672115384375 0.6067307688679245 0.66778846125 0.6189903849056604 0.667147435625 0.6223557688679245 0.6673076925 0.6353365386792452 0.668108974375 0.6396634613207547 0.6714743587499999 0.6471153849056605 0.6772435900000001 0.6581730773584905 0.681730769375 0.6596153849056604 0.686858974375 0.6569711537735848 0.690865384375 0.6509615386792452
13 0.603365384375 0.5209134613207548 0.599519230625 0.5192307688679246 0.5608974356249999 0.5278846150943396 0.559455128125 0.5310096150943396 0.55977564125 0.5367788462264151 0.564262820625 0.5454326924528301 0.5826923075 0.5699519226415094 0.588621795 0.5742788462264151 0.5918269231250001 0.5721153849056604 0.6036858975 0.5302884613207547 0.60400641 0.5240384613207547 0.603365384375 0.5209134613207548
3 0.49487179500000006 0.5213942311320754 0.505929486875 0.5036057688679246 0.509615384375 0.4947115386792453 0.51121794875 0.44326923113207545 0.50977564125 0.44134615377358494 0.44727564125 0.4254807688679245 0.439423076875 0.43677884622641505 0.423076923125 0.48990384622641514 0.42259615375000004 0.5057692311320754 0.42467948687499996 0.5209134613207548 0.42772435875 0.528125 0.43413461562499994 0.5370192311320754 0.43974359 0.5384615386792453 0.482852564375 0.5358173075471698 0.486698718125 0.5331730773584905 0.49487179500000006 0.5213942311320754
3 0.30208333312499996 0.7401442311320754 0.306570513125 0.7382211537735849 0.35384615375 0.7086538462264151 0.421634615625 0.5579326924528302 0.42275641 0.5504807688679246 0.420673076875 0.5307692311320754 0.416666666875 0.5247596150943395 0.412019230625 0.5204326924528302 0.39743589749999997 0.5088942311320754 0.38846153875 0.5033653849056604 0.35384615375 0.49326923113207544 0.349358974375 0.49302884622641513 0.34166666687499997 0.49495192264150945 0.33397435875 0.5012019226415094 0.248076923125 0.6014423075471699 0.228365384375 0.6252403849056604 0.22628205125 0.6293269226415095 0.22596153875 0.6348557688679246 0.228365384375 0.6817307688679246 0.23621794875 0.7021634613207547 0.24407051312499997 0.7141826924528302 0.246634615625 0.7165865386792453 0.25464743562500003 0.7206730773584905 0.29599359 0.7399038462264151 0.30208333312499996 0.7401442311320754