13 0.35833333312500004 0.25192307735849057 0.35384615375 0.2502403849056604 0.349198718125 0.2502403849056604 0.346634615625 0.2516826924528302 0.337179486875 0.26346153867924527 0.337019230625 0.2752403849056604 0.337820513125 0.2800480773584905 0.34166666687499997 0.284375 0.345512820625 0.28629807735849055 0.35737179500000005 0.2875 0.36987179500000006 0.27139423113207545 0.369070513125 0.26274038490566043 0.35833333312500004 0.25192307735849057
10 0.43509615375000005 0.30673076886792455 0.45112179500000005 0.3057692311320755 0.45416666687499996 0.3036057688679245 0.4548076925 0.30264423113207545 0.45416666687499996 0.29735576886792453 0.39615384625 0.1826923075471698 0.391987179375 0.18125 0.389423076875 0.18341346132075473 0.386378205 0.1983173075471698 0.38621794875 0.2211538462264151 0.38958333312500004 0.24807692264150946 0.39391025625 0.26346153867924527 0.4 0.27692307735849053 0.40416666687499997 0.28389423113207546 0.412820513125 0.29471153867924527 0.415544871875 0.296875 0.43509615375000005 0.30673076886792455
3 0.603365384375 0.13125 0.567948718125 0.1362980773584906 0.5644230768749999 0.1382211537735849 0.55352564125 0.17788461509433962 0.5956730768749999 0.20817307735849058 0.599679486875 0.20817307735849058 0.607371795 0.18966346132075473 0.61025641 0.178125 0.61009615375 0.1692307688679245 0.60641025625 0.13389423113207546 0.603365384375 0.13125
12 0.67772435875 0.3697115386792453 0.6764423075 0.36129807735849057 0.67275641 0.34951923113207545 0.6669871793750001 0.33798076886792455 0.6576923075000001 0.3264423075471698 0.654326923125 0.3235576924528302 0.6463141025 0.3180288462264151 0.63621794875 0.31346153867924526 0.627083333125 0.31177884622641505 0.61522435875 0.31201923113207547 0.594391025625 0.3180288462264151 0.58733974375 0.321875 0.57996794875 0.32908653867924526 0.575641025625 0.3367788462264151 0.573397435625 0.34567307735849057 0.573076923125 0.3524038462264151 0.574358974375 0.3610576924528302 0.576602564375 0.3653846150943396 0.580608974375 0.3694711537735849 0.6733974356250001 0.3891826924528302 0.67596153875 0.3865384613207547 0.677884615625 0.3805288462264151 0.67772435875 0.3697115386792453
20 0.49855769250000004 0.3805288462264151 0.49871794875 0.3766826924528302 0.46666666687499997 0.3670673075471698 0.465705128125 0.3677884613207547 0.45849359 0.3850961537735849 0.45881410250000004 0.396875 0.46233974375000003 0.40697115377358495 0.466987179375 0.41370192264150946 0.4798076925 0.42403846132075473 0.48253205125 0.42475961509433957 0.48621794875 0.4194711537735849 0.4951923075 0.39639423113207545 0.49855769250000004 0.3805288462264151
9 0.334294871875 0.4201923075471698 0.33365384625 0.41610576886792455 0.32916666687499996 0.40240384622641506 0.32612179500000005 0.3995192311320755 0.32067307687499996 0.40360576886792454 0.31891025625 0.40817307735849057 0.31858974375 0.42451923113207546 0.32051282062500003 0.4319711537735849 0.32211538437500004 0.434375 0.32596153875 0.4360576924528302 0.32996794875 0.43461538490566043 0.33253205125 0.4322115386792453 0.334455128125 0.4278846150943396 0.334294871875 0.4201923075471698
12 0.244871795 0.5043269226415095 0.23669871812499998 0.5016826924528301 0.228205128125 0.5021634613207547 0.218108974375 0.5088942311320754 0.21490384625 0.5137019226415095 0.21057692312499998 0.5271634613207548 0.211378205 0.5329326924528301 0.21650641 0.5382211537735849 0.259615384375 0.5362980773584906 0.26121794875 0.5336538462264151 0.26233974374999997 0.5293269226415095 0.260737179375 0.5206730773584906 0.256891025625 0.5141826924528301 0.244871795 0.5043269226415095
9 0.326602564375 0.5449519226415095 0.325801281875 0.5427884613207548 0.316987179375 0.5370192311320754 0.310737179375 0.5355769226415095 0.30641025625 0.5365384613207548 0.30272435875 0.5408653849056604 0.30240384625 0.5427884613207548 0.3025641025 0.5524038462264151 0.30496794875 0.5567307688679246 0.306570513125 0.5579326924528302 0.310737179375 0.5586538462264151 0.321955128125 0.5557692311320754 0.325 0.553125 0.32628205125 0.5495192311320755 0.326602564375 0.5449519226415095
12 0.42772435875 0.47451923113207545 0.4264423075 0.4704326924528302 0.42387820499999995 0.4663461537735849 0.419551281875 0.46658653867924527 0.40352564125 0.5365384613207548 0.404326923125 0.5391826924528301 0.408173076875 0.5394230773584906 0.409134615625 0.5382211537735849 0.42195512812499997 0.5144230773584906 0.42852564125000003 0.4992788462264151 0.42964743562499996 0.48605769245283015 0.42772435875 0.47451923113207545
12 0.2786858975 0.6620192311320754 0.275 0.6574519226415094 0.27115384625 0.6552884613207547 0.263621795 0.6536057688679245 0.255769230625 0.6567307688679246 0.24727564125 0.6694711537735849 0.24503205125000002 0.6853365386792453 0.245833333125 0.7014423075471699 0.26057692312499997 0.7439903849056604 0.263621795 0.746875 0.267147435625 0.7461538462264151 0.2786858975 0.7362980773584905 0.283333333125 0.6783653849056605 0.28173076937499997 0.6699519226415095 0.2786858975 0.6620192311320754
18 0.39471153875 0.6875 0.398878205 0.6776442311320754 0.400480769375 0.6627403849056605 0.400641025625 0.6533653849056604 0.398878205 0.6151442311320754 0.39358974375 0.6038461537735849 0.38862179500000005 0.5992788462264151 0.38493589749999996 0.5978365386792452 0.37227564125 0.603125 0.369070513125 0.6064903849056604 0.364423076875 0.6149038462264151 0.36153846125 0.6293269226415095 0.36137820499999995 0.6389423075471699 0.362980769375 0.6533653849056604 0.36650641 0.6737980773584905 0.37067307687499995 0.6850961537735849 0.376923076875 0.6925480773584906 0.38285256437500004 0.6944711537735849 0.3889423075 0.6930288462264151 0.39471153875 0.6875
9 0.45128205125 0.6326923075471699 0.449198718125 0.6266826924528301 0.44743589749999996 0.6242788462264152 0.444391025625 0.6228365386792453 0.44022435875 0.6230769226415095 0.43685897437500004 0.6266826924528301 0.435897435625 0.6310096150943396 0.435576923125 0.6399038462264152 0.43814102562499996 0.6581730773584905 0.439423076875 0.6600961537735849 0.443269230625 0.6603365386792452 0.448237179375 0.6569711537735848 0.44983974375 0.6543269226415095 0.451602564375 0.6391826924528301 0.45128205125 0.6326923075471699
3 0.60128205125 0.6685096150943396 0.587820513125 0.6555288462264152 0.57996794875 0.6516826924528302 0.56875 0.6492788462264151 0.5608974356249999 0.6495192311320754 0.556570513125 0.6519230773584905 0.514262820625 0.7149038462264151 0.514102564375 0.7165865386792453 0.576121795 0.7877403849056605 0.579487179375 0.7870192311320754 0.611378205 0.7709134613207548 0.613301281875 0.7675480773584905 0.619230769375 0.7245192311320754 0.60753205125 0.6766826924528302 0.60128205125 0.6685096150943396
9 0.621634615625 0.5759615386792453 0.619230769375 0.5699519226415094 0.615705128125 0.565625 0.607852564375 0.5617788462264152 0.603365384375 0.5615384613207547 0.59983974375 0.5641826924528301 0.599198718125 0.5661057688679246 0.5993589743750001 0.571875 0.60096153875 0.5764423075471699 0.604647435625 0.5838942311320754 0.6088141025 0.5882211537735849 0.615705128125 0.590625 0.61875 0.5887019226415094 0.6211538462499999 0.5838942311320754 0.621634615625 0.5759615386792453
9 0.716666666875 0.5490384613207547 0.712820513125 0.5485576924528301 0.7027243587499999 0.5564903849056604 0.69903846125 0.5610576924528301 0.69759615375 0.5644230773584905 0.69759615375 0.5716346150943395 0.70016025625 0.5783653849056604 0.70496794875 0.5814903849056604 0.70897435875 0.5802884613207547 0.7125 0.5759615386792453 0.7185897437500001 0.5605769226415095 0.718269230625 0.5526442311320754 0.716666666875 0.5490384613207547
9 0.6639423075 0.43533653867924527 0.662820513125 0.43125 0.66153846125 0.4278846150943396 0.658173076875 0.42379807735849057 0.6506410256249999 0.4201923075471698 0.64615384625 0.4204326924528302 0.64278846125 0.42379807735849057 0.641987179375 0.4274038462264151 0.6426282050000001 0.4314903849056604 0.644391025625 0.43557692264150943 0.650320513125 0.4427884613207547 0.6540064099999999 0.44495192264150946 0.658333333125 0.4451923075471698 0.66346153875 0.4399038462264151 0.6639423075 0.43533653867924527