21 0.639262820625 0.7201923075471699 0.634615384375 0.6973557688679246 0.5899038462499999 0.6697115386792453 0.52147435875 0.6379807688679245 0.519551281875 0.6572115386792453 0.5264423075 0.7790865386792453 0.529166666875 0.7819711537735848 0.567948718125 0.7927884613207548 0.57628205125 0.7925480773584905 0.587820513125 0.7855769226415095 0.639423076875 0.7358173075471699 0.6402243587499999 0.7295673075471698 0.639262820625 0.7201923075471699
21 0.587890625 0.7543945311320754 0.5869140625 0.752929687735849 0.5859375 0.7543945311320754 0.5869140625 0.7558593754716981 0.587890625 0.7543945311320754
21 0.608333333125 0.15048076886792452 0.603365384375 0.1038461537735849 0.59246794875 0.04134615377358491 0.5875 0.03389423113207547 0.576121795 0.023798077358490564 0.48221153875 0.04278846132075472 0.47836538437500004 0.04471153867924528 0.44471153874999997 0.0759615386792453 0.4338141025 0.13533653867924528 0.43365384625 0.1389423075471698 0.435576923125 0.14591346132075472 0.44599359 0.15817307735849057 0.45496794875 0.1641826924528302 0.462019230625 0.165625 0.6036858975 0.16995192264150943 0.607371795 0.16658653867924528 0.608333333125 0.15048076886792452
21 0.7339743587499999 0.11682692264150944 0.7323717949999999 0.11538461509433963 0.7125 0.10913461509433962 0.7108974356250001 0.11129807735849057 0.707852564375 0.13846153867924527 0.706730769375 0.1555288462264151 0.70865384625 0.16442307735849057 0.712980769375 0.1694711537735849 0.71875 0.16971153867924527 0.7209935900000001 0.165625 0.730448718125 0.13413461509433963 0.734294871875 0.11899038490566037 0.7339743587499999 0.11682692264150944
21 0.70977564125 0.1930288462264151 0.7099358975 0.18533653867924527 0.707852564375 0.17860576886792454 0.706570513125 0.17716346132075472 0.70128205125 0.17475961509433963 0.69759615375 0.17475961509433963 0.693429486875 0.17596153867924527 0.67900641 0.18701923113207547 0.67275641 0.1944711537735849 0.671955128125 0.19711538490566038 0.67371794875 0.19975961509433962 0.6830128206249999 0.2057692311320755 0.69278846125 0.20817307735849058 0.7008012818749999 0.2069711537735849 0.7048076925 0.2048076924528302 0.70721153875 0.2007211537735849 0.70977564125 0.1930288462264151
9 0.8485576924999999 0.22692307735849057 0.845352564375 0.21995192264150942 0.779326923125 0.184375 0.774358974375 0.18341346132075473 0.769070513125 0.1850961537735849 0.76009615375 0.19326923113207548 0.7591346156250001 0.19711538490566038 0.7570512818749999 0.21754807735849058 0.768269230625 0.27139423113207545 0.7713141025 0.2747596150943396 0.7762820512499999 0.2745192311320755 0.7830128206249999 0.2723557688679245 0.845673076875 0.23725961509433963 0.8482371793750001 0.23245192264150943 0.8485576924999999 0.22692307735849057
9 0.688621795 0.2867788462264151 0.66602564125 0.2125 0.6463141025 0.225 0.614423076875 0.303125 0.614583333125 0.30985576886792454 0.616987179375 0.31514423113207546 0.619070513125 0.3170673075471698 0.627083333125 0.31754807735849055 0.67772435875 0.29879807735849057 0.68397435875 0.29471153867924527 0.687179486875 0.290625 0.688621795 0.2867788462264151
14 0.576762820625 0.24759615377358493 0.57628205125 0.23798076886792452 0.57516025625 0.23413461509433964 0.57275641 0.2317307688679245 0.568269230625 0.23221153867924527 0.5644230768749999 0.2439903849056604 0.5548076925000001 0.27932692264150943 0.555769230625 0.28341346132075473 0.56025641 0.2860576924528302 0.5644230768749999 0.2858173075471698 0.566826923125 0.2836538462264151 0.573878205 0.271875 0.5764423075 0.26370192264150943 0.576762820625 0.24759615377358493
9 0.44134615375 0.28125 0.445833333125 0.2747596150943396 0.45 0.26370192264150943 0.448076923125 0.25288461509433957 0.44551282062500003 0.246875 0.43541666687499997 0.23100961509433962 0.431891025625 0.22788461509433963 0.40112179500000006 0.2235576924528302 0.388301281875 0.2233173075471698 0.376602564375 0.2266826924528302 0.36650641 0.2326923075471698 0.36506410250000004 0.234375 0.362980769375 0.2420673075471698 0.36314102562499995 0.2512019226415095 0.36474359 0.25576923113207545 0.369551281875 0.26346153867924527 0.373076923125 0.26850961509433957 0.39278846125 0.28557692264150947 0.415705128125 0.2908653849056604 0.42756410250000004 0.29182692264150945 0.44134615375 0.28125
21 0.40352564125 0.2908653849056604 0.334455128125 0.27692307735849053 0.31522435875 0.28341346132075473 0.314262820625 0.28701923113207545 0.31057692312499996 0.3257211537735849 0.30865384625000003 0.3682692311320755 0.310416666875 0.3737980773584905 0.35737179500000005 0.3752403849056604 0.37900641 0.37307692264150943 0.409134615625 0.33076923113207546 0.4099358975 0.32716346132075474 0.40608974375 0.29471153867924527 0.40352564125 0.2908653849056604
21 0.3860576925 0.38846153867924527 0.375 0.3841346150943396 0.37227564125 0.3838942311320755 0.36875 0.3860576924528302 0.300801281875 0.4485576924528302 0.299358974375 0.45096153867924527 0.299519230625 0.45408653867924526 0.319070513125 0.5605769226415095 0.32211538437500004 0.5634615386792453 0.38862179500000005 0.5596153849056604 0.43814102562499996 0.48653846132075473 0.43798076937499997 0.4829326924528302 0.3860576925 0.38846153867924527
21 0.553205128125 0.4125 0.5644230768749999 0.4048076924528302 0.574519230625 0.3891826924528302 0.5778846156249999 0.36153846132075473 0.5775641025 0.34951923113207545 0.573076923125 0.33798076886792455 0.569391025625 0.33197115377358494 0.5625 0.32884615377358495 0.49294871812499996 0.3141826924528302 0.493269230625 0.3180288462264151 0.510897435625 0.39158653867924526 0.513621795 0.4002403849056604 0.518108974375 0.40817307735849057 0.5213141025 0.41201923113207545 0.52884615375 0.4165865386792453 0.54615384625 0.4158653849056604 0.553205128125 0.4125
21 0.750641025625 0.32620192264150943 0.7429487181250001 0.31057692264150943 0.737019230625 0.3055288462264151 0.73221153875 0.3057692311320755 0.723397435625 0.31322115377358495 0.7201923075000001 0.31826923113207545 0.719230769375 0.3216346150943396 0.7137820512499999 0.3649038462264151 0.7150641025 0.3689903849056604 0.716666666875 0.3704326924528302 0.7347756412500001 0.3747596150943396 0.747916666875 0.3713942311320755 0.752083333125 0.36514423113207545 0.7544871793750001 0.3528846150943396 0.750641025625 0.32620192264150943
21 0.8790064099999999 0.36875 0.8650641025 0.31826923113207545 0.8613782050000001 0.3204326924528302 0.841666666875 0.34158653867924527 0.8338141025 0.35360576886792455 0.83253205125 0.35745192264150943 0.832852564375 0.3733173075471698 0.83397435875 0.37884615377358494 0.844230769375 0.39326923113207546 0.849519230625 0.3978365386792453 0.86266025625 0.39014423113207547 0.8786858975 0.37235576886792454 0.8790064099999999 0.36875
20 0.79871794875 0.4252403849056604 0.79134615375 0.4221153849056604 0.780128205 0.41995192264150943 0.77483974375 0.4204326924528302 0.7676282050000001 0.4230769226415095 0.7652243587499999 0.42620192264150947 0.764583333125 0.4302884613207547 0.764423076875 0.43557692264150943 0.7663461537499999 0.44254807735849055 0.779166666875 0.45576923113207546 0.787980769375 0.4533653849056604 0.8011217949999999 0.4358173075471698 0.8033653843749999 0.4314903849056604 0.802083333125 0.42764423113207545 0.79871794875 0.4252403849056604
13 0.86891025625 0.5146634613207547 0.841666666875 0.49302884622641513 0.82996794875 0.496875 0.82724359 0.5009615386792453 0.8274038462500001 0.5098557688679246 0.847916666875 0.5646634613207547 0.849519230625 0.5673076924528302 0.8525641025 0.5697115386792453 0.855929486875 0.5689903849056605 0.874198718125 0.5252403849056604 0.8740384612500001 0.5213942311320754 0.86891025625 0.5146634613207547
21 0.8224358975 0.6685096150943396 0.812980769375 0.6384615386792453 0.77147435875 0.5677884613207548 0.76746794875 0.5685096150943396 0.7650641025 0.5721153849056604 0.730929486875 0.64375 0.73108974375 0.6492788462264151 0.7323717949999999 0.6540865386792453 0.7794871793750001 0.7206730773584905 0.7868589743750001 0.7230769226415095 0.814423076875 0.721875 0.8238782050000001 0.6817307688679246 0.8235576925 0.6737980773584905 0.8224358975 0.6685096150943396
3 0.7650641025 0.5288461537735849 0.76650641 0.5213942311320754 0.766987179375 0.5134615386792453 0.755769230625 0.5016826924528301 0.753205128125 0.5019230773584905 0.71233974375 0.5293269226415095 0.704326923125 0.5375 0.7036858975 0.5403846150943395 0.704166666875 0.5447115386792453 0.7197115387499999 0.5723557688679246 0.734294871875 0.5877403849056604 0.73878205125 0.5877403849056604 0.7463141025 0.5838942311320754 0.749679486875 0.5802884613207547 0.7650641025 0.5288461537735849
9 0.7235576924999999 0.6680288462264151 0.723397435625 0.6620192311320754 0.719871795 0.6591346150943396 0.71490384625 0.6600961537735849 0.683333333125 0.6879807688679246 0.675641025625 0.6956730773584906 0.6695512818749999 0.7048076924528301 0.66875 0.7084134613207548 0.669070513125 0.7127403849056604 0.700641025625 0.7557692311320754 0.703044871875 0.7552884613207548 0.70496794875 0.7533653849056604 0.711378205 0.7317307688679245 0.72259615375 0.6747596150943396 0.7235576924999999 0.6680288462264151
9 0.6448717949999999 0.5798076924528301 0.64471153875 0.5759615386792453 0.64246794875 0.5711538462264151 0.63990384625 0.5697115386792453 0.5724358975 0.5540865386792453 0.5681089743750001 0.5555288462264151 0.567628205 0.5651442311320755 0.57099359 0.5877403849056604 0.579166666875 0.5963942311320755 0.595512820625 0.6038461537735849 0.61522435875 0.6060096150943396 0.6306089743750001 0.5997596150943396 0.64246794875 0.5872596150943395 0.6448717949999999 0.5798076924528301
14 0.63141025625 0.49903846132075474 0.629166666875 0.5 0.6096153843750001 0.5194711537735849 0.606570513125 0.5278846150943396 0.60641025625 0.5307692311320754 0.607371795 0.5334134613207547 0.612179486875 0.5338942311320755 0.6150641025 0.5329326924528301 0.625480769375 0.5213942311320754 0.6338141025 0.5060096150943396 0.63397435875 0.5014423075471699 0.63141025625 0.49903846132075474
13 0.57628205125 0.4634615386792453 0.568269230625 0.4596153849056604 0.56378205125 0.4596153849056604 0.5530448718750001 0.4620192311320755 0.537019230625 0.471875 0.5338141025 0.4776442311320755 0.53397435875 0.49014423113207545 0.5389423074999999 0.5084134613207547 0.5451923075 0.5112980773584905 0.5644230768749999 0.5028846150943396 0.573397435625 0.49014423113207545 0.58108974375 0.47451923113207545 0.579326923125 0.46682692264150943 0.57628205125 0.4634615386792453
3 0.4661858975 0.525 0.43525641 0.5639423075471699 0.43541666687499997 0.5725961537735849 0.45128205125 0.5896634613207548 0.45849359 0.5944711537735848 0.50608974375 0.5802884613207547 0.503044871875 0.5680288462264151 0.480128205 0.5175480773584905 0.47868589749999996 0.5161057688679246 0.4661858975 0.525
9 0.38461538437500004 0.6512019226415094 0.38685897437500005 0.6463942311320754 0.330769230625 0.5987980773584906 0.32612179500000005 0.5987980773584906 0.323237179375 0.6033653849056604 0.323237179375 0.6110576924528301 0.32628205125 0.6225961537735849 0.333333333125 0.6389423075471699 0.34166666687499997 0.6485576924528301 0.3610576925 0.6605769226415095 0.36971153875 0.6632211537735849 0.37259615375000005 0.6620192311320754 0.38461538437500004 0.6512019226415094
7 0.46233974375000003 0.6858173075471699 0.43878205125 0.634375 0.43717948687499997 0.6331730773584906 0.4338141025 0.6334134613207547 0.431730769375 0.6350961537735849 0.42964743562499996 0.6387019226415095 0.429166666875 0.653125 0.430128205 0.6576923075471699 0.449679486875 0.7038461537735848 0.45865384625 0.70625 0.46121794875 0.7050480773584905 0.464262820625 0.7009615386792453 0.4650641025 0.6975961537735849 0.46233974375000003 0.6858173075471699
1 0.39599359 0.7408653849056605 0.39759615375 0.7329326924528301 0.39743589749999997 0.7271634613207547 0.39070512812499997 0.6971153849056604 0.38974359 0.6954326924528301 0.376923076875 0.6872596150943396 0.37291666687499997 0.6891826924528301 0.36778846125000003 0.6971153849056604 0.3625 0.7117788462264151 0.362820513125 0.725 0.36378205125 0.7322115386792453 0.36506410250000004 0.7372596150943396 0.36875 0.7415865386792453 0.376923076875 0.7480769226415095 0.381891025625 0.7492788462264152 0.39262820499999995 0.7456730773584905 0.39599359 0.7408653849056605
13 0.44503205125 0.7324519226415095 0.41714743562499995 0.7197115386792453 0.41490384625 0.7206730773584905 0.395833333125 0.7668269226415094 0.39647435875 0.7699519226415095 0.40016025624999996 0.7737980773584906 0.41057692312500005 0.7762019226415094 0.448076923125 0.778125 0.45320512812499997 0.7757211537735849 0.45560897437500003 0.7713942311320754 0.45320512812499997 0.7555288462264151 0.44503205125 0.7324519226415095