14 0.2685546875 0.6269531245283019 0.2724609375 0.6269531245283019 0.2744140625 0.629882812264151 0.2861328125 0.629882812264151 0.2880859375 0.6269531245283019 0.2939453125 0.6269531245283019 0.296875 0.6313476566037736 0.296875 0.6342773433962264 0.2978515625 0.635742187735849 0.3017578125 0.635742187735849 0.302734375 0.6342773433962264 0.302734375 0.6254882811320754 0.2978515625 0.618164062264151 0.2958984375 0.618164062264151 0.2939453125 0.6152343754716981 0.2685546875 0.6152343754716981 0.265625 0.6196289066037736 0.265625 0.6225585933962264 0.2685546875 0.6269531245283019
1 0.49102564125000003 0.13100961509433962 0.49118589749999997 0.11105769245283019 0.48990384625 0.10745192264150943 0.48621794875 0.10336538490566037 0.47852564125 0.10264423113207548 0.39246794875 0.11514423113207548 0.38862179500000005 0.11706730754716982 0.38766025625 0.11971153867924529 0.3875 0.12379807735849058 0.392948718125 0.1423076924528302 0.42387820499999995 0.1610576924528302 0.43541666687499997 0.1625 0.44839743562499995 0.15817307735849057 0.46362179500000006 0.15024038490566038 0.489583333125 0.1336538462264151 0.49102564125000003 0.13100961509433962
10 0.6857371793750001 0.26057692264150945 0.6889423075000001 0.2439903849056604 0.6884615387499999 0.24014423113207548 0.6798076925 0.1930288462264151 0.67371794875 0.1757211537735849 0.668108974375 0.16514423113207546 0.655608974375 0.14879807735849057 0.64246794875 0.13389423113207546 0.6269230768749999 0.1211538462264151 0.611698718125 0.11730769245283018 0.59134615375 0.11706730754716982 0.57596153875 0.13221153867924526 0.571794871875 0.14038461509433964 0.564583333125 0.15841346132075473 0.5616987181249999 0.17331730754716979 0.56121794875 0.1858173075471698 0.562980769375 0.1930288462264151 0.564583333125 0.19567307735849057 0.634615384375 0.2716346150943396 0.66602564125 0.28173076886792453 0.6701923075 0.28221153867924526 0.680769230625 0.2711538462264151 0.6857371793750001 0.26057692264150945
9 0.59647435875 0.3021634613207547 0.5951923075 0.2951923075471698 0.587019230625 0.27908653867924527 0.580448718125 0.2759615386792453 0.576121795 0.27692307735849053 0.5735576925 0.28028846132075474 0.570512820625 0.28701923113207545 0.570352564375 0.29110576886792455 0.571794871875 0.29879807735849057 0.576121795 0.3040865386792453 0.58397435875 0.31057692264150943 0.590865384375 0.3122596150943396 0.593429486875 0.3112980773584905 0.5956730768749999 0.30817307735849053 0.59647435875 0.3021634613207547
14 0.49375 0.21754807735849058 0.490544871875 0.2110576924528302 0.48717948687499996 0.20889423113207548 0.48253205125 0.2100961537735849 0.48028846125 0.21274038490566038 0.47836538437500004 0.21682692264150943 0.487980769375 0.25192307735849057 0.49022435875 0.2548076924528302 0.49358974375000003 0.25625 0.49791666687499997 0.2545673075471698 0.49935897437500004 0.25192307735849057 0.49951923062500003 0.24807692264150946 0.49375 0.21754807735849058
14 0.439423076875 0.2305288462264151 0.428044871875 0.22788461509433963 0.425480769375 0.2300480773584906 0.42403846125 0.23221153867924527 0.42403846125 0.28052884622641505 0.42467948687499996 0.28317307735849057 0.431570513125 0.2884615386792453 0.43701923062500003 0.2752403849056604 0.440544871875 0.2514423075471698 0.440705128125 0.24038461509433962 0.439423076875 0.2305288462264151
3 0.25016025625 0.2747596150943396 0.249519230625 0.2752403849056604 0.25048076937499997 0.33004807735849057 0.25192307687500004 0.3336538462264151 0.314262820625 0.42572115377358494 0.318269230625 0.41971153867924527 0.36778846125000003 0.33004807735849057 0.29871794875 0.2591346150943396 0.25016025625 0.2747596150943396
9 0.411858974375 0.32716346132075474 0.40849359 0.32620192264150943 0.40400641 0.3269230773584905 0.401762820625 0.3293269226415095 0.39871794875 0.3365384613207547 0.398878205 0.3435096150943396 0.40528846125 0.36322115377358494 0.41618589749999996 0.3661057688679245 0.420673076875 0.3610576924528302 0.42195512812499997 0.34951923113207545 0.416826923125 0.3334134613207547 0.41490384625 0.3298076924528302 0.411858974375 0.32716346132075474
9 0.48846153875 0.3454326924528302 0.48509615375000004 0.33317307735849055 0.480769230625 0.3245192311320755 0.47580128187500004 0.3225961537735849 0.470673076875 0.3233173075471698 0.46746794875 0.32596153867924527 0.46602564125 0.3298076924528302 0.46362179500000006 0.3377403849056604 0.46378205125 0.34182692264150943 0.464583333125 0.3454326924528302 0.47019230749999996 0.35745192264150943 0.48253205125 0.3608173075471698 0.48685897437500003 0.3569711537735849 0.488621795 0.3524038462264151 0.48846153875 0.3454326924528302
18 0.555448718125 0.3528846150943396 0.554487179375 0.3490384613207547 0.548878205 0.34302884622641505 0.54471153875 0.34423076886792453 0.54102564125 0.346875 0.537820513125 0.3533653849056604 0.5338141025 0.365625 0.5331730768749999 0.3733173075471698 0.536698718125 0.3846153849056604 0.540544871875 0.3860576924528302 0.545352564375 0.3850961537735849 0.5485576925 0.3819711537735849 0.551121795 0.3766826924528302 0.555448718125 0.35745192264150943 0.555448718125 0.3528846150943396
14 0.677083333125 0.3365384613207547 0.662019230625 0.3334134613207547 0.658173076875 0.33389423113207545 0.65 0.36322115377358494 0.64983974375 0.3649038462264151 0.6549679487500001 0.37451923113207547 0.6599358975 0.3790865386792453 0.67772435875 0.3836538462264151 0.682051281875 0.35721153867924527 0.6830128206249999 0.3461538462264151 0.682371795 0.3420673075471698 0.677083333125 0.3365384613207547
9 0.6230769231250001 0.42475961509433957 0.6240384612500001 0.4110576924528302 0.620833333125 0.3961538462264151 0.61778846125 0.38846153867924527 0.61522435875 0.38629807735849053 0.610897435625 0.3860576924528302 0.6089743587499999 0.3872596150943396 0.605769230625 0.3951923075471698 0.604487179375 0.4016826924528302 0.604487179375 0.415625 0.605929486875 0.42091346132075474 0.608333333125 0.42572115377358494 0.610576923125 0.4288461537735849 0.6150641025 0.4314903849056604 0.619070513125 0.4319711537735849 0.62099359 0.4302884613207547 0.6230769231250001 0.42475961509433957
1 0.7456730768750001 0.5182692311320755 0.7471153843749999 0.5016826924528301 0.74615384625 0.48605769245283015 0.7429487181250001 0.4701923075471698 0.7320512818749999 0.446875 0.724519230625 0.4387019226415095 0.7205128206249999 0.43677884622641505 0.70865384625 0.43533653867924527 0.6852564099999999 0.45216346132075474 0.68509615375 0.45504807735849057 0.71233974375 0.5528846150943396 0.720673076875 0.5658653849056604 0.724519230625 0.5661057688679246 0.7286858975 0.5639423075471699 0.731891025625 0.5608173075471699 0.74022435875 0.546875 0.7456730768750001 0.5182692311320755
1 0.638141025625 0.5408653849056604 0.63477564125 0.5276442311320754 0.620673076875 0.5149038462264152 0.61522435875 0.5108173075471698 0.607371795 0.5129807688679245 0.601602564375 0.5216346150943396 0.600320513125 0.5252403849056604 0.5993589743750001 0.534375 0.600801281875 0.5415865386792452 0.60352564125 0.5475961537735848 0.61009615375 0.5533653849056605 0.6230769231250001 0.5586538462264151 0.630448718125 0.5572115386792452 0.6360576925 0.5526442311320754 0.638141025625 0.5408653849056604
1 0.564262820625 0.484375 0.56474359 0.48221153867924527 0.5650641025 0.4723557688679245 0.5644230768749999 0.4651442311320755 0.560416666875 0.45120192264150943 0.5530448718750001 0.4375 0.542948718125 0.4278846150943396 0.53653846125 0.4235576924528302 0.532371795 0.4233173075471698 0.52147435875 0.42620192264150947 0.5158653843750001 0.43125 0.513621795 0.43485576886792454 0.508012820625 0.4483173075471698 0.50400641 0.46057692264150946 0.50400641 0.4704326924528302 0.5073717950000001 0.48629807735849057 0.513141025625 0.4963942311320754 0.517147435625 0.4997596150943396 0.552884615625 0.49543269245283017 0.556570513125 0.4939903849056604 0.5605769231250001 0.49014423113207545 0.564262820625 0.484375
1 0.47115384624999995 0.48221153867924527 0.475 0.46298076886792455 0.47516025624999997 0.44038461509433957 0.472916666875 0.4242788462264151 0.4548076925 0.3966346150943396 0.45352564125 0.3959134613207547 0.44871794875 0.3959134613207547 0.443269230625 0.3997596150943396 0.43862179500000004 0.4079326924528302 0.39310897437500003 0.5137019226415095 0.39631410250000004 0.5163461537735848 0.43125 0.5262019226415094 0.43990384624999995 0.5264423075471698 0.444230769375 0.5252403849056604 0.45496794875 0.5163461537735848 0.4639423075 0.5012019226415094 0.47115384624999995 0.48221153867924527
1 0.351121795 0.46658653867924527 0.345352564375 0.4615384613207547 0.34166666687499997 0.4600961537735849 0.337820513125 0.4603365386792453 0.329647435625 0.4699519226415095 0.32884615375000004 0.4721153849056604 0.32916666687499996 0.48004807735849053 0.332051281875 0.48605769245283015 0.349679486875 0.5007211537735848 0.3576923075 0.5019230773584905 0.359134615625 0.49783653867924527 0.3576923075 0.48605769245283015 0.354166666875 0.47091346132075473 0.351121795 0.46658653867924527
14 0.28108974375 0.48894230754716983 0.28108974375 0.484375 0.26907051312499997 0.44326923113207545 0.26746794875 0.44182692264150947 0.26378205125 0.4430288462264151 0.2610576925 0.44735576886792455 0.259615384375 0.45096153867924527 0.25977564125 0.46298076886792455 0.2639423075 0.4802884613207547 0.267628205 0.48653846132075473 0.27227564125000003 0.49134615377358487 0.275320513125 0.4923076924528301 0.280128205 0.49110576886792456 0.28108974375 0.48894230754716983
14 0.220512820625 0.5394230773584906 0.218269230625 0.5449519226415095 0.21875 0.5564903849056604 0.23221153875 0.5661057688679246 0.24022435875 0.5661057688679246 0.248076923125 0.5591346150943396 0.25096153875 0.5526442311320754 0.250801281875 0.5447115386792453 0.24791666687500002 0.5401442311320754 0.220512820625 0.5394230773584906
14 0.293269230625 0.540625 0.29102564125 0.5338942311320755 0.275320513125 0.5209134613207548 0.27147435875 0.5206730773584906 0.27115384625 0.5216346150943396 0.27067307687500003 0.5259615386792452 0.2724358975 0.5326923075471699 0.28974359 0.5682692311320754 0.290865384375 0.5694711537735849 0.29342948687500003 0.5682692311320754 0.2951923075 0.5641826924528301 0.2951923075 0.5598557688679245 0.293269230625 0.540625
14 0.36891025624999996 0.5274038462264151 0.36474359 0.5240384613207547 0.36137820499999995 0.5237980773584906 0.357852564375 0.5252403849056604 0.34471153875 0.5355769226415095 0.341987179375 0.5411057688679246 0.340705128125 0.5497596150943396 0.340865384375 0.5567307688679246 0.34310897437500004 0.5622596150943396 0.34519230749999996 0.5637019226415094 0.350320513125 0.5634615386792453 0.3673076925 0.5403846150943395 0.3701923075 0.5334134613207547 0.36987179500000006 0.5293269226415095 0.36891025624999996 0.5274038462264151
1 0.49391025624999996 0.5670673075471698 0.49006410250000004 0.5637019226415094 0.48621794875 0.5627403849056604 0.451762820625 0.5629807688679246 0.443269230625 0.5677884613207548 0.4411858975 0.5721153849056604 0.441666666875 0.5802884613207547 0.44727564125 0.5923076924528301 0.45096153875 0.5961538462264151 0.48477564125 0.5891826924528302 0.49375 0.5846153849056605 0.49775641 0.5795673075471699 0.496794871875 0.5721153849056604 0.49391025624999996 0.5670673075471698
21 0.479166666875 0.7557692311320754 0.48253205125 0.7521634613207547 0.49038461562499996 0.7401442311320754 0.517948718125 0.6778846150943396 0.517948718125 0.6735576924528301 0.5088141025 0.6423076924528301 0.505448718125 0.6382211537735849 0.4411858975 0.6572115386792453 0.40416666687499997 0.6805288462264151 0.40384615375000005 0.6819711537735849 0.408012820625 0.7040865386792453 0.41490384625 0.7177884613207547 0.43541666687499997 0.7480769226415095 0.439423076875 0.7519230773584905 0.463301281875 0.7586538462264151 0.4713141025 0.7596153849056604 0.479166666875 0.7557692311320754
1 0.577083333125 0.7716346150943396 0.579166666875 0.7514423075471699 0.5725961537500001 0.7165865386792453 0.56891025625 0.7144230773584905 0.564583333125 0.7144230773584905 0.560416666875 0.7149038462264151 0.55625 0.7177884613207547 0.55 0.7286057688679246 0.5485576925 0.7329326924528301 0.54775641 0.7408653849056605 0.54775641 0.7483173075471699 0.550641025625 0.7637019226415095 0.555769230625 0.7754807688679246 0.560416666875 0.7807692311320754 0.568269230625 0.7814903849056604 0.5725961537500001 0.7795673075471699 0.57596153875 0.775 0.577083333125 0.7716346150943396
9 0.599519230625 0.6199519226415094 0.595833333125 0.6165865386792453 0.587820513125 0.6206730773584905 0.57884615375 0.6317307688679246 0.577083333125 0.6379807688679245 0.57724359 0.6463942311320754 0.57996794875 0.6526442311320754 0.58349359 0.6548076924528301 0.588301281875 0.6540865386792453 0.5929487181249999 0.6502403849056604 0.599519230625 0.6358173075471698 0.600801281875 0.6228365386792453 0.599519230625 0.6199519226415094
14 0.68141025625 0.5985576924528302 0.67772435875 0.5932692311320754 0.6695512818749999 0.5980769226415095 0.6506410256249999 0.6192307688679246 0.6459935900000001 0.6262019226415094 0.649519230625 0.6432692311320755 0.650320513125 0.6447115386792452 0.654166666875 0.6463942311320754 0.6796474356250001 0.621875 0.682051281875 0.6153846150943396 0.6830128206249999 0.6100961537735848 0.6830128206249999 0.6060096150943396 0.68141025625 0.5985576924528302
14 0.638621795 0.6668269226415094 0.635897435625 0.6692307688679245 0.63397435875 0.6740384613207547 0.6326923074999999 0.6814903849056604 0.631730769375 0.7038461537735848 0.637019230625 0.7168269226415095 0.63846153875 0.7194711537735848 0.6463141025 0.7237980773584906 0.650320513125 0.7235576924528302 0.65096153875 0.7201923075471699 0.64246794875 0.6689903849056604 0.638621795 0.6668269226415094