21 0.404326923125 0.5021634613207547 0.40224359 0.49134615377358487 0.344551281875 0.4002403849056604 0.34102564125 0.4002403849056604 0.33733974375000003 0.403125 0.331570513125 0.41201923113207545 0.3264423075 0.4221153849056604 0.3201923075 0.45 0.319391025625 0.496875 0.32051282062500003 0.5019230773584905 0.32900641 0.5213942311320754 0.36522435875 0.5752403849056604 0.369070513125 0.575 0.38525641 0.5665865386792452 0.387019230625 0.5641826924528301 0.404326923125 0.5021634613207547
21 0.39711538437500005 0.15769230754716979 0.385416666875 0.1423076924528302 0.35336538437500004 0.11514423113207548 0.345673076875 0.1115384613207547 0.29871794875 0.0961538462264151 0.2713141025 0.10048076886792452 0.255608974375 0.11466346132075471 0.24759615375 0.1266826924528302 0.24407051312499997 0.1389423075471698 0.259455128125 0.2048076924528302 0.3298076925 0.2692307688679245 0.33381410250000004 0.26778846132075473 0.399679486875 0.17764423113207548 0.400801281875 0.1742788462264151 0.40096153875 0.16971153867924527 0.39711538437500005 0.15769230754716979
1 0.57227564125 0.17932692264150943 0.56522435875 0.16201923113207548 0.5568910256249999 0.15625 0.5451923075 0.15745192264150942 0.53621794875 0.1617788462264151 0.5320512818750001 0.16658653867924528 0.5304487181249999 0.1694711537735849 0.5298076925 0.17307692264150942 0.530128205 0.1891826924528302 0.553365384375 0.22235576886792452 0.56121794875 0.2317307688679245 0.57003205125 0.23125 0.5719551281249999 0.2305288462264151 0.5735576925 0.22836538490566038 0.576602564375 0.2007211537735849 0.57227564125 0.17932692264150943
21 0.681570513125 0.30961538490566043 0.674519230625 0.29471153867924527 0.665865384375 0.2932692311320755 0.6584935900000001 0.29615384622641505 0.64647435875 0.31466346132075473 0.616826923125 0.4002403849056604 0.615705128125 0.40673076886792453 0.6161858975 0.4194711537735849 0.61875 0.421875 0.6892628206249999 0.4235576924528302 0.6918269231249999 0.41971153867924527 0.6923076924999999 0.415625 0.6903846156250001 0.3569711537735849 0.6884615387499999 0.3278846150943396 0.681570513125 0.30961538490566043
9 0.556730769375 0.3516826924528302 0.559134615625 0.34951923113207545 0.560416666875 0.34591346132075473 0.560737179375 0.34158653867924527 0.556730769375 0.3348557688679245 0.50528846125 0.3088942311320755 0.498237179375 0.3057692311320755 0.494070513125 0.3064903849056604 0.49391025624999996 0.3108173075471698 0.49567307687499995 0.32427884622641506 0.49791666687499997 0.33100961509433957 0.50897435875 0.34375 0.518429486875 0.3504807688679245 0.5286858975 0.3548076924528302 0.5451923075 0.3560096150943396 0.556730769375 0.3516826924528302
20 0.6722756412500001 0.6697115386792453 0.658173076875 0.6526442311320754 0.650320513125 0.6512019226415094 0.6421474356250001 0.6514423075471698 0.63733974375 0.6550480773584906 0.63477564125 0.6620192311320754 0.6349358975 0.6699519226415095 0.636698718125 0.6764423075471698 0.65352564125 0.7091346150943396 0.6698717949999999 0.7139423075471698 0.670673076875 0.7127403849056604 0.6733974356250001 0.6973557688679246 0.6741987181250001 0.6776442311320754 0.6722756412500001 0.6697115386792453
13 0.587820513125 0.6528846150943396 0.58397435875 0.6483173075471699 0.576602564375 0.6423076924528301 0.55897435875 0.6307692311320754 0.52852564125 0.6149038462264151 0.514583333125 0.6117788462264151 0.50608974375 0.6129807688679246 0.50240384625 0.6151442311320754 0.498397435625 0.6192307688679246 0.492628205 0.6293269226415095 0.49150641 0.6334134613207547 0.49198717937499997 0.6384615386792453 0.5019230768749999 0.6545673075471699 0.556730769375 0.7127403849056604 0.564262820625 0.7180288462264152 0.56858974375 0.71875 0.5724358975 0.7165865386792453 0.5911858975 0.6620192311320754 0.587820513125 0.6528846150943396
21 0.505769230625 0.4548076924528302 0.47660256437500004 0.43485576886792454 0.474198718125 0.4350961537735849 0.465544871875 0.45120192264150943 0.45849359 0.4675480773584905 0.45849359 0.478125 0.46057692312500004 0.48605769245283015 0.48108974375 0.5098557688679246 0.494070513125 0.5060096150943396 0.499198718125 0.5021634613207547 0.5014423075 0.49831730754716985 0.507852564375 0.4783653849056604 0.505769230625 0.4548076924528302
1 0.41602564125 0.378125 0.412019230625 0.37115384622641506 0.39615384625 0.3591346150943396 0.38862179500000005 0.35865384622641505 0.379166666875 0.3627403849056604 0.37275641 0.36682692264150946 0.36506410250000004 0.3762019226415095 0.362820513125 0.3846153849056604 0.362820513125 0.39278846132075473 0.36522435875 0.3992788462264151 0.380448718125 0.41057692264150947 0.412179486875 0.4149038462264151 0.41586538437500004 0.4122596150943396 0.418429486875 0.40432692264150943 0.41891025625 0.38846153867924527 0.41602564125 0.378125
1 0.29278846125 0.40817307735849057 0.29102564125 0.40240384622641506 0.287980769375 0.39807692264150946 0.267948718125 0.3870192311320755 0.263301281875 0.38629807735849053 0.25977564125 0.3889423075471698 0.247115384375 0.41009615377358494 0.2423076925 0.41971153867924527 0.24102564125 0.4358173075471698 0.243108974375 0.45096153867924527 0.24791666687500002 0.4603365386792453 0.268429486875 0.46875 0.285416666875 0.46658653867924527 0.292628205 0.43966346132075473 0.29358974374999997 0.425 0.29278846125 0.40817307735849057
9 0.345673076875 0.6641826924528301 0.333333333125 0.6502403849056604 0.29471153875 0.6192307688679246 0.27900641 0.6165865386792453 0.27596153875 0.6189903849056604 0.2735576925 0.6228365386792453 0.2735576925 0.6348557688679246 0.27516025625 0.6384615386792453 0.32564102562499997 0.7377403849056604 0.33012820499999995 0.7401442311320754 0.35160256437500004 0.68125 0.35176282062500003 0.6776442311320754 0.34983974375000004 0.6716346150943396 0.345673076875 0.6641826924528301
14 0.423397435625 0.6151442311320754 0.42003205125 0.6129807688679246 0.413141025625 0.6194711537735849 0.4110576925 0.6228365386792453 0.40961538437500006 0.6336538462264151 0.41009615375 0.6581730773584905 0.412019230625 0.6632211537735849 0.41586538437500004 0.66875 0.41971153875 0.6692307688679245 0.423237179375 0.6620192311320754 0.433333333125 0.6269230773584905 0.423397435625 0.6151442311320754
16 0.638621795 0.5105769226415094 0.6288461537500001 0.5134615386792453 0.610416666875 0.5331730773584905 0.599519230625 0.5509615386792452 0.59903846125 0.553125 0.601602564375 0.559375 0.6230769231250001 0.5841346150943396 0.63349359 0.5682692311320754 0.644391025625 0.5367788462264151 0.64503205125 0.5290865386792453 0.641666666875 0.5134615386792453 0.638621795 0.5105769226415094