1 0.43958333312500003 0.24326923113207546 0.44246794875 0.2360576924528302 0.443108974375 0.23221153867924527 0.443429486875 0.20456730754716979 0.42884615375 0.18149038490566038 0.42435897437500003 0.18028846132075474 0.420352564375 0.18100961509433963 0.41586538437500004 0.18461538490566037 0.4110576925 0.19254807735849058 0.409134615625 0.20120192264150943 0.40849359 0.2213942311320755 0.409455128125 0.23245192264150943 0.412019230625 0.2423076924528302 0.41538461562499995 0.24783653867924527 0.41971153875 0.2514423075471698 0.42483974375 0.25192307735849057 0.431730769375 0.2497596150943396 0.43958333312500003 0.24326923113207546
21 0.5293269231250001 0.29471153867924527 0.51746794875 0.26754807735849057 0.49038461562499996 0.2502403849056604 0.48621794875 0.25 0.44535256437500004 0.2709134613207547 0.425320513125 0.31442307735849057 0.462820513125 0.4259615386792453 0.470673076875 0.44326923113207545 0.474519230625 0.44927884622641506 0.514423076875 0.44326923113207545 0.531570513125 0.31057692264150943 0.531730769375 0.30264423113207545 0.5293269231250001 0.29471153867924527
21 0.38958333312500004 0.4204326924528302 0.39375 0.3245192311320755 0.33397435875 0.30504807735849054 0.32131410250000003 0.3057692311320755 0.310416666875 0.30817307735849053 0.30208333312499996 0.321875 0.298237179375 0.33798076886792455 0.29695512812499997 0.3451923075471698 0.297115384375 0.36129807735849057 0.298076923125 0.3697115386792453 0.324679486875 0.44375 0.32612179500000005 0.4459134613207547 0.32996794875 0.4471153849056604 0.36506410250000004 0.4326923075471698 0.38958333312500004 0.4204326924528302
9 0.5927884612500001 0.16995192264150943 0.590384615625 0.16875 0.587019230625 0.16826923113207548 0.58349359 0.1694711537735849 0.5798076925 0.1725961537735849 0.571634615625 0.1829326924528302 0.56971153875 0.1875 0.570352564375 0.19350961509433962 0.5719551281249999 0.1954326924528302 0.57596153875 0.19711538490566038 0.587820513125 0.19254807735849058 0.5945512818750001 0.18533653867924527 0.5953525643750001 0.18173076886792452 0.5945512818750001 0.17331730754716979 0.5927884612500001 0.16995192264150943
9 0.594230769375 0.26634615377358495 0.591987179375 0.2644230773584905 0.579647435625 0.26346153867924527 0.576602564375 0.2673076924528302 0.575641025625 0.2735576924528302 0.576121795 0.2798076924528302 0.58766025625 0.2858173075471698 0.591987179375 0.2858173075471698 0.595512820625 0.284375 0.596794871875 0.28317307735849057 0.59775641 0.2798076924528302 0.596794871875 0.2711538462264151 0.594230769375 0.26634615377358495
9 0.655929486875 0.28052884622641505 0.651121795 0.27307692264150946 0.646634615625 0.2701923075471698 0.64246794875 0.27067307735849055 0.6400641025 0.2745192311320755 0.639262820625 0.28028846132075474 0.6402243587499999 0.2915865386792453 0.644230769375 0.29903846132075473 0.651121795 0.30264423113207545 0.654326923125 0.3016826924528302 0.6564102562499999 0.29879807735849057 0.6580128206249999 0.29110576886792455 0.6576923075000001 0.2872596150943396 0.655929486875 0.28052884622641505
9 0.74150641 0.31346153867924526 0.7366987181250001 0.3100961537735849 0.72772435875 0.3072115386792453 0.72516025625 0.30865384622641506 0.724198718125 0.3110576924528302 0.724679486875 0.3216346150943396 0.72852564125 0.32764423113207547 0.7360576925 0.33004807735849057 0.74022435875 0.3298076924528302 0.7424679487500001 0.328125 0.744230769375 0.3247596150943396 0.744230769375 0.3170673075471698 0.74150641 0.31346153867924526
9 0.664262820625 0.34158653867924527 0.6625 0.3372596150943396 0.654166666875 0.3295673075471698 0.6463141025 0.3278846150943396 0.6429487181250001 0.33197115377358494 0.641826923125 0.3358173075471698 0.64150641 0.34182692264150943 0.6451923075 0.3483173075471698 0.649679486875 0.3514423075471698 0.658173076875 0.3524038462264151 0.66153846125 0.35120192264150946 0.663621795 0.34951923113207545 0.66474359 0.34567307735849057 0.664262820625 0.34158653867924527
20 0.7024038462500001 0.4110576924528302 0.681570513125 0.3872596150943396 0.680929486875 0.3875 0.68028846125 0.38846153867924527 0.680608974375 0.42764423113207545 0.683333333125 0.4466346150943396 0.69727564125 0.4908653849056604 0.712820513125 0.4774038462264151 0.7258012818749999 0.44326923113207545 0.725320513125 0.43942307735849057 0.7024038462500001 0.4110576924528302
20 0.786698718125 0.3569711537735849 0.749519230625 0.38774038490566043 0.7451923075000001 0.3966346150943396 0.744230769375 0.4002403849056604 0.7477564099999999 0.40913461509433957 0.750801281875 0.4127403849056604 0.7556089743750001 0.41442307735849054 0.787019230625 0.403125 0.78766025625 0.4009615386792453 0.788621795 0.35721153867924527 0.786698718125 0.3569711537735849
10 0.8046474356250001 0.5915865386792453 0.80272435875 0.5762019226415095 0.79599359 0.5600961537735849 0.790865384375 0.5524038462264151 0.780128205 0.540625 0.771955128125 0.5350961537735849 0.76778846125 0.534375 0.76346153875 0.5346153849056604 0.76121794875 0.5372596150943396 0.76009615375 0.5403846150943395 0.760416666875 0.5449519226415095 0.786698718125 0.6745192311320755 0.7918269231249999 0.6932692311320754 0.7948717949999999 0.6959134613207547 0.79871794875 0.6971153849056604 0.8014423075 0.6894230773584905 0.8036858975 0.6322115386792453 0.8046474356250001 0.5915865386792453
9 0.7298076925 0.6242788462264152 0.725320513125 0.6182692311320754 0.7200320512499999 0.6161057688679246 0.70865384625 0.6192307688679246 0.70625 0.6213942311320754 0.705929486875 0.6269230773584905 0.7080128206249999 0.6302884613207548 0.718108974375 0.6379807688679245 0.72516025625 0.6394230773584906 0.728365384375 0.6382211537735849 0.73028846125 0.6348557688679246 0.730608974375 0.6295673075471698 0.7298076925 0.6242788462264152
10 0.658173076875 0.6338942311320754 0.631891025625 0.5564903849056604 0.627083333125 0.5538461537735849 0.623878205 0.5564903849056604 0.6089743587499999 0.5882211537735849 0.6088141025 0.5978365386792452 0.610416666875 0.6067307688679245 0.6149038462499999 0.61875 0.618429486875 0.625 0.622916666875 0.6286057688679246 0.6540064099999999 0.6408653849056604 0.6572115387499999 0.6387019226415095 0.658173076875 0.6338942311320754
9 0.6166666668749999 0.7161057688679245 0.613621795 0.7115384613207547 0.6110576925 0.709375 0.606730769375 0.7088942311320754 0.60272435875 0.7112980773584906 0.59983974375 0.7173076924528301 0.59983974375 0.7240384613207548 0.60096153875 0.7288461537735849 0.608173076875 0.7396634613207548 0.61153846125 0.7427884613207547 0.619230769375 0.7391826924528302 0.6201923075 0.7362980773584905 0.619871795 0.728125 0.6166666668749999 0.7161057688679245
20 0.57371794875 0.6987980773584905 0.54871794875 0.6588942311320755 0.540865384375 0.659375 0.53990384625 0.6610576924528302 0.530769230625 0.7050480773584905 0.53125 0.7064903849056604 0.5530448718750001 0.7199519226415094 0.561378205 0.7175480773584906 0.57099359 0.7088942311320754 0.574358974375 0.7045673075471699 0.57483974375 0.7009615386792453 0.57371794875 0.6987980773584905
9 0.511378205 0.7324519226415095 0.50865384625 0.7271634613207547 0.505929486875 0.7247596150943396 0.501762820625 0.7240384613207548 0.497115384375 0.7269230773584906 0.49503205125 0.7319711537735849 0.49487179500000006 0.7370192311320755 0.49663461562499994 0.7439903849056604 0.50240384625 0.7524038462264151 0.5094551281249999 0.7581730773584906 0.513621795 0.7557692311320754 0.514262820625 0.7519230773584905 0.5139423075 0.7439903849056604 0.511378205 0.7324519226415095
15 0.479166666875 0.7028846150943396 0.494391025625 0.6894230773584905 0.4974358975 0.684375 0.49903846125 0.6778846150943396 0.49887820499999996 0.6694711537735849 0.49487179500000006 0.6574519226415094 0.48733974375 0.6473557688679246 0.48333333312500004 0.64375 0.47724359 0.640625 0.46650641 0.6403846150943396 0.45785256437500005 0.6471153849056605 0.45352564125 0.6540865386792453 0.450480769375 0.6629807688679246 0.449198718125 0.6699519226415095 0.449198718125 0.6788461537735849 0.45016025625 0.6855769226415095 0.454326923125 0.6963942311320754 0.45641025625 0.6992788462264151 0.46153846125000003 0.7028846150943396 0.46971153875 0.7052884613207547 0.47483974375000004 0.7048076924528301 0.479166666875 0.7028846150943396
9 0.39246794875 0.7540865386792452 0.3900641025 0.7509615386792453 0.37740384624999995 0.7403846150943396 0.37275641 0.7411057688679246 0.37099359 0.7459134613207548 0.37115384625 0.7557692311320754 0.37291666687499997 0.7600961537735849 0.37628205125 0.7639423075471699 0.38381410250000003 0.7665865386792453 0.3889423075 0.7668269226415094 0.39278846125 0.7634615386792453 0.39358974375 0.759375 0.39246794875 0.7540865386792452
9 0.484615384375 0.5769230773584906 0.474358974375 0.5685096150943396 0.46746794875 0.56875 0.4639423075 0.5728365386792452 0.46378205125 0.5762019226415095 0.46522435875 0.5836538462264151 0.46746794875 0.5882211537735849 0.48221153875 0.5961538462264151 0.4875 0.5954326924528301 0.48733974375 0.5829326924528302 0.48637820499999995 0.5793269226415094 0.484615384375 0.5769230773584906
20 0.362019230625 0.5620192311320754 0.3610576925 0.5605769226415095 0.358012820625 0.5600961537735849 0.353205128125 0.5620192311320754 0.34775641 0.5728365386792452 0.346794871875 0.5769230773584906 0.346955128125 0.5838942311320754 0.349679486875 0.590625 0.35288461562499995 0.5923076924528301 0.35897435875 0.5913461537735849 0.36217948687499996 0.5855769226415094 0.362980769375 0.5807692311320755 0.363301281875 0.5680288462264151 0.362019230625 0.5620192311320754
1 0.41009615375 0.5411057688679246 0.408012820625 0.5387019226415094 0.40608974375 0.5389423075471699 0.39246794875 0.5454326924528301 0.389102564375 0.5480769226415094 0.3826923075 0.5612980773584906 0.380608974375 0.5721153849056604 0.380769230625 0.578125 0.38365384625 0.5846153849056605 0.388301281875 0.5877403849056604 0.39262820499999995 0.5872596150943395 0.41009615375 0.5677884613207548 0.4110576925 0.5644230773584905 0.410737179375 0.5447115386792453 0.41009615375 0.5411057688679246
9 0.321794871875 0.6490384613207547 0.318269230625 0.6456730773584906 0.314102564375 0.6454326924528302 0.310416666875 0.6490384613207547 0.30881410249999997 0.6528846150943396 0.31009615375 0.6629807688679246 0.313621795 0.66875 0.324519230625 0.6757211537735849 0.326602564375 0.6762019226415095 0.3286858975 0.6745192311320755 0.33028846125 0.6675480773584905 0.3286858975 0.6584134613207547 0.321794871875 0.6490384613207547