1 0.431640625 0.3266601566037736 0.4267578125 0.31347656226415094 0.4189453125 0.3105468754716981 0.4033203125 0.3222656245283019 0.39453125 0.3354492188679245 0.390625 0.3442382811320755 0.390625 0.3588867188679245 0.3974609375 0.3691406245283019 0.4013671875 0.37207031226415094 0.4111328125 0.375 0.419921875 0.3676757811320755 0.431640625 0.3325195311320755 0.431640625 0.3266601566037736
7 0.45512820499999995 0.09471153867924528 0.44711538437500004 0.07788461509433962 0.42740384625 0.053125 0.42371794875 0.05120192264150943 0.40416666687499997 0.05504807735849057 0.38413461562499995 0.06322115377358489 0.337820513125 0.0875 0.32916666687499996 0.11899038490566037 0.32820512812499997 0.15024038490566038 0.329326923125 0.1516826924528302 0.349519230625 0.15216346132075473 0.45512820499999995 0.13076923113207548 0.45993589749999997 0.12692307735849057 0.459294871875 0.11105769245283019 0.45785256437500005 0.103125 0.45512820499999995 0.09471153867924528
1 0.587820513125 0.15504807735849058 0.5838141025 0.14711538490566037 0.57900641 0.14206730754716979 0.5725961537500001 0.1379807688679245 0.5641025643750001 0.1360576924528302 0.5588141025 0.1399038462264151 0.5536858975 0.14639423113207548 0.5474358975 0.1605769226415094 0.544871795 0.16971153867924527 0.5451923075 0.1774038462264151 0.547916666875 0.18149038490566038 0.558012820625 0.1882211537735849 0.5725961537500001 0.19158653867924527 0.578205128125 0.18942307735849057 0.58397435875 0.1831730773584906 0.58974359 0.16538461509433963 0.587820513125 0.15504807735849058
1 0.58221153875 0.3348557688679245 0.5838141025 0.33028846132075473 0.584615384375 0.3228365386792453 0.58397435875 0.3137019226415095 0.580769230625 0.3064903849056604 0.576121795 0.3016826924528302 0.5625 0.30264423113207545 0.549679486875 0.32620192264150943 0.55 0.33028846132075473 0.55272435875 0.33942307735849053 0.554647435625 0.34278846132075474 0.5605769231250001 0.34591346132075473 0.569230769375 0.34567307735849057 0.576762820625 0.34326923113207547 0.58221153875 0.3348557688679245
14 0.50977564125 0.23341346132075472 0.505769230625 0.22548076886792454 0.49615384625 0.22836538490566038 0.48541666687499996 0.23725961509433963 0.48349359 0.24014423113207548 0.4826923075 0.2435096150943396 0.483012820625 0.2512019226415095 0.485576923125 0.2576923075471698 0.49391025624999996 0.2644230773584905 0.498397435625 0.265625 0.50128205125 0.26346153867924527 0.50977564125 0.2483173075471698 0.511858974375 0.2399038462264151 0.50977564125 0.23341346132075472
1 0.389262820625 0.26274038490566043 0.39070512812499997 0.259375 0.392147435625 0.25192307735849057 0.39439102562499995 0.24014423113207548 0.39439102562499995 0.2360576924528302 0.393269230625 0.23245192264150943 0.39166666687499996 0.2319711537735849 0.355128205 0.24014423113207548 0.34775641 0.2439903849056604 0.34166666687499997 0.2569711537735849 0.34166666687499997 0.26057692264150945 0.348237179375 0.2723557688679245 0.35256410250000003 0.2771634613207547 0.357051281875 0.27908653867924527 0.360737179375 0.27908653867924527 0.37355769250000004 0.2766826924528302 0.382371795 0.27139423113207545 0.389262820625 0.26274038490566043
1 0.28926282062500003 0.26875 0.28766025625 0.2658653849056604 0.27884615375 0.2586538462264151 0.27419871812499996 0.2564903849056604 0.267628205 0.25745192264150946 0.26217948687500003 0.2620192311320755 0.258173076875 0.26754807735849057 0.256891025625 0.2716346150943396 0.25608974375 0.28341346132075473 0.257371795 0.2913461537735849 0.258333333125 0.29399038490566043 0.263621795 0.30120192264150947 0.287179486875 0.2944711537735849 0.288621795 0.2920673075471698 0.29022435874999997 0.2764423075471698 0.28926282062500003 0.26875
6 0.255929486875 0.4002403849056604 0.24775641 0.40240384622641506 0.24375 0.40576923113207547 0.22852564125 0.4274038462264151 0.22099359 0.4646634613207547 0.22275641000000002 0.5641826924528301 0.236858974375 0.5721153849056604 0.24214743562500002 0.5725961537735849 0.256730769375 0.5564903849056604 0.27596153875 0.4826923075471698 0.271955128125 0.4334134613207547 0.25897435874999997 0.4038461537735849 0.255929486875 0.4002403849056604
3 0.3076923075 0.3995192311320755 0.307051281875 0.40336538490566043 0.301762820625 0.48629807735849057 0.32211538437500004 0.5185096150943396 0.36634615375 0.5213942311320754 0.39262820499999995 0.4278846150943396 0.38990384624999996 0.3764423075471698 0.38846153875 0.3747596150943396 0.318269230625 0.37764423113207546 0.3076923075 0.3995192311320755
6 0.55528846125 0.48605769245283015 0.55272435875 0.47692307735849054 0.54471153875 0.46658653867924527 0.51778846125 0.45264423113207547 0.48621794875 0.4579326924528302 0.47836538437500004 0.4603365386792453 0.462019230625 0.4740384613207547 0.45608974375 0.4846153849056604 0.45416666687499996 0.49302884622641513 0.45400641 0.49783653867924527 0.45512820499999995 0.5064903849056605 0.47852564125 0.5161057688679246 0.5485576925 0.5314903849056604 0.5525641025 0.5310096150943396 0.55721153875 0.5252403849056604 0.558173076875 0.5216346150943396 0.55528846125 0.48605769245283015
1 0.41057692312500005 0.5447115386792453 0.40224359 0.5288461537735849 0.39807692312500004 0.5259615386792452 0.38862179500000005 0.5237980773584906 0.38477564125 0.5290865386792453 0.376923076875 0.5447115386792453 0.37403846125 0.5661057688679246 0.37387820499999996 0.5764423075471699 0.37612179500000004 0.5875 0.380929486875 0.596875 0.38653846125 0.6004807688679246 0.39102564125 0.6009615386792453 0.39439102562499995 0.5995192311320754 0.412980769375 0.5800480773584905 0.41057692312500005 0.5447115386792453
14 0.36009615375000004 0.6230769226415095 0.355448718125 0.6262019226415094 0.348237179375 0.6425480773584905 0.34599359 0.6521634613207548 0.34583333312500003 0.6543269226415095 0.349519230625 0.6649038462264151 0.35753205125 0.6665865386792452 0.37259615375000005 0.6266826924528301 0.37291666687499997 0.6225961537735849 0.37099359 0.6204326924528302 0.36875 0.6197115386792452 0.36009615375000004 0.6230769226415095
1 0.34615384624999995 0.6925480773584906 0.342147435625 0.6887019226415094 0.333333333125 0.6841346150943396 0.32996794875 0.6836538462264151 0.32259615375 0.6855769226415095 0.31346153875 0.6930288462264151 0.310897435625 0.6973557688679246 0.309134615625 0.7026442311320754 0.29871794875 0.7478365386792453 0.299679486875 0.7487980773584906 0.3025641025 0.7495192311320754 0.35336538437500004 0.7355769226415094 0.35400641 0.7322115386792453 0.35160256437500004 0.7045673075471699 0.349519230625 0.6975961537735849 0.34615384624999995 0.6925480773584906
14 0.4025641025 0.6862980773584906 0.40016025624999996 0.6930288462264151 0.400320513125 0.7012019226415095 0.408012820625 0.7254807688679246 0.428044871875 0.7192307688679246 0.43108974375000003 0.7168269226415095 0.435897435625 0.7091346150943396 0.43525641 0.70625 0.404487179375 0.6846153849056604 0.4025641025 0.6862980773584906
14 0.49791666687499997 0.6079326924528301 0.47852564125 0.6081730773584906 0.474679486875 0.6149038462264151 0.4735576925 0.6194711537735849 0.473237179375 0.6228365386792453 0.474358974375 0.6245192311320754 0.49791666687499997 0.6384615386792453 0.5019230768749999 0.6370192311320754 0.504326923125 0.6346153849056604 0.50496794875 0.6305288462264151 0.5038461537500001 0.6225961537735849 0.49791666687499997 0.6079326924528301
14 0.5407051281249999 0.7036057688679246 0.537019230625 0.7048076924528301 0.5326923075 0.7084134613207548 0.52996794875 0.7192307688679246 0.5302884612500001 0.7242788462264151 0.5326923075 0.7257211537735849 0.5525641025 0.7276442311320754 0.557371795 0.7216346150943396 0.558333333125 0.7161057688679245 0.556730769375 0.7091346150943396 0.5536858975 0.7060096150943396 0.5407051281249999 0.7036057688679246
1 0.6605769231249999 0.7555288462264151 0.658173076875 0.7430288462264151 0.651121795 0.7264423075471699 0.644070513125 0.7158653849056604 0.638621795 0.7110576924528301 0.6235576925 0.7132211537735849 0.6176282049999999 0.7158653849056604 0.6139423075 0.7204326924528301 0.612019230625 0.7245192311320754 0.610897435625 0.7283653849056604 0.611378205 0.7360576924528301 0.614423076875 0.7442307688679246 0.65016025625 0.7764423075471698 0.654166666875 0.7764423075471698 0.6580128206249999 0.7745192311320754 0.6605769231249999 0.7610576924528302 0.6605769231249999 0.7555288462264151
6 0.7948717949999999 0.5471153849056604 0.778044871875 0.5403846150943395 0.73221153875 0.5264423075471698 0.669070513125 0.5463942311320754 0.655769230625 0.5800480773584905 0.655608974375 0.5838942311320754 0.6661858975 0.6189903849056604 0.684294871875 0.6216346150943396 0.7290064099999999 0.6189903849056604 0.73221153875 0.6173076924528301 0.795673076875 0.5605769226415095 0.7963141025 0.5560096150943395 0.7948717949999999 0.5471153849056604
1 0.67371794875 0.48870192264150947 0.688301281875 0.4610576924528302 0.690865384375 0.4545673075471698 0.69134615375 0.45096153867924527 0.687820513125 0.4454326924528302 0.67371794875 0.43557692264150943 0.6657051281249999 0.43701923113207547 0.654326923125 0.4451923075471698 0.650320513125 0.45120192264150943 0.6463141025 0.4627403849056604 0.64615384625 0.4704326924528302 0.64727564125 0.4788461537735849 0.650320513125 0.4896634613207547 0.65272435875 0.4939903849056604 0.657852564375 0.49855769245283016 0.662179486875 0.4997596150943396 0.668429486875 0.496875 0.67371794875 0.48870192264150947
12 0.689583333125 0.4459134613207547 0.697916666875 0.4466346150943396 0.70496794875 0.4447115386792453 0.710737179375 0.4411057688679245 0.725480769375 0.4271634613207547 0.73621794875 0.41009615377358494 0.744070513125 0.38966346132075474 0.74759615375 0.37692307735849057 0.7498397437500001 0.3649038462264151 0.750320513125 0.3413461537735849 0.744070513125 0.3110576924528302 0.73253205125 0.2641826924528302 0.72852564125 0.25288461509433957 0.720352564375 0.2367788462264151 0.708333333125 0.22067307735849057 0.7048076925 0.21682692264150943 0.697115384375 0.2117788462264151 0.684455128125 0.20649038490566038 0.67852564125 0.20649038490566038 0.670512820625 0.20889423113207548 0.662019230625 0.2144230773584906 0.654326923125 0.22211538490566038 0.64647435875 0.23581730754716979 0.644551281875 0.24375 0.64391025625 0.25072115377358495 0.64391025625 0.2639423075471698 0.657051281875 0.3918269226415095 0.6591346156250001 0.40432692264150943 0.6637820512499999 0.41995192264150943 0.6695512818749999 0.4298076924528302 0.676602564375 0.43822115377358495 0.685576923125 0.4442307688679245 0.689583333125 0.4459134613207547