3 0.36971153875 0.3766826924528302 0.37403846125 0.24759615377358493 0.36682692312500004 0.21730769245283021 0.36121794875 0.2086538462264151 0.287019230625 0.1850961537735849 0.283333333125 0.18629807735849058 0.22852564125 0.26370192264150943 0.22660256437499998 0.2673076924528302 0.225801281875 0.2711538462264151 0.219551281875 0.3139423075471698 0.21971153875 0.31826923113207545 0.22323717937499998 0.34158653867924527 0.238141025625 0.3882211537735849 0.2400641025 0.39014423113207547 0.32996794875 0.39567307735849055 0.36698717937499997 0.3790865386792453 0.36971153875 0.3766826924528302
20 0.54503205125 0.14278846132075473 0.478044871875 0.0959134613207547 0.477083333125 0.09951923113207548 0.48237179500000005 0.1608173075471698 0.529166666875 0.17163461509433964 0.5331730768749999 0.1694711537735849 0.540865384375 0.15913461509433963 0.54599359 0.15024038490566038 0.546794871875 0.1461538462264151 0.54503205125 0.14278846132075473
6 0.65272435875 0.2132211537735849 0.6514423075000001 0.20985576886792454 0.650480769375 0.2086538462264151 0.6463141025 0.2079326924528302 0.640544871875 0.21274038490566038 0.6150641025 0.2516826924528302 0.59134615375 0.3295673075471698 0.591666666875 0.33557692264150946 0.5939102562499999 0.33798076886792455 0.5963141025 0.3382211537735849 0.63477564125 0.3149038462264151 0.654326923125 0.24927884622641508 0.6549679487500001 0.2319711537735849 0.65272435875 0.2132211537735849
20 0.706891025625 0.5175480773584905 0.70641025625 0.49807692264150943 0.7036858975 0.4939903849056604 0.698397435625 0.49134615377358487 0.69358974375 0.49134615377358487 0.688301281875 0.49302884622641513 0.67596153875 0.50625 0.670833333125 0.5132211537735849 0.66858974375 0.5177884613207547 0.6668269231249999 0.5257211537735849 0.666666666875 0.5290865386792453 0.670833333125 0.5387019226415094 0.67483974375 0.5420673075471698 0.67772435875 0.5423076924528302 0.68125 0.5408653849056604 0.7025641025 0.525 0.704487179375 0.5223557688679246 0.706891025625 0.5175480773584905
14 0.692948718125 0.5913461537735849 0.689583333125 0.5870192311320754 0.686698718125 0.5879807688679246 0.6849358975 0.5913461537735849 0.6849358975 0.6180288462264151 0.685576923125 0.6192307688679246 0.6897435900000001 0.6189903849056604 0.693269230625 0.6163461537735849 0.6951923075 0.6120192311320755 0.695512820625 0.6069711537735849 0.69471153875 0.5992788462264151 0.692948718125 0.5913461537735849
21 0.607371795 0.7807692311320754 0.60865384625 0.7790865386792453 0.6269230768749999 0.7088942311320754 0.627884615625 0.7009615386792453 0.60016025625 0.6307692311320754 0.560416666875 0.6161057688679246 0.551762820625 0.6300480773584906 0.548397435625 0.6375 0.5360576925 0.6754807688679246 0.5358974356249999 0.6855769226415095 0.536698718125 0.69375 0.538301281875 0.7050480773584905 0.541666666875 0.7199519226415094 0.545512820625 0.7283653849056604 0.5525641025 0.7403846150943396 0.6038461537500001 0.7793269226415095 0.607371795 0.7807692311320754
18 0.530769230625 0.4776442311320755 0.52516025625 0.471875 0.5211538462499999 0.4701923075471698 0.51746794875 0.46971153867924526 0.5152243587499999 0.4733173075471698 0.515544871875 0.478125 0.51875 0.48605769245283015 0.538141025625 0.5158653849056604 0.540865384375 0.5189903849056604 0.544230769375 0.5197115386792452 0.5466346156249999 0.5173076924528301 0.547916666875 0.5019230773584905 0.530769230625 0.4776442311320755
13 0.474519230625 0.40817307735849057 0.4661858975 0.39254807735849057 0.45881410250000004 0.3826923075471698 0.45512820499999995 0.3798076924528302 0.45240384624999996 0.38076923113207545 0.44935897437500005 0.4076923075471698 0.449519230625 0.41201923113207545 0.451762820625 0.4201923075471698 0.45560897437500003 0.42283653867924526 0.464583333125 0.4201923075471698 0.47083333312500003 0.41682692264150945 0.474198718125 0.41201923113207545 0.474519230625 0.40817307735849057
1 0.41025641 0.5370192311320754 0.39647435875 0.5269230773584905 0.392147435625 0.5264423075471698 0.38862179500000005 0.5278846150943396 0.38397435874999997 0.5319711537735848 0.37996794875 0.5394230773584906 0.37467948687499997 0.5567307688679246 0.37435897437500004 0.5610576924528301 0.375 0.5641826924528301 0.376923076875 0.5668269226415095 0.38461538437500004 0.571875 0.38862179500000005 0.5723557688679246 0.40865384624999995 0.5663461537735849 0.410416666875 0.5641826924528301 0.41025641 0.5370192311320754
9 0.425 0.6927884613207548 0.42195512812499997 0.6884615386792453 0.41602564125 0.6879807688679246 0.4036858975 0.6971153849056604 0.40416666687499997 0.7086538462264151 0.405448718125 0.7115384613207547 0.407852564375 0.7141826924528302 0.4125 0.7144230773584905 0.4173076925 0.7117788462264151 0.42387820499999995 0.7028846150943396 0.42483974375 0.6992788462264151 0.425 0.6927884613207548
1 0.295673076875 0.6658653849056604 0.29134615375 0.6603365386792452 0.28733974375 0.6579326924528301 0.283333333125 0.6581730773584905 0.2786858975 0.6608173075471698 0.27516025625 0.6641826924528301 0.269230769375 0.6730769226415094 0.265384615625 0.6891826924528301 0.264583333125 0.7057692311320755 0.2661858975 0.7129807688679246 0.267628205 0.7158653849056604 0.27099359 0.7182692311320754 0.27516025625 0.7165865386792453 0.294070513125 0.6737980773584905 0.295512820625 0.6692307688679245 0.295673076875 0.6658653849056604
14 0.29166666687500004 0.5408653849056604 0.288621795 0.5211538462264151 0.285737179375 0.5112980773584905 0.283012820625 0.5081730773584906 0.278205128125 0.5079326924528301 0.2764423075 0.5096153849056604 0.27227564125000003 0.5213942311320754 0.27147435875 0.5338942311320755 0.27660256437499997 0.5538461537735849 0.27900641 0.5569711537735849 0.283333333125 0.5572115386792452 0.287019230625 0.5555288462264151 0.28974359 0.5524038462264151 0.29102564125 0.5487980773584905 0.29166666687500004 0.5408653849056604