9 0.42932692312500004 0.20841346132075472 0.427083333125 0.20120192264150943 0.42371794875 0.19735576886792452 0.41939102562499997 0.196875 0.41586538437500004 0.19903846132075473 0.41346153874999997 0.20408653867924528 0.41346153874999997 0.21370192264150942 0.417628205 0.22524038490566037 0.42115384624999996 0.2298076924528302 0.4235576925 0.23100961509433962 0.42836538437500005 0.2288461537735849 0.430128205 0.22475961509433962 0.43044871812499996 0.22019230754716979 0.42932692312500004 0.20841346132075472
3 0.3014423075 0.31826923113207545 0.29903846125 0.2891826924528302 0.294871795 0.27740384622641506 0.29150641 0.26947115377358494 0.283012820625 0.2588942311320755 0.272115384375 0.25384615377358494 0.264102564375 0.2536057688679245 0.255608974375 0.25745192264150946 0.25192307687500004 0.26298076886792454 0.24647435874999998 0.33389423113207545 0.24727564125 0.35721153867924527 0.248076923125 0.35841346132075474 0.279166666875 0.3608173075471698 0.28846153874999997 0.35745192264150943 0.295352564375 0.34158653867924527 0.299519230625 0.32884615377358495 0.3014423075 0.31826923113207545
9 0.35240384625 0.2552884613207547 0.35128205125 0.2512019226415095 0.349519230625 0.24927884622641508 0.34278846125 0.24903846132075472 0.33766025624999996 0.2497596150943396 0.33477564125000003 0.2514423075471698 0.330769230625 0.25817307735849054 0.33060897437500003 0.26370192264150943 0.331570513125 0.26754807735849057 0.334294871875 0.2709134613207547 0.338301281875 0.2721153849056604 0.34310897437500004 0.2704326924528302 0.347916666875 0.2653846150943396 0.35128205125 0.2596153849056604 0.35240384625 0.2552884613207547
9 0.5016025643750001 0.24759615377358493 0.49855769250000004 0.24423076886792452 0.494070513125 0.2413461537735849 0.478044871875 0.2512019226415095 0.47403846125 0.2588942311320755 0.474519230625 0.2668269226415095 0.4764423075 0.27139423113207545 0.478205128125 0.27307692264150946 0.4826923075 0.2742788462264151 0.498237179375 0.2704326924528302 0.502083333125 0.26129807735849053 0.503044871875 0.2545673075471698 0.5016025643750001 0.24759615377358493
9 0.6463141025 0.19110576886792452 0.6423076925 0.19110576886792452 0.634615384375 0.19326923113207548 0.619230769375 0.203125 0.6110576925 0.20889423113207548 0.59871794875 0.2204326924528302 0.595512820625 0.2242788462264151 0.5935897437500001 0.22836538490566038 0.5860576925000001 0.25192307735849057 0.585737179375 0.2552884613207547 0.585576923125 0.26370192264150943 0.591666666875 0.2778846150943396 0.654166666875 0.28197115377358495 0.6825320512499999 0.24014423113207548 0.6741987181250001 0.21682692264150943 0.670833333125 0.21153846132075474 0.6540064099999999 0.1944711537735849 0.6463141025 0.19110576886792452
9 0.566987179375 0.2716346150943396 0.566666666875 0.2673076924528302 0.56474359 0.2644230773584905 0.54903846125 0.2540865386792453 0.545512820625 0.25576923113207545 0.543108974375 0.26490384622641505 0.543108974375 0.2701923075471698 0.544391025625 0.275 0.54615384625 0.2776442311320755 0.5514423075 0.28028846132075474 0.555608974375 0.28028846132075474 0.5610576925 0.27860576886792454 0.5644230768749999 0.2764423075471698 0.566987179375 0.2716346150943396
14 0.371955128125 0.3473557688679245 0.36858974375000003 0.34158653867924527 0.360897435625 0.3329326924528302 0.352083333125 0.33245192264150947 0.34983974375000004 0.3341346150943396 0.3463141025 0.34110576886792454 0.34487179500000004 0.34567307735849057 0.34727564125 0.35721153867924527 0.349519230625 0.36129807735849057 0.36875 0.35889423113207547 0.37099359 0.35673076886792454 0.3724358975 0.35360576886792455 0.37259615375000005 0.3492788462264151 0.371955128125 0.3473557688679245
9 0.21746794875 0.3653846150943396 0.21394230749999998 0.36033653867924526 0.209134615625 0.35865384622641505 0.204487179375 0.3608173075471698 0.202083333125 0.3649038462264151 0.20224359 0.3846153849056604 0.20288461562500001 0.38870192264150943 0.204647435625 0.3920673075471698 0.209134615625 0.39350961509433957 0.211858974375 0.39014423113207547 0.214423076875 0.3846153849056604 0.21778846125 0.37307692264150943 0.21746794875 0.3653846150943396
9 0.248076923125 0.38125 0.240865384375 0.3826923075471698 0.23413461562500001 0.3908653849056604 0.23205128187500002 0.3975961537735849 0.23205128187500002 0.40432692264150943 0.23557692312499998 0.41201923113207545 0.239583333125 0.4129807688679245 0.2423076925 0.41201923113207545 0.24407051312499997 0.409375 0.25192307687500004 0.39014423113207547 0.251602564375 0.3850961537735849 0.248076923125 0.38125
9 0.30096153875 0.4149038462264151 0.294230769375 0.4134615386792453 0.28589743562500003 0.4163461537735849 0.282852564375 0.41995192264150943 0.28173076937499997 0.4235576924528302 0.281570513125 0.4322115386792453 0.28221153875 0.4350961537735849 0.28317307687500004 0.43677884622641505 0.287179486875 0.43701923113207547 0.30192307687500003 0.42764423113207545 0.304166666875 0.4235576924528302 0.30448717937499997 0.4194711537735849 0.30096153875 0.4149038462264151
9 0.33397435875 0.4548076924528302 0.321955128125 0.4567307688679245 0.319391025625 0.45889423113207545 0.318269230625 0.4615384613207547 0.319230769375 0.4704326924528302 0.321794871875 0.47451923113207545 0.334455128125 0.4759615386792453 0.3389423075 0.4723557688679245 0.34022435875 0.46682692264150943 0.34022435875 0.4627403849056604 0.339102564375 0.45889423113207545 0.33397435875 0.4548076924528302
9 0.36650641 0.4314903849056604 0.36618589749999997 0.42259615377358495 0.36410256437500005 0.415625 0.360897435625 0.4098557688679245 0.357051281875 0.4074519226415095 0.35272435874999997 0.41057692264150947 0.35128205125 0.41682692264150945 0.350641025625 0.425 0.351121795 0.43173076886792455 0.35224359 0.43533653867924527 0.354166666875 0.43942307735849057 0.35689102562499997 0.4423076924528302 0.36153846125 0.4415865386792453 0.36490384625 0.43653846132075474 0.36650641 0.4314903849056604
9 0.391987179375 0.47379807735849055 0.390865384375 0.4670673075471698 0.389423076875 0.46442307735849053 0.38493589749999996 0.46370192264150945 0.37291666687499997 0.4685096150943396 0.367628205 0.4735576924528302 0.36506410250000004 0.4788461537735849 0.36410256437500005 0.4870192311320754 0.36586538437500005 0.49375 0.369070513125 0.4992788462264151 0.37355769250000004 0.49903846132075474 0.37932692312500005 0.4961538462264151 0.386378205 0.48870192264150947 0.38958333312500004 0.48245192264150943 0.391987179375 0.47379807735849055
13 0.49471153875 0.49783653867924527 0.49246794875 0.48245192264150943 0.48814102562499995 0.4778846150943396 0.470673076875 0.4701923075471698 0.46634615375000005 0.46947115377358495 0.45881410250000004 0.471875 0.45112179500000005 0.4807692311320755 0.44503205125 0.49783653867924527 0.43685897437500004 0.5341346150943396 0.43653846125 0.5372596150943396 0.43862179500000004 0.5487980773584905 0.44102564125 0.5528846150943396 0.44358974375000004 0.5548076924528301 0.45512820499999995 0.5521634613207548 0.47483974375000004 0.5295673075471699 0.493108974375 0.5016826924528301 0.49471153875 0.49783653867924527
9 0.589423076875 0.40432692264150943 0.58397435875 0.38846153867924527 0.57596153875 0.3838942311320755 0.57227564125 0.38629807735849053 0.57115384625 0.3889423075471698 0.57099359 0.39807692264150946 0.571794871875 0.4026442311320755 0.574519230625 0.409375 0.576923076875 0.4127403849056604 0.5798076925 0.41442307735849054 0.58397435875 0.4141826924528302 0.589583333125 0.40841346132075473 0.589423076875 0.40432692264150943
9 0.5608974356249999 0.4584134613207547 0.5599358975 0.4545673075471698 0.556570513125 0.4490384613207547 0.548397435625 0.44495192264150946 0.544551281875 0.4497596150943396 0.5358974356249999 0.4740384613207547 0.5360576925 0.4783653849056604 0.5413461537500001 0.4838942311320754 0.54471153875 0.48605769245283015 0.54903846125 0.484375 0.5576923075 0.475 0.55977564125 0.47091346132075473 0.5608974356249999 0.4627403849056604 0.5608974356249999 0.4584134613207547
9 0.621634615625 0.4329326924528302 0.618108974375 0.4329326924528302 0.615705128125 0.43533653867924527 0.6149038462499999 0.45504807735849057 0.6193910256249999 0.45697115377358494 0.622916666875 0.4545673075471698 0.624519230625 0.4514423075471698 0.625480769375 0.4415865386792453 0.6251602562499999 0.43701923113207547 0.62371794875 0.4338942311320755 0.621634615625 0.4329326924528302
9 0.6580128206249999 0.4855769226415095 0.6540064099999999 0.48605769245283015 0.650320513125 0.4923076924528301 0.6491987181250001 0.4973557688679246 0.64903846125 0.5019230773584905 0.6522435900000001 0.5088942311320754 0.654647435625 0.5098557688679246 0.658173076875 0.5086538462264151 0.6602564099999999 0.5057692311320754 0.662019230625 0.49783653867924527 0.661378205 0.48990384622641514 0.6580128206249999 0.4855769226415095
9 0.6110576925 0.5295673075471699 0.611378205 0.5245192311320754 0.610416666875 0.5216346150943396 0.60753205125 0.5185096150943396 0.60352564125 0.51875 0.594070513125 0.5252403849056604 0.591987179375 0.5278846150943396 0.5911858975 0.5290865386792453 0.59150641 0.5360576924528302 0.592628205 0.5399038462264151 0.5956730768749999 0.5432692311320754 0.60016025625 0.5449519226415095 0.604647435625 0.5425480773584905 0.60865384625 0.5372596150943396 0.6110576925 0.5295673075471699
9 0.6584935900000001 0.6115384613207547 0.6540064099999999 0.6115384613207547 0.65096153875 0.6132211537735849 0.648076923125 0.6180288462264151 0.645833333125 0.6286057688679246 0.6455128206249999 0.6346153849056604 0.6463141025 0.6358173075471698 0.650320513125 0.6401442311320754 0.654166666875 0.640625 0.6618589743750001 0.6264423075471699 0.6625 0.6233173075471699 0.662019230625 0.6149038462264151 0.6584935900000001 0.6115384613207547
2 0.548237179375 0.6266826924528301 0.5524038462499999 0.625 0.560416666875 0.625 0.574679486875 0.6331730773584906 0.57996794875 0.6399038462264152 0.5881410256249999 0.6435096150943396 0.5956730768749999 0.6442307688679246 0.6020833331250001 0.640625 0.606570513125 0.6391826924528301 0.615705128125 0.6413461537735848 0.6176282049999999 0.6442307688679246 0.619230769375 0.65 0.6201923075 0.6581730773584905 0.618108974375 0.6896634613207547 0.6150641025 0.7009615386792453 0.61153846125 0.7088942311320754 0.60865384625 0.7127403849056604 0.608012820625 0.7161057688679245 0.604166666875 0.7264423075471699 0.599679486875 0.7326923075471699 0.587980769375 0.7408653849056605 0.57996794875 0.7444711537735849 0.576121795 0.7459134613207548 0.57003205125 0.7456730773584905 0.569070513125 0.7480769226415095 0.56650641 0.7492788462264152 0.564583333125 0.7524038462264151 0.562980769375 0.7521634613207547 0.562019230625 0.7480769226415095 0.5605769231250001 0.746875 0.55849359 0.7521634613207547 0.55400641 0.75625 0.551762820625 0.7567307688679246 0.544230769375 0.7536057688679246 0.5358974356249999 0.753125 0.5213141025 0.7502403849056604 0.504326923125 0.7447115386792452 0.495352564375 0.7362980773584905 0.494230769375 0.7324519226415095 0.49118589749999997 0.7276442311320754 0.48878205125 0.721875 0.4838141025 0.7064903849056604 0.4838141025 0.7009615386792453 0.482852564375 0.6971153849056604 0.48237179500000005 0.6870192311320754 0.482852564375 0.6545673075471699 0.48221153875 0.6427884613207547 0.480769230625 0.6336538462264151 0.47852564125 0.6271634613207547 0.47628205125 0.6254807688679246 0.47371794875 0.6252403849056604 0.47147435875 0.6269230773584905 0.46987179500000004 0.6298076924528302 0.46650641 0.6411057688679246 0.465705128125 0.6463942311320754 0.46650641 0.6629807688679246 0.46634615375000005 0.6932692311320754 0.469551281875 0.7180288462264152 0.47099359 0.7240384613207548 0.47307692312500005 0.728125 0.47692307687499996 0.7401442311320754 0.483012820625 0.7519230773584905 0.485897435625 0.75625 0.493108974375 0.7641826924528301 0.49759615375000005 0.7677884613207547 0.512820513125 0.7752403849056604 0.52371794875 0.7783653849056604 0.5326923075 0.7831730773584905 0.54983974375 0.7838942311320755 0.556570513125 0.7829326924528301 0.564262820625 0.778125 0.572115384375 0.7764423075471698 0.575480769375 0.7742788462264151 0.580128205 0.7735576924528301 0.58477564125 0.7713942311320754 0.5899038462499999 0.7680288462264151 0.5951923075 0.7658653849056604 0.601762820625 0.7603365386792452 0.60721153875 0.7574519226415094 0.613301281875 0.7495192311320754 0.61875 0.7401442311320754 0.620512820625 0.7362980773584905 0.62275641 0.728125 0.62772435875 0.7197115386792453 0.630128205 0.7076923075471698 0.63349359 0.6966346150943395 0.635897435625 0.678125 0.635897435625 0.6697115386792453 0.637019230625 0.6588942311320755 0.637019230625 0.6540865386792453 0.6349358975 0.6415865386792453 0.630929486875 0.6307692311320754 0.6251602562499999 0.6225961537735849 0.619070513125 0.6180288462264151 0.612980769375 0.6149038462264151 0.6076923075 0.6134615386792452 0.597916666875 0.6146634613207548 0.5929487181249999 0.6180288462264151 0.591666666875 0.6221153849056604 0.5899038462499999 0.6189903849056604 0.587820513125 0.6185096150943395 0.576602564375 0.6108173075471699 0.5719551281249999 0.609375 0.568429486875 0.6057692311320754 0.5605769231250001 0.6021634613207547 0.552884615625 0.6009615386792453 0.552012108125 0.6009615386792453 0.54503205125 0.6009615386792453 0.5360576925 0.603125 0.520673076875 0.6144230773584906 0.519230769375 0.6189903849056604 0.519391025625 0.6230769226415095 0.52147435875 0.6264423075471699 0.525 0.628125 0.548237179375 0.6266826924528301
18 0.5735576925 0.6973557688679246 0.57516025625 0.6882211537735848 0.575 0.6814903849056604 0.57227564125 0.6747596150943396 0.5671474356249999 0.6697115386792453 0.560416666875 0.6665865386792452 0.548237179375 0.6658653849056604 0.543269230625 0.6699519226415095 0.54102564125 0.6776442311320754 0.539423076875 0.6894230773584905 0.543429486875 0.7009615386792453 0.54471153875 0.7026442311320754 0.55272435875 0.70625 0.5605769231250001 0.7072115386792452 0.56858974375 0.7045673075471699 0.5719551281249999 0.7012019226415095 0.5735576925 0.6973557688679246
18 0.544551281875 0.6858173075471699 0.54391025625 0.6697115386792453 0.542147435625 0.6658653849056604 0.537820513125 0.6610576924528302 0.530128205 0.6567307688679246 0.525320513125 0.6560096150943396 0.51778846125 0.6581730773584905 0.513621795 0.6612980773584906 0.510576923125 0.665625 0.50865384625 0.6713942311320754 0.50865384625 0.678125 0.510897435625 0.6855769226415095 0.517628205 0.6951923075471699 0.5213141025 0.6975961537735849 0.5322115387499999 0.6995192311320754 0.53846153875 0.6973557688679246 0.542628205 0.69375 0.544551281875 0.6858173075471699
9 0.434615384375 0.5600961537735849 0.43253205125 0.5485576924528301 0.431570513125 0.5466346150943396 0.418429486875 0.5370192311320754 0.41602564125 0.5358173075471698 0.412019230625 0.5360576924528302 0.38493589749999996 0.5471153849056604 0.35753205125 0.5627403849056604 0.35256410250000003 0.5675480773584906 0.342147435625 0.5807692311320755 0.3411858975 0.5834134613207548 0.34150641 0.6036057688679246 0.345673076875 0.6153846150943396 0.349519230625 0.6209134613207548 0.37291666687499997 0.6302884613207548 0.4 0.6310096150943396 0.42996794875 0.5834134613207548 0.43237179500000006 0.5776442311320754 0.434615384375 0.5600961537735849
9 0.323237179375 0.5639423075471699 0.32147435874999997 0.5603365386792453 0.318269230625 0.5567307688679246 0.310416666875 0.5540865386792453 0.299198718125 0.55625 0.298237179375 0.5584134613207548 0.298397435625 0.5644230773584905 0.3014423075 0.5694711537735849 0.313621795 0.5798076924528301 0.318269230625 0.5805288462264151 0.31971153874999997 0.5795673075471699 0.323237179375 0.5721153849056604 0.323878205 0.5682692311320754 0.323237179375 0.5639423075471699
9 0.23798076937499998 0.5507211537735849 0.23653846125 0.5447115386792453 0.23269230749999997 0.5423076924528302 0.224519230625 0.5408653849056604 0.220352564375 0.5615384613207547 0.220673076875 0.5670673075471698 0.22227564125000002 0.5697115386792453 0.224519230625 0.5713942311320754 0.2286858975 0.5716346150943395 0.22996794874999998 0.5704326924528301 0.236378205 0.5612980773584906 0.237179486875 0.5586538462264151 0.23798076937499998 0.5507211537735849
14 0.267948718125 0.5129807688679245 0.2588141025 0.5134615386792453 0.255769230625 0.5170673075471699 0.24983974374999998 0.5329326924528301 0.24871794875 0.5382211537735849 0.248878205 0.5425480773584905 0.25096153875 0.5463942311320754 0.25625 0.5497596150943396 0.259134615625 0.5507211537735849 0.260897435625 0.55 0.271634615625 0.5228365386792453 0.27115384625 0.5168269226415094 0.267948718125 0.5129807688679245
9 0.22852564125 0.4567307688679245 0.225 0.4548076924528302 0.21634615375 0.45240384622641505 0.21153846125 0.4548076924528302 0.2088141025 0.4600961537735849 0.2088141025 0.4701923075471698 0.21025641 0.47259615377358494 0.21282051312499997 0.4742788462264151 0.220673076875 0.4742788462264151 0.22724359 0.47067307735849057 0.22996794874999998 0.46682692264150943 0.229487179375 0.4586538462264151 0.22852564125 0.4567307688679245
2 0.28365384625 0.7512019226415094 0.287019230625 0.7485576924528301 0.279166666875 0.61875 0.27596153875 0.6175480773584906 0.2735576925 0.61875 0.263301281875 0.634375 0.24166666687500002 0.6774038462264151 0.24022435875 0.6807692311320754 0.238621795 0.6908653849056604 0.2400641025 0.7211538462264151 0.24182692312499998 0.728125 0.24407051312499997 0.7326923075471699 0.253205128125 0.7439903849056604 0.262980769375 0.7507211537735848 0.270512820625 0.7526442311320755 0.279166666875 0.7524038462264151 0.28365384625 0.7512019226415094
9 0.290544871875 0.7949519226415095 0.28846153874999997 0.7899038462264151 0.285576923125 0.7867788462264151 0.275320513125 0.7814903849056604 0.27275641 0.7846153849056604 0.2713141025 0.7884615386792453 0.2713141025 0.7923076924528302 0.272916666875 0.796875 0.28076923062500003 0.8081730773584905 0.28269230749999996 0.8091346150943396 0.286858974375 0.8084134613207548 0.290544871875 0.8052884613207547 0.29182692312499997 0.8026442311320754 0.290544871875 0.7949519226415095