11 0.49022435875 0.27908653867924527 0.48157051312500004 0.2788461537735849 0.465865384375 0.2899038462264151 0.462820513125 0.29399038490566043 0.464102564375 0.31057692264150943 0.46522435875 0.31153846132075474 0.498076923125 0.30985576886792454 0.49855769250000004 0.3088942311320755 0.4974358975 0.2858173075471698 0.495833333125 0.2829326924528302 0.49022435875 0.27908653867924527
3 0.6089743587499999 0.31826923113207545 0.60721153875 0.31634615377358494 0.603044871875 0.31514423113207546 0.537019230625 0.32379807735849053 0.537019230625 0.3266826924528302 0.57115384625 0.3978365386792453 0.57516025625 0.4045673075471698 0.5838141025 0.41201923113207545 0.588621795 0.4132211537735849 0.5939102562499999 0.4129807688679245 0.631570513125 0.36129807735849057 0.6089743587499999 0.31826923113207545
9 0.505769230625 0.37211538490566043 0.505929486875 0.3649038462264151 0.505128205 0.36153846132075473 0.502083333125 0.35673076886792454 0.49022435875 0.35120192264150946 0.470352564375 0.3810096150943396 0.46891025625 0.38557692264150945 0.46891025625 0.39254807735849057 0.46987179500000004 0.3961538462264151 0.474519230625 0.40432692264150943 0.48621794875 0.40528846132075474 0.49727564125 0.39254807735849057 0.503044871875 0.38317307735849054 0.50528846125 0.3766826924528302 0.505769230625 0.37211538490566043
18 0.6637820512499999 0.45504807735849057 0.6669871793750001 0.4430288462264151 0.6610576924999999 0.42764423113207545 0.6584935900000001 0.4266826924528302 0.654166666875 0.4271634613207547 0.649679486875 0.42932692264150946 0.639262820625 0.4377403849056604 0.63221153875 0.4463942311320755 0.6286858975 0.45360576886792453 0.628044871875 0.45697115377358494 0.62852564125 0.465625 0.631570513125 0.4723557688679245 0.6338141025 0.4752403849056604 0.638301281875 0.4776442311320755 0.6423076925 0.47692307735849054 0.65384615375 0.46947115377358495 0.6576923075000001 0.465625 0.6637820512499999 0.45504807735849057
18 0.66634615375 0.6269230773584905 0.67371794875 0.6216346150943396 0.6775641025 0.6139423075471698 0.67900641 0.6074519226415095 0.68108974375 0.5564903849056604 0.668108974375 0.5370192311320754 0.662019230625 0.5336538462264151 0.658173076875 0.5348557688679246 0.6519230768750001 0.5396634613207547 0.6483974356250001 0.5459134613207547 0.6463141025 0.5564903849056604 0.6451923075 0.5670673075471698 0.6456730768750001 0.5800480773584905 0.648237179375 0.6040865386792452 0.650480769375 0.6134615386792452 0.654326923125 0.6213942311320754 0.6572115387499999 0.6247596150943396 0.6610576924999999 0.6271634613207547 0.66634615375 0.6269230773584905
18 0.580929486875 0.6776442311320754 0.5785256412500001 0.6694711537735849 0.5735576925 0.6637019226415094 0.56875 0.6608173075471698 0.563141025625 0.6600961537735849 0.55977564125 0.6610576924528302 0.548397435625 0.6694711537735849 0.5464743587499999 0.6725961537735848 0.54615384625 0.6740384613207547 0.5474358975 0.6776442311320754 0.564262820625 0.7067307688679246 0.5708333331250001 0.7038461537735848 0.576602564375 0.6992788462264151 0.5786858975 0.6954326924528301 0.58108974375 0.6877403849056604 0.580929486875 0.6776442311320754
0 0.576121795 0.5586538462264151 0.565865384375 0.5689903849056605 0.5634615387499999 0.5742788462264151 0.5634615387499999 0.584375 0.56602564125 0.6112980773584905 0.5724358975 0.6165865386792453 0.574519230625 0.6151442311320754 0.583173076875 0.5954326924528301 0.587019230625 0.5798076924528301 0.580929486875 0.5608173075471699 0.576121795 0.5586538462264151
11 0.5304487181249999 0.5293269226415095 0.5256410256249999 0.5242788462264151 0.5213141025 0.5252403849056604 0.519871795 0.5329326924528301 0.517147435625 0.5586538462264151 0.517628205 0.5610576924528301 0.5217948718750001 0.5629807688679246 0.52516025625 0.5608173075471699 0.52772435875 0.5557692311320754 0.530608974375 0.5454326924528301 0.5314102562499999 0.5362980773584906 0.5304487181249999 0.5293269226415095
0 0.474519230625 0.503125 0.451923076875 0.5067307688679246 0.44903846125 0.5122596150943396 0.448878205 0.5137019226415095 0.45016025625 0.5151442311320754 0.46907051312500003 0.5310096150943396 0.474198718125 0.5336538462264151 0.47676282062500003 0.5331730773584905 0.47900641 0.5161057688679246 0.4764423075 0.5064903849056605 0.474519230625 0.503125
11 0.40096153875 0.48221153867924527 0.396955128125 0.48125 0.383333333125 0.48125 0.380769230625 0.4819711537735849 0.379647435625 0.4848557688679246 0.38028846125 0.49110576886792456 0.3826923075 0.49447115377358486 0.392147435625 0.49831730754716985 0.4 0.5 0.404647435625 0.5 0.40849359 0.49807692264150943 0.411698718125 0.49014423113207545 0.40096153875 0.48221153867924527
3 0.47259615375 0.6992788462264151 0.470673076875 0.6776442311320754 0.44983974375 0.5841346150943396 0.443269230625 0.5805288462264151 0.43525641 0.5836538462264151 0.41971153875 0.5935096150943396 0.418269230625 0.5959134613207547 0.4173076925 0.6144230773584906 0.41618589749999996 0.6425480773584905 0.4235576925 0.6737980773584905 0.42756410250000004 0.6836538462264151 0.43605769250000004 0.6975961537735849 0.459455128125 0.7127403849056604 0.470512820625 0.7149038462264151 0.47211538437500006 0.7081730773584906 0.47259615375 0.6992788462264151
3 0.36009615375000004 0.6112980773584905 0.35528846125 0.5764423075471699 0.35352564125 0.5699519226415094 0.314262820625 0.5850961537735849 0.313301281875 0.5862980773584906 0.31233974375 0.5879807688679246 0.32035256437500004 0.646875 0.32227564125 0.6504807688679246 0.325801281875 0.6526442311320754 0.337820513125 0.653125 0.35272435874999997 0.6305288462264151 0.359134615625 0.6189903849056604 0.36009615375000004 0.6112980773584905