6 0.46666666687499997 0.2853365386792453 0.47099359 0.2721153849056604 0.474519230625 0.2564903849056604 0.474679486875 0.25096153867924526 0.47211538437500006 0.2242788462264151 0.46666666687499997 0.20456730754716979 0.462820513125 0.2007211537735849 0.44647435874999997 0.20216346132075472 0.43974359 0.2055288462264151 0.396794871875 0.234375 0.3639423075 0.29471153867924527 0.3610576925 0.3403846150943396 0.36137820499999995 0.34182692264150943 0.369070513125 0.346875 0.373076923125 0.3478365386792453 0.380608974375 0.3461538462264151 0.443269230625 0.32908653867924526 0.45112179500000005 0.3180288462264151 0.46666666687499997 0.2853365386792453
12 0.50977564125 0.10216346132075471 0.50625 0.10288461509433963 0.505769230625 0.1038461537735849 0.525320513125 0.20120192264150943 0.529166666875 0.1975961537735849 0.5293269231250001 0.1961538462264151 0.5256410256249999 0.1225961537735849 0.523397435625 0.1180288462264151 0.51153846125 0.10336538490566037 0.50977564125 0.10216346132075471
20 0.6857371793750001 0.14567307735849058 0.67772435875 0.16201923113207548 0.675320513125 0.18557692264150943 0.6966346156250001 0.20168269245283021 0.7099358975 0.19326923113207548 0.717628205 0.16778846132075473 0.718429486875 0.1625 0.716666666875 0.159375 0.689423076875 0.1451923075471698 0.6857371793750001 0.14567307735849058
1 0.834134615625 0.2141826924528302 0.8080128206249999 0.1632211537735849 0.80272435875 0.15576923113207547 0.7948717949999999 0.1694711537735849 0.7915064099999999 0.18557692264150943 0.791666666875 0.20096153867924527 0.7948717949999999 0.2132211537735849 0.8041666668749999 0.22836538490566038 0.8107371793750001 0.23461538490566036 0.8169871793750001 0.23653846132075473 0.8230769231249999 0.23581730754716979 0.8346153843749999 0.21658653867924527 0.834134615625 0.2141826924528302
1 0.8415064099999999 0.32596153867924527 0.8411858975 0.3192307688679245 0.8400641025 0.3149038462264151 0.8346153843749999 0.3040865386792453 0.83125 0.3028846150943396 0.822115384375 0.30264423113207545 0.81778846125 0.3060096150943396 0.8123397437500001 0.3545673075471698 0.811858974375 0.36153846132075473 0.812980769375 0.36514423113207545 0.818269230625 0.3677884613207547 0.826923076875 0.3629807688679245 0.8304487181250001 0.3581730773584905 0.8350961537499999 0.34879807735849055 0.8381410256249999 0.34110576886792454 0.8415064099999999 0.32596153867924527
1 0.693429486875 0.29639423113207547 0.687820513125 0.29471153867924527 0.6767628206249999 0.29783653867924526 0.6714743587499999 0.3028846150943396 0.66971153875 0.3069711537735849 0.66875 0.31201923113207547 0.66875 0.31466346132075473 0.685416666875 0.34591346132075473 0.693429486875 0.3485576924528302 0.7051282050000001 0.33557692264150946 0.70625 0.3213942311320755 0.70496794875 0.31298076886792453 0.699198718125 0.30192307735849055 0.693429486875 0.29639423113207547
1 0.630769230625 0.24014423113207548 0.6288461537500001 0.23293269245283021 0.626762820625 0.22932692264150942 0.6203525643750001 0.22403846132075472 0.61634615375 0.2213942311320755 0.61153846125 0.22019230754716979 0.607852564375 0.221875 0.601762820625 0.22836538490566038 0.599679486875 0.23557692264150942 0.599519230625 0.2524038462264151 0.607371795 0.26274038490566043 0.619230769375 0.2692307688679245 0.622916666875 0.26850961509433957 0.62740384625 0.26514423113207547 0.630769230625 0.2596153849056604 0.6323717950000001 0.2514423075471698 0.630769230625 0.24014423113207548
13 0.52772435875 0.2588942311320755 0.52724359 0.26057692264150945 0.529166666875 0.26610576886792453 0.5407051281249999 0.2735576924528302 0.543108974375 0.27139423113207545 0.544551281875 0.26778846132075473 0.539262820625 0.25576923113207545 0.537019230625 0.25288461509433957 0.52772435875 0.2588942311320755
7 0.435576923125 0.40817307735849057 0.42868589749999997 0.40841346132075473 0.418269230625 0.4117788462264151 0.411858974375 0.415625 0.40673076937499997 0.4221153849056604 0.39246794875 0.4788461537735849 0.39166666687499996 0.4846153849056604 0.391826923125 0.49807692264150943 0.39647435875 0.50625 0.5139423075 0.5146634613207547 0.5150641025 0.5129807688679245 0.520512820625 0.4735576924528302 0.512179486875 0.43533653867924527 0.5110576925 0.4341346150943396 0.435576923125 0.40817307735849057
9 0.5413461537500001 0.37596153867924526 0.539102564375 0.3774038462264151 0.53733974375 0.38076923113207545 0.5360576925 0.3875 0.5358974356249999 0.3930288462264151 0.537019230625 0.3973557688679245 0.54102564125 0.3975961537735849 0.543429486875 0.39567307735849055 0.5451923075 0.3923076924528302 0.545352564375 0.3894230773584905 0.544230769375 0.3774038462264151 0.5413461537500001 0.37596153867924526
13 0.67483974375 0.5016826924528301 0.6665064099999999 0.42379807735849057 0.662980769375 0.4002403849056604 0.658173076875 0.3961538462264151 0.654166666875 0.39447115377358494 0.649519230625 0.4007211537735849 0.603044871875 0.4783653849056604 0.599519230625 0.5026442311320755 0.599679486875 0.5096153849056604 0.603044871875 0.5134615386792453 0.607051281875 0.5158653849056604 0.615384615625 0.5180288462264151 0.66971153875 0.5235576924528301 0.67403846125 0.5168269226415094 0.675480769375 0.5134615386792453 0.67483974375 0.5016826924528301
14 0.654166666875 0.3774038462264151 0.627083333125 0.365625 0.6241987181249999 0.3680288462264151 0.6230769231250001 0.3709134613207547 0.62371794875 0.37692307735849057 0.6264423075 0.38125 0.63846153875 0.39014423113207547 0.654166666875 0.38798076886792454 0.6575320512499999 0.38485576886792455 0.6588141025 0.38125 0.6580128206249999 0.37932692264150947 0.654166666875 0.3774038462264151
14 0.7767628206249999 0.43557692264150943 0.77403846125 0.4314903849056604 0.7717948718750001 0.4298076924528302 0.76746794875 0.4302884613207547 0.762179486875 0.43557692264150943 0.7599358975 0.43942307735849057 0.75721153875 0.45096153867924527 0.7576923075 0.45504807735849057 0.75977564125 0.4598557688679245 0.7756410256249999 0.471875 0.780769230625 0.4728365386792453 0.7855769231249999 0.47067307735849057 0.784294871875 0.45625 0.7767628206249999 0.43557692264150943
7 0.8025641025 0.5002403849056604 0.783173076875 0.5060096150943396 0.759294871875 0.5194711537735849 0.757371795 0.5216346150943396 0.7544871793750001 0.5346153849056604 0.755128205 0.5411057688679246 0.7633012818749999 0.5485576924528301 0.853365384375 0.5829326924528302 0.8828525643749999 0.5519230773584906 0.884615384375 0.5490384613207547 0.875801281875 0.5057692311320754 0.845673076875 0.49495192264150945 0.8025641025 0.5002403849056604
20 0.8048076925 0.6228365386792453 0.8025641025 0.6206730773584905 0.79871794875 0.6204326924528302 0.791666666875 0.6271634613207547 0.780769230625 0.6536057688679245 0.779166666875 0.6632211537735849 0.779166666875 0.6865384613207547 0.7963141025 0.7206730773584905 0.79871794875 0.7216346150943396 0.8025641025 0.7125 0.804487179375 0.7045673075471699 0.8099358975 0.6430288462264151 0.8096153843749999 0.634375 0.8048076925 0.6228365386792453
1 0.73028846125 0.5997596150943396 0.7294871793750001 0.5915865386792453 0.725641025625 0.5834134613207548 0.7205128206249999 0.5783653849056604 0.70897435875 0.5747596150943396 0.6982371793750001 0.5740384613207548 0.6876602562499999 0.5771634613207547 0.68477564125 0.5793269226415094 0.6825320512499999 0.5838942311320754 0.682852564375 0.5872596150943395 0.687019230625 0.5956730773584905 0.71153846125 0.6146634613207548 0.7216346156250001 0.6151442311320754 0.7275641025 0.6110576924528301 0.7293269231249999 0.6076923075471699 0.73028846125 0.5997596150943396
1 0.6211538462499999 0.6115384613207547 0.6213141025 0.6072115386792453 0.619871795 0.5995192311320754 0.61522435875 0.5899038462264151 0.579487179375 0.5889423075471698 0.572916666875 0.5930288462264152 0.570352564375 0.596875 0.5701923074999999 0.5997596150943396 0.575320513125 0.6120192311320755 0.5838141025 0.6271634613207547 0.598878205 0.6293269226415095 0.607371795 0.6271634613207547 0.61378205125 0.6235576924528301 0.619551281875 0.6163461537735849 0.6211538462499999 0.6115384613207547
14 0.498076923125 0.6197115386792452 0.49022435875 0.6141826924528302 0.47259615375 0.6237980773584906 0.47147435875 0.6254807688679246 0.46987179500000004 0.6317307688679246 0.47019230749999996 0.6384615386792453 0.474519230625 0.6432692311320755 0.502083333125 0.6466346150943396 0.504487179375 0.6432692311320755 0.50528846125 0.6387019226415095 0.504487179375 0.6305288462264151 0.503044871875 0.6259615386792453 0.498076923125 0.6197115386792452
1 0.440544871875 0.6740384613207547 0.43782051312500003 0.6610576924528302 0.431891025625 0.6545673075471699 0.428205128125 0.6533653849056604 0.41971153875 0.6598557688679246 0.418429486875 0.6617788462264151 0.412019230625 0.6959134613207547 0.412980769375 0.7086538462264151 0.41971153875 0.7149038462264151 0.424198718125 0.7158653849056604 0.42948717937499997 0.7137019226415094 0.43317307687499995 0.7105769226415094 0.4375 0.7043269226415094 0.440544871875 0.6841346150943396 0.440544871875 0.6740384613207547
20 0.46057692312500004 0.7555288462264151 0.45865384625 0.7516826924528301 0.45496794875 0.7478365386792453 0.4514423075 0.7463942311320754 0.444230769375 0.746875 0.44102564125 0.7490384613207547 0.42772435875 0.7663461537735848 0.42756410250000004 0.7697115386792452 0.4326923075 0.7826923075471699 0.43958333312500003 0.7908653849056604 0.44711538437500004 0.7855769226415095 0.45400641 0.7790865386792453 0.45881410250000004 0.7728365386792453 0.46089743562499996 0.7639423075471699 0.46057692312500004 0.7555288462264151
20 0.5110576925 0.7117788462264151 0.50400641 0.7084134613207548 0.49775641 0.7072115386792452 0.494391025625 0.7088942311320754 0.49086538437500005 0.7165865386792453 0.491666666875 0.7247596150943396 0.5009615387499999 0.7497596150943396 0.52403846125 0.7533653849056604 0.533012820625 0.7519230773584905 0.52852564125 0.7322115386792453 0.52003205125 0.7189903849056604 0.5110576925 0.7117788462264151
1 0.706570513125 0.7283653849056604 0.706891025625 0.7125 0.7046474356250001 0.7009615386792453 0.69391025625 0.6879807688679246 0.68477564125 0.6834134613207548 0.67740384625 0.6824519226415094 0.67275641 0.6836538462264151 0.66971153875 0.6850961537735849 0.667948718125 0.6903846150943396 0.66746794875 0.6975961537735849 0.669070513125 0.7050480773584905 0.68028846125 0.7439903849056604 0.686378205 0.7478365386792453 0.693269230625 0.7495192311320754 0.7014423075 0.7449519226415094 0.70528846125 0.7367788462264151 0.706570513125 0.7283653849056604