9 0.4338141025 0.22283653867924527 0.434455128125 0.21682692264150943 0.42884615375 0.19567307735849057 0.427083333125 0.19326923113207548 0.4235576925 0.1923076924528302 0.39102564125 0.2144230773584906 0.387980769375 0.2180288462264151 0.38221153874999997 0.23317307735849058 0.38253205125 0.2439903849056604 0.384455128125 0.25072115377358495 0.390384615625 0.25985576886792455 0.39647435875 0.2658653849056604 0.400320513125 0.2668269226415095 0.412019230625 0.2540865386792453 0.431570513125 0.22716346132075474 0.4338141025 0.22283653867924527
9 0.5661858975 0.14711538490566037 0.56650641 0.1382211537735849 0.56474359 0.13317307735849057 0.556730769375 0.12427884622641511 0.5541666668749999 0.12283653867924528 0.551121795 0.12283653867924528 0.548397435625 0.12548076886792453 0.548076923125 0.13076923113207548 0.54871794875 0.13413461509433963 0.552884615625 0.14639423113207548 0.55400641 0.14783653867924526 0.556730769375 0.1507211537735849 0.560416666875 0.1516826924528302 0.5644230768749999 0.14951923113207546 0.5661858975 0.14711538490566037
9 0.520673076875 0.20504807735849057 0.518108974375 0.19591346132075474 0.5158653843750001 0.1913461537735849 0.51378205125 0.1899038462264151 0.5094551281249999 0.1899038462264151 0.50496794875 0.19326923113207548 0.503205128125 0.19639423113207546 0.503365384375 0.2048076924528302 0.505769230625 0.21201923113207546 0.509294871875 0.21875 0.51346153875 0.22211538490566038 0.51746794875 0.22211538490566038 0.51971153875 0.21995192264150942 0.5211538462499999 0.21682692264150943 0.520673076875 0.20504807735849057
9 0.601602564375 0.27908653867924527 0.60016025625 0.27307692264150946 0.598237179375 0.2697115386792453 0.595833333125 0.2680288462264151 0.5929487181249999 0.26850961509433957 0.58878205125 0.27139423113207545 0.580929486875 0.28125 0.5786858975 0.2858173075471698 0.579326923125 0.290625 0.581570513125 0.29495192264150943 0.5838141025 0.29639423113207547 0.587820513125 0.2954326924528302 0.5953525643750001 0.2915865386792453 0.5975961537500001 0.28942307735849054 0.599519230625 0.28629807735849055 0.601602564375 0.27908653867924527
9 0.616826923125 0.3221153849056604 0.612980769375 0.3125 0.610416666875 0.3088942311320755 0.607852564375 0.30745192264150945 0.602884615625 0.30865384622641506 0.600641025625 0.3112980773584905 0.59903846125 0.3165865386792453 0.59903846125 0.3225961537735849 0.600480769375 0.3295673075471698 0.601762820625 0.33125 0.610897435625 0.3370192311320755 0.61522435875 0.3370192311320755 0.617948718125 0.3336538462264151 0.61858974375 0.3295673075471698 0.616826923125 0.3221153849056604
9 0.7525641025 0.3221153849056604 0.750320513125 0.3165865386792453 0.748076923125 0.31298076886792453 0.744070513125 0.31346153867924526 0.739102564375 0.31875 0.736858974375 0.3257211537735849 0.7363782050000001 0.33004807735849057 0.7405448718750001 0.3451923075471698 0.74375 0.3497596150943396 0.748076923125 0.3507211537735849 0.7501602562499999 0.34951923113207545 0.752083333125 0.34182692264150943 0.75272435875 0.3293269226415095 0.7525641025 0.3221153849056604
9 0.671794871875 0.3329326924528302 0.67003205125 0.3317307688679245 0.665544871875 0.33197115377358494 0.6599358975 0.3377403849056604 0.655448718125 0.34567307735849057 0.6540064099999999 0.35 0.654647435625 0.3579326924528302 0.658173076875 0.3608173075471698 0.662179486875 0.3610576924528302 0.6738782050000001 0.3504807688679245 0.675480769375 0.34591346132075473 0.675480769375 0.34086538490566043 0.6741987181250001 0.33629807735849054 0.671794871875 0.3329326924528302
9 0.7875 0.4149038462264151 0.783173076875 0.4122596150943396 0.779166666875 0.4125 0.776602564375 0.415625 0.775 0.4233173075471698 0.775 0.44038461509433957 0.775801281875 0.4444711537735849 0.7783653843749999 0.4478365386792453 0.783333333125 0.44735576886792455 0.7895833331250001 0.4334134613207547 0.790544871875 0.42379807735849057 0.7889423075 0.4173076924528302 0.7875 0.4149038462264151
1 0.741987179375 0.4584134613207547 0.7421474356250001 0.45240384622641505 0.7400641025 0.4454326924528302 0.73125 0.4439903849056604 0.7125 0.4495192311320755 0.7084935900000001 0.4548076924528302 0.708333333125 0.45889423113207545 0.711378205 0.47067307735849057 0.7158653843749999 0.4776442311320755 0.7216346156250001 0.4795673075471698 0.730448718125 0.4771634613207547 0.73621794875 0.471875 0.74022435875 0.4651442311320755 0.741987179375 0.4584134613207547
14 0.70865384625 0.4274038462264151 0.70897435875 0.4194711537735849 0.70721153875 0.41201923113207545 0.705608974375 0.4110576924528302 0.696794871875 0.41009615377358494 0.6852564099999999 0.4127403849056604 0.681570513125 0.41610576886792455 0.680929486875 0.42091346132075474 0.6830128206249999 0.4314903849056604 0.687179486875 0.43942307735849057 0.690705128125 0.4411057688679245 0.693429486875 0.44182692264150947 0.70528846125 0.4338942311320755 0.70721153875 0.4314903849056604 0.70865384625 0.4274038462264151
9 0.621634615625 0.45384615377358495 0.619070513125 0.4507211537735849 0.615705128125 0.44879807735849053 0.610897435625 0.44879807735849053 0.603044871875 0.4543269226415095 0.600641025625 0.4603365386792453 0.600641025625 0.46442307735849053 0.601923076875 0.46875 0.61153846125 0.4735576924528302 0.6155448718750001 0.47259615377358494 0.619871795 0.46947115377358495 0.621794871875 0.4653846150943396 0.62259615375 0.45817307735849055 0.621634615625 0.45384615377358495
9 0.562019230625 0.3516826924528302 0.559294871875 0.3509615386792453 0.555608974375 0.35192307735849054 0.552083333125 0.35721153867924527 0.548237179375 0.37283653867924527 0.548076923125 0.38004807735849055 0.55 0.3841346150943396 0.5525641025 0.38629807735849053 0.55641025625 0.38557692264150945 0.56474359 0.37211538490566043 0.56602564125 0.36754807735849054 0.56650641 0.3610576924528302 0.562019230625 0.3516826924528302
9 0.516987179375 0.5137019226415095 0.51346153875 0.5112980773584905 0.5099358975 0.5105769226415094 0.50641025625 0.5137019226415095 0.505769230625 0.5252403849056604 0.509615384375 0.5331730773584905 0.517628205 0.5377403849056605 0.521634615625 0.5375 0.52483974375 0.534375 0.52596153875 0.5295673075471699 0.525 0.5254807688679246 0.516987179375 0.5137019226415095
9 0.54471153875 0.4576923075471698 0.540865384375 0.459375 0.538301281875 0.4627403849056604 0.5375 0.46658653867924527 0.53733974375 0.4790865386792453 0.53878205125 0.48605769245283015 0.544391025625 0.49014423113207545 0.549679486875 0.49014423113207545 0.551923076875 0.48581730754716984 0.552884615625 0.4783653849056604 0.54903846125 0.4576923075471698 0.54471153875 0.4576923075471698
9 0.46073717937499997 0.5411057688679246 0.45512820499999995 0.5293269226415095 0.45272435875 0.5262019226415094 0.446955128125 0.5221153849056605 0.440384615625 0.5298076924528301 0.43958333312500003 0.5375 0.440384615625 0.5411057688679246 0.443269230625 0.5466346150943396 0.454647435625 0.5555288462264151 0.45849359 0.5526442311320754 0.460416666875 0.5495192311320755 0.46121794875 0.5454326924528301 0.46073717937499997 0.5411057688679246
9 0.38846153875 0.5682692311320754 0.38509615375 0.5651442311320755 0.379166666875 0.5629807688679246 0.37275641 0.5622596150943396 0.370352564375 0.5637019226415094 0.368429486875 0.5682692311320754 0.368269230625 0.5723557688679246 0.369551281875 0.5757211537735849 0.378044871875 0.5860576924528301 0.38028846125 0.5870192311320754 0.38477564125 0.5862980773584906 0.39022435875 0.5798076924528301 0.39054487187500003 0.5759615386792453 0.38846153875 0.5682692311320754
9 0.31746794875 0.6112980773584905 0.311858974375 0.6016826924528301 0.303044871875 0.5963942311320755 0.298878205 0.5983173075471698 0.294871795 0.6033653849056604 0.29471153875 0.6076923075471699 0.2963141025 0.6139423075471698 0.301762820625 0.6197115386792452 0.31025641 0.6223557688679245 0.313301281875 0.621875 0.315544871875 0.6197115386792452 0.31746794875 0.6151442311320754 0.31746794875 0.6112980773584905
9 0.35833333312500004 0.6805288462264151 0.359615384375 0.675 0.35977564125 0.6704326924528301 0.358012820625 0.6641826924528301 0.355769230625 0.6612980773584906 0.34583333312500003 0.6548076924528301 0.34150641 0.6550480773584906 0.33942307687499995 0.6598557688679246 0.339102564375 0.6641826924528301 0.3400641025 0.6682692311320754 0.344551281875 0.6778846150943396 0.34759615375 0.6822115386792452 0.349519230625 0.6838942311320754 0.35384615375 0.6848557688679245 0.35625 0.6834134613207548 0.35833333312500004 0.6805288462264151
9 0.35096153874999997 0.7382211537735849 0.34871794875 0.7329326924528301 0.34487179500000004 0.7305288462264151 0.33990384625 0.73125 0.3375 0.7336538462264152 0.3360576925 0.7399038462264151 0.33589743562499996 0.7442307688679246 0.336858974375 0.7480769226415095 0.345512820625 0.7620192311320754 0.349519230625 0.7632211537735849 0.35224359 0.7608173075471698 0.35352564125 0.7543269226415095 0.35352564125 0.7495192311320754 0.35096153874999997 0.7382211537735849
9 0.45240384624999996 0.7379807688679246 0.45304487187500003 0.7360576924528301 0.45272435875 0.7283653849056604 0.44358974375000004 0.7137019226415094 0.43974359 0.7141826924528302 0.4338141025 0.7192307688679246 0.432852564375 0.7216346150943396 0.432852564375 0.728125 0.4349358975 0.7355769226415094 0.43814102562499996 0.7425480773584906 0.44022435875 0.7449519226415094 0.443269230625 0.746875 0.44727564125 0.7459134613207548 0.449198718125 0.7439903849056604 0.45240384624999996 0.7379807688679246
9 0.42564102562499995 0.6802884613207547 0.42179487187500003 0.6579326924528301 0.41634615375 0.6550480773584906 0.413621795 0.6560096150943396 0.41153846125 0.6581730773584905 0.409455128125 0.6663461537735849 0.4088141025 0.6697115386792453 0.41009615375 0.68125 0.411698718125 0.6862980773584906 0.41586538437500004 0.6915865386792452 0.42003205125 0.6923076924528302 0.42371794875 0.690625 0.425801281875 0.6855769226415095 0.42564102562499995 0.6802884613207547
9 0.5389423074999999 0.6151442311320754 0.5331730768749999 0.6108173075471699 0.529166666875 0.6108173075471699 0.525 0.6153846150943396 0.5238782049999999 0.6189903849056604 0.5238782049999999 0.6274038462264151 0.525320513125 0.6346153849056604 0.52628205125 0.6360576924528302 0.529166666875 0.6382211537735849 0.5326923075 0.6377403849056604 0.5360576925 0.634375 0.5389423074999999 0.6266826924528301 0.5389423074999999 0.6151442311320754
9 0.605769230625 0.5682692311320754 0.604326923125 0.5617788462264152 0.60128205125 0.5552884613207547 0.59903846125 0.553125 0.5918269231250001 0.5552884613207547 0.587820513125 0.5576923075471698 0.5860576925000001 0.5605769226415095 0.58397435875 0.5697115386792453 0.58397435875 0.5730769226415094 0.5863782049999999 0.5766826924528301 0.59150641 0.58125 0.595833333125 0.5822115386792452 0.60016025625 0.58125 0.6032051281249999 0.578125 0.6048076925 0.5740384613207548 0.605769230625 0.5682692311320754
9 0.673237179375 0.5862980773584906 0.67003205125 0.5824519226415095 0.664262820625 0.5855769226415094 0.659455128125 0.5920673075471699 0.6584935900000001 0.5954326924528301 0.658173076875 0.6007211537735849 0.6591346156250001 0.6052884613207548 0.6610576924999999 0.6086538462264152 0.665865384375 0.6120192311320755 0.66971153875 0.6096153849056604 0.675641025625 0.5995192311320754 0.67516025625 0.5908653849056604 0.673237179375 0.5862980773584906
14 0.730929486875 0.5877403849056604 0.73349359 0.5764423075471699 0.7326923075 0.5644230773584905 0.730608974375 0.5524038462264151 0.72852564125 0.5483173075471699 0.70096153875 0.5617788462264152 0.6974358975 0.5644230773584905 0.6961538462500001 0.5682692311320754 0.695512820625 0.5790865386792453 0.6988782050000001 0.5913461537735849 0.7008012818749999 0.5959134613207547 0.70496794875 0.5995192311320754 0.70865384625 0.6012019226415094 0.720673076875 0.5963942311320755 0.72996794875 0.5889423075471698 0.730929486875 0.5877403849056604
1 0.6772435900000001 0.7675480773584905 0.675801281875 0.7521634613207547 0.658173076875 0.703125 0.654166666875 0.7069711537735849 0.65 0.7189903849056604 0.649679486875 0.7326923075471699 0.6564102562499999 0.7790865386792453 0.6591346156250001 0.7814903849056604 0.663141025625 0.7824519226415094 0.66971153875 0.7807692311320754 0.67371794875 0.7783653849056604 0.676602564375 0.7752403849056604 0.6772435900000001 0.7675480773584905
20 0.458173076875 0.37283653867924527 0.45496794875 0.36875 0.42964743562499996 0.3526442311320755 0.394070513125 0.36514423113207545 0.38862179500000005 0.37596153867924526 0.38766025625 0.38125 0.3875 0.38485576886792455 0.38846153875 0.3882211537735849 0.39166666687499996 0.39254807735849057 0.39631410250000004 0.3961538462264151 0.40400641 0.4007211537735849 0.42371794875 0.40576923113207547 0.45865384625 0.3966346150943396 0.458173076875 0.37283653867924527