18 0.43894230749999996 0.1858173075471698 0.43862179500000004 0.16538461509433963 0.436698718125 0.15673076886792453 0.431730769375 0.15 0.42403846125 0.1444711537735849 0.400480769375 0.13461538490566038 0.38653846125 0.13317307735849057 0.38381410250000003 0.13389423113207546 0.378205128125 0.13846153867924527 0.37371794875 0.14639423113207548 0.37291666687499997 0.14951923113207546 0.37291666687499997 0.15769230754716979 0.37532051312500003 0.16826923113207548 0.38477564125 0.17764423113207548 0.3923076925 0.1826923075471698 0.41586538437500004 0.19350961509433962 0.4213141025 0.1944711537735849 0.43044871812499996 0.19278846132075472 0.43894230749999996 0.1858173075471698
14 0.599198718125 0.16586538490566038 0.59871794875 0.1617788462264151 0.595833333125 0.15576923113207547 0.572115384375 0.15528846132075472 0.569230769375 0.16201923113207548 0.56875 0.16995192264150943 0.57003205125 0.1742788462264151 0.57628205125 0.17932692264150943 0.5854166668749999 0.18149038490566038 0.5911858975 0.1805288462264151 0.59375 0.178125 0.5975961537500001 0.17307692264150942 0.599198718125 0.16586538490566038
14 0.656570513125 0.24807692264150946 0.655448718125 0.23245192264150943 0.651602564375 0.22451923113207548 0.64983974375 0.2225961537735849 0.64615384625 0.22211538490566038 0.63365384625 0.22716346132075474 0.630448718125 0.22932692264150942 0.62740384625 0.23461538490566036 0.62724359 0.24038461509433962 0.630128205 0.24855769245283021 0.634134615625 0.2564903849056604 0.6389423075 0.2615384613207547 0.6463141025 0.2620192311320755 0.6506410256249999 0.2596153849056604 0.654647435625 0.2533653849056604 0.656570513125 0.24807692264150946
1 0.6977564099999999 0.32764423113207547 0.70096153875 0.31754807735849055 0.702884615625 0.2875 0.70128205125 0.2798076924528302 0.6974358975 0.2757211537735849 0.693429486875 0.2745192311320755 0.689423076875 0.27548076886792455 0.685416666875 0.278125 0.6761217949999999 0.2901442311320755 0.67371794875 0.3033653849056604 0.6735576925 0.3064903849056604 0.67596153875 0.31538461509433957 0.6791666668749999 0.3221153849056604 0.6834935900000001 0.3266826924528302 0.685576923125 0.3283653849056604 0.691666666875 0.3298076924528302 0.69391025625 0.3298076924528302 0.6977564099999999 0.32764423113207547
20 0.5296474356249999 0.2108173075471698 0.525 0.21274038490566038 0.5160256412500001 0.22451923113207548 0.5150641025 0.22836538490566038 0.528205128125 0.27908653867924527 0.529166666875 0.2800480773584905 0.539262820625 0.2360576924528302 0.539262820625 0.23149038490566037 0.5349358975 0.21658653867924527 0.531891025625 0.21225961509433963 0.5296474356249999 0.2108173075471698
14 0.44358974375000004 0.3021634613207547 0.43974359 0.29375 0.41971153875 0.2778846150943396 0.415705128125 0.27692307735849053 0.412820513125 0.2788461537735849 0.41137820499999994 0.28197115377358495 0.410416666875 0.28629807735849055 0.410737179375 0.29471153867924527 0.41522435874999997 0.3028846150943396 0.41987179500000005 0.3076923075471698 0.435576923125 0.315625 0.4400641025 0.31201923113207547 0.442948718125 0.30673076886792455 0.44358974375000004 0.3021634613207547
14 0.35368589749999996 0.31033653867924527 0.349519230625 0.30673076886792455 0.33012820499999995 0.29495192264150943 0.323076923125 0.3064903849056604 0.32211538437500004 0.31442307735849057 0.345673076875 0.3278846150943396 0.35721153875 0.33004807735849057 0.359615384375 0.3298076924528302 0.36121794875 0.328125 0.36153846125 0.32596153867924527 0.35945512812499997 0.3185096150943396 0.35368589749999996 0.31033653867924527
18 0.29871794875 0.4014423075471698 0.30128205125 0.39158653867924526 0.301121795 0.3846153849056604 0.29903846125 0.37596153867924526 0.296634615625 0.36995192264150945 0.29503205125 0.3682692311320755 0.26602564125 0.3805288462264151 0.265865384375 0.3846153849056604 0.269391025625 0.40408653867924527 0.273397435625 0.4122596150943396 0.279647435625 0.4158653849056604 0.284134615625 0.41610576886792455 0.28926282062500003 0.4132211537735849 0.294551281875 0.40841346132075473 0.29871794875 0.4014423075471698
1 0.28477564125 0.5370192311320754 0.287820513125 0.5317307688679246 0.289102564375 0.5269230773584905 0.289583333125 0.5163461537735848 0.289102564375 0.5134615386792453 0.287019230625 0.509375 0.283333333125 0.5050480773584906 0.26378205125 0.49447115377358486 0.25977564125 0.49519230754716986 0.25608974375 0.49759615377358485 0.25368589750000003 0.5019230773584905 0.25096153875 0.5117788462264151 0.25128205125 0.5211538462264151 0.25384615374999997 0.5290865386792453 0.259455128125 0.5370192311320754 0.26378205125 0.5396634613207547 0.270512820625 0.5418269226415094 0.275320513125 0.5420673075471698 0.27980769250000004 0.5408653849056604 0.28477564125 0.5370192311320754
14 0.3264423075 0.44879807735849053 0.324519230625 0.44879807735849053 0.32259615375 0.45048076886792454 0.32371794875 0.45889423113207545 0.3326923075 0.49014423113207545 0.337820513125 0.4915865386792453 0.34166666687499997 0.48894230754716983 0.34583333312500003 0.4829326924528302 0.349519230625 0.47451923113207545 0.349519230625 0.471875 0.3264423075 0.44879807735849053
1 0.43541666687499997 0.49543269245283017 0.43621794875 0.48605769245283015 0.43317307687499995 0.47067307735849057 0.43141025624999996 0.4670673075471698 0.42788461562499996 0.4627403849056604 0.42435897437500003 0.46057692264150946 0.415705128125 0.4591346150943396 0.40673076937499997 0.4627403849056604 0.404487179375 0.46490384622641506 0.39647435875 0.4795673075471698 0.394230769375 0.48629807735849057 0.39262820499999995 0.4935096150943396 0.39262820499999995 0.49855769245283016 0.393269230625 0.5021634613207547 0.396794871875 0.509375 0.40416666687499997 0.5120192311320754 0.42387820499999995 0.5125 0.434615384375 0.4973557688679246 0.43541666687499997 0.49543269245283017
1 0.564262820625 0.4752403849056604 0.56490384625 0.4675480773584905 0.564262820625 0.4598557688679245 0.560416666875 0.45 0.556570513125 0.44567307735849054 0.5530448718750001 0.4430288462264151 0.5514423075 0.44326923113207545 0.528365384375 0.4617788462264151 0.52259615375 0.4846153849056604 0.523076923125 0.4939903849056604 0.529166666875 0.5024038462264151 0.540384615625 0.50625 0.5451923075 0.5060096150943396 0.54871794875 0.5040865386792452 0.5525641025 0.5009615386792453 0.556570513125 0.49519230754716986 0.564262820625 0.4752403849056604
6 0.744871795 0.5213942311320754 0.7490384612500001 0.5055288462264151 0.7487179487500001 0.5019230773584905 0.6892628206249999 0.4151442311320755 0.650320513125 0.36153846132075473 0.629166666875 0.3817307688679245 0.617948718125 0.40048076886792455 0.6166666668749999 0.4079326924528302 0.61778846125 0.4627403849056604 0.639262820625 0.49807692264150943 0.67516025625 0.5375 0.6911858975 0.5512019226415095 0.6977564099999999 0.5536057688679246 0.7323717949999999 0.534375 0.740384615625 0.5274038462264151 0.744871795 0.5213942311320754
1 0.6838141025 0.7204326924528301 0.675801281875 0.6915865386792452 0.6738782050000001 0.6875 0.6701923075 0.6850961537735849 0.6625 0.6862980773584906 0.6572115387499999 0.6980769226415094 0.655929486875 0.703125 0.65625 0.7173076924528301 0.6575320512499999 0.7206730773584905 0.6637820512499999 0.7288461537735849 0.66971153875 0.7324519226415095 0.67371794875 0.7326923075471699 0.681570513125 0.7290865386792452 0.684134615625 0.725 0.6838141025 0.7204326924528301
14 0.587820513125 0.6911057688679246 0.572115384375 0.6730769226415094 0.5673076925 0.6745192311320755 0.5633012818750001 0.68125 0.5623397437500001 0.6930288462264151 0.57596153875 0.7081730773584906 0.57996794875 0.7088942311320754 0.5836538462499999 0.7069711537735849 0.585897435625 0.7050480773584905 0.58766025625 0.7009615386792453 0.58878205125 0.6932692311320754 0.587820513125 0.6911057688679246
18 0.5724358975 0.5572115386792452 0.565384615625 0.5459134613207547 0.55641025625 0.5396634613207547 0.5525641025 0.5389423075471699 0.54903846125 0.5415865386792452 0.546794871875 0.5447115386792453 0.545512820625 0.5487980773584905 0.5472756412500001 0.5603365386792453 0.567628205 0.5942307688679246 0.57275641 0.5915865386792453 0.576121795 0.5838942311320754 0.576602564375 0.5745192311320754 0.57516025625 0.5641826924528301 0.5724358975 0.5572115386792452
3 0.505769230625 0.5598557688679245 0.494391025625 0.5586538462264151 0.474519230625 0.5588942311320754 0.4661858975 0.5817307688679246 0.46650641 0.5877403849056604 0.46875 0.5992788462264151 0.48621794875 0.6122596150943396 0.5099358975 0.6120192311320755 0.51378205125 0.6112980773584905 0.517948718125 0.6074519226415095 0.517628205 0.6033653849056604 0.505769230625 0.5598557688679245
14 0.49006410250000004 0.6853365386792453 0.48990384625 0.6896634613207547 0.49375 0.7009615386792453 0.503365384375 0.715625 0.50977564125 0.7165865386792453 0.511698718125 0.7127403849056604 0.51153846125 0.7057692311320755 0.50897435875 0.6932692311320754 0.49006410250000004 0.6853365386792453
14 0.44551282062500003 0.6908653849056604 0.443108974375 0.6875 0.416666666875 0.6915865386792452 0.412019230625 0.6951923075471699 0.40721153875 0.7016826924528301 0.40673076937499997 0.7050480773584905 0.40769230749999996 0.7064903849056604 0.411698718125 0.7081730773584906 0.43541666687499997 0.7069711537735849 0.438301281875 0.7050480773584905 0.442948718125 0.6983173075471698 0.44535256437500004 0.6942307688679246 0.44551282062500003 0.6908653849056604
14 0.39358974375 0.5992788462264151 0.38509615375 0.6074519226415095 0.38285256437500004 0.6125 0.3826923075 0.6161057688679246 0.38461538437500004 0.6189903849056604 0.400320513125 0.6177884613207547 0.41987179500000005 0.6139423075471698 0.422115384375 0.6112980773584905 0.42483974375 0.5995192311320754 0.41618589749999996 0.5966346150943396 0.39358974375 0.5992788462264151
18 0.3375 0.615625 0.34166666687499997 0.6069711537735849 0.342147435625 0.5973557688679246 0.34038461562499994 0.5915865386792453 0.33766025624999996 0.5862980773584906 0.3286858975 0.5790865386792453 0.31057692312499996 0.5716346150943395 0.30240384625 0.5713942311320754 0.29695512812499997 0.5740384613207548 0.294871795 0.5757211537735849 0.292628205 0.5795673075471699 0.290865384375 0.5872596150943395 0.2911858975 0.5966346150943396 0.292628205 0.6019230773584906 0.2974358975 0.6072115386792453 0.306570513125 0.6127403849056604 0.31858974375 0.6173076924528301 0.33060897437500003 0.6192307688679246 0.33397435875 0.6182692311320754 0.3375 0.615625
1 0.32996794875 0.6776442311320754 0.328365384375 0.6620192311320754 0.324519230625 0.6567307688679246 0.319230769375 0.6548076924528301 0.31442307687500004 0.6555288462264152 0.305608974375 0.6615384613207548 0.29871794875 0.6737980773584905 0.2974358975 0.6802884613207547 0.298237179375 0.6891826924528301 0.300641025625 0.6971153849056604 0.30448717937499997 0.7045673075471699 0.31025641 0.7122596150943395 0.31442307687500004 0.7141826924528302 0.32628205125 0.7134615386792452 0.32916666687499996 0.709375 0.32996794875 0.6776442311320754