1 0.3923076925 0.21274038490566038 0.39022435875 0.20264423113207547 0.385416666875 0.1983173075471698 0.38221153874999997 0.1975961537735849 0.37596153875 0.19903846132075473 0.36410256437500005 0.20889423113207548 0.36185897437500003 0.21274038490566038 0.361698718125 0.21682692264150943 0.36538461562499996 0.22860576886792452 0.37003205125 0.23293269245283021 0.375801281875 0.23485576886792453 0.38125 0.2336538462264151 0.38862179500000005 0.22475961509433962 0.39134615375000004 0.21923076886792453 0.3923076925 0.21274038490566038
1 0.49006410250000004 0.20817307735849058 0.48637820499999995 0.20408653867924528 0.47884615375 0.19951923113207548 0.474679486875 0.1975961537735849 0.470512820625 0.19807692264150942 0.46666666687499997 0.19975961509433962 0.4625 0.20336538490566036 0.45608974375 0.2125 0.4525641025 0.22403846132075472 0.45240384624999996 0.23221153867924527 0.453365384375 0.23725961509433963 0.46762820499999996 0.2608173075471698 0.470512820625 0.2641826924528302 0.495833333125 0.24807692264150946 0.49615384625 0.22019230754716979 0.4951923075 0.2170673075471698 0.49006410250000004 0.20817307735849058
1 0.62227564125 0.22451923113207548 0.621794871875 0.2170673075471698 0.619230769375 0.21298076886792452 0.6155448718750001 0.21057692264150943 0.5993589743750001 0.20456730754716979 0.58125 0.23076923113207548 0.580769230625 0.23245192264150943 0.582051281875 0.23798076886792452 0.590384615625 0.2545673075471698 0.59727564125 0.25985576886792455 0.603365384375 0.25985576886792455 0.61121794875 0.2536057688679245 0.61891025625 0.23798076886792452 0.62227564125 0.22451923113207548
1 0.697115384375 0.29471153867924527 0.695512820625 0.290625 0.685576923125 0.2766826924528302 0.662019230625 0.29423076886792454 0.6633012818749999 0.3180288462264151 0.668429486875 0.33004807735849057 0.6735576925 0.3322115386792453 0.681730769375 0.33245192264150947 0.6873397437500001 0.32764423113207547 0.69358974375 0.3180288462264151 0.6974358975 0.3024038462264151 0.697115384375 0.29471153867924527
1 0.5953525643750001 0.40841346132075473 0.599679486875 0.40240384622641506 0.600641025625 0.39110576886792453 0.59983974375 0.37716346132075473 0.5881410256249999 0.34951923113207545 0.58397435875 0.34567307735849057 0.579166666875 0.34302884622641505 0.564262820625 0.35360576886792455 0.56121794875 0.3610576924528302 0.55977564125 0.3694711537735849 0.559455128125 0.37692307735849057 0.562179486875 0.39254807735849057 0.56746794875 0.4014423075471698 0.57275641 0.40721153867924526 0.583012820625 0.41201923113207545 0.588621795 0.4122596150943396 0.5918269231250001 0.41129807735849055 0.5953525643750001 0.40841346132075473
1 0.5274038462499999 0.41971153867924527 0.52900641 0.4151442311320755 0.530128205 0.40817307735849057 0.5266025643750001 0.3954326924528302 0.525 0.39326923113207546 0.5229166668749999 0.39278846132075473 0.509294871875 0.39326923113207546 0.487980769375 0.3997596150943396 0.485897435625 0.4014423075471698 0.48445512812499997 0.40697115377358495 0.48429487187500003 0.4163461537735849 0.489423076875 0.4283653849056604 0.49375 0.4338942311320755 0.49791666687499997 0.43701923113207547 0.5014423075 0.4377403849056604 0.50977564125 0.4362980773584905 0.52147435875 0.42764423113207545 0.5274038462499999 0.41971153867924527
1 0.43974359 0.37307692264150943 0.43605769250000004 0.3661057688679245 0.41971153875 0.37115384622641506 0.41746794875 0.37283653867924527 0.41538461562499995 0.3764423075471698 0.411858974375 0.38798076886792454 0.41137820499999994 0.40048076886792455 0.412980769375 0.40817307735849057 0.41875 0.415625 0.428044871875 0.42091346132075474 0.43958333312500003 0.421875 0.44262820499999994 0.41971153867924527 0.442948718125 0.41129807735849055 0.43974359 0.37307692264150943
1 0.40897435875 0.3180288462264151 0.400320513125 0.31057692264150943 0.370352564375 0.3201923075471698 0.369070513125 0.3211538462264151 0.368269230625 0.32548076886792454 0.36858974375000003 0.3314903849056604 0.373397435625 0.3384615386792453 0.38028846125 0.340625 0.39262820499999995 0.3403846150943396 0.40112179500000006 0.3353365386792453 0.405448718125 0.33125 0.40833333312500003 0.32620192264150943 0.40897435875 0.3180288462264151
20 0.3125 0.3533653849056604 0.306730769375 0.3449519226415095 0.287019230625 0.33798076886792455 0.23621794875 0.35625 0.23621794875 0.3576923075471698 0.27516025625 0.40913461509433957 0.282051281875 0.40889423113207546 0.290865384375 0.40576923113207547 0.29871794875 0.4 0.30384615375 0.3930288462264151 0.31394230749999996 0.36514423113207545 0.3125 0.3533653849056604
9 0.34262820499999996 0.4514423075471698 0.33766025624999996 0.4471153849056604 0.32996794875 0.4478365386792453 0.318269230625 0.4555288462264151 0.314262820625 0.46370192264150945 0.314102564375 0.47091346132075473 0.3150641025 0.4783653849056604 0.32163461562499995 0.4826923075471698 0.32371794875 0.48245192264150943 0.33108974375 0.4783653849056604 0.34038461562499994 0.47067307735849057 0.342948718125 0.45889423113207545 0.34262820499999996 0.4514423075471698
9 0.28028846125 0.5668269226415095 0.27740384625000003 0.5485576924528301 0.27403846125000003 0.5370192311320754 0.27147435875 0.5319711537735848 0.26858974375 0.5293269226415095 0.26346153875 0.5266826924528302 0.259615384375 0.5266826924528302 0.25528846125 0.5293269226415095 0.25096153875 0.5923076924528301 0.251121795 0.5961538462264151 0.255769230625 0.6007211537735849 0.268108974375 0.6009615386792453 0.272916666875 0.5983173075471698 0.276923076875 0.5927884613207547 0.279166666875 0.5862980773584906 0.28076923062500003 0.575 0.28028846125 0.5668269226415095
1 0.40496794875 0.5682692311320754 0.40560897437500004 0.5612980773584906 0.404647435625 0.55625 0.40096153875 0.546875 0.39711538437500005 0.5408653849056604 0.39262820499999995 0.5372596150943396 0.38862179500000005 0.5365384613207548 0.381730769375 0.5403846150943395 0.38028846125 0.5454326924528301 0.3798076925 0.5800480773584905 0.380769230625 0.5824519226415095 0.38413461562499995 0.5860576924528301 0.38846153875 0.5877403849056604 0.39246794875 0.5879807688679246 0.39871794875 0.5838942311320754 0.403044871875 0.5759615386792453 0.40496794875 0.5682692311320754
9 0.485737179375 0.5447115386792453 0.4838141025 0.5425480773584905 0.47788461562499995 0.540625 0.47371794875 0.540625 0.46233974375000003 0.5471153849056604 0.457371795 0.5574519226415094 0.457051281875 0.5608173075471699 0.458333333125 0.5665865386792452 0.462179486875 0.575 0.4661858975 0.5764423075471699 0.47083333312500003 0.5762019226415095 0.48685897437500003 0.5540865386792453 0.48717948687499996 0.5483173075471699 0.485737179375 0.5447115386792453
13 0.599679486875 0.6586538462264151 0.59615384625 0.6540865386792453 0.58397435875 0.6480769226415094 0.5641025643750001 0.6415865386792453 0.546955128125 0.6384615386792453 0.5358974356249999 0.6384615386792453 0.528205128125 0.6427884613207547 0.527083333125 0.6463942311320754 0.5298076925 0.6971153849056604 0.536378205 0.6995192311320754 0.591666666875 0.7069711537735849 0.607371795 0.6995192311320754 0.609455128125 0.6971153849056604 0.603365384375 0.6665865386792452 0.599679486875 0.6586538462264151
1 0.41474359 0.6975961537735849 0.41378205125 0.6814903849056604 0.4036858975 0.6543269226415095 0.396794871875 0.6399038462264152 0.39246794875 0.6387019226415095 0.380769230625 0.6456730773584906 0.37532051312500003 0.6581730773584905 0.375801281875 0.6735576924528301 0.378205128125 0.6850961537735849 0.381891025625 0.6930288462264151 0.38862179500000005 0.7014423075471699 0.3951923075 0.7050480773584905 0.4025641025 0.7060096150943396 0.40897435875 0.7033653849056604 0.41474359 0.6975961537735849
1 0.584134615625 0.5108173075471698 0.58349359 0.5019230773584905 0.580929486875 0.4896634613207547 0.5798076925 0.4879807688679246 0.5713141025 0.4831730773584905 0.5681089743750001 0.4841346150943396 0.560416666875 0.48990384622641514 0.5525641025 0.5134615386792453 0.551121795 0.5211538462264151 0.550641025625 0.5290865386792453 0.553205128125 0.5396634613207547 0.55721153875 0.5449519226415095 0.560737179375 0.5451923075471699 0.5671474356249999 0.5408653849056604 0.5798076925 0.5286057688679245 0.583012820625 0.5175480773584905 0.584134615625 0.5108173075471698
6 0.768429486875 0.5168269226415094 0.75849359 0.5060096150943396 0.752083333125 0.5019230773584905 0.73846153875 0.5002403849056604 0.685416666875 0.5026442311320755 0.663621795 0.5057692311320754 0.6463141025 0.5153846150943396 0.64150641 0.5216346150943396 0.638621795 0.5269230773584905 0.634615384375 0.5430288462264151 0.63349359 0.5519230773584906 0.631891025625 0.5802884613207547 0.63477564125 0.6117788462264151 0.70496794875 0.6473557688679246 0.7185897437500001 0.6425480773584905 0.78125 0.5644230773584905 0.7830128206249999 0.5603365386792453 0.783173076875 0.5567307688679246 0.768429486875 0.5168269226415094