7 0.46746794875 0.5841346150943396 0.47628205125 0.5370192311320754 0.474519230625 0.5353365386792452 0.46266025624999996 0.5310096150943396 0.40384615375000005 0.5408653849056604 0.399679486875 0.5442307688679245 0.3985576925 0.546875 0.39983974375000003 0.5605769226415095 0.404647435625 0.5762019226415095 0.412019230625 0.5935096150943396 0.41810897437500005 0.6033653849056604 0.420673076875 0.6050480773584905 0.43605769250000004 0.6072115386792453 0.46346153875 0.5930288462264152 0.46746794875 0.5841346150943396
6 0.447916666875 0.22451923113207548 0.447916666875 0.2163461537735849 0.443269230625 0.19591346132075474 0.42371794875 0.14350961509433963 0.408173076875 0.11514423113207548 0.400480769375 0.1072115386792453 0.384455128125 0.10360576886792452 0.37291666687499997 0.109375 0.368108974375 0.11514423113207548 0.36634615375 0.11899038490566037 0.36682692312500004 0.12139423113207548 0.42964743562499996 0.25096153867924526 0.431570513125 0.25384615377358494 0.4349358975 0.2560096150943396 0.439102564375 0.25264423113207546 0.441666666875 0.24783653867924527 0.447916666875 0.22451923113207548
6 0.380769230625 0.2360576924528302 0.36121794875 0.21274038490566038 0.34887820499999994 0.20096153867924527 0.32916666687499996 0.18557692264150943 0.318269230625 0.17932692264150943 0.29375 0.1692307688679245 0.27724359 0.1673076924528302 0.269391025625 0.16971153867924527 0.270352564375 0.1774038462264151 0.294871795 0.2139423075471698 0.32612179500000005 0.25216346132075473 0.33733974375000003 0.26370192264150943 0.380769230625 0.29471153867924527 0.38397435874999997 0.290625 0.38509615375 0.2829326924528302 0.380769230625 0.2360576924528302
6 0.572916666875 0.23629807735849057 0.568269230625 0.2235576924528302 0.55272435875 0.19951923113207548 0.53525641 0.17764423113207548 0.50977564125 0.1608173075471698 0.494070513125 0.1608173075471698 0.478205128125 0.16610576886792452 0.476121795 0.17379807735849057 0.508012820625 0.24783653867924527 0.55528846125 0.29110576886792455 0.5623397437500001 0.2908653849056604 0.568269230625 0.2853365386792453 0.570673076875 0.27932692264150943 0.576121795 0.2560096150943396 0.572916666875 0.23629807735849057
6 0.6448717949999999 0.25192307735849057 0.6349358975 0.21850961509433964 0.626762820625 0.2004807688679245 0.599679486875 0.19110576886792452 0.5923076925 0.19326923113207548 0.5918269231250001 0.19591346132075474 0.594230769375 0.27139423113207545 0.62099359 0.35625 0.622916666875 0.35889423113207547 0.631570513125 0.35360576886792455 0.63766025625 0.3451923075471698 0.6479166668749999 0.31033653867924527 0.64903846125 0.2867788462264151 0.6448717949999999 0.25192307735849057
6 0.7360576925 0.39014423113207547 0.70096153875 0.3576923075471698 0.685416666875 0.3449519226415095 0.67003205125 0.3401442311320755 0.64615384625 0.3492788462264151 0.640544871875 0.3545673075471698 0.603365384375 0.40408653867924527 0.6036858975 0.4050480773584905 0.6150641025 0.41057692264150947 0.7161858975 0.45528846132075473 0.751923076875 0.4319711537735849 0.7525641025 0.4283653849056604 0.750641025625 0.41802884622641506 0.746634615625 0.4064903849056604 0.7360576925 0.39014423113207547
6 0.60865384625 0.5487980773584905 0.610737179375 0.4973557688679246 0.607371795 0.48341346132075474 0.594070513125 0.45120192264150943 0.587820513125 0.4389423075471698 0.580128205 0.43317307735849053 0.5644230768749999 0.4266826924528302 0.56009615375 0.4314903849056604 0.559294871875 0.43557692264150943 0.568269230625 0.5644230773584905 0.58141025625 0.5920673075471699 0.58397435875 0.5939903849056604 0.593108974375 0.5896634613207548 0.60016025625 0.5802884613207547 0.6014423074999999 0.5771634613207547 0.60865384625 0.5487980773584905
9 0.5338141025 0.3483173075471698 0.529166666875 0.3473557688679245 0.49791666687499997 0.3802884613207547 0.5025641025 0.40408653867924527 0.5056089743750001 0.40697115377358495 0.513141025625 0.4086538462264151 0.515544871875 0.4079326924528302 0.526121795 0.396875 0.5389423074999999 0.38076923113207545 0.537019230625 0.3526442311320755 0.5338141025 0.3483173075471698
1 0.465544871875 0.3846153849056604 0.465544871875 0.37283653867924527 0.46442307687499995 0.3689903849056604 0.45897435875 0.36225961509433957 0.45496794875 0.36009615377358495 0.43894230749999996 0.35721153867924527 0.423397435625 0.3725961537735849 0.41971153875 0.42259615377358495 0.42003205125 0.4314903849056604 0.42467948687499996 0.43461538490566043 0.42836538437500005 0.4350961537735849 0.43525641 0.4329326924528302 0.441666666875 0.42620192264150947 0.4610576925 0.3975961537735849 0.465544871875 0.3846153849056604
6 0.37532051312500003 0.4586538462264151 0.37644230749999996 0.4555288462264151 0.380769230625 0.4319711537735849 0.38477564125 0.3992788462264151 0.385576923125 0.38004807735849055 0.38477564125 0.375 0.380929486875 0.36514423113207545 0.376923076875 0.3646634613207547 0.33653846125000003 0.3951923075471698 0.294871795 0.44495192264150946 0.290384615625 0.4584134613207547 0.29022435874999997 0.4783653849056604 0.314102564375 0.5021634613207547 0.31891025625 0.5019230773584905 0.33493589749999997 0.4939903849056604 0.345673076875 0.4870192311320754 0.35689102562499997 0.4778846150943396 0.37275641 0.4617788462264151 0.37532051312500003 0.4586538462264151
6 0.317948718125 0.36129807735849057 0.311698718125 0.3108173075471698 0.306570513125 0.29615384622641505 0.30272435875 0.2913461537735849 0.295352564375 0.29302884622641506 0.262820513125 0.3336538462264151 0.24022435875 0.3649038462264151 0.23605769250000003 0.3725961537735849 0.22740384625 0.4158653849056604 0.235416666875 0.4254807688679245 0.24342948687500002 0.43004807735849054 0.251762820625 0.4326923075471698 0.255929486875 0.43245192264150945 0.2889423075 0.40552884622641505 0.292948718125 0.40120192264150945 0.317948718125 0.36129807735849057
1 0.255608974375 0.27908653867924527 0.24967948687500002 0.278125 0.2423076925 0.28028846132075474 0.23846153874999998 0.2826923075471698 0.23269230749999997 0.2889423075471698 0.2201923075 0.3055288462264151 0.21394230749999998 0.31826923113207545 0.211698718125 0.3264423075471698 0.21041666687500002 0.3375 0.21009615375 0.34182692264150943 0.210737179375 0.34591346132075473 0.216826923125 0.3576923075471698 0.228205128125 0.36442307735849055 0.23221153875 0.3625 0.238621795 0.3528846150943396 0.24118589750000002 0.34567307735849057 0.255608974375 0.27908653867924527
6 0.27115384625 0.5533653849056605 0.25192307687500004 0.5137019226415095 0.24407051312499997 0.5007211537735848 0.233333333125 0.48605769245283015 0.189262820625 0.46971153867924526 0.18541666687500002 0.46923076886792453 0.17371794875 0.4877403849056604 0.165865384375 0.5057692311320754 0.16458333312499998 0.5141826924528301 0.185576923125 0.5483173075471699 0.26153846125 0.61875 0.26602564125 0.6197115386792452 0.27115384625 0.6173076924528301 0.279166666875 0.6074519226415095 0.279487179375 0.5915865386792453 0.27115384625 0.5533653849056605
6 0.263301281875 0.6930288462264151 0.242948718125 0.6853365386792453 0.232371795 0.6838942311320754 0.229487179375 0.6855769226415095 0.225801281875 0.6930288462264151 0.22259615375 0.7283653849056604 0.24022435875 0.7521634613207547 0.287019230625 0.7925480773584905 0.306570513125 0.7824519226415094 0.310416666875 0.7766826924528302 0.310416666875 0.771875 0.29503205125 0.7180288462264152 0.263301281875 0.6930288462264151
9 0.371955128125 0.5759615386792453 0.37163461562499994 0.5682692311320754 0.37067307687499995 0.5661057688679246 0.369070513125 0.5637019226415094 0.361698718125 0.5574519226415094 0.337820513125 0.5466346150943396 0.33557692312500004 0.5490384613207547 0.334294871875 0.5524038462264151 0.334294871875 0.5572115386792452 0.337980769375 0.5644230773584905 0.34439102562499996 0.5716346150943395 0.35128205125 0.5762019226415095 0.357852564375 0.5795673075471699 0.362980769375 0.5805288462264151 0.369230769375 0.5786057688679246 0.371955128125 0.5759615386792453
6 0.505448718125 0.6971153849056604 0.495512820625 0.6932692311320754 0.48621794875 0.6918269226415095 0.46362179500000006 0.6901442311320755 0.44727564125 0.6908653849056604 0.44391025624999997 0.6932692311320754 0.41137820499999994 0.7389423075471698 0.40753205125 0.7478365386792453 0.40528846125 0.7629807688679245 0.405448718125 0.7790865386792453 0.443269230625 0.8177884613207548 0.474519230625 0.8182692311320754 0.526923076875 0.7399038462264151 0.528365384375 0.7360576924528301 0.525320513125 0.7262019226415094 0.5150641025 0.7050480773584905 0.505448718125 0.6971153849056604
9 0.41987179500000005 0.6266826924528301 0.417628205 0.6233173075471699 0.412980769375 0.6216346150943396 0.4088141025 0.6228365386792453 0.40689102562499996 0.625 0.404647435625 0.6341346150943395 0.40352564125 0.6425480773584905 0.40352564125 0.6463942311320754 0.404326923125 0.6480769226415094 0.411858974375 0.6516826924528302 0.41602564125 0.6519230773584905 0.4173076925 0.6504807688679246 0.420352564375 0.6370192311320754 0.41987179500000005 0.6266826924528301
9 0.44375 0.5485576924528301 0.44375 0.5331730773584905 0.439423076875 0.5091346150943395 0.43653846125 0.49783653867924527 0.431570513125 0.4920673075471699 0.42756410250000004 0.48990384622641514 0.42275641 0.49855769245283016 0.420352564375 0.50625 0.419551281875 0.5180288462264151 0.42083333312500004 0.5334134613207547 0.42275641 0.5408653849056604 0.430608974375 0.5548076924528301 0.43525641 0.5576923075471698 0.440705128125 0.5552884613207547 0.4423076925 0.5533653849056605 0.44375 0.5485576924528301
14 0.5331730768749999 0.5103365386792452 0.524679486875 0.5100961537735849 0.516666666875 0.5149038462264152 0.50849359 0.5230769226415094 0.5038461537500001 0.5290865386792453 0.50272435875 0.5331730773584905 0.503044871875 0.5387019226415094 0.505769230625 0.540625 0.5211538462499999 0.5355769226415095 0.537179486875 0.5276442311320754 0.5386217950000001 0.5252403849056604 0.538301281875 0.5213942311320754 0.537019230625 0.5165865386792453 0.5331730768749999 0.5103365386792452
6 0.705608974375 0.5091346150943395 0.7038461537499999 0.5079326924528301 0.69358974375 0.5096153849056604 0.64647435875 0.5329326924528301 0.599519230625 0.6483173075471699 0.5983974356249999 0.6540865386792453 0.598076923125 0.6586538462264151 0.60496794875 0.6733173075471699 0.6076923075 0.6757211537735849 0.724519230625 0.6795673075471699 0.725 0.571875 0.723397435625 0.5492788462264151 0.720673076875 0.5367788462264151 0.705608974375 0.5091346150943395
9 0.60352564125 0.7007211537735849 0.604166666875 0.6963942311320754 0.60352564125 0.6889423075471699 0.599519230625 0.6810096150943395 0.57227564125 0.6699519226415095 0.55352564125 0.6774038462264151 0.56009615375 0.6992788462264151 0.562980769375 0.7045673075471699 0.56858974375 0.709375 0.573076923125 0.7117788462264151 0.57596153875 0.7129807688679246 0.587980769375 0.7141826924528302 0.595512820625 0.7115384613207547 0.60352564125 0.7007211537735849
7 0.6349358975 0.7894230773584906 0.638301281875 0.7867788462264151 0.6429487181250001 0.7805288462264152 0.6463141025 0.7733173075471699 0.64775641 0.7675480773584905 0.648237179375 0.759375 0.646634615625 0.75625 0.5644230768749999 0.7288461537735849 0.5605769231250001 0.7288461537735849 0.55977564125 0.7326923075471699 0.56025641 0.7396634613207548 0.57371794875 0.7870192311320754 0.579326923125 0.7987980773584905 0.587019230625 0.8050480773584906 0.59134615375 0.8064903849056604 0.59599359 0.8060096150943395 0.6269230768749999 0.79375 0.6349358975 0.7894230773584906