18 0.290705128125 0.24903846132075472 0.298076923125 0.2483173075471698 0.31442307687500004 0.24302884622641507 0.32243589749999996 0.23221153867924527 0.32403846125 0.22836538490566038 0.3264423075 0.22091346132075473 0.328365384375 0.20817307735849058 0.32740384624999996 0.20096153867924527 0.323237179375 0.1850961537735849 0.299198718125 0.13004807735849058 0.294230769375 0.1225961537735849 0.29102564125 0.1194711537735849 0.284134615625 0.11514423113207548 0.275641025625 0.11201923113207547 0.26346153875 0.11418269245283019 0.257371795 0.11899038490566037 0.24599358999999998 0.1375 0.24246794875 0.15528846132075472 0.24182692312499998 0.17043269245283021 0.24391025625 0.19254807735849058 0.244871795 0.19591346132075474 0.253365384375 0.2161057688679245 0.26217948687500003 0.2288461537735849 0.2713141025 0.23846153867924527 0.280608974375 0.24471153867924528 0.290705128125 0.24903846132075472
20 0.40592948687499997 0.18125 0.39070512812499997 0.2048076924528302 0.41971153875 0.2367788462264151 0.46842948687499997 0.20504807735849057 0.441987179375 0.153125 0.439423076875 0.15120192264150942 0.42964743562499996 0.1555288462264151 0.41987179500000005 0.16346153867924526 0.40592948687499997 0.18125
21 0.5088141025 0.103125 0.50625 0.0915865386792453 0.503205128125 0.08413461509433963 0.498237179375 0.07884615377358489 0.49022435875 0.07548076886792453 0.48525641 0.07644230754716981 0.482051281875 0.08004807735849057 0.480929486875 0.0836538462264151 0.47676282062500003 0.11466346132075471 0.47740384625 0.11899038490566037 0.4860576925 0.1360576924528302 0.505448718125 0.1444711537735849 0.509615384375 0.1444711537735849 0.510576923125 0.14254807735849057 0.510737179375 0.13846153867924527 0.5088141025 0.103125
1 0.61634615375 0.17379807735849057 0.6149038462499999 0.16610576886792452 0.611858974375 0.1579326924528302 0.6048076925 0.14639423113207548 0.591666666875 0.13846153867924527 0.584455128125 0.13701923113207548 0.576121795 0.13774038490566037 0.5671474356249999 0.1461538462264151 0.5605769231250001 0.1545673075471698 0.558333333125 0.1625 0.55721153875 0.1711538462264151 0.556570513125 0.178125 0.558012820625 0.18942307735849057 0.562019230625 0.19639423113207546 0.564262820625 0.1985576924528302 0.58621794875 0.20600961509433963 0.587820513125 0.20600961509433963 0.6096153843750001 0.1831730773584906 0.61634615375 0.17379807735849057
1 0.477083333125 0.3112980773584905 0.47996794875 0.3024038462264151 0.48028846125 0.290625 0.47868589749999996 0.2848557688679245 0.47660256437500004 0.2814903849056604 0.474519230625 0.2800480773584905 0.47083333312500003 0.28076923113207547 0.44599359 0.2954326924528302 0.444871795 0.296875 0.444230769375 0.3 0.444070513125 0.3028846150943396 0.44615384625 0.3112980773584905 0.448878205 0.3165865386792453 0.454326923125 0.32235576886792455 0.45849359 0.3240384613207547 0.46073717937499997 0.32379807735849053 0.46666666687499997 0.3213942311320755 0.477083333125 0.3112980773584905
1 0.67371794875 0.3838942311320755 0.6761217949999999 0.37067307735849053 0.674519230625 0.3569711537735849 0.6703525643749999 0.34471153867924526 0.6633012818749999 0.3353365386792453 0.662019230625 0.334375 0.6549679487500001 0.3346153849056604 0.645833333125 0.3365384613207547 0.63878205125 0.3413461537735849 0.636858974375 0.3454326924528302 0.635416666875 0.3521634613207547 0.63525641 0.3576923075471698 0.638621795 0.38485576886792455 0.6423076925 0.39350961509433957 0.6467948718750001 0.396875 0.658173076875 0.3990384613207547 0.662820513125 0.3971153849056604 0.667948718125 0.3930288462264151 0.67371794875 0.3838942311320755
21 0.6011217950000001 0.4002403849056604 0.599679486875 0.3951923075471698 0.597916666875 0.3923076924528302 0.5918269231250001 0.38677884622641506 0.5836538462499999 0.3846153849056604 0.571634615625 0.38990384622641505 0.549519230625 0.4127403849056604 0.549358974375 0.41610576886792455 0.5605769231250001 0.4322115386792453 0.564583333125 0.434375 0.580128205 0.43653846132075474 0.591666666875 0.4358173075471698 0.5956730768749999 0.428125 0.60224359 0.4108173075471698 0.6011217950000001 0.4002403849056604
1 0.21666666687500002 0.4620192311320755 0.22467948687500003 0.45120192264150943 0.229166666875 0.44326923113207545 0.23205128187500002 0.43533653867924527 0.23349359 0.41971153867924527 0.22884615375 0.4038461537735849 0.22099359 0.3939903849056604 0.20528846125 0.39375 0.1775641025 0.43317307735849053 0.176121795 0.43557692264150943 0.176602564375 0.45120192264150943 0.17932692312499998 0.4627403849056604 0.182371795 0.46778846132075474 0.185576923125 0.4699519226415095 0.20432692312499998 0.4704326924528302 0.207371795 0.46923076886792453 0.21666666687500002 0.4620192311320755
14 0.272115384375 0.38966346132075474 0.270352564375 0.3923076924528302 0.2713141025 0.396875 0.30272435875 0.41682692264150945 0.31057692312499996 0.40408653867924527 0.3125 0.3846153849056604 0.290705128125 0.3697115386792453 0.286698718125 0.3716346150943396 0.272115384375 0.38966346132075474
14 0.39759615375 0.40576923113207547 0.395673076875 0.4048076924528302 0.39310897437500003 0.4064903849056604 0.39262820499999995 0.40841346132075473 0.39631410250000004 0.4391826924528302 0.400320513125 0.4423076924528302 0.404487179375 0.44254807735849055 0.40721153875 0.4389423075471698 0.409134615625 0.4274038462264151 0.404487179375 0.41610576886792455 0.39759615375 0.40576923113207547
14 0.46730769250000004 0.42932692264150946 0.463301281875 0.42932692264150946 0.4576923075 0.4314903849056604 0.4548076925 0.43557692264150943 0.446955128125 0.4591346150943396 0.44631410250000003 0.46658653867924527 0.45881410250000004 0.47860576886792455 0.462820513125 0.47860576886792455 0.474519230625 0.45 0.474679486875 0.44495192264150946 0.472916666875 0.4350961537735849 0.470512820625 0.4314903849056604 0.46730769250000004 0.42932692264150946
1 0.54150641 0.5387019226415094 0.54615384625 0.5346153849056604 0.55096153875 0.5269230773584905 0.550641025625 0.5216346150943396 0.537019230625 0.47860576886792455 0.529166666875 0.4795673075471698 0.52147435875 0.48245192264150943 0.515705128125 0.49447115377358486 0.513141025625 0.5024038462264151 0.51266025625 0.5098557688679246 0.5139423075 0.5213942311320754 0.51858974375 0.5307692311320754 0.526121795 0.5399038462264151 0.52884615375 0.5413461537735849 0.531891025625 0.5413461537735849 0.537179486875 0.540625 0.54150641 0.5387019226415094
9 0.697115384375 0.5362980773584906 0.69727564125 0.5233173075471699 0.693269230625 0.5038461537735849 0.6892628206249999 0.49543269245283017 0.686858974375 0.49375 0.684294871875 0.4935096150943396 0.68141025625 0.49423076886792455 0.67852564125 0.49759615377358485 0.675320513125 0.5096153849056604 0.6733974356250001 0.5254807688679246 0.6733974356250001 0.5331730773584905 0.675 0.5408653849056604 0.6775641025 0.5466346150943396 0.68125 0.5492788462264151 0.685576923125 0.5504807688679246 0.690544871875 0.5485576924528301 0.6945512818749999 0.5447115386792453 0.697115384375 0.5362980773584906
16 0.300480769375 0.6091346150943396 0.303044871875 0.5877403849056604 0.2974358975 0.5754807688679245 0.294871795 0.5716346150943395 0.290705128125 0.5680288462264151 0.27516025625 0.5762019226415095 0.266666666875 0.5824519226415095 0.254326923125 0.5971153849056604 0.25272435875 0.6007211537735849 0.256730769375 0.6430288462264151 0.2599358975 0.6543269226415095 0.264262820625 0.6637019226415094 0.2661858975 0.6651442311320754 0.27147435875 0.6658653849056604 0.276121795 0.6620192311320754 0.284615384375 0.6473557688679246 0.300480769375 0.6091346150943396
26 0.38493589749999996 0.6497596150943395 0.380769230625 0.6497596150943395 0.316987179375 0.7084134613207548 0.309294871875 0.7165865386792453 0.3099358975 0.7276442311320754 0.35352564125 0.7697115386792452 0.35833333312500004 0.7701923075471698 0.38621794875 0.7401442311320754 0.39102564125 0.6737980773584905 0.3889423075 0.65625 0.38493589749999996 0.6497596150943395
14 0.369070513125 0.5759615386792453 0.37067307687499995 0.5721153849056604 0.37067307687499995 0.5639423075471699 0.369070513125 0.5612980773584906 0.365544871875 0.5584134613207548 0.34150641 0.559375 0.33974359 0.5603365386792453 0.339262820625 0.5622596150943396 0.339102564375 0.5685096150943396 0.3400641025 0.5721153849056604 0.34342948687499997 0.5776442311320754 0.348237179375 0.5829326924528302 0.350480769375 0.5841346150943396 0.354487179375 0.5838942311320754 0.36506410250000004 0.5783653849056604 0.369070513125 0.5759615386792453
7 0.5568910256249999 0.7834134613207547 0.568269230625 0.7889423075471699 0.5956730768749999 0.7795673075471699 0.61153846125 0.7673076924528301 0.62628205125 0.7487980773584906 0.631891025625 0.7399038462264151 0.63878205125 0.7242788462264151 0.6426282050000001 0.7088942311320754 0.64246794875 0.6930288462264151 0.640384615625 0.6858173075471699 0.638621795 0.6836538462264151 0.470673076875 0.6391826924528301 0.46875 0.6444711537735849 0.46842948687499997 0.6466346150943396 0.47275641 0.6617788462264151 0.48189102562499997 0.6891826924528301 0.49134615375 0.7086538462264151 0.49791666687499997 0.7192307688679246 0.51746794875 0.7444711537735849 0.548878205 0.7771634613207548 0.5568910256249999 0.7834134613207547