14 0.306570513125 0.7536057688679246 0.30208333312499996 0.7574519226415094 0.299198718125 0.7680288462264151 0.298878205 0.7740384613207547 0.30544871812499996 0.7947115386792453 0.30849359 0.7980769226415094 0.310897435625 0.7985576924528301 0.318108974375 0.7872596150943396 0.32003205125 0.7675480773584905 0.31442307687500004 0.7555288462264151 0.306570513125 0.7536057688679246
9 0.360576923125 0.2048076924528302 0.35737179500000005 0.2014423075471698 0.35128205125 0.2038461537735849 0.34358974375 0.21346153867924528 0.34166666687499997 0.21923076886792453 0.34150641 0.2257211537735849 0.34310897437500004 0.23149038490566037 0.346634615625 0.2350961537735849 0.349679486875 0.23581730754716979 0.35192307687499996 0.23461538490566036 0.35560897437500005 0.2300480773584906 0.36121794875 0.21658653867924527 0.360576923125 0.2048076924528302
9 0.411858974375 0.14951923113207546 0.40849359 0.15432692264150943 0.40112179500000006 0.1694711537735849 0.4 0.17403846132075473 0.3985576925 0.18557692264150943 0.400320513125 0.1918269226415094 0.40416666687499997 0.19471153867924526 0.43221153875 0.15817307735849057 0.432051281875 0.15673076886792453 0.42371794875 0.14350961509433963 0.41987179500000005 0.1430288462264151 0.411858974375 0.14951923113207546
1 0.5644230768749999 0.1983173075471698 0.572115384375 0.18533653867924527 0.573076923125 0.18173076886792452 0.572115384375 0.175 0.566987179375 0.16129807735849058 0.55384615375 0.15432692264150943 0.529166666875 0.15432692264150943 0.524679486875 0.15745192264150942 0.5217948718750001 0.16610576886792452 0.5213141025 0.1766826924528302 0.521955128125 0.1826923075471698 0.5235576925000001 0.1875 0.531570513125 0.19807692264150942 0.543429486875 0.20360576886792453 0.55352564125 0.2038461537735849 0.5616987181249999 0.2014423075471698 0.5644230768749999 0.1983173075471698
14 0.42371794875 0.24014423113207548 0.412019230625 0.2298076924528302 0.407852564375 0.22908653867924528 0.404487179375 0.23100961509433962 0.40112179500000006 0.2399038462264151 0.401602564375 0.24807692264150946 0.40833333312500003 0.2600961537735849 0.41233974375000004 0.26057692264150945 0.41987179500000005 0.2591346150943396 0.42275641 0.2555288462264151 0.426121795 0.24783653867924527 0.42596153875 0.24423076886792452 0.42371794875 0.24014423113207548
14 0.498076923125 0.2591346150943396 0.49727564125 0.2596153849056604 0.49471153875 0.2673076924528302 0.485576923125 0.2983173075471698 0.48621794875 0.30120192264150947 0.49775641 0.3064903849056604 0.50608974375 0.3055288462264151 0.5100961537500001 0.3038461537735849 0.5125 0.29879807735849057 0.51266025625 0.2752403849056604 0.498076923125 0.2591346150943396
1 0.6344551281249999 0.25625 0.63349359 0.25192307735849057 0.6269230768749999 0.2435096150943396 0.6036858975 0.23725961509433963 0.600801281875 0.2382211537735849 0.5842948718750001 0.29423076886792454 0.5836538462499999 0.30625 0.584134615625 0.3072115386792453 0.5953525643750001 0.31057692264150943 0.60400641 0.3064903849056604 0.61891025625 0.29639423113207547 0.629487179375 0.28052884622641505 0.6333333331250001 0.26754807735849057 0.6344551281249999 0.25625
14 0.675320513125 0.40408653867924527 0.6764423075 0.39254807735849057 0.674358974375 0.3889423075471698 0.6703525643749999 0.38774038490566043 0.663141025625 0.38870192264150943 0.65897435875 0.3923076924528302 0.657371795 0.39639423113207545 0.657852564375 0.40817307735849057 0.6591346156250001 0.415625 0.6633012818749999 0.4216346150943396 0.665544871875 0.42283653867924526 0.668269230625 0.421875 0.6698717949999999 0.4201923075471698 0.675320513125 0.40408653867924527
11 0.685576923125 0.3413461537735849 0.67740384625 0.35985576886792453 0.677884615625 0.3629807688679245 0.681570513125 0.36514423113207545 0.6857371793750001 0.3617788462264151 0.688621795 0.35721153867924527 0.69102564125 0.3497596150943396 0.6919871793750001 0.34158653867924527 0.6897435900000001 0.3396634613207547 0.685576923125 0.3413461537735849
14 0.570673076875 0.41971153867924527 0.568269230625 0.4146634613207547 0.56025641 0.4134615386792453 0.555929486875 0.4170673075471698 0.5541666668749999 0.4204326924528302 0.554326923125 0.4360576924528302 0.55625 0.44182692264150947 0.5605769231250001 0.44567307735849054 0.5639423075 0.446875 0.568269230625 0.4463942311320755 0.5724358975 0.44326923113207545 0.5735576925 0.43557692264150943 0.570673076875 0.41971153867924527
11 0.599519230625 0.4278846150943396 0.591666666875 0.43461538490566043 0.5921474356249999 0.43942307735849057 0.594230769375 0.4411057688679245 0.59871794875 0.44254807735849055 0.60272435875 0.44182692264150947 0.61025641 0.43677884622641505 0.61153846125 0.4319711537735849 0.611378205 0.4271634613207547 0.599519230625 0.4278846150943396
11 0.605608974375 0.39158653867924526 0.6036858975 0.3923076924528302 0.603044871875 0.3947115386792453 0.604487179375 0.40408653867924527 0.607371795 0.4096153849056604 0.6150641025 0.4146634613207547 0.61875 0.41201923113207545 0.6176282049999999 0.40721153867924526 0.6089743587499999 0.39254807735849057 0.6076923075 0.39134615377358495 0.605608974375 0.39158653867924526
14 0.542628205 0.34807692264150947 0.5411858975 0.34639423113207546 0.5293269231250001 0.340625 0.525320513125 0.34110576886792454 0.5235576925000001 0.3439903849056604 0.521634615625 0.34951923113207545 0.52227564125 0.3610576924528302 0.52996794875 0.37283653867924527 0.53365384625 0.3733173075471698 0.5368589743750001 0.371875 0.54150641 0.36514423113207545 0.54358974375 0.3576923075471698 0.542628205 0.34807692264150947
11 0.439102564375 0.31033653867924527 0.43894230749999996 0.3141826924528302 0.443269230625 0.3240384613207547 0.450480769375 0.3283653849056604 0.454326923125 0.32620192264150943 0.45416666687499996 0.31826923113207545 0.44711538437500004 0.30504807735849054 0.443108974375 0.30432692264150946 0.439102564375 0.31033653867924527
14 0.388301281875 0.2903846150943396 0.380929486875 0.29399038490566043 0.37147435875 0.31466346132075473 0.371955128125 0.3221153849056604 0.37435897437500004 0.32548076886792454 0.380608974375 0.32884615377358495 0.38461538437500004 0.32716346132075474 0.39743589749999997 0.3028846150943396 0.39615384625 0.29375 0.39262820499999995 0.2903846150943396 0.388301281875 0.2903846150943396
14 0.32612179500000005 0.3076923075471698 0.310416666875 0.30673076886792455 0.308333333125 0.31346153867924526 0.308333333125 0.3177884613207547 0.30977564125 0.32307692264150945 0.318108974375 0.3336538462264151 0.323076923125 0.33004807735849057 0.3286858975 0.321875 0.32996794875 0.31826923113207545 0.32900641 0.31033653867924527 0.32612179500000005 0.3076923075471698
1 0.285416666875 0.3846153849056604 0.283012820625 0.3689903849056604 0.263621795 0.36322115377358494 0.2588141025 0.3627403849056604 0.255769230625 0.36370192264150947 0.253044871875 0.36754807735849054 0.25 0.37572115377358495 0.25 0.3814903849056604 0.252884615625 0.38966346132075474 0.25865384625 0.3966346150943396 0.26746794875 0.4021634613207547 0.27147435875 0.40120192264150945 0.27660256437499997 0.39807692264150946 0.28221153875 0.3923076924528302 0.285416666875 0.3846153849056604
14 0.248237179375 0.4617788462264151 0.24519230749999998 0.4653846150943396 0.24791666687500002 0.4987980773584905 0.251602564375 0.5019230773584905 0.25977564125 0.5024038462264151 0.26121794875 0.4939903849056604 0.25977564125 0.4704326924528302 0.255769230625 0.4639423075471698 0.252083333125 0.4615384613207547 0.248237179375 0.4617788462264151
1 0.345673076875 0.5326923075471699 0.346794871875 0.5290865386792453 0.346794871875 0.5213942311320754 0.345512820625 0.5120192311320754 0.33733974375000003 0.48990384622641514 0.32612179500000005 0.4774038462264151 0.32243589749999996 0.47451923113207545 0.320833333125 0.47451923113207545 0.318269230625 0.475 0.313141025625 0.47860576886792455 0.3099358975 0.48221153867924527 0.30721153875 0.49423076886792455 0.307051281875 0.5016826924528301 0.308333333125 0.5096153849056604 0.31009615375 0.5149038462264152 0.322916666875 0.5341346150943396 0.32996794875 0.5394230773584906 0.33477564125000003 0.5396634613207547 0.338301281875 0.5389423075471699 0.345673076875 0.5326923075471699
14 0.264102564375 0.5620192311320754 0.255769230625 0.5524038462264151 0.24375 0.5487980773584905 0.24118589750000002 0.5519230773584906 0.23830128187500002 0.5625 0.23846153874999998 0.5682692311320754 0.239423076875 0.5721153849056604 0.24407051312499997 0.5771634613207547 0.26378205125 0.5769230773584906 0.26570512812499997 0.575 0.26650641 0.5725961537735849 0.2661858975 0.5682692311320754 0.264102564375 0.5620192311320754
14 0.4025641025 0.5057692311320754 0.400480769375 0.5040865386792452 0.39599359 0.5038461537735849 0.391826923125 0.5091346150943395 0.3889423075 0.5163461537735848 0.3889423075 0.5216346150943396 0.39278846125 0.5367788462264151 0.39615384625 0.5399038462264151 0.400320513125 0.5394230773584906 0.40192307687499995 0.5379807688679246 0.404487179375 0.5331730773584905 0.40480769250000004 0.5300480773584906 0.4025641025 0.5057692311320754
14 0.3985576925 0.4389423075471698 0.39262820499999995 0.4319711537735849 0.380608974375 0.428125 0.37628205125 0.42932692264150946 0.37355769250000004 0.43317307735849053 0.373076923125 0.43966346132075473 0.37483974375 0.4471153849056604 0.385576923125 0.45528846132075473 0.388301281875 0.4567307688679245 0.39310897437500003 0.45528846132075473 0.398878205 0.446875 0.399519230625 0.44326923113207545 0.3985576925 0.4389423075471698
14 0.390384615625 0.37884615377358494 0.38461538437500004 0.37283653867924527 0.373076923125 0.37427884622641505 0.37147435875 0.37548076886792453 0.36875 0.38076923113207545 0.36778846125000003 0.3850961537735849 0.369070513125 0.390625 0.385737179375 0.40048076886792455 0.389423076875 0.40120192264150945 0.39535256437500005 0.39639423113207545 0.39599359 0.3918269226415095 0.39471153875 0.3870192311320755 0.390384615625 0.37884615377358494
9 0.44903846125 0.43822115377358495 0.4451923075 0.4264423075471698 0.443108974375 0.4242788462264151 0.43878205125 0.42259615377358495 0.4349358975 0.42451923113207546 0.432852564375 0.43004807735849054 0.43365384625 0.44567307735849054 0.43605769250000004 0.4528846150943396 0.440384615625 0.45504807735849057 0.443269230625 0.4548076924528302 0.44711538437500004 0.45264423113207547 0.44935897437500005 0.44735576886792455 0.44983974375 0.4430288462264151 0.44903846125 0.43822115377358495
14 0.48365384624999996 0.42403846132075473 0.482852564375 0.4254807688679245 0.48253205125 0.4314903849056604 0.49391025624999996 0.45216346132075474 0.505769230625 0.459375 0.5139423075 0.4372596150943396 0.514102564375 0.41995192264150943 0.509615384375 0.4108173075471698 0.50528846125 0.40841346132075473 0.48365384624999996 0.42403846132075473
14 0.517628205 0.4802884613207547 0.5094551281249999 0.4807692311320755 0.505769230625 0.4882211537735849 0.500320513125 0.5043269226415095 0.5 0.5057692311320754 0.50352564125 0.5197115386792452 0.507051281875 0.5228365386792453 0.509615384375 0.5235576924528301 0.51153846125 0.5221153849056605 0.521955128125 0.4947115386792453 0.520833333125 0.48221153867924527 0.517628205 0.4802884613207547
14 0.559294871875 0.5 0.551602564375 0.5084134613207547 0.55016025625 0.5120192311320754 0.5525641025 0.5310096150943396 0.55641025625 0.534375 0.559134615625 0.5329326924528301 0.567948718125 0.5225961537735849 0.5713141025 0.5137019226415095 0.566666666875 0.5014423075471699 0.5644230768749999 0.49903846132075474 0.559294871875 0.5
14 0.6241987181249999 0.4699519226415095 0.6235576925 0.4663461537735849 0.62003205125 0.45889423113207545 0.6150641025 0.45528846132075473 0.607051281875 0.4651442311320755 0.60352564125 0.47451923113207545 0.6032051281249999 0.4848557688679246 0.604487179375 0.4903846150943396 0.607852564375 0.4939903849056604 0.615865384375 0.49423076886792455 0.61891025625 0.49254807735849054 0.62003205125 0.490625 0.6241987181249999 0.47451923113207545 0.6241987181249999 0.4699519226415095
1 0.69759615375 0.5057692311320754 0.6974358975 0.5019230773584905 0.69599359 0.49783653867924527 0.6900641025 0.490625 0.685416666875 0.4882211537735849 0.681570513125 0.48870192264150947 0.6650641025 0.5004807688679246 0.660897435625 0.5084134613207547 0.6591346156250001 0.5146634613207547 0.657051281875 0.5252403849056604 0.6575320512499999 0.5331730773584905 0.6610576924999999 0.5408653849056604 0.6637820512499999 0.5444711537735849 0.6698717949999999 0.5466346150943396 0.67740384625 0.5408653849056604 0.695512820625 0.5122596150943396 0.69759615375 0.5057692311320754
14 0.6233974356249999 0.5862980773584906 0.61875 0.5862980773584906 0.611378205 0.5913461537735849 0.6089743587499999 0.5947115386792453 0.60865384625 0.6189903849056604 0.61875 0.6240384613207547 0.62371794875 0.6228365386792453 0.62740384625 0.6161057688679246 0.62996794875 0.6076923075471699 0.62996794875 0.6033653849056604 0.62724359 0.5899038462264151 0.6233974356249999 0.5862980773584906
21 0.5644230768749999 0.5913461537735849 0.5616987181249999 0.5918269226415095 0.5525641025 0.5947115386792453 0.550480769375 0.5995192311320754 0.549679486875 0.6076923075471699 0.5525641025 0.6266826924528301 0.556570513125 0.6290865386792452 0.564262820625 0.6228365386792453 0.5661858975 0.6180288462264151 0.56858974375 0.5995192311320754 0.568269230625 0.5939903849056604 0.5644230768749999 0.5913461537735849
14 0.50641025625 0.5831730773584906 0.49903846125 0.5951923075471699 0.49855769250000004 0.6125 0.500480769375 0.6170673075471699 0.505769230625 0.6197115386792452 0.5173076925 0.6132211537735849 0.521634615625 0.5995192311320754 0.5150641025 0.5838942311320754 0.50977564125 0.5807692311320755 0.50641025625 0.5831730773584906
14 0.32612179500000005 0.6057692311320754 0.324679486875 0.6067307688679245 0.318269230625 0.6134615386792452 0.315865384375 0.6192307688679246 0.315384615625 0.6269230773584905 0.318269230625 0.6310096150943396 0.337820513125 0.6367788462264151 0.34102564125 0.6300480773584906 0.34150641 0.621875 0.338301281875 0.6158653849056605 0.3298076925 0.6064903849056604 0.32612179500000005 0.6057692311320754
14 0.2650641025 0.6540865386792453 0.26474359 0.6560096150943396 0.26746794875 0.6737980773584905 0.28076923062500003 0.6752403849056604 0.29871794875 0.6677884613207548 0.30881410249999997 0.6540865386792453 0.30641025625 0.6504807688679246 0.2985576925 0.6480769226415094 0.2673076925 0.6516826924528302 0.2650641025 0.6540865386792453
14 0.34022435875 0.7288461537735849 0.334294871875 0.7242788462264151 0.33012820499999995 0.7257211537735849 0.32724359 0.7283653849056604 0.325480769375 0.7322115386792453 0.332051281875 0.7557692311320754 0.34150641 0.7670673075471699 0.34471153875 0.7651442311320754 0.34615384624999995 0.7605769226415094 0.34615384624999995 0.7550480773584906 0.34342948687499997 0.7360576924528301 0.34022435875 0.7288461537735849
14 0.387179486875 0.665625 0.38461538437500004 0.6668269226415094 0.37532051312500003 0.6766826924528302 0.37291666687499997 0.68125 0.373076923125 0.6896634613207547 0.37644230749999996 0.6956730773584906 0.39262820499999995 0.6973557688679246 0.39647435875 0.6949519226415094 0.397916666875 0.6927884613207548 0.404326923125 0.6737980773584905 0.38846153875 0.6653846150943395 0.387179486875 0.665625
14 0.3610576925 0.78125 0.35657051312500004 0.7800480773584906 0.35496794875 0.7824519226415094 0.35352564125 0.8105769226415095 0.35464743562499995 0.8194711537735849 0.35721153875 0.8225961537735849 0.369070513125 0.8204326924528301 0.370352564375 0.8182692311320754 0.370352564375 0.8141826924528301 0.36506410250000004 0.7867788462264151 0.3610576925 0.78125
24 0.4326923075 0.7509615386792453 0.4349358975 0.7596153849056604 0.439423076875 0.7588942311320754 0.440705128125 0.7557692311320754 0.4411858975 0.7471153849056604 0.440544871875 0.7430288462264151 0.439423076875 0.7413461537735849 0.43541666687499997 0.7418269226415094 0.4326923075 0.7509615386792453
1 0.471955128125 0.6567307688679246 0.467948718125 0.6487980773584906 0.46121794875 0.6439903849056604 0.45528846125 0.6415865386792453 0.45112179500000005 0.6415865386792453 0.44455128187500004 0.6449519226415095 0.43701923062500003 0.6538461537735849 0.434615384375 0.6627403849056605 0.43221153875 0.6737980773584905 0.435576923125 0.6783653849056605 0.43958333312500003 0.6814903849056604 0.462820513125 0.6918269226415095 0.471955128125 0.6790865386792453 0.47387820499999994 0.6730769226415094 0.4735576925 0.6620192311320754 0.471955128125 0.6567307688679246
11 0.525480769375 0.7377403849056604 0.517628205 0.734375 0.51474359 0.7360576924528301 0.514583333125 0.7403846150943396 0.515544871875 0.7439903849056604 0.519871795 0.7485576924528301 0.52596153875 0.75 0.529166666875 0.7487980773584906 0.530608974375 0.7466346150943396 0.53125 0.7439903849056604 0.525480769375 0.7377403849056604
20 0.584615384375 0.7512019226415094 0.57628205125 0.7461538462264151 0.5719551281249999 0.746875 0.55608974375 0.7555288462264151 0.55128205125 0.7752403849056604 0.5633012818750001 0.803125 0.58397435875 0.8115384613207547 0.5860576925000001 0.8108173075471699 0.591987179375 0.79375 0.595833333125 0.7713942311320754 0.5945512818750001 0.7634615386792453 0.584615384375 0.7512019226415094
1 0.614262820625 0.6853365386792453 0.611378205 0.6800480773584906 0.6076923075 0.678125 0.5985576925 0.6786057688679246 0.5923076925 0.6817307688679246 0.59022435875 0.6855769226415095 0.589423076875 0.6975961537735849 0.591666666875 0.7036057688679246 0.595512820625 0.7060096150943396 0.59983974375 0.7064903849056604 0.601602564375 0.7055288462264151 0.6155448718750001 0.6932692311320754 0.6155448718750001 0.6889423075471699 0.614262820625 0.6853365386792453