14 0.3375 0.20504807735849057 0.33733974375000003 0.19326923113207548 0.31971153874999997 0.1725961537735849 0.318269230625 0.17139423113207547 0.31442307687500004 0.17091346132075472 0.31153846125 0.17379807735849057 0.3099358975 0.17860576886792454 0.310416666875 0.1875 0.314262820625 0.19783653867924528 0.319391025625 0.2048076924528302 0.32211538437500004 0.2074519226415094 0.329647435625 0.2117788462264151 0.33525641 0.20913461509433962 0.336858974375 0.20721153867924527 0.3375 0.20504807735849057
9 0.389102564375 0.1516826924528302 0.3826923075 0.14254807735849057 0.375 0.13461538490566038 0.372115384375 0.13413461509433963 0.369070513125 0.13533653867924528 0.36522435875 0.1423076924528302 0.36410256437500005 0.14807692264150943 0.36474359 0.15817307735849057 0.37099359 0.18557692264150943 0.38477564125 0.22908653867924528 0.38862179500000005 0.2204326924528302 0.39631410250000004 0.1850961537735849 0.39647435875 0.18028846132075474 0.394070513125 0.16442307735849057 0.389102564375 0.1516826924528302
1 0.4860576925 0.13028846132075472 0.47868589749999996 0.12427884622641511 0.47083333312500003 0.12235576886792453 0.46121794875 0.12403846132075473 0.45096153875 0.1326923075471698 0.44647435874999997 0.13918269245283021 0.444230769375 0.15 0.44358974375000004 0.1579326924528302 0.444070513125 0.16586538490566038 0.44631410250000003 0.17379807735849057 0.452884615625 0.18894230754716979 0.45913461562499996 0.1944711537735849 0.46634615375000005 0.19783653867924528 0.494070513125 0.15024038490566038 0.4860576925 0.13028846132075472
6 0.64647435875 0.365625 0.65096153875 0.3413461537735849 0.6540064099999999 0.31538461509433957 0.656730769375 0.24639423113207548 0.63974359 0.19711538490566038 0.632051281875 0.18149038490566038 0.62275641 0.17932692264150943 0.61522435875 0.18245192264150942 0.59983974375 0.19326923113207548 0.581891025625 0.27908653867924527 0.59134615375 0.3336538462264151 0.611378205 0.3872596150943396 0.616987179375 0.39158653867924526 0.62147435875 0.39278846132075473 0.638301281875 0.38870192264150943 0.6426282050000001 0.38076923113207545 0.64647435875 0.365625
18 0.5083333331250001 0.2826923075471698 0.50977564125 0.27932692264150943 0.511698718125 0.2680288462264151 0.51153846125 0.26346153867924527 0.50977564125 0.2591346150943396 0.5019230768749999 0.25192307735849057 0.494070513125 0.25625 0.48253205125 0.2670673075471698 0.46442307687499995 0.2913461537735849 0.45512820499999995 0.31033653867924527 0.454326923125 0.31538461509433957 0.45352564125 0.3221153849056604 0.45528846125 0.3298076924528302 0.4625 0.334375 0.466826923125 0.3346153849056604 0.470673076875 0.33317307735849055 0.47836538437500004 0.3257211537735849 0.498076923125 0.29975961509433957 0.5083333331250001 0.2826923075471698
14 0.400480769375 0.28701923113207545 0.39743589749999997 0.2795673075471698 0.392147435625 0.27139423113207545 0.38477564125 0.26466346132075474 0.37996794875 0.26754807735849057 0.37644230749999996 0.2721153849056604 0.37548076937499997 0.275 0.37628205125 0.2788461537735849 0.38878205125 0.3028846150943396 0.392147435625 0.3055288462264151 0.3951923075 0.3055288462264151 0.399679486875 0.3024038462264151 0.40192307687499995 0.29471153867924527 0.400480769375 0.28701923113207545
9 0.29647435875 0.2824519226415095 0.298237179375 0.27139423113207545 0.298237179375 0.26514423113207547 0.2963141025 0.25576923113207545 0.290865384375 0.25 0.286858974375 0.24951923113207547 0.28349359 0.2514423075471698 0.27740384625000003 0.259375 0.26891025625000003 0.2829326924528302 0.26778846125 0.2951923075471698 0.2701923075 0.29975961509433957 0.274679486875 0.3033653849056604 0.27900641 0.30504807735849054 0.28317307687500004 0.3033653849056604 0.286858974375 0.3002403849056604 0.294871795 0.2875 0.29647435875 0.2824519226415095
1 0.38477564125 0.3752403849056604 0.38621794875 0.36923076886792455 0.38685897437500005 0.3610576924528302 0.385737179375 0.3538461537735849 0.38349359 0.3490384613207547 0.376762820625 0.34326923113207547 0.34166666687499997 0.3329326924528302 0.33509615375 0.3689903849056604 0.33477564125000003 0.37716346132075473 0.33669871812499996 0.38798076886792454 0.33974359 0.3930288462264151 0.349679486875 0.4007211537735849 0.36009615375000004 0.4009615386792453 0.369230769375 0.39639423113207545 0.376602564375 0.38846153867924527 0.38477564125 0.3752403849056604
14 0.279647435625 0.3908653849056604 0.277884615625 0.39254807735849057 0.264262820625 0.42379807735849057 0.26346153875 0.4310096150943396 0.26378205125 0.4360576924528302 0.27115384625 0.4387019226415095 0.275641025625 0.4375 0.28846153874999997 0.4076923075471698 0.28926282062500003 0.3997596150943396 0.286858974375 0.39350961509433957 0.283333333125 0.3903846150943396 0.279647435625 0.3908653849056604
14 0.24775641 0.41201923113207545 0.235416666875 0.3983173075471698 0.220673076875 0.3865384613207547 0.21858974374999998 0.3882211537735849 0.217628205 0.39326923113207546 0.21778846125 0.39879807735849054 0.21971153875 0.403125 0.228365384375 0.4122596150943396 0.23605769250000003 0.41875 0.24471153874999999 0.4206730773584905 0.24727564125 0.41923076886792454 0.24903846125 0.41610576886792455 0.24775641 0.41201923113207545
20 0.246634615625 0.4939903849056604 0.24246794875 0.4771634613207547 0.23669871812499998 0.47139423113207546 0.232852564375 0.46923076886792453 0.228365384375 0.46947115377358495 0.224358974375 0.471875 0.22259615375 0.47451923113207545 0.21618589750000003 0.49375 0.21554487187500002 0.5026442311320755 0.216826923125 0.5180288462264151 0.21891025625000002 0.5259615386792452 0.220512820625 0.528125 0.22419871812499997 0.5302884613207547 0.22852564125 0.5298076924528301 0.233012820625 0.5254807688679246 0.246634615625 0.4939903849056604
20 0.32035256437500004 0.6930288462264151 0.31201923062500003 0.6622596150943396 0.31057692312499996 0.6603365386792452 0.29391025625 0.6540865386792453 0.25496794875 0.6646634613207547 0.2548076925 0.6661057688679246 0.262019230625 0.6894230773584905 0.279166666875 0.7326923075471699 0.29102564125 0.7298076924528302 0.318108974375 0.7076923075471698 0.32035256437500004 0.7048076924528301 0.32115384625 0.7021634613207547 0.32035256437500004 0.6930288462264151
14 0.340865384375 0.5516826924528302 0.337980769375 0.5449519226415095 0.310897435625 0.5372596150943396 0.30753205125 0.5394230773584906 0.305608974375 0.54375 0.30544871812499996 0.5490384613207547 0.3099358975 0.5721153849056604 0.310737179375 0.5730769226415094 0.314262820625 0.5747596150943396 0.31858974375 0.5742788462264151 0.34166666687499997 0.5670673075471698 0.342147435625 0.5658653849056604 0.340865384375 0.5516826924528302
14 0.37884615375 0.4997596150943396 0.37435897437500004 0.49254807735849054 0.35737179500000005 0.4771634613207547 0.35336538437500004 0.4810096150943396 0.35096153874999997 0.48629807735849057 0.35080128187500004 0.4939903849056604 0.35737179500000005 0.5036057688679246 0.373237179375 0.5173076924528301 0.376923076875 0.5185096150943396 0.37884615375 0.5161057688679246 0.37996794875 0.5132211537735849 0.38012820499999994 0.5045673075471698 0.37884615375 0.4997596150943396
14 0.4 0.6723557688679246 0.39647435875 0.6685096150943396 0.39342948687499996 0.6677884613207548 0.390384615625 0.6685096150943396 0.38589743562499995 0.6721153849056604 0.38253205125 0.6778846150943396 0.380448718125 0.6944711537735849 0.380448718125 0.7038461537735848 0.381891025625 0.7086538462264151 0.38878205125 0.7146634613207548 0.39310897437500003 0.715625 0.394871795 0.7127403849056604 0.401602564375 0.6817307688679246 0.401602564375 0.6774038462264151 0.4 0.6723557688679246
14 0.456730769375 0.5759615386792453 0.45528846125 0.5701923075471699 0.4514423075 0.5665865386792452 0.444871795 0.5673076924528302 0.440705128125 0.5721153849056604 0.439262820625 0.5802884613207547 0.43733974375 0.5951923075471699 0.439262820625 0.6033653849056604 0.4411858975 0.6067307688679245 0.443108974375 0.6079326924528301 0.448878205 0.6064903849056604 0.45224359 0.6021634613207547 0.45608974375 0.5918269226415095 0.456730769375 0.5759615386792453
14 0.52099359 0.6072115386792453 0.5201923075 0.5954326924528301 0.5173076925 0.5903846150943396 0.513621795 0.5872596150943395 0.507852564375 0.5887019226415094 0.49727564125 0.6189903849056604 0.496955128125 0.6269230773584905 0.49903846125 0.6305288462264151 0.5019230768749999 0.6324519226415094 0.505769230625 0.6324519226415094 0.5073717950000001 0.6310096150943396 0.511858974375 0.6254807688679246 0.520352564375 0.6108173075471699 0.52099359 0.6072115386792453
14 0.435576923125 0.40697115377358495 0.42291666687499996 0.4129807688679245 0.41987179500000005 0.4177884613207547 0.419230769375 0.41971153867924527 0.42564102562499995 0.4307692311320755 0.439423076875 0.43846153867924526 0.448076923125 0.4290865386792453 0.45016025625 0.42403846132075473 0.45032051312500004 0.41971153867924527 0.44743589749999996 0.4122596150943396 0.435576923125 0.40697115377358495
14 0.544391025625 0.4295673075471698 0.52147435875 0.4242788462264151 0.516987179375 0.4278846150943396 0.51490384625 0.4314903849056604 0.51121794875 0.4471153849056604 0.512019230625 0.4495192311320755 0.54102564125 0.4598557688679245 0.5485576925 0.45264423113207547 0.550801281875 0.4471153849056604 0.551121795 0.4423076924528302 0.549358974375 0.43557692264150943 0.544391025625 0.4295673075471698
1 0.5921474356249999 0.5338942311320755 0.594391025625 0.5257211537735849 0.594230769375 0.521875 0.593108974375 0.5189903849056604 0.59102564125 0.5168269226415094 0.587980769375 0.5158653849056604 0.55272435875 0.5192307688679246 0.550801281875 0.525 0.550641025625 0.5293269226415095 0.55400641 0.5418269226415094 0.55977564125 0.5492788462264151 0.5639423075 0.5512019226415095 0.568269230625 0.5509615386792452 0.573237179375 0.5485576924528301 0.588301281875 0.5377403849056605 0.5921474356249999 0.5338942311320755
6 0.64983974375 0.7591346150943395 0.655769230625 0.7596153849056604 0.675641025625 0.7519230773584905 0.6552884612500001 0.6307692311320754 0.6519230768750001 0.6269230773584905 0.5956730768749999 0.6038461537735849 0.594230769375 0.6069711537735849 0.58221153875 0.6661057688679246 0.5838141025 0.671875 0.59647435875 0.7009615386792453 0.603365384375 0.7139423075471698 0.611698718125 0.7245192311320754 0.632852564375 0.7480769226415095 0.638621795 0.753125 0.64983974375 0.7591346150943395
17 0.7275641025 0.4870192311320754 0.7092948718750001 0.43125 0.665865384375 0.42139423113207547 0.630769230625 0.471875 0.629166666875 0.4742788462264151 0.629166666875 0.4783653849056604 0.6306089743750001 0.48581730754716984 0.6517628206249999 0.5485576924528301 0.654166666875 0.5514423075471698 0.6772435900000001 0.5581730773584905 0.7270833331250001 0.49014423113207545 0.7275641025 0.4870192311320754