12 0.49791666687499997 0.13870192264150943 0.49775641 0.13461538490566038 0.495512820625 0.12283653867924528 0.494070513125 0.11899038490566037 0.48637820499999995 0.1069711537735849 0.47868589749999996 0.10264423113207548 0.46650641 0.10288461509433963 0.4548076925 0.11081730754716981 0.443108974375 0.125 0.4375 0.13942307735849058 0.435576923125 0.15 0.435737179375 0.15769230754716979 0.43894230749999996 0.171875 0.44262820499999994 0.18076923113207546 0.44775641 0.1819711537735849 0.489583333125 0.16201923113207548 0.494070513125 0.15600961509433964 0.49599359 0.15024038490566038 0.49791666687499997 0.13870192264150943
6 0.611378205 0.15600961509433964 0.60721153875 0.15600961509433964 0.57996794875 0.1670673075471698 0.542948718125 0.2274038462264151 0.543108974375 0.2360576924528302 0.5471153843750001 0.24038461509433962 0.57115384625 0.2483173075471698 0.58028846125 0.24423076886792452 0.619230769375 0.2048076924528302 0.619070513125 0.17163461509433964 0.61650641 0.1617788462264151 0.611378205 0.15600961509433964
20 0.687820513125 0.23629807735849057 0.687820513125 0.23149038490566037 0.6862179487500001 0.228125 0.681570513125 0.2230769226415094 0.676602564375 0.2204326924528302 0.66522435875 0.22860576886792452 0.660897435625 0.2473557688679245 0.6605769231249999 0.25264423113207546 0.66233974375 0.25504807735849055 0.6649038462500001 0.25576923113207545 0.6695512818749999 0.2545673075471698 0.6775641025 0.2502403849056604 0.681730769375 0.2466346150943396 0.6865384612500001 0.2399038462264151 0.687820513125 0.23629807735849057
21 0.773237179375 0.4545673075471698 0.7543269231249999 0.39278846132075473 0.7416666668749999 0.35985576886792453 0.720673076875 0.3449519226415095 0.718108974375 0.3451923075471698 0.7011217949999999 0.3552884613207547 0.67772435875 0.3735576924528302 0.6769230768750001 0.37692307735849057 0.6804487181250001 0.39254807735849057 0.7174679487500001 0.4903846150943396 0.7201923075000001 0.4920673075471699 0.721955128125 0.4915865386792453 0.7713141025 0.46057692264150946 0.77275641 0.4586538462264151 0.773237179375 0.4545673075471698
9 0.594230769375 0.3524038462264151 0.586698718125 0.35721153867924527 0.579166666875 0.3673076924528302 0.576602564375 0.3766826924528302 0.57516025625 0.38485576886792455 0.57740384625 0.38846153867924527 0.58028846125 0.38966346132075474 0.62147435875 0.36514423113207545 0.616826923125 0.3596153849056604 0.603044871875 0.3528846150943396 0.599519230625 0.3516826924528302 0.594230769375 0.3524038462264151
1 0.50753205125 0.2752403849056604 0.506730769375 0.2735576924528302 0.50128205125 0.2673076924528302 0.4875 0.2591346150943396 0.47836538437500004 0.25625 0.474198718125 0.25576923113207545 0.466826923125 0.25985576886792455 0.46474359 0.2632211537735849 0.462820513125 0.2697115386792453 0.462820513125 0.2723557688679245 0.465544871875 0.2778846150943396 0.48397435875 0.29879807735849057 0.48621794875 0.29951923113207546 0.50400641 0.2896634613207547 0.505929486875 0.28701923113207545 0.5073717950000001 0.27860576886792454 0.50753205125 0.2752403849056604
20 0.3610576925 0.19951923113207548 0.35352564125 0.20216346132075472 0.349519230625 0.2057692311320755 0.34807692312500005 0.21370192264150942 0.347916666875 0.21682692264150943 0.34983974375000004 0.22451923113207548 0.35272435874999997 0.2288461537735849 0.35737179500000005 0.2326923075471698 0.36121794875 0.2326923075471698 0.37516025625 0.22091346132075473 0.373076923125 0.20024038490566037 0.3610576925 0.19951923113207548
20 0.30208333312499996 0.26346153867924527 0.29871794875 0.2596153849056604 0.28173076937499997 0.2632211537735849 0.27403846125000003 0.26658653867924526 0.27003205125 0.2742788462264151 0.269871795 0.27836538490566043 0.27099359 0.2829326924528302 0.275 0.28701923113207545 0.279647435625 0.2879807688679245 0.29647435875 0.284375 0.29871794875 0.2829326924528302 0.3014423075 0.2735576924528302 0.30208333312499996 0.26346153867924527
9 0.368108974375 0.32908653867924526 0.364583333125 0.32620192264150943 0.36153846125 0.32524038490566043 0.35560897437500005 0.32620192264150943 0.35336538437500004 0.32908653867924526 0.35128205125 0.3375 0.3514423075 0.34567307735849057 0.35384615375 0.34951923113207545 0.369070513125 0.36370192264150947 0.37291666687499997 0.36514423113207545 0.379647435625 0.34951923113207545 0.379487179375 0.34591346132075473 0.37724359 0.34182692264150943 0.368108974375 0.32908653867924526
20 0.253205128125 0.39278846132075473 0.22852564125 0.37115384622641506 0.21378205125000002 0.3903846150943396 0.21057692312499998 0.3961538462264151 0.209455128125 0.40240384622641506 0.209294871875 0.40817307735849057 0.21282051312499997 0.4165865386792453 0.21666666687500002 0.42091346132075474 0.22131410249999997 0.4235576924528302 0.27740384625000003 0.42764423113207545 0.27724359 0.42379807735849057 0.27147435875 0.4149038462264151 0.253205128125 0.39278846132075473
13 0.26746794875 0.45096153867924527 0.24375 0.45817307735849055 0.236378205 0.4627403849056604 0.23253205125 0.46682692264150943 0.230929486875 0.47067307735849057 0.230128205 0.47451923113207545 0.25977564125 0.5418269226415094 0.26346153875 0.546875 0.287019230625 0.5389423075471699 0.313141025625 0.48221153867924527 0.29903846125 0.4507211537735849 0.28766025625 0.4471153849056604 0.26746794875 0.45096153867924527
6 0.37291666687499997 0.7134615386792452 0.34230769250000004 0.6560096150943396 0.32804487187500003 0.6326923075471699 0.318108974375 0.61875 0.298878205 0.5975961537735849 0.29503205125 0.5949519226415094 0.26346153875 0.6100961537735848 0.23477564125 0.6305288462264151 0.27083333312499996 0.7634615386792453 0.33349359 0.8497596150943396 0.337820513125 0.8485576924528302 0.345673076875 0.8418269226415095 0.369070513125 0.7841346150943396 0.373076923125 0.7668269226415094 0.37435897437500004 0.7360576924528301 0.37291666687499997 0.7134615386792452
18 0.4099358975 0.5326923075471699 0.40833333312500003 0.5302884613207547 0.404326923125 0.5322115386792453 0.36778846125000003 0.5545673075471699 0.36185897437500003 0.5600961537735849 0.36137820499999995 0.5617788462264152 0.36121794875 0.5646634613207547 0.36538461562499996 0.5721153849056604 0.37291666687499997 0.5783653849056604 0.38365384625 0.5790865386792453 0.39631410250000004 0.5745192311320754 0.40112179500000006 0.5701923075471699 0.404647435625 0.5641826924528301 0.4099358975 0.5326923075471699
14 0.40192307687499995 0.4776442311320755 0.400801281875 0.4733173075471698 0.39839743562499996 0.4670673075471698 0.39663461562499996 0.4653846150943396 0.384455128125 0.4689903849056604 0.381570513125 0.47163461509433957 0.38012820499999994 0.4754807688679245 0.380448718125 0.4810096150943396 0.382371795 0.48605769245283015 0.38461538437500004 0.4896634613207547 0.38846153875 0.4915865386792453 0.398878205 0.4879807688679246 0.40096153875 0.48581730754716984 0.40192307687499995 0.48245192264150943 0.40192307687499995 0.4776442311320755
20 0.47852564125 0.5923076924528301 0.471794871875 0.56875 0.466987179375 0.5622596150943396 0.44743589749999996 0.5456730773584906 0.443108974375 0.546875 0.44262820499999994 0.5528846150943396 0.455448718125 0.6221153849056604 0.45897435875 0.6269230773584905 0.46762820499999996 0.6247596150943396 0.471794871875 0.6204326924528302 0.47628205125 0.6129807688679246 0.47884615375 0.5992788462264151 0.47852564125 0.5923076924528301
20 0.47852564125 0.6735576924528301 0.464102564375 0.6629807688679246 0.455448718125 0.6637019226415094 0.426762820625 0.6716346150943396 0.40753205125 0.6853365386792453 0.40737179500000004 0.6894230773584905 0.408012820625 0.690625 0.443108974375 0.7050480773584905 0.445833333125 0.7048076924528301 0.456730769375 0.7016826924528301 0.46858974375 0.6932692311320754 0.47836538437500004 0.6774038462264151 0.47852564125 0.6735576924528301
18 0.49759615375000005 0.7634615386792453 0.49214743562499996 0.7576923075471699 0.48253205125 0.7524038462264151 0.45897435875 0.7514423075471699 0.44503205125 0.7538461537735849 0.439423076875 0.7598557688679246 0.43717948687499997 0.7661057688679246 0.43733974375 0.7709134613207548 0.43878205125 0.7766826924528302 0.443269230625 0.7836538462264151 0.45112179500000005 0.7884615386792453 0.466987179375 0.7911057688679246 0.48621794875 0.7870192311320754 0.494391025625 0.7790865386792453 0.49759615375000005 0.7634615386792453
9 0.559134615625 0.7478365386792453 0.556570513125 0.7435096150943395 0.552884615625 0.7413461537735849 0.544871795 0.7411057688679246 0.54150641 0.7435096150943395 0.53846153875 0.7480769226415095 0.5368589743750001 0.7524038462264151 0.5320512818750001 0.7733173075471699 0.53253205125 0.7903846150943395 0.534294871875 0.7949519226415095 0.54102564125 0.803125 0.545352564375 0.8036057688679246 0.548397435625 0.8019230773584906 0.556570513125 0.7870192311320754 0.5578525643750001 0.7831730773584905 0.559134615625 0.7478365386792453
20 0.6873397437500001 0.7947115386792453 0.6873397437500001 0.7891826924528301 0.686858974375 0.7875 0.685416666875 0.7870192311320754 0.655128205 0.7947115386792453 0.6426282050000001 0.8016826924528302 0.6402243587499999 0.8069711537735849 0.63974359 0.8144230773584905 0.6426282050000001 0.8221153849056604 0.6467948718750001 0.8259615386792453 0.654326923125 0.8264423075471699 0.671794871875 0.8180288462264151 0.68141025625 0.8084134613207548 0.685576923125 0.8012019226415095 0.6873397437500001 0.7947115386792453
20 0.638621795 0.6483173075471699 0.63653846125 0.6401442311320754 0.634615384375 0.6367788462264151 0.628365384375 0.6302884613207548 0.617147435625 0.625 0.60272435875 0.6225961537735849 0.595512820625 0.6240384613207547 0.594230769375 0.6257211537735848 0.5927884612500001 0.6307692311320754 0.5921474356249999 0.6425480773584905 0.601923076875 0.6567307688679246 0.60865384625 0.6634615386792453 0.619230769375 0.6682692311320754 0.627083333125 0.6697115386792453 0.634294871875 0.6612980773584906 0.638301281875 0.6543269226415095 0.638621795 0.6483173075471699
13 0.7108974356250001 0.5995192311320754 0.70496794875 0.5951923075471699 0.70096153875 0.5942307688679246 0.68141025625 0.5973557688679246 0.6775641025 0.5995192311320754 0.675 0.6033653849056604 0.6657051281249999 0.6819711537735849 0.66602564125 0.6947115386792453 0.677083333125 0.7009615386792453 0.725 0.7004807688679245 0.73221153875 0.6923076924528302 0.7336538462500001 0.6824519226415094 0.733012820625 0.671875 0.712980769375 0.603125 0.7108974356250001 0.5995192311320754
1 0.600641025625 0.5487980773584905 0.59503205125 0.5213942311320754 0.5927884612500001 0.5161057688679246 0.5875 0.5084134613207547 0.580929486875 0.5045673075471698 0.576762820625 0.5033653849056604 0.568269230625 0.5036057688679246 0.562980769375 0.5057692311320754 0.56025641 0.5084134613207547 0.55721153875 0.5137019226415095 0.560416666875 0.5487980773584905 0.587179486875 0.5771634613207547 0.591666666875 0.5766826924528301 0.595512820625 0.5723557688679246 0.599519230625 0.5641826924528301 0.600320513125 0.5608173075471699 0.600641025625 0.5487980773584905
9 0.66602564125 0.4939903849056604 0.6580128206249999 0.49326923113207544 0.654647435625 0.49807692264150943 0.65272435875 0.5096153849056604 0.6533653843749999 0.5290865386792453 0.6560897437500001 0.5411057688679246 0.6575320512499999 0.5444711537735849 0.6698717949999999 0.5625 0.673076923125 0.5610576924528301 0.67371794875 0.5603365386792453 0.673076923125 0.5365384613207548 0.66602564125 0.4939903849056604