9 0.40224359 0.6629807688679246 0.39471153875 0.6480769226415094 0.3923076925 0.646875 0.38862179500000005 0.6492788462264151 0.3860576925 0.6552884613207547 0.387019230625 0.6689903849056604 0.38958333312500004 0.6745192311320755 0.3923076925 0.6771634613207548 0.3951923075 0.6778846150943396 0.4 0.6774038462264151 0.401762820625 0.6752403849056604 0.403044871875 0.6697115386792453 0.40224359 0.6629807688679246
9 0.32115384625 0.7358173075471699 0.31971153874999997 0.728125 0.318108974375 0.7242788462264151 0.3125 0.7177884613207547 0.31057692312499996 0.7163461537735849 0.306570513125 0.7170673075471699 0.303365384375 0.7233173075471698 0.303365384375 0.7283653849056604 0.30448717937499997 0.7322115386792453 0.308012820625 0.7401442311320754 0.310416666875 0.7430288462264151 0.31490384625 0.7444711537735849 0.318269230625 0.7427884613207547 0.32003205125 0.7399038462264151 0.32115384625 0.7358173075471699
9 0.37147435875 0.7199519226415094 0.368108974375 0.7081730773584906 0.36586538437500005 0.7033653849056604 0.36137820499999995 0.6983173075471698 0.35737179500000005 0.6975961537735849 0.353044871875 0.7057692311320755 0.35288461562499995 0.7091346150943396 0.35464743562499995 0.7168269226415095 0.36137820499999995 0.7286057688679246 0.366666666875 0.7319711537735849 0.369070513125 0.7322115386792453 0.37115384625 0.7298076924528302 0.371794871875 0.7283653849056604 0.37147435875 0.7199519226415094
9 0.48910256437500005 0.5757211537735849 0.48717948687499996 0.5706730773584906 0.484134615625 0.5675480773584906 0.47275641 0.5637019226415094 0.46987179500000004 0.5644230773584905 0.46762820499999996 0.5677884613207548 0.46490384625 0.5759615386792453 0.46939102562499996 0.5841346150943396 0.47836538437500004 0.5891826924528302 0.483012820625 0.5899038462264151 0.48637820499999995 0.5879807688679246 0.48878205125 0.5838942311320754 0.489423076875 0.5802884613207547 0.48910256437500005 0.5757211537735849
11 0.379647435625 0.5411057688679246 0.380769230625 0.5641826924528301 0.38477564125 0.5694711537735849 0.38621794875 0.5677884613207548 0.387019230625 0.5649038462264151 0.38766025625 0.5444711537735849 0.38461538437500004 0.5370192311320754 0.380769230625 0.5372596150943396 0.379647435625 0.5411057688679246
21 0.54102564125 0.190625 0.55128205125 0.11538461509433963 0.55128205125 0.11105769245283019 0.549519230625 0.09375 0.5451923075 0.0805288462264151 0.533333333125 0.07283653867924529 0.529166666875 0.07283653867924529 0.45112179500000005 0.0836538462264151 0.44711538437500004 0.08942307735849056 0.430929486875 0.1266826924528302 0.430769230625 0.1858173075471698 0.431730769375 0.21682692264150943 0.434455128125 0.22451923113207548 0.474519230625 0.2516826924528302 0.5019230768749999 0.2576923075471698 0.529487179375 0.21658653867924527 0.537019230625 0.20096153867924527 0.54102564125 0.190625
13 0.404487179375 0.1954326924528302 0.36522435875 0.18557692264150943 0.3639423075 0.1867788462264151 0.36233974375 0.1930288462264151 0.360737179375 0.23629807735849057 0.36137820499999995 0.24807692264150946 0.36490384625 0.25264423113207546 0.389262820625 0.2375 0.40961538437500006 0.20504807735849057 0.40977564125 0.20096153867924527 0.40833333312500003 0.19735576886792452 0.404487179375 0.1954326924528302
18 0.284455128125 0.42572115377358494 0.295512820625 0.41201923113207545 0.306730769375 0.3930288462264151 0.31057692312499996 0.38076923113207545 0.31490384625 0.3617788462264151 0.3150641025 0.35552884622641506 0.312820513125 0.32524038490566043 0.31201923062500003 0.3221153849056604 0.299519230625 0.29879807735849057 0.293269230625 0.2908653849056604 0.275320513125 0.2752403849056604 0.255769230625 0.2764423075471698 0.24182692312499998 0.2829326924528302 0.23493589750000002 0.2884615386792453 0.228365384375 0.2971153849056604 0.22467948687500003 0.3055288462264151 0.22179487187500002 0.31538461509433957 0.22083333312499998 0.3221153849056604 0.22131410249999997 0.32596153867924527 0.239102564375 0.4158653849056604 0.244230769375 0.4221153849056604 0.25464743562500003 0.43125 0.259615384375 0.4341346150943396 0.26875 0.43533653867924527 0.284455128125 0.42572115377358494
9 0.638621795 0.17908653867924526 0.639262820625 0.1701923075471698 0.632852564375 0.15961538490566038 0.60721153875 0.14399038490566038 0.601923076875 0.14350961509433963 0.5935897437500001 0.1449519226415094 0.587820513125 0.14783653867924526 0.586698718125 0.1519230773584906 0.5860576925000001 0.1625 0.58974359 0.17379807735849057 0.5956730768749999 0.18004807735849057 0.60400641 0.18557692264150943 0.6235576925 0.19086538490566038 0.628044871875 0.18942307735849057 0.635897435625 0.1836538462264151 0.638621795 0.17908653867924526
6 0.70016025625 0.24783653867924527 0.6919871793750001 0.2439903849056604 0.6698717949999999 0.2370192311320755 0.64358974375 0.24375 0.634615384375 0.24879807735849055 0.6258012818750001 0.2576923075471698 0.61891025625 0.2701923075471698 0.61474359 0.28052884622641505 0.61522435875 0.29783653867924526 0.689423076875 0.3305288462264151 0.720833333125 0.32716346132075474 0.7282051281249999 0.3221153849056604 0.725320513125 0.2985576924528302 0.7177884612500001 0.2709134613207547 0.70496794875 0.2516826924528302 0.70016025625 0.24783653867924527
9 0.749198718125 0.4322115386792453 0.7517628206249999 0.4235576924528302 0.752083333125 0.4182692311320755 0.751602564375 0.4158653849056604 0.739583333125 0.39254807735849057 0.73108974375 0.3838942311320755 0.724198718125 0.3829326924528302 0.720833333125 0.3853365386792453 0.7169871793750001 0.39254807735849057 0.7169871793750001 0.4009615386792453 0.719391025625 0.41201923113207545 0.725641025625 0.4230769226415095 0.735737179375 0.4377403849056604 0.740384615625 0.4391826924528302 0.74759615375 0.4350961537735849 0.749198718125 0.4322115386792453
9 0.684134615625 0.4711538462264151 0.677884615625 0.4485576924528302 0.6738782050000001 0.4466346150943396 0.6714743587499999 0.44735576886792455 0.6698717949999999 0.4495192311320755 0.669230769375 0.4545673075471698 0.667948718125 0.4747596150943396 0.66971153875 0.48004807735849053 0.6725961537499999 0.48341346132075474 0.675641025625 0.4841346150943396 0.67772435875 0.4841346150943396 0.681570513125 0.48125 0.684294871875 0.4747596150943396 0.684134615625 0.4711538462264151
13 0.630128205 0.39639423113207545 0.627083333125 0.39375 0.589262820625 0.39014423113207547 0.5854166668749999 0.3918269226415095 0.58349359 0.39567307735849055 0.58397435875 0.4007211537735849 0.6048076925 0.45504807735849057 0.607371795 0.4579326924528302 0.61153846125 0.4564903849056604 0.619070513125 0.4466346150943396 0.6241987181249999 0.43557692264150943 0.630929486875 0.4086538462264151 0.630128205 0.39639423113207545
1 0.5605769231250001 0.32620192264150943 0.5576923075 0.3213942311320755 0.55272435875 0.31682692264150947 0.5464743587499999 0.31442307735849057 0.5407051281249999 0.3141826924528302 0.534615384375 0.31634615377358494 0.52996794875 0.3213942311320755 0.5274038462499999 0.32716346132075474 0.526923076875 0.3314903849056604 0.5275641025 0.33798076886792455 0.529166666875 0.34302884622641505 0.53349359 0.3478365386792453 0.540865384375 0.3492788462264151 0.556570513125 0.34182692264150943 0.5623397437500001 0.3377403849056604 0.5605769231250001 0.32620192264150943
13 0.4485576925 0.31033653867924527 0.44647435874999997 0.3064903849056604 0.41634615375 0.2971153849056604 0.412019230625 0.296875 0.404326923125 0.30264423113207545 0.402083333125 0.3069711537735849 0.4014423075 0.3108173075471698 0.40240384625 0.31298076886792453 0.4326923075 0.3533653849056604 0.434455128125 0.3545673075471698 0.439262820625 0.3540865386792453 0.4525641025 0.33798076886792455 0.45384615375000004 0.3346153849056604 0.4485576925 0.31033653867924527
9 0.24182692312499998 0.48149038490566043 0.24134615375 0.4778846150943396 0.2400641025 0.4757211537735849 0.236858974375 0.47451923113207545 0.23205128187500002 0.4747596150943396 0.2286858975 0.47620192264150946 0.22083333312499998 0.4826923075471698 0.21971153875 0.48533653867924526 0.2201923075 0.48942307735849055 0.223076923125 0.49543269245283017 0.224519230625 0.496875 0.228365384375 0.49783653867924527 0.23605769250000003 0.4959134613207547 0.23830128187500002 0.4939903849056604 0.240865384375 0.48942307735849055 0.24182692312499998 0.48149038490566043
9 0.33477564125000003 0.49302884622641513 0.33397435875 0.48870192264150947 0.33189102562499995 0.4846153849056604 0.321794871875 0.4776442311320755 0.31634615374999997 0.478125 0.314262820625 0.48221153867924527 0.31394230749999996 0.48629807735849057 0.32115384625 0.5012019226415094 0.324198718125 0.5057692311320754 0.32596153875 0.5074519226415094 0.329326923125 0.5074519226415094 0.33221153875 0.5055288462264151 0.33461538437500005 0.49831730754716985 0.33477564125000003 0.49302884622641513
9 0.36858974375000003 0.41995192264150943 0.368429486875 0.415625 0.36714743562499996 0.41201923113207545 0.36490384625 0.4096153849056604 0.360576923125 0.4079326924528302 0.345673076875 0.4096153849056604 0.340865384375 0.41129807735849055 0.33942307687499995 0.4141826924528302 0.339262820625 0.41610576886792455 0.345352564375 0.4295673075471698 0.348397435625 0.4326923075471698 0.353205128125 0.43461538490566043 0.35753205125 0.43461538490566043 0.36314102562499995 0.4314903849056604 0.36618589749999997 0.4278846150943396 0.36858974375000003 0.41995192264150943
9 0.435737179375 0.42283653867924526 0.435737179375 0.4194711537735849 0.433012820625 0.41442307735849054 0.42403846125 0.41129807735849055 0.41971153875 0.4117788462264151 0.41602564125 0.41370192264150946 0.413621795 0.4194711537735849 0.41346153874999997 0.42451923113207546 0.41538461562499995 0.4310096150943396 0.41746794875 0.43317307735849053 0.42099359 0.43461538490566043 0.42788461562499996 0.43485576886792454 0.431730769375 0.4326923075471698 0.4349358975 0.42764423113207545 0.435737179375 0.42283653867924526
14 0.483012820625 0.40841346132075473 0.46362179500000006 0.38846153867924527 0.46266025624999996 0.38798076886792454 0.45865384625 0.39014423113207547 0.456570513125 0.3961538462264151 0.45641025625 0.4007211537735849 0.45753205125 0.4064903849056604 0.46266025624999996 0.4170673075471698 0.47868589749999996 0.4254807688679245 0.484134615625 0.42572115377358494 0.4875 0.4235576924528302 0.4875 0.4170673075471698 0.483012820625 0.40841346132075473
9 0.46826923062500003 0.48245192264150943 0.46474359 0.4778846150943396 0.458173076875 0.47451923113207545 0.45496794875 0.4740384613207547 0.443429486875 0.47620192264150946 0.43541666687499997 0.48221153867924527 0.43397435875 0.4855769226415095 0.43397435875 0.49014423113207545 0.43541666687499997 0.4923076924528301 0.44711538437500004 0.5045673075471698 0.464583333125 0.5043269226415095 0.466826923125 0.5033653849056604 0.47307692312500005 0.49759615377358485 0.473237179375 0.4939903849056604 0.46826923062500003 0.48245192264150943
9 0.39375 0.4689903849056604 0.391987179375 0.46778846132075474 0.38846153875 0.4673076924528302 0.37996794875 0.46947115377358495 0.378044871875 0.47139423113207546 0.37548076937499997 0.47692307735849054 0.37516025625 0.48221153867924527 0.376602564375 0.48629807735849057 0.387980769375 0.49134615377358487 0.39391025625 0.49014423113207545 0.395833333125 0.4875 0.39759615375 0.48245192264150943 0.396955128125 0.47451923113207545 0.39375 0.4689903849056604
12 0.283012820625 0.6146634613207548 0.28493589750000003 0.5995192311320754 0.282051281875 0.5838942311320754 0.269391025625 0.5572115386792452 0.255769230625 0.5560096150943395 0.243108974375 0.5644230773584905 0.23878205125000002 0.6088942311320754 0.23878205125000002 0.6151442311320754 0.240384615625 0.6221153849056604 0.2463141025 0.6307692311320754 0.255128205 0.6350961537735849 0.26346153875 0.6353365386792452 0.273397435625 0.6307692311320754 0.279487179375 0.6225961537735849 0.283012820625 0.6146634613207548
9 0.31009615375 0.6629807688679246 0.30496794875 0.6673076924528302 0.30240384625 0.6769230773584906 0.301602564375 0.6935096150943396 0.302884615625 0.6959134613207547 0.307051281875 0.6971153849056604 0.312179486875 0.6935096150943396 0.31602564125 0.6838942311320754 0.3173076925 0.6735576924528301 0.313621795 0.6649038462264151 0.31009615375 0.6629807688679246
9 0.4208984375 0.723632812264151 0.4140625 0.7338867188679246 0.4140625 0.7397460933962264 0.4169921875 0.7441406245283019 0.4248046875 0.7441406245283019 0.4267578125 0.747070312264151 0.4345703125 0.747070312264151 0.4365234375 0.75 0.4384765625 0.75 0.439453125 0.7485351566037736 0.44140625 0.7456054688679246 0.44140625 0.7309570311320754 0.4365234375 0.723632812264151 0.4345703125 0.723632812264151 0.4326171875 0.7207031245283019 0.4248046875 0.7207031245283019 0.4228515625 0.723632812264151 0.4208984375 0.723632812264151
9 0.36314102562499995 0.6151442311320754 0.360576923125 0.6110576924528301 0.349519230625 0.6067307688679245 0.345352564375 0.6072115386792453 0.34262820499999996 0.609375 0.34134615375000005 0.6112980773584905 0.34038461562499994 0.615625 0.34038461562499994 0.6230769226415095 0.34230769250000004 0.6271634613207547 0.345512820625 0.6295673075471698 0.349679486875 0.6300480773584906 0.359615384375 0.628125 0.36233974375 0.6259615386792453 0.363621795 0.621875 0.36314102562499995 0.6151442311320754
14 0.43317307687499995 0.6221153849056604 0.420673076875 0.5992788462264151 0.41602564125 0.5966346150943396 0.412019230625 0.5980769226415095 0.40849359 0.6024038462264151 0.407051281875 0.6074519226415095 0.40657051312500003 0.6112980773584905 0.408173076875 0.6254807688679246 0.4110576925 0.6310096150943396 0.41987179500000005 0.6377403849056604 0.42772435875 0.6384615386792453 0.430128205 0.6355769226415094 0.43317307687499995 0.6266826924528301 0.43317307687499995 0.6221153849056604
20 0.520673076875 0.6485576924528301 0.520352564375 0.6391826924528301 0.518108974375 0.6382211537735849 0.5056089743750001 0.6391826924528301 0.443269230625 0.6620192311320754 0.44262820499999994 0.6634615386792453 0.441666666875 0.6658653849056604 0.44727564125 0.6725961537735848 0.48621794875 0.7088942311320754 0.494391025625 0.7055288462264151 0.498076923125 0.7024038462264152 0.5099358975 0.6872596150943396 0.51474359 0.6735576924528301 0.520673076875 0.6485576924528301
13 0.57147435875 0.4586538462264151 0.568429486875 0.4545673075471698 0.5644230768749999 0.45384615377358495 0.529166666875 0.45697115377358494 0.51346153875 0.46658653867924527 0.50865384625 0.48221153867924527 0.5088141025 0.48605769245283015 0.50977564125 0.4870192311320754 0.51378205125 0.4884615386792453 0.544871795 0.4848557688679246 0.56875 0.4673076924528302 0.57115384625 0.4627403849056604 0.57147435875 0.4586538462264151
9 0.587820513125 0.7439903849056604 0.58878205125 0.740625 0.5891025643750001 0.7362980773584905 0.58766025625 0.7300480773584905 0.58477564125 0.7274038462264151 0.576121795 0.7233173075471698 0.55721153875 0.7235576924528302 0.5541666668749999 0.7245192311320754 0.553365384375 0.7264423075471699 0.5530448718750001 0.7283653849056604 0.56025641 0.7454326924528302 0.56378205125 0.7497596150943396 0.568269230625 0.7526442311320755 0.573237179375 0.753125 0.580608974375 0.7519230773584905 0.584615384375 0.7487980773584906 0.587820513125 0.7439903849056604
9 0.670833333125 0.6560096150943396 0.650320513125 0.6370192311320754 0.6410256412500001 0.6391826924528301 0.63477564125 0.6420673075471699 0.63028846125 0.646875 0.62628205125 0.6533653849056604 0.626762820625 0.6584134613207547 0.6349358975 0.6704326924528301 0.64246794875 0.678125 0.66522435875 0.6855769226415095 0.67772435875 0.6848557688679245 0.6798076925 0.6814903849056604 0.6798076925 0.6721153849056604 0.670833333125 0.6560096150943396
13 0.576121795 0.5391826924528301 0.56858974375 0.5317307688679246 0.564262820625 0.5326923075471699 0.5633012818750001 0.5362980773584906 0.555448718125 0.5889423075471698 0.557051281875 0.5925480773584906 0.580128205 0.6072115386792453 0.582371795 0.6033653849056604 0.58525641 0.5942307688679246 0.590865384375 0.5725961537735849 0.5911858975 0.5680288462264151 0.576121795 0.5391826924528301
13 0.7177884612500001 0.5641826924528301 0.70897435875 0.5290865386792453 0.656730769375 0.5485576924528301 0.650320513125 0.5524038462264151 0.6479166668749999 0.5572115386792452 0.64775641 0.5603365386792453 0.650320513125 0.5641826924528301 0.6522435900000001 0.5649038462264151 0.7096153843749999 0.5776442311320754 0.713301281875 0.5776442311320754 0.715705128125 0.5762019226415095 0.717948718125 0.5685096150943396 0.7177884612500001 0.5641826924528301