6 0.531891025625 0.1579326924528302 0.5264423075 0.13485576886792452 0.5152243587499999 0.10625 0.509615384375 0.1007211537735849 0.49727564125 0.09567307735849057 0.484134615625 0.09326923113207547 0.47724359 0.09326923113207547 0.442948718125 0.103125 0.41586538437500004 0.1180288462264151 0.400480769375 0.13004807735849058 0.39246794875 0.14350961509433963 0.3860576925 0.1579326924528302 0.379166666875 0.18870192264150942 0.37900641 0.19326923113207548 0.39150641 0.24014423113207548 0.39246794875 0.24182692264150946 0.39647435875 0.2439903849056604 0.5331730768749999 0.19254807735849058 0.5350961537500001 0.18942307735849057 0.53525641 0.1836538462264151 0.531891025625 0.1579326924528302
20 0.381730769375 0.24903846132075472 0.37852564125 0.2502403849056604 0.36987179500000006 0.2586538462264151 0.36682692312500004 0.26298076886792454 0.3463141025 0.31033653867924527 0.34615384624999995 0.3141826924528302 0.35657051312500004 0.315625 0.36506410250000004 0.3149038462264151 0.381891025625 0.31033653867924527 0.395512820625 0.26778846132075473 0.39439102562499995 0.2555288462264151 0.38653846125 0.2497596150943396 0.381730769375 0.24903846132075472
9 0.5275641025 0.27139423113207545 0.525320513125 0.26778846132075473 0.52147435875 0.26634615377358495 0.513621795 0.2670673075471698 0.504326923125 0.2829326924528302 0.5016025643750001 0.2908653849056604 0.50352564125 0.2966346150943396 0.505769230625 0.2992788462264151 0.513621795 0.29975961509433957 0.52483974375 0.2913461537735849 0.5274038462499999 0.28701923113207545 0.529166666875 0.2788461537735849 0.5275641025 0.27139423113207545
13 0.7358974356250001 0.24447115377358491 0.6884615387499999 0.28052884622641505 0.687179486875 0.28389423113207546 0.7216346156250001 0.3451923075471698 0.724519230625 0.3478365386792453 0.728365384375 0.3461538462264151 0.7294871793750001 0.3420673075471698 0.7413461537499999 0.2524038462264151 0.7405448718750001 0.2473557688679245 0.7358974356250001 0.24447115377358491
9 0.68028846125 0.43557692264150943 0.67371794875 0.42139423113207547 0.66971153875 0.421875 0.6650641025 0.4329326924528302 0.6645833331250001 0.43701923113207547 0.665544871875 0.44326923113207545 0.667147435625 0.4478365386792453 0.6725961537499999 0.45697115377358494 0.67772435875 0.4610576924528302 0.6826923075000001 0.4567307688679245 0.683333333125 0.45384615377358495 0.68028846125 0.43557692264150943
9 0.6233974356249999 0.32548076886792454 0.619070513125 0.3228365386792453 0.6150641025 0.32307692264150945 0.61121794875 0.32596153867924527 0.6089743587499999 0.33125 0.609455128125 0.3391826924528302 0.612820513125 0.34471153867924526 0.6266025643750001 0.35120192264150946 0.630769230625 0.34879807735849055 0.631730769375 0.34567307735849057 0.630769230625 0.3377403849056604 0.629326923125 0.3341346150943396 0.6233974356249999 0.32548076886792454
9 0.579487179375 0.3608173075471698 0.5786858975 0.3492788462264151 0.576923076875 0.34591346132075473 0.573878205 0.34110576886792454 0.56891025625 0.33870192264150945 0.564262820625 0.3401442311320755 0.56121794875 0.34567307735849057 0.559615384375 0.3533653849056604 0.562019230625 0.3596153849056604 0.56746794875 0.3680288462264151 0.57147435875 0.37235576886792454 0.57516025625 0.3737980773584905 0.57724359 0.37307692264150943 0.579326923125 0.3689903849056604 0.579487179375 0.3608173075471698
9 0.44759615375 0.371875 0.439423076875 0.3725961537735849 0.4349358975 0.37451923113207547 0.430608974375 0.38004807735849055 0.42868589749999997 0.3841346150943396 0.42884615375 0.38870192264150943 0.43509615375000005 0.39567307735849055 0.43894230749999996 0.39567307735849055 0.44278846125 0.3939903849056604 0.448878205 0.38966346132075474 0.4525641025 0.3846153849056604 0.450801281875 0.3747596150943396 0.44759615375 0.371875
9 0.29022435874999997 0.4127403849056604 0.290544871875 0.40408653867924527 0.28926282062500003 0.3966346150943396 0.28733974375 0.3918269226415095 0.28365384625 0.38677884622641506 0.279487179375 0.3838942311320755 0.267628205 0.38245192264150946 0.26570512812499997 0.3836538462264151 0.26490384625 0.3846153849056604 0.26490384625 0.38870192264150943 0.26650641 0.3959134613207547 0.2764423075 0.42764423113207545 0.28317307687500004 0.42764423113207545 0.28525641 0.4259615386792453 0.2889423075 0.41995192264150943 0.29022435874999997 0.4127403849056604
9 0.265865384375 0.5211538462264151 0.2639423075 0.5144230773584906 0.2599358975 0.5120192311320754 0.256570513125 0.5134615386792453 0.253205128125 0.5216346150943396 0.25096153875 0.5307692311320754 0.250801281875 0.5408653849056604 0.252884615625 0.5451923075471699 0.256730769375 0.5475961537735848 0.25977564125 0.5475961537735848 0.2625 0.5456730773584906 0.26474359 0.5418269226415094 0.2661858975 0.5370192311320754 0.265865384375 0.5211538462264151
6 0.36682692312500004 0.7675480773584905 0.35737179500000005 0.7120192311320754 0.295673076875 0.5850961537735849 0.294871795 0.5848557688679246 0.290865384375 0.5915865386792453 0.27516025625 0.6543269226415095 0.275320513125 0.6697115386792453 0.295673076875 0.7322115386792453 0.314262820625 0.7790865386792453 0.31858974375 0.7829326924528301 0.325801281875 0.7870192311320754 0.362019230625 0.7870192311320754 0.366666666875 0.7709134613207548 0.36682692312500004 0.7675480773584905
9 0.35865384624999996 0.4850961537735849 0.35400641 0.4831730773584905 0.35080128187500004 0.484375 0.34807692312500005 0.4875 0.345352564375 0.49447115377358486 0.34519230749999996 0.4987980773584905 0.3463141025 0.5060096150943396 0.349519230625 0.5139423075471699 0.353044871875 0.5165865386792453 0.35737179500000005 0.5165865386792453 0.35977564125 0.5137019226415095 0.36009615375000004 0.48942307735849055 0.35865384624999996 0.4850961537735849
9 0.39871794875 0.5447115386792453 0.39663461562499996 0.5430288462264151 0.39166666687499996 0.5430288462264151 0.38782051312500004 0.5444711537735849 0.38621794875 0.5483173075471699 0.38381410250000003 0.5600961537735849 0.38381410250000003 0.5680288462264151 0.38525641 0.5706730773584906 0.38862179500000005 0.5721153849056604 0.39375 0.5697115386792453 0.395673076875 0.5665865386792452 0.39775641 0.5603365386792453 0.39919871812499996 0.5526442311320754 0.39871794875 0.5447115386792453
9 0.449198718125 0.496875 0.449198718125 0.4935096150943396 0.446794871875 0.4896634613207547 0.443429486875 0.4877403849056604 0.431730769375 0.4850961537735849 0.42628205125 0.4884615386792453 0.42467948687499996 0.49014423113207545 0.42387820499999995 0.4927884613207547 0.42387820499999995 0.49807692264150943 0.425801281875 0.5043269226415095 0.42772435875 0.5069711537735849 0.43141025624999996 0.5086538462264151 0.43541666687499997 0.5086538462264151 0.443269230625 0.5055288462264151 0.44759615375 0.5007211537735848 0.449198718125 0.496875
9 0.466987179375 0.5403846150943395 0.463141025625 0.5408653849056604 0.461378205 0.5423076924528302 0.457371795 0.5490384613207547 0.455448718125 0.5612980773584906 0.45528846125 0.5682692311320754 0.45785256437500005 0.5721153849056604 0.46089743562499996 0.5721153849056604 0.464102564375 0.5697115386792453 0.47275641 0.55625 0.4735576925 0.5524038462264151 0.4713141025 0.5447115386792453 0.466987179375 0.5403846150943395
9 0.48509615375000004 0.4375 0.482852564375 0.4362980773584905 0.47884615375 0.4375 0.475480769375 0.44182692264150947 0.474358974375 0.4451923075471698 0.474679486875 0.4548076924528302 0.480929486875 0.4673076924528302 0.48621794875 0.47091346132075473 0.48990384625 0.46947115377358495 0.49134615375 0.4675480773584905 0.49134615375 0.4627403849056604 0.488301281875 0.44735576886792455 0.48509615375000004 0.4375
9 0.557051281875 0.4329326924528302 0.553205128125 0.4307692311320755 0.544871795 0.4319711537735849 0.5389423074999999 0.43533653867924527 0.537019230625 0.43846153867924526 0.537980769375 0.44567307735849054 0.5407051281249999 0.4483173075471698 0.556570513125 0.4519230773584905 0.559615384375 0.45 0.56121794875 0.4471153849056604 0.5615384612500001 0.44326923113207545 0.559134615625 0.43557692264150943 0.557051281875 0.4329326924528302
9 0.626762820625 0.4610576924528302 0.622916666875 0.4579326924528302 0.606730769375 0.4548076924528302 0.6036858975 0.45625 0.6025641025 0.4591346150943396 0.603044871875 0.46610576886792454 0.605608974375 0.471875 0.60849359 0.4757211537735849 0.6149038462499999 0.4788461537735849 0.62371794875 0.478125 0.62724359 0.4740384613207547 0.6296474356249999 0.4673076924528302 0.626762820625 0.4610576924528302
1 0.54391025625 0.5721153849056604 0.54903846125 0.5625 0.550641025625 0.5487980773584905 0.549198718125 0.5444711537735849 0.52147435875 0.53125 0.5019230768749999 0.5324519226415094 0.49022435875 0.5444711537735849 0.49182692312500004 0.5608173075471699 0.498076923125 0.5769230773584906 0.501762820625 0.5807692311320755 0.51875 0.5831730773584906 0.525320513125 0.5831730773584906 0.5326923075 0.5810096150943396 0.5407051281249999 0.5754807688679245 0.54391025625 0.5721153849056604
3 0.6977564099999999 0.5391826924528301 0.69358974375 0.5355769226415095 0.689423076875 0.5336538462264151 0.669070513125 0.5259615386792452 0.662019230625 0.525 0.658173076875 0.5264423075471698 0.648076923125 0.5358173075471698 0.634615384375 0.5519230773584906 0.62628205125 0.5639423075471699 0.62227564125 0.5716346150943395 0.6211538462499999 0.5800480773584905 0.62099359 0.5959134613207547 0.622916666875 0.5987980773584906 0.681570513125 0.6180288462264151 0.69358974375 0.6180288462264151 0.7048076925 0.6165865386792453 0.70608974375 0.6151442311320754 0.7011217949999999 0.5461538462264152 0.6977564099999999 0.5391826924528301
6 0.665865384375 0.7122596150943395 0.6625 0.7043269226415094 0.64647435875 0.6774038462264151 0.62740384625 0.6543269226415095 0.61522435875 0.6502403849056604 0.5586538462499999 0.6737980773584905 0.53990384625 0.6983173075471698 0.5331730768749999 0.7151442311320754 0.533333333125 0.7175480773584906 0.5407051281249999 0.7257211537735849 0.5719551281249999 0.7379807688679246 0.610897435625 0.7456730773584905 0.662019230625 0.7290865386792452 0.6650641025 0.7245192311320754 0.6661858975 0.7175480773584906 0.665865384375 0.7122596150943395
9 0.6166666668749999 0.6096153849056604 0.615384615625 0.6079326924528301 0.611858974375 0.6057692311320754 0.608333333125 0.6060096150943396 0.6038461537500001 0.6086538462264152 0.598878205 0.6189903849056604 0.598878205 0.6271634613207547 0.6020833331250001 0.6324519226415094 0.60400641 0.6338942311320754 0.607371795 0.6326923075471699 0.6150641025 0.6264423075471699 0.6173076925000001 0.6225961537735849 0.617948718125 0.6146634613207548 0.6166666668749999 0.6096153849056604
9 0.45641025625 0.728125 0.45560897437500003 0.7237980773584906 0.451602564375 0.7189903849056604 0.44134615375 0.7201923075471699 0.43653846125 0.7223557688679246 0.4349358975 0.7254807688679246 0.43541666687499997 0.7367788462264151 0.43685897437500004 0.7401442311320754 0.439262820625 0.7427884613207547 0.44375 0.7435096150943395 0.44775641 0.7420673075471699 0.4548076925 0.7358173075471699 0.45608974375 0.7322115386792453 0.45641025625 0.728125