1 0.64246794875 0.18942307735849057 0.644391025625 0.18245192264150942 0.644551281875 0.17692307735849058 0.6411858975 0.16995192264150943 0.63221153875 0.15625 0.6264423075 0.15480769245283021 0.620512820625 0.16225961509433962 0.61858974375 0.1692307688679245 0.61858974375 0.17692307735849058 0.6201923075 0.18533653867924527 0.6230769231250001 0.19038461509433963 0.6264423075 0.19375 0.630448718125 0.19663461509433963 0.63477564125 0.19639423113207546 0.6389423075 0.1944711537735849 0.64246794875 0.18942307735849057
21 0.8735576924999999 0.265625 0.759615384375 0.1514423075471698 0.75849359 0.1519230773584906 0.7576923075 0.15408653867924527 0.755929486875 0.2596153849056604 0.764583333125 0.30865384622641506 0.765865384375 0.3110576924528302 0.7988782050000001 0.33100961509433957 0.8732371793750001 0.2752403849056604 0.875641025625 0.27139423113207545 0.875 0.26754807735849057 0.8735576924999999 0.265625
9 0.70496794875 0.27908653867924527 0.7046474356250001 0.2752403849056604 0.7011217949999999 0.2680288462264151 0.6969551281249999 0.26947115377358494 0.6884615387499999 0.2759615386792453 0.67772435875 0.2865384613207547 0.675320513125 0.2908653849056604 0.6725961537499999 0.29951923113207546 0.67275641 0.3064903849056604 0.6761217949999999 0.3180288462264151 0.677884615625 0.3209134613207547 0.681730769375 0.3235576924528302 0.6897435900000001 0.3137019226415095 0.693269230625 0.3079326924528302 0.7025641025 0.2875 0.70496794875 0.27908653867924527
9 0.6475961537499999 0.37692307735849057 0.6459935900000001 0.37283653867924527 0.6429487181250001 0.3709134613207547 0.639102564375 0.3704326924528302 0.63653846125 0.37211538490566043 0.6323717950000001 0.38846153867924527 0.633012820625 0.4002403849056604 0.635897435625 0.4064903849056604 0.638301281875 0.40841346132075473 0.6426282050000001 0.40889423113207546 0.64647435875 0.4045673075471698 0.6487179487500001 0.39639423113207545 0.6487179487500001 0.39158653867924526 0.6475961537499999 0.37692307735849057
9 0.56875 0.321875 0.56474359 0.3197115386792453 0.560416666875 0.3197115386792453 0.558173076875 0.3213942311320755 0.555929486875 0.3240384613207547 0.553365384375 0.33004807735849057 0.55224359 0.33942307735849053 0.552884615625 0.34567307735849057 0.5551282049999999 0.3502403849056604 0.55721153875 0.3514423075471698 0.560416666875 0.35 0.568429486875 0.3350961537735849 0.570352564375 0.3295673075471698 0.570512820625 0.32548076886792454 0.56875 0.321875
1 0.493269230625 0.3766826924528302 0.48621794875 0.3685096150943396 0.47483974375000004 0.36442307735849055 0.46907051312500003 0.3673076924528302 0.46634615375000005 0.37403846132075474 0.46650641 0.3819711537735849 0.46971153875 0.3894230773584905 0.480929486875 0.3951923075471698 0.485897435625 0.39447115377358494 0.49086538437500005 0.390625 0.4923076925 0.38846153867924527 0.494230769375 0.38076923113207545 0.493269230625 0.3766826924528302
1 0.41778846125 0.4625 0.41891025625 0.4555288462264151 0.41891025625 0.4495192311320755 0.417948718125 0.43822115377358495 0.41586538437500004 0.43245192264150945 0.380769230625 0.4286057688679245 0.37932692312500005 0.43004807735849054 0.378044871875 0.43461538490566043 0.376762820625 0.47067307735849057 0.380608974375 0.48125 0.38525641 0.48629807735849057 0.391987179375 0.48894230754716983 0.39711538437500005 0.48894230754716983 0.40384615375000005 0.48581730754716984 0.4139423075 0.4721153849056604 0.41778846125 0.4625
9 0.576923076875 0.4444711537735849 0.5644230768749999 0.43822115377358495 0.5588141025 0.4411057688679245 0.5551282049999999 0.4471153849056604 0.555448718125 0.4548076924528302 0.56025641 0.4615384613207547 0.5641025643750001 0.46298076886792455 0.576121795 0.4617788462264151 0.57996794875 0.459375 0.581570513125 0.4548076924528302 0.580608974375 0.4497596150943396 0.576923076875 0.4444711537735849
9 0.8150641025 0.3889423075471698 0.8107371793750001 0.38629807735849053 0.806570513125 0.38798076886792454 0.80016025625 0.40673076886792453 0.800480769375 0.4149038462264151 0.80352564125 0.4204326924528302 0.8096153843749999 0.42259615377358495 0.812980769375 0.42091346132075474 0.815544871875 0.4158653849056604 0.8165064099999999 0.40913461509433957 0.81602564125 0.3920673075471698 0.8150641025 0.3889423075471698
9 0.84983974375 0.49254807735849054 0.8477564099999999 0.48942307735849055 0.8394230768750001 0.48533653867924526 0.83653846125 0.4850961537735849 0.831891025625 0.4870192311320754 0.8288461537499999 0.48942307735849055 0.8266025643749999 0.4939903849056604 0.8261217949999999 0.4997596150943396 0.827083333125 0.5040865386792452 0.829326923125 0.5069711537735849 0.8338141025 0.509375 0.849519230625 0.5084134613207547 0.851923076875 0.5019230773584905 0.8516025643749999 0.49759615377358485 0.84983974375 0.49254807735849054
9 0.7633012818749999 0.5134615386792453 0.761858974375 0.5110576924528302 0.7586538462500001 0.5086538462264151 0.755929486875 0.5076923075471699 0.751923076875 0.5084134613207547 0.750641025625 0.5096153849056604 0.746955128125 0.5245192311320754 0.7471153843749999 0.5310096150943396 0.749679486875 0.5353365386792452 0.7543269231249999 0.5382211537735849 0.7583333331250001 0.5377403849056605 0.759615384375 0.5365384613207548 0.762019230625 0.5288461537735849 0.76346153875 0.5175480773584905 0.7633012818749999 0.5134615386792453
1 0.815705128125 0.6274038462264151 0.8200320512499999 0.6225961537735849 0.824679486875 0.6072115386792453 0.82596153875 0.5951923075471699 0.8238782050000001 0.5915865386792453 0.8147435900000001 0.5819711537735849 0.80641025625 0.5798076924528301 0.789262820625 0.5855769226415094 0.787019230625 0.5872596150943395 0.781570513125 0.5966346150943396 0.7814102562499999 0.6033653849056604 0.7841346156250001 0.6153846150943396 0.7868589743750001 0.6223557688679245 0.7900641025 0.6276442311320755 0.79503205125 0.6322115386792453 0.8030448718750001 0.6334134613207547 0.8110576924999999 0.6307692311320754 0.815705128125 0.6274038462264151
1 0.7512820512499999 0.6925480773584906 0.744070513125 0.6848557688679245 0.73621794875 0.6848557688679245 0.73221153875 0.6867788462264152 0.726762820625 0.6913461537735849 0.721955128125 0.6973557688679246 0.7174679487500001 0.7091346150943396 0.71634615375 0.7201923075471699 0.7161858975 0.7254807688679246 0.7177884612500001 0.7365384613207547 0.719070513125 0.7408653849056605 0.720673076875 0.7425480773584906 0.751923076875 0.7168269226415095 0.7544871793750001 0.7091346150943396 0.75272435875 0.6954326924528301 0.7512820512499999 0.6925480773584906
1 0.677083333125 0.5206730773584906 0.675801281875 0.515625 0.67371794875 0.5122596150943396 0.6695512818749999 0.5112980773584905 0.664262820625 0.5127403849056604 0.658173076875 0.5173076924528301 0.6536858975 0.5245192311320754 0.651602564375 0.5307692311320754 0.6512820512499999 0.5413461537735849 0.6540064099999999 0.5509615386792452 0.6576923075000001 0.5567307688679246 0.662980769375 0.5572115386792452 0.664262820625 0.5564903849056604 0.675320513125 0.5310096150943396 0.6769230768750001 0.5254807688679246 0.677083333125 0.5206730773584906
12 0.6269230768749999 0.7257211537735849 0.629166666875 0.7132211537735849 0.6288461537500001 0.7009615386792453 0.625480769375 0.6850961537735849 0.61891025625 0.6759615386792452 0.6149038462499999 0.6733173075471699 0.60865384625 0.6776442311320754 0.608333333125 0.6788461537735849 0.600801281875 0.7240384613207548 0.6011217950000001 0.7317307688679245 0.603044871875 0.7391826924528302 0.607371795 0.7439903849056604 0.61522435875 0.7439903849056604 0.619551281875 0.7408653849056605 0.6230769231250001 0.7362980773584905 0.6269230768749999 0.7257211537735849
1 0.543108974375 0.7877403849056605 0.54471153875 0.7829326924528301 0.54471153875 0.7713942311320754 0.539262820625 0.7555288462264151 0.537179486875 0.7509615386792453 0.530608974375 0.7478365386792453 0.51746794875 0.7456730773584905 0.505929486875 0.7706730773584906 0.506730769375 0.7834134613207547 0.508173076875 0.7894230773584906 0.512820513125 0.7971153849056604 0.517628205 0.8002403849056604 0.52596153875 0.8014423075471698 0.533333333125 0.7990384613207547 0.538301281875 0.7951923075471699 0.543108974375 0.7877403849056605
9 0.524198718125 0.5918269226415095 0.521634615625 0.5894230773584905 0.517628205 0.5913461537735849 0.51490384625 0.5990384613207548 0.514423076875 0.6026442311320754 0.514102564375 0.6151442311320754 0.51634615375 0.6266826924528301 0.52516025625 0.6314903849056605 0.5264423075 0.6307692311320754 0.5298076925 0.6240384613207547 0.530929486875 0.6141826924528302 0.530128205 0.6076923075471699 0.524198718125 0.5918269226415095
9 0.471794871875 0.6620192311320754 0.46778846125 0.6550480773584906 0.465865384375 0.6545673075471699 0.45304487187500003 0.6673076924528302 0.45096153875 0.6735576924528301 0.45096153875 0.6814903849056604 0.45320512812499997 0.6858173075471699 0.45849359 0.6879807688679246 0.46266025624999996 0.6865384613207547 0.465544871875 0.6838942311320754 0.46842948687499997 0.6788461537735849 0.47099359 0.6699519226415095 0.471794871875 0.6620192311320754