9 0.5963141025 0.4528846150943396 0.5918269231250001 0.45264423113207547 0.590544871875 0.45360576886792453 0.5875 0.4579326924528302 0.58621794875 0.4615384613207547 0.58653846125 0.4670673075471698 0.5918269231250001 0.47451923113207545 0.603365384375 0.48173076886792454 0.607371795 0.4790865386792453 0.60849359 0.4728365386792453 0.606891025625 0.4663461537735849 0.60496794875 0.4627403849056604 0.5963141025 0.4528846150943396
1 0.66346153875 0.5762019226415095 0.662980769375 0.5728365386792452 0.6514423075000001 0.5608173075471699 0.6463141025 0.559375 0.6448717949999999 0.5605769226415095 0.643108974375 0.5644230773584905 0.64246794875 0.5682692311320754 0.64375 0.5752403849056604 0.6456730768750001 0.5798076924528301 0.649358974375 0.5836538462264151 0.654166666875 0.5865384613207547 0.657852564375 0.5858173075471699 0.66233974375 0.5800480773584905 0.66346153875 0.5762019226415095
3 0.448237179375 0.071875 0.43413461562499994 0.06826923113207548 0.43108974375000003 0.06826923113207548 0.42756410250000004 0.07019230754716982 0.41602564125 0.08076923113207547 0.4088141025 0.0915865386792453 0.412980769375 0.12548076886792453 0.44711538437500004 0.14903846132075474 0.4514423075 0.1375 0.45352564125 0.1266826924528302 0.45897435875 0.08966346132075471 0.45881410250000004 0.08269230754716982 0.448237179375 0.071875
9 0.281570513125 0.203125 0.267948718125 0.19495192264150943 0.263621795 0.19375 0.26217948687500003 0.1975961537735849 0.261858974375 0.20096153867924527 0.263141025625 0.20889423113207548 0.266826923125 0.21346153867924528 0.275320513125 0.21538461509433962 0.28125 0.2117788462264151 0.28317307687500004 0.20913461509433962 0.283012820625 0.20504807735849057 0.281570513125 0.203125
14 0.314262820625 0.21682692264150943 0.311378205 0.22067307735849057 0.31121794875 0.22788461509433963 0.314102564375 0.23221153867924527 0.32820512812499997 0.22548076886792454 0.330448718125 0.22379807735849058 0.33221153875 0.22067307735849057 0.32996794875 0.21514423113207548 0.31602564125 0.2161057688679245 0.314262820625 0.21682692264150943
14 0.40224359 0.20889423113207548 0.39647435875 0.19639423113207546 0.376923076875 0.18605769245283021 0.37564102562499996 0.18798076886792453 0.37483974375 0.1920673075471698 0.37435897437500004 0.20168269245283021 0.37516025625 0.20528846132075473 0.37724359 0.2076923075471698 0.38493589749999996 0.21225961509433963 0.39471153875 0.21586538490566037 0.400480769375 0.21586538490566037 0.403044871875 0.21274038490566038 0.40224359 0.20889423113207548
1 0.48253205125 0.240625 0.479326923125 0.23533653867924528 0.474358974375 0.2317307688679245 0.466826923125 0.2298076924528302 0.462820513125 0.23245192264150943 0.452884615625 0.24375 0.450801281875 0.2524038462264151 0.450801281875 0.25985576886792455 0.451923076875 0.2639423075471698 0.453365384375 0.26610576886792453 0.45849359 0.2697115386792453 0.48237179500000005 0.26850961509433957 0.48541666687499996 0.2567307688679245 0.4849358975 0.24759615377358493 0.48253205125 0.240625
9 0.54759615375 0.29471153867924527 0.55721153875 0.28317307735849057 0.556570513125 0.2711538462264151 0.5536858975 0.26370192264150943 0.55272435875 0.2625 0.5451923075 0.2603365386792453 0.53878205125 0.26346153867924527 0.52259615375 0.278125 0.521634615625 0.27932692264150943 0.52259615375 0.29110576886792455 0.5238782049999999 0.2966346150943396 0.52772435875 0.3024038462264151 0.5326923075 0.30504807735849054 0.537019230625 0.30432692264150946 0.539262820625 0.30264423113207545 0.54759615375 0.29471153867924527
14 0.651121795 0.2673076924528302 0.6475961537499999 0.26346153867924527 0.64471153875 0.26346153867924527 0.635737179375 0.2752403849056604 0.63621794875 0.29879807735849057 0.63878205125 0.3021634613207547 0.6429487181250001 0.3024038462264151 0.6455128206249999 0.30120192264150947 0.65240384625 0.29471153867924527 0.6540064099999999 0.28317307735849057 0.651121795 0.2673076924528302
9 0.662820513125 0.41201923113207545 0.6637820512499999 0.40841346132075473 0.662820513125 0.40408653867924527 0.659294871875 0.3978365386792453 0.654326923125 0.3923076924528302 0.65 0.38966346132075474 0.6455128206249999 0.3908653849056604 0.641666666875 0.39447115377358494 0.6410256412500001 0.39639423113207545 0.643108974375 0.4050480773584905 0.6455128206249999 0.4096153849056604 0.6487179487500001 0.4129807688679245 0.654166666875 0.4149038462264151 0.658173076875 0.4146634613207547 0.6618589743750001 0.4134615386792453 0.662820513125 0.41201923113207545
9 0.6350961537500001 0.475 0.6233974356249999 0.47451923113207545 0.619551281875 0.47860576886792455 0.617948718125 0.4831730773584905 0.61778846125 0.48990384622641514 0.62275641 0.49495192264150945 0.626121795 0.49567307735849053 0.6344551281249999 0.49326923113207544 0.63846153875 0.49014423113207545 0.63974359 0.48629807735849057 0.638621795 0.4766826924528302 0.6350961537500001 0.475
9 0.568269230625 0.3221153849056604 0.5644230768749999 0.3201923075471698 0.56121794875 0.3221153849056604 0.559294871875 0.32620192264150943 0.55528846125 0.3413461537735849 0.5551282049999999 0.34879807735849055 0.557051281875 0.35360576886792455 0.560416666875 0.3557692311320755 0.5650641025 0.3548076924528302 0.5681089743750001 0.35 0.57003205125 0.34182692264150943 0.5698717950000001 0.33028846132075473 0.568269230625 0.3221153849056604
9 0.611698718125 0.3420673075471698 0.61121794875 0.33798076886792455 0.607371795 0.3353365386792453 0.602884615625 0.3360576924528302 0.595833333125 0.3420673075471698 0.593429486875 0.3473557688679245 0.591666666875 0.353125 0.591666666875 0.35673076886792454 0.5929487181249999 0.36129807735849057 0.5956730768749999 0.36514423113207545 0.600320513125 0.365625 0.60496794875 0.3617788462264151 0.608333333125 0.3552884613207547 0.611698718125 0.3420673075471698
9 0.475641025625 0.3451923075471698 0.470512820625 0.3425480773584905 0.46666666687499997 0.34663461509433957 0.458333333125 0.3605769226415095 0.456570513125 0.365625 0.45897435875 0.3733173075471698 0.463141025625 0.37427884622641505 0.470512820625 0.37067307735849053 0.47756410250000003 0.3617788462264151 0.47852564125 0.3579326924528302 0.47852564125 0.3492788462264151 0.475641025625 0.3451923075471698
9 0.510576923125 0.46826923113207547 0.5099358975 0.45096153867924527 0.505769230625 0.434375 0.5019230768749999 0.43245192264150945 0.498397435625 0.43317307735849053 0.494230769375 0.43798076886792453 0.49182692312500004 0.4435096150943396 0.48717948687499996 0.4608173075471698 0.485897435625 0.46947115377358495 0.4860576925 0.4788461537735849 0.48766025625 0.48605769245283015 0.489423076875 0.4879807688679246 0.49855769250000004 0.49110576886792456 0.5019230768749999 0.49014423113207545 0.50528846125 0.48629807735849057 0.5094551281249999 0.4778846150943396 0.510576923125 0.46826923113207547
9 0.444871795 0.41754807735849053 0.43605769250000004 0.40625 0.431891025625 0.40432692264150943 0.42788461562499996 0.40528846132075474 0.426121795 0.40673076886792453 0.42435897437500003 0.41057692264150947 0.42403846125 0.4158653849056604 0.42467948687499996 0.41923076886792454 0.42836538437500005 0.4252403849056604 0.439102564375 0.4310096150943396 0.443269230625 0.4307692311320755 0.44567307687499996 0.4274038462264151 0.44631410250000003 0.4233173075471698 0.444871795 0.41754807735849053
9 0.39631410250000004 0.4497596150943396 0.386378205 0.4334134613207547 0.38477564125 0.4319711537735849 0.381730769375 0.4329326924528302 0.379487179375 0.43966346132075473 0.37884615375 0.44326923113207545 0.379487179375 0.45096153867924527 0.38381410250000003 0.459375 0.38846153875 0.4625 0.39246794875 0.4622596150943396 0.39647435875 0.45697115377358494 0.39711538437500005 0.4545673075471698 0.39631410250000004 0.4497596150943396
9 0.25721153874999997 0.3646634613207547 0.26233974374999997 0.34951923113207545 0.262019230625 0.3454326924528302 0.259134615625 0.33389423113207545 0.24022435875 0.31682692264150947 0.23221153875 0.3194711537735849 0.23028846125000002 0.3221153849056604 0.2286858975 0.32716346132075474 0.22852564125 0.33028846132075473 0.23221153875 0.34375 0.23621794875 0.3514423075471698 0.24407051312499997 0.3629807688679245 0.24791666687500002 0.3670673075471698 0.251762820625 0.36875 0.255608974375 0.36682692264150946 0.25721153874999997 0.3646634613207547
9 0.2860576925 0.5134615386792453 0.283012820625 0.5019230773584905 0.280448718125 0.49783653867924527 0.275801281875 0.4963942311320754 0.266826923125 0.5009615386792453 0.259134615625 0.5108173075471698 0.24727564125 0.5331730773584905 0.24599358999999998 0.5526442311320754 0.24759615375 0.5560096150943395 0.256730769375 0.5615384613207547 0.26153846125 0.5615384613207547 0.27980769250000004 0.5411057688679246 0.285737179375 0.5290865386792453 0.28653846125 0.5254807688679246 0.2860576925 0.5134615386792453
1 0.25192307687500004 0.6747596150943396 0.253365384375 0.6699519226415095 0.253365384375 0.6649038462264151 0.25192307687500004 0.6572115386792453 0.25016025625 0.6540865386792453 0.241987179375 0.6461538462264151 0.235897435625 0.640625 0.230608974375 0.6394230773584906 0.226762820625 0.6408653849056604 0.22355769250000002 0.6475961537735849 0.22275641000000002 0.65 0.223397435625 0.6620192311320754 0.22724359 0.6759615386792452 0.23221153875 0.6831730773584905 0.24022435875 0.6877403849056604 0.242948718125 0.6872596150943396 0.24791666687500002 0.6817307688679246 0.25192307687500004 0.6747596150943396
9 0.34871794875 0.6776442311320754 0.34871794875 0.6735576924528301 0.34759615375 0.6699519226415095 0.345512820625 0.6668269226415094 0.34230769250000004 0.6658653849056604 0.32996794875 0.6709134613207547 0.326762820625 0.6742788462264151 0.32612179500000005 0.678125 0.32724359 0.6829326924528302 0.32916666687499996 0.6858173075471699 0.33365384625 0.6877403849056604 0.338301281875 0.6879807688679246 0.34326923062500003 0.6862980773584906 0.34759615375 0.6819711537735849 0.34871794875 0.6776442311320754
9 0.404326923125 0.7427884613207547 0.393269230625 0.7346153849056604 0.38621794875 0.7355769226415094 0.38381410250000003 0.7372596150943396 0.38205128187500004 0.7401442311320754 0.38141025624999997 0.7449519226415094 0.38221153874999997 0.7514423075471699 0.385737179375 0.7557692311320754 0.3911858975 0.7574519226415094 0.40416666687499997 0.7574519226415094 0.405448718125 0.7552884613207548 0.40576923062500003 0.7490384613207547 0.404326923125 0.7427884613207547
9 0.44727564125 0.6786057688679246 0.44567307687499996 0.6699519226415095 0.44391025624999997 0.6685096150943396 0.435576923125 0.6661057688679246 0.420512820625 0.6641826924528301 0.41426282062500003 0.6658653849056604 0.41153846125 0.6709134613207547 0.41025641 0.6769230773584906 0.41025641 0.684375 0.412019230625 0.6911057688679246 0.41586538437500004 0.6954326924528301 0.422115384375 0.6975961537735849 0.426923076875 0.6971153849056604 0.443269230625 0.690625 0.44647435874999997 0.6853365386792453 0.44727564125 0.6786057688679246
9 0.403205128125 0.6026442311320754 0.40272435875 0.5995192311320754 0.400480769375 0.5963942311320755 0.39631410250000004 0.5942307688679246 0.39310897437500003 0.5947115386792453 0.380769230625 0.6040865386792452 0.378044871875 0.6076923075471699 0.3775641025 0.6115384613207547 0.37900641 0.6151442311320754 0.38461538437500004 0.6199519226415094 0.38878205125 0.6194711537735849 0.39711538437500005 0.6161057688679246 0.40096153875 0.6129807688679246 0.403365384375 0.6072115386792453 0.403205128125 0.6026442311320754
9 0.48525641 0.5983173075471698 0.48253205125 0.5995192311320754 0.48157051312500004 0.603125 0.480929486875 0.6110576924528301 0.4860576925 0.6189903849056604 0.49791666687499997 0.6235576924528301 0.500641025625 0.6206730773584905 0.502083333125 0.615625 0.502083333125 0.6072115386792453 0.49391025624999996 0.5995192311320754 0.48525641 0.5983173075471698
9 0.5525641025 0.6658653849056604 0.54102564125 0.6540865386792453 0.53349359 0.6543269226415095 0.529166666875 0.6567307688679246 0.52852564125 0.659375 0.528365384375 0.6629807688679246 0.529166666875 0.6663461537735849 0.53253205125 0.6723557688679246 0.536698718125 0.6757211537735849 0.54871794875 0.678125 0.551923076875 0.6740384613207547 0.55272435875 0.6716346150943396 0.5525641025 0.6658653849056604
9 0.5286858975 0.7713942311320754 0.529487179375 0.7637019226415095 0.525480769375 0.7574519226415094 0.506730769375 0.7557692311320754 0.505769230625 0.7557692311320754 0.5056089743750001 0.7569711537735849 0.5056089743750001 0.7637019226415095 0.506730769375 0.7663461537735848 0.51025641 0.7713942311320754 0.51650641 0.7762019226415094 0.520512820625 0.7776442311320754 0.524198718125 0.7769230773584905 0.526762820625 0.7747596150943395 0.5286858975 0.7713942311320754
15 0.6350961537500001 0.6711538462264152 0.6349358975 0.6620192311320754 0.6333333331250001 0.6423076924528301 0.630769230625 0.6240384613207547 0.62900641 0.6182692311320754 0.6269230768749999 0.6149038462264151 0.62259615375 0.6129807688679246 0.619070513125 0.6149038462264151 0.6161858975 0.6189903849056604 0.6150641025 0.6228365386792453 0.612179486875 0.6384615386792453 0.612179486875 0.6425480773584905 0.614102564375 0.6495192311320754 0.620512820625 0.6617788462264151 0.629326923125 0.6745192311320755 0.630769230625 0.6759615386792452 0.6344551281249999 0.6745192311320755 0.6350961537500001 0.6711538462264152
9 0.35737179500000005 0.27139423113207545 0.338301281875 0.2725961537735849 0.33573717937499997 0.27548076886792455 0.33557692312500004 0.2829326924528302 0.33669871812499996 0.2860576924528302 0.340705128125 0.290625 0.34487179500000004 0.29182692264150945 0.349679486875 0.2915865386792453 0.35464743562499995 0.2860576924528302 0.357852564375 0.2795673075471698 0.35737179500000005 0.27139423113207545