21 0.47147435875 0.1625 0.38878205125 0.07980769245283019 0.38477564125 0.08100961509433963 0.33733974375000003 0.13846153867924527 0.33621794875 0.1432692311320755 0.337820513125 0.18966346132075473 0.4025641025 0.24783653867924527 0.408173076875 0.25072115377358495 0.412019230625 0.2497596150943396 0.41971153875 0.2423076924528302 0.47083333312500003 0.1649038462264151 0.47147435875 0.1625
12 0.6722756412500001 0.36129807735849057 0.67403846125 0.3435096150943396 0.673237179375 0.3180288462264151 0.67003205125 0.28317307735849057 0.66858974375 0.27932692264150943 0.6657051281249999 0.2740384613207547 0.6584935900000001 0.26634615377358495 0.6522435900000001 0.26346153867924527 0.644551281875 0.26177884622641506 0.63846153875 0.26177884622641506 0.631570513125 0.26370192264150943 0.62275641 0.2709134613207547 0.6203525643750001 0.2752403849056604 0.6193910256249999 0.27908653867924527 0.62003205125 0.2824519226415095 0.6540064099999999 0.3617788462264151 0.660897435625 0.3713942311320755 0.665865384375 0.37115384622641506 0.6673076925 0.3697115386792453 0.670512820625 0.3653846150943396 0.6722756412500001 0.36129807735849057
13 0.641987179375 0.45 0.63397435875 0.4485576924528302 0.626762820625 0.45024038490566043 0.6251602562499999 0.45096153867924527 0.623237179375 0.4548076924528302 0.621634615625 0.48221153867924527 0.622916666875 0.4848557688679246 0.650320513125 0.490625 0.654166666875 0.4877403849056604 0.660897435625 0.4704326924528302 0.6605769231249999 0.46682692264150943 0.6584935900000001 0.4627403849056604 0.641987179375 0.45
13 0.593108974375 0.6348557688679246 0.5918269231250001 0.6334134613207547 0.5889423075 0.6329326924528301 0.58397435875 0.634375 0.5719551281249999 0.6420673075471699 0.566826923125 0.646875 0.56522435875 0.6502403849056604 0.56474359 0.6579326924528301 0.5681089743750001 0.6610576924528302 0.57596153875 0.6641826924528301 0.587820513125 0.6661057688679246 0.591666666875 0.665625 0.594070513125 0.6581730773584905 0.59375 0.6379807688679245 0.593108974375 0.6348557688679246
13 0.5173076925 0.5245192311320754 0.5139423075 0.5228365386792453 0.5094551281249999 0.5237980773584906 0.49983974375 0.5295673075471699 0.4923076925 0.5370192311320754 0.49198717937499997 0.5415865386792452 0.493429486875 0.546875 0.49775641 0.5507211537735849 0.5016025643750001 0.5526442311320754 0.5211538462499999 0.5540865386792453 0.52259615375 0.5526442311320754 0.5224358975 0.5487980773584905 0.5173076925 0.5245192311320754
13 0.44727564125 0.521875 0.44278846125 0.5211538462264151 0.42435897437500003 0.5240384613207547 0.420673076875 0.5283653849056604 0.42099359 0.5326923075471699 0.431570513125 0.5617788462264152 0.443429486875 0.5552884613207547 0.4451923075 0.553125 0.45128205125 0.5293269226415095 0.45096153875 0.5252403849056604 0.44983974375 0.5240384613207547 0.44727564125 0.521875
13 0.380929486875 0.6338942311320754 0.363301281875 0.6389423075471699 0.36137820499999995 0.6401442311320754 0.35945512812499997 0.6432692311320755 0.36121794875 0.6894230773584905 0.366666666875 0.6875 0.37115384625 0.6838942311320754 0.38461538437500004 0.6675480773584905 0.39278846125 0.6540865386792453 0.391987179375 0.6502403849056604 0.38253205125 0.6346153849056604 0.380929486875 0.6338942311320754
13 0.355769230625 0.5564903849056604 0.35608974375 0.5526442311320754 0.341826923125 0.5300480773584906 0.32612179500000005 0.540625 0.32259615375 0.5444711537735849 0.32163461562499995 0.5471153849056604 0.321955128125 0.5526442311320754 0.324679486875 0.5576923075471698 0.33509615375 0.5728365386792452 0.3375 0.575 0.339583333125 0.5745192311320754 0.350480769375 0.5653846150943396 0.354326923125 0.5605769226415095 0.355769230625 0.5564903849056604
11 0.341826923125 0.2798076924528302 0.33125 0.2776442311320755 0.32628205125 0.2788461537735849 0.3235576925 0.2829326924528302 0.32435897437500005 0.2865384613207547 0.32596153875 0.2879807688679245 0.34262820499999996 0.2891826924528302 0.345673076875 0.2884615386792453 0.34647435875 0.28701923113207545 0.34503205125 0.2826923075471698 0.341826923125 0.2798076924528302
11 0.46266025624999996 0.28317307735849057 0.46089743562499996 0.2858173075471698 0.45897435875 0.2901442311320755 0.458173076875 0.2980769226415095 0.45753205125 0.309375 0.45849359 0.31466346132075473 0.45897435875 0.3161057688679245 0.462820513125 0.31826923113207545 0.46442307687499995 0.31466346132075473 0.46602564125 0.2875 0.46538461562499994 0.28389423113207546 0.46266025624999996 0.28317307735849057
11 0.46907051312500003 0.384375 0.462820513125 0.38076923113207545 0.45897435875 0.37932692264150947 0.45641025625 0.3805288462264151 0.45689102562499995 0.38846153867924527 0.46762820499999996 0.4079326924528302 0.470673076875 0.41201923113207545 0.474358974375 0.4132211537735849 0.47596153874999997 0.41201923113207545 0.478044871875 0.4038461537735849 0.47307692312500005 0.38870192264150943 0.46907051312500003 0.384375
11 0.2639423075 0.5266826924528302 0.26153846125 0.5286057688679245 0.261858974375 0.5329326924528301 0.264423076875 0.540625 0.26746794875 0.5451923075471699 0.27115384625 0.5485576924528301 0.279166666875 0.5495192311320755 0.28221153875 0.5449519226415095 0.268429486875 0.5290865386792453 0.2639423075 0.5266826924528302