14 0.6410256412500001 0.6151442311320754 0.63477564125 0.6067307688679245 0.626762820625 0.6060096150943396 0.622916666875 0.6086538462264152 0.6201923075 0.6161057688679246 0.6203525643750001 0.6223557688679245 0.621634615625 0.6254807688679246 0.638621795 0.6524038462264151 0.64246794875 0.6528846150943396 0.646634615625 0.6442307688679246 0.6474358975 0.6377403849056604 0.64615384625 0.6293269226415095 0.6410256412500001 0.6151442311320754
1 0.2685546875 0.6621093754716981 0.2646484375 0.6621093754716981 0.259765625 0.6694335933962264 0.2578125 0.6870117188679246 0.26171875 0.7016601566037736 0.2646484375 0.706054687735849 0.2744140625 0.706054687735849 0.2822265625 0.703125 0.287109375 0.6987304688679246 0.287109375 0.6899414066037736 0.2685546875 0.6621093754716981
20 0.323237179375 0.3689903849056604 0.318269230625 0.3521634613207547 0.314583333125 0.3454326924528302 0.31233974375 0.34326923113207547 0.30721153875 0.34158653867924527 0.3025641025 0.3423076924528302 0.29647435875 0.3540865386792453 0.28397435875 0.42451923113207546 0.28493589750000003 0.42572115377358494 0.290705128125 0.42692307735849055 0.310416666875 0.4264423075471698 0.31490384625 0.41971153867924527 0.3173076925 0.4122596150943396 0.32339743562499995 0.37283653867924527 0.323237179375 0.3689903849056604
13 0.404326923125 0.24807692264150946 0.40016025624999996 0.24903846132075472 0.38862179500000005 0.2524038462264151 0.376602564375 0.2608173075471698 0.37612179500000004 0.26370192264150943 0.381730769375 0.27836538490566043 0.38862179500000005 0.28413461509433957 0.39631410250000004 0.2848557688679245 0.40865384624999995 0.2555288462264151 0.409455128125 0.2516826924528302 0.407852564375 0.24903846132075472 0.404326923125 0.24807692264150946
14 0.443269230625 0.28317307735849057 0.44022435875 0.29423076886792454 0.43782051312500003 0.31442307735849057 0.441987179375 0.3197115386792453 0.45128205125 0.32620192264150943 0.45528846125 0.32716346132075474 0.462980769375 0.32548076886792454 0.473397435625 0.31826923113207545 0.46826923062500003 0.30745192264150945 0.443269230625 0.28317307735849057
1 0.595512820625 0.23629807735849057 0.593269230625 0.22764423113207546 0.5891025643750001 0.2194711537735849 0.5838141025 0.2125 0.57996794875 0.2117788462264151 0.578044871875 0.21274038490566038 0.574679486875 0.21682692264150943 0.56858974375 0.22836538490566038 0.5610576925 0.24567307735849056 0.5608974356249999 0.2516826924528302 0.565544871875 0.25985576886792455 0.5701923074999999 0.26274038490566043 0.57628205125 0.26370192264150943 0.584615384375 0.2610576924528302 0.589583333125 0.2564903849056604 0.594070513125 0.24783653867924527 0.595512820625 0.23629807735849057
14 0.6426282050000001 0.23221153867924527 0.6350961537500001 0.25745192264150946 0.635416666875 0.2644230773584905 0.6423076925 0.2764423075471698 0.6463141025 0.2747596150943396 0.6536858975 0.26754807735849057 0.6575320512499999 0.259375 0.660897435625 0.2326923075471698 0.658173076875 0.22451923113207548 0.6426282050000001 0.23221153867924527
1 0.731891025625 0.4158653849056604 0.730448718125 0.41201923113207545 0.725320513125 0.40625 0.720833333125 0.4050480773584905 0.715384615625 0.4060096150943396 0.7073717949999999 0.41129807735849055 0.70016025625 0.41995192264150943 0.6985576925 0.44014423113207546 0.7 0.4485576924528302 0.7027243587499999 0.45504807735849057 0.7165064099999999 0.46658653867924527 0.7205128206249999 0.4663461537735849 0.7286858975 0.4632211537735849 0.731891025625 0.41995192264150943 0.731891025625 0.4158653849056604
14 0.650801281875 0.3766826924528302 0.64246794875 0.37115384622641506 0.610897435625 0.3713942311320755 0.60849359 0.37283653867924527 0.60625 0.37716346132075473 0.605128205 0.38076923113207545 0.605608974375 0.3882211537735849 0.6088141025 0.39375 0.626762820625 0.40697115377358495 0.630769230625 0.40841346132075473 0.638621795 0.40048076886792455 0.650320513125 0.3790865386792453 0.650801281875 0.3766826924528302
14 0.5451923075 0.42235576886792453 0.54246794875 0.41802884622641506 0.53733974375 0.4146634613207547 0.5322115387499999 0.41923076886792454 0.5320512818750001 0.4233173075471698 0.53990384625 0.4704326924528302 0.540865384375 0.471875 0.544871795 0.47139423113207546 0.548076923125 0.46298076886792455 0.549358974375 0.4471153849056604 0.549358974375 0.4430288462264151 0.5451923075 0.42235576886792453
14 0.456570513125 0.41201923113207545 0.45512820499999995 0.4098557688679245 0.45112179500000005 0.41009615377358494 0.44503205125 0.4151442311320755 0.44246794875 0.42091346132075474 0.44022435875 0.4387019226415095 0.44022435875 0.45120192264150943 0.44182692312500005 0.4543269226415095 0.44711538437500004 0.4598557688679245 0.44871794875 0.4596153849056604 0.4525641025 0.45697115377358494 0.45528846125 0.45096153867924527 0.456570513125 0.41201923113207545
14 0.41025641 0.48221153867924527 0.39647435875 0.44375 0.39246794875 0.43822115377358495 0.38878205125 0.4451923075471698 0.387019230625 0.45120192264150943 0.387179486875 0.46971153867924526 0.39262820499999995 0.48677884622641515 0.39503205125 0.49014423113207545 0.4 0.4927884613207547 0.404326923125 0.49254807735849054 0.40849359 0.49014423113207545 0.410416666875 0.48653846132075473 0.41025641 0.48221153867924527
14 0.35224359 0.5213942311320754 0.35160256437500004 0.5170673075471699 0.34599359 0.5129807688679245 0.320833333125 0.503125 0.318269230625 0.5028846150943396 0.315705128125 0.5057692311320754 0.315544871875 0.5139423075471699 0.316666666875 0.5161057688679246 0.32211538437500004 0.5199519226415095 0.337980769375 0.5274038462264151 0.341987179375 0.528125 0.345512820625 0.5271634613207548 0.35 0.525 0.35224359 0.5213942311320754
14 0.248076923125 0.540625 0.246634615625 0.5290865386792453 0.24551282062500002 0.5271634613207548 0.24391025625 0.5259615386792452 0.239262820625 0.5295673075471699 0.229166666875 0.5451923075471699 0.23108974375 0.5605769226415095 0.235416666875 0.5793269226415094 0.237820513125 0.5841346150943396 0.24102564125 0.5865384613207547 0.24391025625 0.5855769226415094 0.244871795 0.5838942311320754 0.248076923125 0.540625
14 0.31875 0.5673076924528302 0.316666666875 0.5682692311320754 0.31298076937499997 0.5742788462264151 0.312820513125 0.5800480773584905 0.315705128125 0.5882211537735849 0.32211538437500004 0.5949519226415094 0.32996794875 0.6007211537735849 0.34278846125 0.6002403849056605 0.34599359 0.5980769226415095 0.35464743562499995 0.5879807688679246 0.31875 0.5673076924528302
14 0.41490384625 0.5954326924528301 0.412179486875 0.5918269226415095 0.408173076875 0.590625 0.38461538437500004 0.6024038462264151 0.381891025625 0.6076923075471699 0.381570513125 0.6153846150943396 0.38461538437500004 0.6247596150943396 0.38862179500000005 0.6264423075471699 0.396955128125 0.6266826924528301 0.400320513125 0.6252403849056604 0.412179486875 0.6146634613207548 0.41410256437500004 0.6112980773584905 0.41490384625 0.5954326924528301
14 0.39631410250000004 0.6658653849056604 0.39246794875 0.6629807688679246 0.376602564375 0.6661057688679246 0.37003205125 0.6723557688679246 0.3673076925 0.6793269226415094 0.36522435875 0.6858173075471699 0.36891025624999996 0.6932692311320754 0.380929486875 0.6985576924528302 0.38766025625 0.6944711537735849 0.399679486875 0.6774038462264151 0.400641025625 0.6737980773584905 0.39919871812499996 0.6699519226415095 0.39631410250000004 0.6658653849056604
1 0.33028846125 0.7675480773584905 0.318269230625 0.7576923075471699 0.31121794875 0.7560096150943396 0.301121795 0.7591346150943395 0.29471153875 0.7641826924528301 0.2900641025 0.7713942311320754 0.289102564375 0.7783653849056604 0.28974359 0.7985576924528301 0.291987179375 0.8144230773584905 0.294871795 0.8189903849056605 0.31057692312499996 0.8331730773584906 0.31442307687500004 0.8350961537735849 0.333012820625 0.7713942311320754 0.33028846125 0.7675480773584905
1 0.44615384625 0.7913461537735849 0.45112179500000005 0.7838942311320755 0.45625 0.7596153849056604 0.43958333312500003 0.7319711537735849 0.43637820499999996 0.7307692311320754 0.42948717937499997 0.7310096150943396 0.419551281875 0.7338942311320754 0.41233974375000004 0.7439903849056604 0.410897435625 0.7504807688679246 0.41009615375 0.7586538462264151 0.41057692312500005 0.7677884613207547 0.414583333125 0.7831730773584905 0.418429486875 0.7899038462264151 0.430929486875 0.7949519226415095 0.435576923125 0.7954326924528301 0.443108974375 0.7932692311320754 0.44615384625 0.7913461537735849
1 0.5229166668749999 0.7680288462264151 0.5224358975 0.7605769226415094 0.51971153875 0.7521634613207547 0.51746794875 0.7483173075471699 0.509134615625 0.7418269226415094 0.5016025643750001 0.7411057688679246 0.498237179375 0.7425480773584906 0.49246794875 0.7480769226415095 0.489423076875 0.75625 0.48910256437500005 0.7608173075471698 0.49022435875 0.7668269226415094 0.507051281875 0.7802884613207547 0.513621795 0.7831730773584905 0.5173076925 0.78125 0.51858974375 0.7793269226415095 0.52227564125 0.7711538462264151 0.5229166668749999 0.7680288462264151
14 0.518108974375 0.6581730773584905 0.51746794875 0.6548076924528301 0.516666666875 0.6543269226415095 0.505769230625 0.6521634613207548 0.485897435625 0.6516826924528302 0.484134615625 0.6533653849056604 0.48349359 0.6557692311320754 0.483012820625 0.6661057688679246 0.4838141025 0.6704326924528301 0.48509615375000004 0.6721153849056604 0.493108974375 0.6766826924528302 0.505769230625 0.6776442311320754 0.51025641 0.6769230773584906 0.5158653843750001 0.6665865386792452 0.518108974375 0.6581730773584905
14 0.49791666687499997 0.5838942311320754 0.494070513125 0.584375 0.49278846125000003 0.5891826924528302 0.492628205 0.5918269226415095 0.49759615375000005 0.6036057688679246 0.501762820625 0.6084134613207547 0.517628205 0.6153846150943396 0.52275641 0.6117788462264151 0.5256410256249999 0.6072115386792453 0.5256410256249999 0.6033653849056604 0.49791666687499997 0.5838942311320754
14 0.587980769375 0.5533653849056605 0.567948718125 0.5512019226415095 0.559455128125 0.5596153849056604 0.55625 0.56875 0.555929486875 0.5725961537735849 0.556570513125 0.5752403849056604 0.56025641 0.5786057688679246 0.58397435875 0.5802884613207547 0.587980769375 0.5740384613207548 0.59022435875 0.5646634613207547 0.590384615625 0.5603365386792453 0.587980769375 0.5533653849056605
14 0.631570513125 0.7365384613207547 0.631570513125 0.7204326924528301 0.5993589743750001 0.725 0.596794871875 0.7295673075471698 0.5951923075 0.7382211537735849 0.5951923075 0.7408653849056605 0.598237179375 0.7478365386792453 0.60352564125 0.7526442311320755 0.619070513125 0.7557692311320754 0.622916666875 0.7540865386792452 0.6275641025 0.7502403849056604 0.629326923125 0.7471153849056604 0.631570513125 0.7365384613207547
14 0.6772435900000001 0.6153846150943396 0.6735576925 0.609375 0.6701923075 0.6072115386792453 0.656570513125 0.6091346150943396 0.6474358975 0.6173076924528301 0.64615384625 0.6211538462264151 0.6463141025 0.6259615386792453 0.648076923125 0.6302884613207548 0.6540064099999999 0.6355769226415094 0.67403846125 0.6329326924528301 0.67772435875 0.6298076924528302 0.6786858975 0.6252403849056604 0.6783653843749999 0.6194711537735849 0.6772435900000001 0.6153846150943396
14 0.67740384625 0.5254807688679246 0.673237179375 0.5271634613207548 0.66971153875 0.5300480773584906 0.6641025643749999 0.5365384613207548 0.65977564125 0.54375 0.66009615375 0.5483173075471699 0.662019230625 0.5502403849056604 0.681570513125 0.5540865386792453 0.695673076875 0.5447115386792453 0.6963141025 0.5365384613207548 0.694070513125 0.5293269226415095 0.689583333125 0.5252403849056604 0.67740384625 0.5254807688679246