9 0.702083333125 0.4028846150943396 0.7011217949999999 0.39110576886792453 0.699519230625 0.3846153849056604 0.6977564099999999 0.38245192264150946 0.6924679487500001 0.3802884613207547 0.689102564375 0.3810096150943396 0.686858974375 0.3838942311320755 0.65016025625 0.48052884622641506 0.650320513125 0.4836538462264151 0.6536858975 0.4870192311320754 0.67371794875 0.48942307735849055 0.68125 0.4810096150943396 0.685416666875 0.4740384613207547 0.69599359 0.43942307735849057 0.7014423075 0.4115384613207547 0.702083333125 0.4028846150943396
7 0.5173694075 0.19567582264150943 0.514203131875 0.17335358018867925 0.497105245 0.15815545849056606 0.485706653125 0.14913157358490564 0.403060413125 0.1300539047169811 0.40193861812500004 0.1302942896226415 0.40113733562500004 0.13221736603773585 0.40145784874999996 0.13534236603773586 0.40674631 0.14399621226415094 0.46844502812499994 0.20048659716981132 0.5004963099999999 0.21659236603773585 0.50915015625 0.21659236603773585 0.5126757975 0.21539044339622643 0.51620143875 0.2084192896226415 0.5173694075 0.19567582264150943
3 0.549198718125 0.1735576924528302 0.5213141025 0.13653846132075473 0.5094551281249999 0.12307692264150942 0.498076923125 0.121875 0.47483974375000004 0.12283653867924528 0.47371794875 0.13485576886792452 0.49198717937499997 0.17524038490566038 0.49391025624999996 0.17788461509433962 0.513621795 0.19399038490566037 0.517628205 0.19591346132075474 0.548878205 0.18076923113207546 0.550641025625 0.17764423113207548 0.549198718125 0.1735576924528302
3 0.7264423075 0.27548076886792455 0.695512820625 0.22836538490566038 0.69278846125 0.22836538490566038 0.686378205 0.24014423113207548 0.685416666875 0.24495192264150945 0.685416666875 0.2680288462264151 0.688301281875 0.2829326924528302 0.6953525643749999 0.2908653849056604 0.7011217949999999 0.2956730773584905 0.72115384625 0.3036057688679245 0.7274038462500001 0.2867788462264151 0.7282051281249999 0.27908653867924527 0.7264423075 0.27548076886792455
9 0.5953525643750001 0.2360576924528302 0.59727564125 0.23221153867924527 0.59503205125 0.22451923113207548 0.59102564125 0.21971153867924528 0.584134615625 0.21682692264150943 0.5786858975 0.21778846132075472 0.568269230625 0.22379807735849058 0.540544871875 0.2435096150943396 0.530929486875 0.25432692264150947 0.530128205 0.25576923113207545 0.5302884612500001 0.25985576886792455 0.5320512818750001 0.2752403849056604 0.540865384375 0.28557692264150947 0.548878205 0.2879807688679245 0.55753205125 0.2810096150943396 0.582371795 0.2536057688679245 0.5953525643750001 0.2360576924528302
15 0.29166666687500004 0.3814903849056604 0.305608974375 0.37596153867924526 0.32516025625 0.36129807735849057 0.33589743562499996 0.3451923075471698 0.34278846125 0.3326923075471698 0.35080128187500004 0.31466346132075473 0.35336538437500004 0.30432692264150946 0.355929486875 0.28413461509433957 0.3548076925 0.2670673075471698 0.3514423075 0.2451923075471698 0.34375 0.22836538490566038 0.338301281875 0.21899038490566036 0.33365384625 0.21298076886792452 0.32259615375 0.20360576886792453 0.307051281875 0.19783653867924528 0.30208333312499996 0.1975961537735849 0.278044871875 0.20408653867924528 0.27147435875 0.2086538462264151 0.26266025625 0.21995192264150942 0.25528846125 0.23341346132075472 0.252884615625 0.24014423113207548 0.24214743562500002 0.2951923075471698 0.24134615375 0.303125 0.24118589750000002 0.3194711537735849 0.24375 0.34158653867924527 0.24983974374999998 0.36009615377358495 0.256730769375 0.37307692264150943 0.26025641 0.3766826924528302 0.275480769375 0.3819711537735849 0.27884615375 0.3822115386792453 0.29166666687500004 0.3814903849056604
3 0.43766025625 0.39567307735849055 0.424198718125 0.365625 0.41875 0.3557692311320755 0.404326923125 0.3552884613207547 0.40352564125 0.35721153867924527 0.40272435875 0.37692307735849057 0.40673076937499997 0.4002403849056604 0.40753205125 0.4014423075471698 0.412019230625 0.40552884622641505 0.42516025625 0.40721153867924526 0.42772435875 0.40673076886792453 0.43733974375 0.3978365386792453 0.43766025625 0.39567307735849055
3 0.300801281875 0.4627403849056604 0.29871794875 0.4598557688679245 0.287019230625 0.4483173075471698 0.28221153875 0.446875 0.22532051312499998 0.48581730754716984 0.22355769250000002 0.48942307735849055 0.22692307687500002 0.5310096150943396 0.24727564125 0.5603365386792453 0.26378205125 0.58125 0.26746794875 0.5838942311320754 0.29679487187500003 0.5487980773584905 0.304326923125 0.4903846150943396 0.302884615625 0.46875 0.300801281875 0.4627403849056604
9 0.35016025624999997 0.5175480773584905 0.337179486875 0.5377403849056605 0.333333333125 0.55 0.33397435875 0.5564903849056604 0.33589743562499996 0.5596153849056604 0.34166666687499997 0.5622596150943396 0.35016025624999997 0.5574519226415094 0.362820513125 0.5432692311320754 0.36506410250000004 0.5021634613207547 0.36121794875 0.5040865386792452 0.35016025624999997 0.5175480773584905
9 0.46730769250000004 0.5730769226415094 0.46666666687499997 0.5701923075471699 0.45240384624999996 0.5413461537735849 0.443269230625 0.5266826924528302 0.42756410250000004 0.5048076924528302 0.41538461562499995 0.4997596150943396 0.412019230625 0.5012019226415094 0.40849359 0.5067307688679246 0.40833333312500003 0.5110576924528302 0.40977564125 0.5223557688679246 0.41971153875 0.5564903849056604 0.43541666687499997 0.5956730773584905 0.45849359 0.6024038462264151 0.461858974375 0.6 0.46746794875 0.5774038462264152 0.46730769250000004 0.5730769226415094
9 0.57628205125 0.4884615386792453 0.62259615375 0.4235576924528302 0.6286858975 0.40817307735849057 0.62852564125 0.40360576886792454 0.6269230768749999 0.3973557688679245 0.6235576925 0.39375 0.607371795 0.3853365386792453 0.583333333125 0.38557692264150945 0.57996794875 0.3870192311320755 0.56858974375 0.3954326924528302 0.5293269231250001 0.4288461537735849 0.5275641025 0.4314903849056604 0.526121795 0.4350961537735849 0.526121795 0.43942307735849057 0.54471153875 0.5055288462264151 0.5485576925 0.5084134613207547 0.552884615625 0.5086538462264151 0.55849359 0.5057692311320754 0.568429486875 0.49783653867924527 0.57628205125 0.4884615386792453
9 0.7485576924999999 0.5759615386792453 0.73621794875 0.5134615386792453 0.72596153875 0.49783653867924527 0.724198718125 0.4963942311320754 0.720352564375 0.49567307735849053 0.7161858975 0.49759615377358485 0.7116987181250001 0.5012019226415094 0.7099358975 0.5057692311320754 0.7104166668749999 0.5762019226415095 0.712179486875 0.5954326924528301 0.715384615625 0.6074519226415095 0.717147435625 0.6096153849056604 0.7205128206249999 0.6086538462264152 0.747916666875 0.5918269226415095 0.748878205 0.5858173075471699 0.7485576924999999 0.5759615386792453
9 0.7046474356250001 0.7233173075471698 0.71266025625 0.7177884613207547 0.716826923125 0.7103365386792453 0.7185897437500001 0.7038461537735848 0.7185897437500001 0.7002403849056604 0.716666666875 0.6954326924528301 0.66602564125 0.6697115386792453 0.63846153875 0.6713942311320754 0.6344551281249999 0.6769230773584906 0.6333333331250001 0.68125 0.633173076875 0.6855769226415095 0.634615384375 0.6908653849056604 0.645833333125 0.70625 0.655769230625 0.7149038462264151 0.669391025625 0.7211538462264151 0.688621795 0.7252403849056605 0.6977564099999999 0.7252403849056605 0.7046474356250001 0.7233173075471698
17 0.564583333125 0.5478365386792453 0.560737179375 0.5442307688679245 0.557051281875 0.5447115386792453 0.5525641025 0.5473557688679246 0.544871795 0.5552884613207547 0.49022435875 0.6247596150943396 0.48237179500000005 0.6420673075471699 0.48237179500000005 0.6581730773584905 0.48621794875 0.6689903849056604 0.51233974375 0.7050480773584905 0.572115384375 0.7254807688679246 0.58028846125 0.7201923075471699 0.603365384375 0.6728365386792453 0.60352564125 0.6581730773584905 0.564583333125 0.5478365386792453
2 0.374198718125 0.7322115386792453 0.373237179375 0.728125 0.29102564125 0.6680288462264151 0.275320513125 0.6697115386792453 0.259455128125 0.6764423075471698 0.2548076925 0.6810096150943395 0.253365384375 0.6872596150943396 0.253205128125 0.6935096150943396 0.255769230625 0.7004807688679245 0.317628205 0.7519230773584905 0.32596153875 0.7572115386792453 0.33461538437500005 0.7564903849056605 0.354166666875 0.7497596150943396 0.37227564125 0.7360576924528301 0.374198718125 0.7322115386792453