6 0.35657051312500004 0.1891826924528302 0.35352564125 0.178125 0.35 0.1725961537735849 0.34519230749999996 0.16778846132075473 0.33862179500000006 0.16466346132075474 0.318108974375 0.159375 0.21650641 0.2567307688679245 0.21233974374999998 0.2622596150943396 0.212019230625 0.2639423075471698 0.22179487187500002 0.29783653867924526 0.24983974374999998 0.3533653849056604 0.25192307687500004 0.3560096150943396 0.33253205125 0.24783653867924527 0.3485576925 0.22451923113207548 0.354487179375 0.2057692311320755 0.35657051312500004 0.1891826924528302
13 0.48333333312500004 0.15024038490566038 0.472916666875 0.10360576886792452 0.462980769375 0.09543269245283019 0.42403846125 0.07307692264150943 0.404326923125 0.10216346132075471 0.402083333125 0.11370192264150944 0.40224359 0.12307692264150942 0.40576923062500003 0.13245192264150943 0.40737179500000004 0.13485576886792452 0.42371794875 0.1461538462264151 0.44711538437500004 0.1507211537735849 0.47003205125 0.15336538490566037 0.47884615375 0.15336538490566037 0.48333333312500004 0.15024038490566038
21 0.62900641 0.14014423113207547 0.629487179375 0.1382211537735849 0.62772435875 0.1350961537735849 0.6251602562499999 0.13389423113207546 0.5838141025 0.1298076924528302 0.568429486875 0.1507211537735849 0.566826923125 0.15432692264150943 0.56602564125 0.16201923113207548 0.56746794875 0.16995192264150943 0.5698717950000001 0.17379807735849057 0.57596153875 0.1766826924528302 0.587820513125 0.17524038490566038 0.6150641025 0.15769230754716979 0.6213141025 0.15096153867924528 0.62900641 0.14014423113207547
1 0.479487179375 0.2742788462264151 0.48365384624999996 0.26754807735849057 0.48990384625 0.2516826924528302 0.49294871812499996 0.23798076886792452 0.49358974375000003 0.22860576886792452 0.492628205 0.2163461537735849 0.48717948687499996 0.2014423075471698 0.474519230625 0.18894230754716979 0.470673076875 0.18798076886792453 0.45112179500000005 0.19086538490566038 0.43253205125 0.19711538490566038 0.404487179375 0.2235576924528302 0.40560897437500004 0.25576923113207545 0.40737179500000004 0.2639423075471698 0.43525641 0.28317307735849057 0.452884615625 0.28701923113207545 0.45993589749999997 0.28701923113207545 0.46666666687499997 0.28557692264150947 0.4713141025 0.2829326924528302 0.479487179375 0.2742788462264151
1 0.38782051312500004 0.38485576886792455 0.39278846125 0.384375 0.412019230625 0.37692307735849057 0.41233974375000004 0.3689903849056604 0.408012820625 0.35 0.398878205 0.33389423113207545 0.39631410250000004 0.33076923113207546 0.37291666687499997 0.3141826924528302 0.35737179500000005 0.3125 0.341826923125 0.3197115386792453 0.33766025624999996 0.3264423075471698 0.33669871812499996 0.3336538462264151 0.33669871812499996 0.3420673075471698 0.3375 0.34663461509433957 0.34134615375000005 0.3569711537735849 0.345352564375 0.36153846132075473 0.364262820625 0.37692307735849057 0.37291666687499997 0.3826923075471698 0.38782051312500004 0.38485576886792455
21 0.64246794875 0.271875 0.610576923125 0.3100961537735849 0.579487179375 0.39254807735849057 0.692948718125 0.4103365386792453 0.712820513125 0.4117788462264151 0.716826923125 0.40817307735849057 0.7092948718750001 0.3882211537735849 0.68108974375 0.3221153849056604 0.6463141025 0.2728365386792453 0.64246794875 0.271875
14 0.6248397437500001 0.43533653867924527 0.621794871875 0.43004807735849054 0.6076923075 0.4182692311320755 0.603365384375 0.4182692311320755 0.5953525643750001 0.4204326924528302 0.585737179375 0.4271634613207547 0.585737179375 0.4314903849056604 0.5993589743750001 0.43966346132075473 0.6161858975 0.4461538462264151 0.62259615375 0.44735576886792455 0.624679486875 0.4461538462264151 0.6264423075 0.4435096150943396 0.626121795 0.4391826924528302 0.6248397437500001 0.43533653867924527
2 0.6618589743750001 0.7127403849056604 0.67003205125 0.7052884613207547 0.681730769375 0.6877403849056604 0.699519230625 0.6538461537735849 0.707051281875 0.6310096150943396 0.71346153875 0.6007211537735849 0.7139423075000001 0.5754807688679245 0.712820513125 0.5689903849056605 0.703044871875 0.5408653849056604 0.6982371793750001 0.5324519226415094 0.689583333125 0.5213942311320754 0.684134615625 0.5165865386792453 0.68141025625 0.5144230773584906 0.67740384625 0.5144230773584906 0.58397435875 0.6350961537735849 0.5798076925 0.6411057688679246 0.57900641 0.6442307688679246 0.578205128125 0.6502403849056604 0.581730769375 0.6737980773584905 0.582852564375 0.6774038462264151 0.587980769375 0.6853365386792453 0.63846153875 0.7173076924528301 0.650480769375 0.71875 0.6544871793750001 0.7170673075471699 0.6618589743750001 0.7127403849056604
1 0.64246794875 0.5694711537735849 0.64647435875 0.5519230773584906 0.646634615625 0.5485576924528301 0.638621795 0.5384615386792453 0.598878205 0.5338942311320755 0.5956730768749999 0.5367788462264151 0.594230769375 0.5411057688679246 0.5939102562499999 0.5526442311320754 0.5947115387499999 0.55625 0.599679486875 0.5646634613207547 0.6150641025 0.5786057688679246 0.6230769231250001 0.5831730773584906 0.630929486875 0.5831730773584906 0.637019230625 0.5798076924528301 0.64246794875 0.5694711537735849
1 0.643429486875 0.7519230773584905 0.64246794875 0.7490384613207547 0.63766025625 0.7427884613207547 0.6349358975 0.7411057688679246 0.630128205 0.7411057688679246 0.620673076875 0.7432692311320754 0.61009615375 0.75 0.6025641025 0.7637019226415095 0.590705128125 0.8060096150943395 0.590544871875 0.8117788462264152 0.591987179375 0.8182692311320754 0.599519230625 0.8302884613207547 0.60352564125 0.834375 0.61121794875 0.8348557688679246 0.630769230625 0.8269230773584906 0.646634615625 0.7752403849056604 0.643429486875 0.7519230773584905
1 0.52275641 0.5170673075471699 0.52147435875 0.509375 0.517628205 0.5014423075471699 0.511858974375 0.4966346150943396 0.505448718125 0.49447115377358486 0.5 0.49711538490566043 0.49503205125 0.5048076924528302 0.48974359 0.5213942311320754 0.48910256437500005 0.5324519226415094 0.490705128125 0.5447115386792453 0.493429486875 0.55 0.498076923125 0.5526442311320754 0.50753205125 0.5473557688679246 0.51650641 0.5403846150943395 0.518269230625 0.5367788462264151 0.52275641 0.5170673075471699
17 0.470673076875 0.7733173075471699 0.48637820499999995 0.7524038462264151 0.493269230625 0.7322115386792453 0.49358974375000003 0.7286057688679246 0.493269230625 0.7201923075471699 0.491666666875 0.7177884613207547 0.408173076875 0.6454326924528302 0.4 0.6463942311320754 0.39022435875 0.7098557688679246 0.38990384624999996 0.7127403849056604 0.392147435625 0.7322115386792453 0.400480769375 0.7427884613207547 0.423076923125 0.7646634613207547 0.44727564125 0.7752403849056604 0.455769230625 0.7778846150943396 0.46233974375000003 0.7771634613207548 0.470673076875 0.7733173075471699
1 0.454647435625 0.5769230773584906 0.454487179375 0.5639423075471699 0.45128205125 0.553125 0.443269230625 0.5408653849056604 0.431570513125 0.5300480773584906 0.42147435875 0.5370192311320754 0.419551281875 0.5413461537735849 0.41810897437500005 0.5483173075471699 0.416826923125 0.5697115386792453 0.41714743562499995 0.5730769226415094 0.41939102562499997 0.5798076924528301 0.43541666687499997 0.6052884613207548 0.439423076875 0.6050480773584905 0.4451923075 0.5995192311320754 0.451602564375 0.5891826924528302 0.454647435625 0.5769230773584906
1 0.34166666687499997 0.6637019226415094 0.34583333312500003 0.6620192311320754 0.34983974375000004 0.6584134613207547 0.35833333312500004 0.6466346150943396 0.36137820499999995 0.640625 0.36474359 0.6302884613207548 0.36602564125000003 0.6110576924528301 0.36522435875 0.6028846150943395 0.36121794875 0.5961538462264151 0.323237179375 0.5682692311320754 0.320833333125 0.5677884613207548 0.318269230625 0.5680288462264151 0.3025641025 0.578125 0.298237179375 0.5879807688679246 0.29150641 0.6074519226415095 0.289423076875 0.6168269226415094 0.289583333125 0.6230769226415095 0.29471153875 0.6370192311320754 0.30208333312499996 0.6504807688679246 0.306570513125 0.6564903849056604 0.313621795 0.6620192311320754 0.318269230625 0.6639423075471699 0.33092948687499996 0.6653846150943395 0.34166666687499997 0.6637019226415094
1 0.31201923062500003 0.7209134613207547 0.324198718125 0.7004807688679245 0.32275641 0.6980769226415094 0.279166666875 0.6752403849056604 0.27660256437499997 0.6776442311320754 0.268108974375 0.7014423075471699 0.267628205 0.7091346150943396 0.26907051312499997 0.7161057688679245 0.2713141025 0.7209134613207547 0.27932692312499996 0.73125 0.29134615375 0.7401442311320754 0.294871795 0.7387019226415095 0.30032051312499997 0.734375 0.31201923062500003 0.7209134613207547
18 0.271634615625 0.6004807688679246 0.275320513125 0.5932692311320754 0.2764423075 0.5884615386792452 0.27628205125 0.5798076924528301 0.27323717937499997 0.5721153849056604 0.26858974375 0.5677884613207548 0.25977564125 0.5627403849056604 0.23669871812499998 0.5560096150943395 0.231570513125 0.5560096150943395 0.21778846125 0.5608173075471699 0.21666666687500002 0.5617788462264152 0.215865384375 0.5646634613207547 0.21490384625 0.5764423075471699 0.21634615375 0.5841346150943396 0.218269230625 0.5877403849056604 0.22852564125 0.5975961537735849 0.239583333125 0.6033653849056604 0.251602564375 0.6072115386792453 0.264102564375 0.6057692311320754 0.271634615625 0.6004807688679246
1 0.25192307687500004 0.534375 0.25352564125 0.5331730773584905 0.257371795 0.5262019226415094 0.2610576925 0.5168269226415094 0.262019230625 0.509375 0.25977564125 0.49759615377358485 0.232371795 0.44879807735849053 0.20897435875 0.46947115377358495 0.205128205 0.4759615386792453 0.20400641 0.48125 0.204647435625 0.49807692264150943 0.2088141025 0.5139423075471699 0.212980769375 0.5211538462264151 0.224519230625 0.5334134613207547 0.228365384375 0.5350961537735849 0.24022435875 0.5370192311320754 0.24455128187500003 0.5370192311320754 0.25192307687500004 0.534375