20 0.689583333125 0.525 0.653044871875 0.5629807688679246 0.6525641025 0.5641826924528301 0.662179486875 0.5961538462264151 0.670673076875 0.5985576924528302 0.6772435900000001 0.5983173075471698 0.6876602562499999 0.5908653849056604 0.6915064099999999 0.5841346150943396 0.69278846125 0.5766826924528301 0.689583333125 0.525
20 0.470352564375 0.1987980773584906 0.46233974375000003 0.1985576924528302 0.45641025625 0.20096153867924527 0.453365384375 0.20456730754716979 0.45352564125 0.21153846132075474 0.45753205125 0.24038461509433962 0.48237179500000005 0.2533653849056604 0.48349359 0.25288461509433957 0.48365384624999996 0.22019230754716979 0.47964743562499995 0.2079326924528302 0.47387820499999994 0.2007211537735849 0.470352564375 0.1987980773584906
12 0.658173076875 0.6932692311320754 0.6506410256249999 0.6889423075471699 0.64375 0.6887019226415094 0.634294871875 0.6923076924528302 0.62724359 0.7012019226415095 0.6248397437500001 0.7103365386792453 0.624679486875 0.7129807688679246 0.626762820625 0.7173076924528301 0.66522435875 0.7362980773584905 0.6665064099999999 0.7362980773584905 0.67003205125 0.7319711537735849 0.6698717949999999 0.7204326924528301 0.66266025625 0.7009615386792453 0.658173076875 0.6932692311320754
12 0.4375 0.15625 0.44134615375 0.14663461509433962 0.441987179375 0.13774038490566037 0.43846153875 0.12524038490566036 0.43221153875 0.11850961509433963 0.42932692312500004 0.11706730754716982 0.42179487187500003 0.11586538490566037 0.41746794875 0.11778846132075471 0.41490384625 0.12211538490566037 0.410897435625 0.13389423113207546 0.4088141025 0.1423076924528302 0.409134615625 0.14903846132075474 0.410416666875 0.15432692264150943 0.41426282062500003 0.1605769226415094 0.42003205125 0.16466346132075474 0.42740384625 0.16466346132075474 0.43237179500000006 0.16201923113207548 0.4375 0.15625
18 0.5536858975 0.15576923113207547 0.5644230768749999 0.13389423113207546 0.56474359 0.11899038490566037 0.5633012818750001 0.11514423113207548 0.5541666668749999 0.10168269245283018 0.537019230625 0.08221153867924529 0.524679486875 0.09807692264150944 0.5073717950000001 0.13076923113207548 0.5073717950000001 0.1461538462264151 0.51025641 0.15408653867924527 0.5158653843750001 0.16298076886792454 0.52147435875 0.16682692264150942 0.528365384375 0.16899038490566037 0.53621794875 0.16850961509433962 0.544391025625 0.16514423113207546 0.5536858975 0.15576923113207547
0 0.626121795 0.19711538490566038 0.6155448718750001 0.21658653867924527 0.622916666875 0.22524038490566037 0.6264423075 0.22620192264150943 0.634615384375 0.22524038490566037 0.64903846125 0.20889423113207548 0.6525641025 0.19711538490566038 0.63878205125 0.1798076924528302 0.626121795 0.19711538490566038
1 0.696794871875 0.37764423113207546 0.70128205125 0.3610576924528302 0.6900641025 0.33004807735849057 0.689102564375 0.3293269226415095 0.68477564125 0.3317307688679245 0.6834935900000001 0.3336538462264151 0.66971153875 0.36033653867924526 0.6669871793750001 0.36875 0.6649038462500001 0.3766826924528302 0.6661858975 0.3846153849056604 0.6669871793750001 0.3858173075471698 0.6698717949999999 0.38966346132075474 0.6761217949999999 0.3923076924528302 0.6838141025 0.39254807735849057 0.690705128125 0.3865384613207547 0.696794871875 0.37764423113207546
9 0.580769230625 0.2639423075471698 0.58028846125 0.2596153849056604 0.572916666875 0.23942307735849058 0.560416666875 0.24014423113207548 0.553365384375 0.2473557688679245 0.552884615625 0.24807692264150946 0.5541666668749999 0.2555288462264151 0.5608974356249999 0.27620192264150945 0.565544871875 0.2788461537735849 0.57227564125 0.2788461537735849 0.57596153875 0.27620192264150945 0.579487179375 0.2711538462264151 0.580769230625 0.2639423075471698
20 0.39246794875 0.2274038462264151 0.380608974375 0.21682692264150943 0.376762820625 0.21658653867924527 0.37275641 0.2180288462264151 0.362980769375 0.2233173075471698 0.35865384624999996 0.22836538490566038 0.355448718125 0.2375 0.35528846125 0.240625 0.35625 0.24375 0.3588141025 0.24615384622641506 0.3923076925 0.2560096150943396 0.3951923075 0.25576923113207545 0.404326923125 0.25192307735849057 0.40496794875 0.24807692264150946 0.39246794875 0.2274038462264151
18 0.32339743562499995 0.25625 0.32532051312500004 0.2483173075471698 0.32532051312500004 0.24423076886792452 0.32227564125 0.2336538462264151 0.31474359 0.22451923113207548 0.306570513125 0.22091346132075473 0.2963141025 0.2213942311320755 0.27900641 0.22548076886792454 0.275480769375 0.228125 0.2661858975 0.24254807735849054 0.264583333125 0.2497596150943396 0.26474359 0.25625 0.266987179375 0.26754807735849057 0.27067307687500003 0.2747596150943396 0.27852564125 0.27908653867924527 0.28317307687500004 0.2795673075471698 0.299679486875 0.2752403849056604 0.31634615374999997 0.26754807735849057 0.32339743562499995 0.25625
18 0.23669871812499998 0.3735576924528302 0.23413461562500001 0.3591346150943396 0.23044871812499998 0.3497596150943396 0.228365384375 0.3471153849056604 0.222916666875 0.3435096150943396 0.21650641 0.34302884622641505 0.20897435875 0.34879807735849055 0.20673076937499998 0.3528846150943396 0.205929486875 0.3576923075471698 0.205769230625 0.36514423113207545 0.206570513125 0.3685096150943396 0.22259615375 0.3947115386792453 0.22483974375 0.3973557688679245 0.228365384375 0.3978365386792453 0.230128205 0.39639423113207545 0.23621794875 0.3814903849056604 0.23669871812499998 0.3735576924528302
9 0.33733974375000003 0.37884615377358494 0.338141025625 0.3709134613207547 0.33766025624999996 0.36514423113207545 0.33509615375 0.3576923075471698 0.325801281875 0.34591346132075473 0.32227564125 0.34423076886792453 0.316826923125 0.34567307735849057 0.310737179375 0.39254807735849057 0.31153846125 0.3961538462264151 0.312820513125 0.3975961537735849 0.318429486875 0.3990384613207547 0.32612179500000005 0.3966346150943396 0.333012820625 0.38870192264150943 0.335416666875 0.3846153849056604 0.33733974375000003 0.37884615377358494
18 0.41810897437500005 0.37283653867924527 0.415544871875 0.34951923113207545 0.41057692312500005 0.3341346150943396 0.408173076875 0.3326923075471698 0.399679486875 0.3322115386792453 0.38766025625 0.33629807735849054 0.3826923075 0.34447115377358495 0.37516025625 0.36923076886792455 0.37147435875 0.3918269226415095 0.371794871875 0.4185096150943396 0.37435897437500004 0.42764423113207545 0.376923076875 0.43245192264150945 0.380608974375 0.43533653867924527 0.38862179500000005 0.4387019226415095 0.392147435625 0.4372596150943396 0.398878205 0.4271634613207547 0.41810897437500005 0.37283653867924527
1 0.49727564125 0.3298076924528302 0.495352564375 0.3228365386792453 0.49022435875 0.31442307735849057 0.486698718125 0.31177884622641505 0.48221153875 0.30985576886792454 0.47740384625 0.30985576886792454 0.47099359 0.31177884622641505 0.46666666687499997 0.3158653849056604 0.46442307687499995 0.3228365386792453 0.464102564375 0.32620192264150943 0.46891025625 0.3401442311320755 0.482051281875 0.35432692264150945 0.48621794875 0.35432692264150945 0.488621795 0.3526442311320755 0.494391025625 0.3451923075471698 0.49615384625 0.340625 0.49727564125 0.3298076924528302
9 0.607852564375 0.37451923113207547 0.60352564125 0.37211538490566043 0.5993589743750001 0.37211538490566043 0.5951923075 0.3737980773584905 0.5918269231250001 0.3766826924528302 0.587179486875 0.38629807735849053 0.58525641 0.39254807735849057 0.58509615375 0.40048076886792455 0.5875 0.41057692264150947 0.5918269231250001 0.4153846150943396 0.617147435625 0.39254807735849057 0.6173076925000001 0.38846153867924527 0.6161858975 0.38317307735849054 0.61474359 0.3810096150943396 0.607852564375 0.37451923113207547
9 0.6725961537499999 0.46947115377358495 0.671955128125 0.46658653867924527 0.669070513125 0.4579326924528302 0.6657051281249999 0.45120192264150943 0.6576923075000001 0.4483173075471698 0.6544871793750001 0.4507211537735849 0.6519230768750001 0.45528846132075473 0.651121795 0.4627403849056604 0.6522435900000001 0.46658653867924527 0.6605769231249999 0.48004807735849053 0.662019230625 0.48125 0.665865384375 0.48125 0.669070513125 0.4790865386792453 0.6722756412500001 0.47451923113207545 0.6725961537499999 0.46947115377358495
1 0.60400641 0.4903846150943396 0.6025641025 0.4742788462264151 0.6 0.4675480773584905 0.5956730768749999 0.46129807735849054 0.587820513125 0.45697115377358494 0.579166666875 0.4572115386792453 0.57275641 0.459375 0.5626602562499999 0.46682692264150943 0.5551282049999999 0.49014423113207545 0.5633012818750001 0.5103365386792452 0.5681089743750001 0.5173076924528301 0.57596153875 0.5209134613207548 0.587179486875 0.51875 0.5921474356249999 0.515625 0.601923076875 0.5019230773584905 0.60400641 0.4903846150943396
9 0.510576923125 0.4639423075471698 0.503044871875 0.45889423113207545 0.498076923125 0.45745192264150947 0.49278846125000003 0.45697115377358494 0.487820513125 0.45817307735849055 0.479487179375 0.47067307735849057 0.48189102562499997 0.48653846132075473 0.51025641 0.4877403849056604 0.513621795 0.48605769245283015 0.516666666875 0.48221153867924527 0.516666666875 0.4747596150943396 0.513301281875 0.46682692264150943 0.510576923125 0.4639423075471698
18 0.23878205125000002 0.5449519226415095 0.239423076875 0.5382211537735849 0.239102564375 0.5213942311320754 0.236858974375 0.5098557688679246 0.232852564375 0.49855769245283016 0.228365384375 0.4903846150943396 0.21666666687500002 0.48052884622641506 0.21282051312499997 0.47860576886792455 0.21153846125 0.48052884622641506 0.21057692312499998 0.48221153867924527 0.21746794875 0.5293269226415095 0.22275641000000002 0.5485576924528301 0.224358974375 0.5524038462264151 0.22772435875 0.5569711537735849 0.23381410249999998 0.5564903849056604 0.23669871812499998 0.5526442311320754 0.23878205125000002 0.5449519226415095
18 0.300801281875 0.4586538462264151 0.299198718125 0.44879807735849053 0.29871794875 0.44735576886792455 0.289423076875 0.4495192311320755 0.28653846125 0.45096153867924527 0.28525641 0.45360576886792453 0.28509615374999997 0.4728365386792453 0.287019230625 0.48677884622641515 0.290705128125 0.49855769245283016 0.291987179375 0.5004807688679246 0.29871794875 0.5064903849056605 0.30016025625000003 0.5057692311320754 0.302884615625 0.48149038490566043 0.300801281875 0.4586538462264151
14 0.301602564375 0.5725961537735849 0.300641025625 0.5670673075471698 0.29871794875 0.5620192311320754 0.2963141025 0.559375 0.294391025625 0.5586538462264151 0.2900641025 0.5603365386792453 0.27259615375 0.5918269226415095 0.272916666875 0.5954326924528301 0.279647435625 0.6045673075471698 0.282051281875 0.6060096150943396 0.28766025625 0.60625 0.29871794875 0.5973557688679246 0.300641025625 0.5918269226415095 0.301602564375 0.5725961537735849
9 0.2951923075 0.6704326924528301 0.292948718125 0.6646634613207547 0.286858974375 0.6629807688679246 0.28253205125 0.6653846150943395 0.280608974375 0.6685096150943396 0.28028846125 0.6742788462264151 0.280929486875 0.6774038462264151 0.282371795 0.6814903849056604 0.287019230625 0.6887019226415094 0.29102564125 0.6884615386792453 0.295833333125 0.6855769226415095 0.296634615625 0.6771634613207548 0.2951923075 0.6704326924528301
18 0.38878205125 0.6149038462264151 0.380929486875 0.6084134613207547 0.37291666687499997 0.6079326924528301 0.37003205125 0.6098557688679246 0.35096153874999997 0.6348557688679246 0.3375 0.6620192311320754 0.33589743562499996 0.6697115386792453 0.345673076875 0.6807692311320754 0.35897435875 0.6740384613207547 0.36634615375 0.6665865386792452 0.37355769250000004 0.6564903849056604 0.380929486875 0.6425480773584905 0.389102564375 0.6189903849056604 0.38878205125 0.6149038462264151
18 0.41971153875 0.5086538462264151 0.416987179375 0.5132211537735849 0.413621795 0.5290865386792453 0.409455128125 0.5569711537735849 0.40977564125 0.5677884613207548 0.411698718125 0.5747596150943396 0.41586538437500004 0.5752403849056604 0.42115384624999996 0.5632211537735848 0.42596153875 0.5334134613207547 0.42596153875 0.5139423075471699 0.42387820499999995 0.5088942311320754 0.41971153875 0.5086538462264151
14 0.36987179500000006 0.5310096150943396 0.36634615375 0.521875 0.360576923125 0.5209134613207548 0.35753205125 0.5221153849056605 0.35272435874999997 0.5290865386792453 0.350641025625 0.5350961537735849 0.350480769375 0.5423076924528302 0.35128205125 0.5490384613207547 0.353044871875 0.5536057688679246 0.35689102562499997 0.5581730773584905 0.3625 0.5591346150943396 0.3701923075 0.5524038462264151 0.371955128125 0.5444711537735849 0.36987179500000006 0.5310096150943396
9 0.482852564375 0.5574519226415094 0.480929486875 0.5524038462264151 0.47740384625 0.546875 0.466826923125 0.5403846150943395 0.46362179500000006 0.5430288462264151 0.463141025625 0.5451923075471699 0.464102564375 0.5504807688679246 0.469551281875 0.5605769226415095 0.47836538437500004 0.56875 0.48237179500000005 0.5685096150943396 0.48397435875 0.5668269226415095 0.48477564125 0.5641826924528301 0.482852564375 0.5574519226415094
9 0.45272435875 0.6149038462264151 0.44775641 0.6091346150943396 0.444070513125 0.6100961537735848 0.43846153875 0.6137019226415095 0.43605769250000004 0.61875 0.43509615375000005 0.6262019226415094 0.43541666687499997 0.6317307688679246 0.443108974375 0.6389423075471699 0.44663461562499995 0.6370192311320754 0.448237179375 0.6348557688679246 0.451923076875 0.6276442311320755 0.453365384375 0.6228365386792453 0.45272435875 0.6149038462264151
14 0.384455128125 0.7637019226415095 0.382371795 0.7617788462264151 0.34166666687499997 0.7473557688679245 0.340544871875 0.7497596150943396 0.340544871875 0.7524038462264151 0.345352564375 0.7632211537735849 0.35160256437500004 0.771875 0.35737179500000005 0.7762019226415094 0.37708333312500003 0.7769230773584905 0.380448718125 0.7752403849056604 0.384455128125 0.7713942311320754 0.384455128125 0.7637019226415095
18 0.49022435875 0.7420673075471699 0.49006410250000004 0.7362980773584905 0.439102564375 0.6992788462264151 0.432051281875 0.6956730773584906 0.42724359 0.6956730773584906 0.41971153875 0.7 0.41586538437500004 0.7067307688679246 0.41410256437500004 0.7165865386792453 0.41426282062500003 0.7245192311320754 0.41618589749999996 0.7324519226415095 0.425480769375 0.75 0.44455128187500004 0.7689903849056604 0.46266025624999996 0.7795673075471699 0.470673076875 0.7786057688679245 0.47852564125 0.7745192311320754 0.49022435875 0.7420673075471699
1 0.55753205125 0.5838942311320754 0.544871795 0.5769230773584906 0.537980769375 0.5759615386792453 0.5328525643750001 0.578125 0.52483974375 0.5838942311320754 0.524679486875 0.5879807688679246 0.526762820625 0.5963942311320755 0.5599358975 0.6362980773584905 0.572916666875 0.6322115386792453 0.572115384375 0.61875 0.569391025625 0.6072115386792453 0.564262820625 0.5923076924528301 0.55753205125 0.5838942311320754
9 0.587820513125 0.6903846150943396 0.58028846125 0.6870192311320754 0.5671474356249999 0.6877403849056604 0.5644230768749999 0.6889423075471699 0.5605769231250001 0.6930288462264151 0.5576923075 0.7014423075471699 0.5568910256249999 0.7052884613207547 0.558173076875 0.7076923075471698 0.56378205125 0.7112980773584906 0.568429486875 0.7120192311320754 0.58509615375 0.7048076924528301 0.589423076875 0.6980769226415094 0.589583333125 0.6932692311320754 0.587820513125 0.6903846150943396