11 0.509615384375 0.3697115386792453 0.5038461537500001 0.371875 0.5016025643750001 0.3737980773584905 0.49935897437500004 0.3786057688679245 0.49903846125 0.3889423075471698 0.500641025625 0.3959134613207547 0.50400641 0.40408653867924527 0.505769230625 0.40576923113207547 0.51153846125 0.40408653867924527 0.51266025625 0.4 0.510576923125 0.37067307735849053 0.509615384375 0.3697115386792453
15 0.7125 0.19086538490566038 0.716666666875 0.18149038490566038 0.71875 0.1701923075471698 0.71875 0.16610576886792452 0.7169871793750001 0.1569711537735849 0.71025641 0.1444711537735849 0.694230769375 0.12475961509433962 0.689583333125 0.1225961537735849 0.68509615375 0.12283653867924528 0.68028846125 0.12596153867924528 0.674679486875 0.13485576886792452 0.671955128125 0.14014423113207547 0.6673076925 0.15985576886792452 0.667147435625 0.16995192264150943 0.671634615625 0.18942307735849057 0.6775641025 0.19783653867924528 0.688621795 0.20504807735849057 0.69375 0.20528846132075473 0.7011217949999999 0.203125 0.70897435875 0.19639423113207546 0.7125 0.19086538490566038
20 0.61522435875 0.2596153849056604 0.6036858975 0.2757211537735849 0.621955128125 0.3317307688679245 0.655769230625 0.3348557688679245 0.6602564099999999 0.3033653849056604 0.6599358975 0.29879807735849057 0.658173076875 0.2932692311320755 0.6269230768749999 0.24783653867924527 0.61522435875 0.2596153849056604
9 0.4298076925 0.25 0.423076923125 0.24951923113207547 0.420352564375 0.2516826924528302 0.41858974375 0.2552884613207547 0.41650641 0.2668269226415095 0.41618589749999996 0.27908653867924527 0.42371794875 0.2858173075471698 0.42724359 0.2846153849056604 0.43028846125000003 0.2788461537735849 0.434455128125 0.26778846132075473 0.43525641 0.26274038490566043 0.434294871875 0.2560096150943396 0.4298076925 0.25
9 0.464262820625 0.35721153867924527 0.45865384625 0.34951923113207545 0.45096153875 0.3471153849056604 0.44182692312500005 0.35985576886792453 0.441666666875 0.36153846132075473 0.44358974375000004 0.36682692264150946 0.4514423075 0.37596153867924526 0.45400641 0.37692307735849057 0.45881410250000004 0.37596153867924526 0.461858974375 0.3733173075471698 0.4639423075 0.3689903849056604 0.464262820625 0.35721153867924527
1 0.6673076925 0.48245192264150943 0.66778846125 0.4783653849056604 0.66602564125 0.46658653867924527 0.6584935900000001 0.4528846150943396 0.65016025625 0.44735576886792455 0.640544871875 0.4459134613207547 0.63525641 0.446875 0.630929486875 0.4490384613207547 0.62371794875 0.45745192264150947 0.6213141025 0.4639423075471698 0.619871795 0.4754807688679245 0.6203525643750001 0.48245192264150943 0.622916666875 0.4884615386792453 0.6269230768749999 0.4920673075471699 0.64246794875 0.49302884622641513 0.658173076875 0.4920673075471699 0.665865384375 0.48870192264150947 0.6673076925 0.48245192264150943
9 0.731891025625 0.49783653867924527 0.7301282050000001 0.48990384622641514 0.72724359 0.4826923075471698 0.724519230625 0.4798076924528302 0.7201923075000001 0.47860576886792455 0.7165064099999999 0.48052884622641506 0.7144230768750001 0.4836538462264151 0.713621795 0.48605769245283015 0.7137820512499999 0.4903846150943396 0.716826923125 0.4987980773584905 0.72483974375 0.5105769226415094 0.72852564125 0.5117788462264151 0.7301282050000001 0.5103365386792452 0.73141025625 0.50625 0.731891025625 0.49783653867924527
9 0.744070513125 0.6824519226415094 0.73990384625 0.6826923075471698 0.731730769375 0.6860576924528301 0.72724359 0.6901442311320755 0.725641025625 0.6932692311320754 0.725480769375 0.6973557688679246 0.7275641025 0.7019230773584906 0.73990384625 0.7076923075471698 0.748397435625 0.7024038462264152 0.750641025625 0.6971153849056604 0.750320513125 0.6930288462264151 0.7482371793750001 0.6870192311320754 0.744070513125 0.6824519226415094
9 0.639102564375 0.5759615386792453 0.63525641 0.5747596150943396 0.631730769375 0.5757211537735849 0.629326923125 0.5788461537735848 0.62740384625 0.5838942311320754 0.625641025625 0.5956730773584905 0.630769230625 0.6038461537735849 0.63477564125 0.6045673075471698 0.636698718125 0.6033653849056604 0.6426282050000001 0.5915865386792453 0.643269230625 0.5855769226415094 0.64278846125 0.5805288462264151 0.639102564375 0.5759615386792453
9 0.4088141025 0.6512019226415094 0.409294871875 0.6463942311320754 0.407852564375 0.6411057688679246 0.40625 0.6384615386792453 0.399679486875 0.6367788462264151 0.3900641025 0.6415865386792453 0.38493589749999996 0.6475961537735849 0.38413461562499995 0.65 0.384455128125 0.6533653849056604 0.387179486875 0.6579326924528301 0.39246794875 0.6603365386792452 0.400801281875 0.6605769226415095 0.404647435625 0.6588942311320755 0.40673076937499997 0.6567307688679246 0.4088141025 0.6512019226415094
9 0.369070513125 0.7112980773584906 0.36410256437500005 0.7088942311320754 0.349198718125 0.7096153849056605 0.345673076875 0.7120192311320754 0.345673076875 0.7168269226415095 0.34775641 0.7211538462264151 0.353205128125 0.7266826924528301 0.360897435625 0.7305288462264151 0.36714743562499996 0.7286057688679246 0.369230769375 0.7247596150943396 0.37099359 0.7168269226415095 0.369070513125 0.7112980773584906
9 0.35625 0.5882211537735849 0.35400641 0.5855769226415094 0.341987179375 0.5788461537735848 0.33766025624999996 0.5795673075471699 0.333333333125 0.5838942311320754 0.331570513125 0.5877403849056604 0.33141025625 0.5923076924528301 0.33349359 0.5987980773584906 0.3375 0.6019230773584906 0.3411858975 0.6028846150943395 0.354166666875 0.6014423075471699 0.35657051312500004 0.5995192311320754 0.3576923075 0.5925480773584906 0.35625 0.5882211537735849