6 0.638621795 0.1649038462264151 0.6038461537500001 0.12139423113207548 0.600641025625 0.11899038490566037 0.5956730768749999 0.11826923113207548 0.49006410250000004 0.13173076886792454 0.4860576925 0.13725961509433962 0.48477564125 0.14254807735849057 0.48525641 0.1536057688679245 0.494070513125 0.18533653867924527 0.565384615625 0.26995192264150947 0.587980769375 0.29471153867924527 0.59150641 0.2966346150943396 0.6349358975 0.22836538490566038 0.63733974375 0.22067307735849057 0.638621795 0.1649038462264151
21 0.436698718125 0.29735576886792453 0.43365384625 0.2908653849056604 0.3798076925 0.24086538490566037 0.31442307687500004 0.2257211537735849 0.31153846125 0.22908653867924528 0.31105769250000004 0.23317307735849058 0.31891025625 0.33798076886792455 0.32211538437500004 0.34278846132075474 0.337820513125 0.3490384613207547 0.342147435625 0.3490384613207547 0.43605769250000004 0.3048076924528302 0.43733974375 0.303125 0.436698718125 0.29735576886792453
9 0.262820513125 0.34951923113207545 0.25977564125 0.3461538462264151 0.255608974375 0.3461538462264151 0.24791666687500002 0.3490384613207547 0.24407051312499997 0.3524038462264151 0.24182692312499998 0.3591346150943396 0.24214743562500002 0.3641826924528302 0.24407051312499997 0.3694711537735849 0.24743589750000003 0.3713942311320755 0.251762820625 0.37067307735849053 0.25464743562500003 0.3689903849056604 0.261698718125 0.3608173075471698 0.263301281875 0.35360576886792455 0.262820513125 0.34951923113207545
14 0.3326923075 0.4264423075471698 0.3298076925 0.4242788462264151 0.32211538437500004 0.42475961509433957 0.31201923062500003 0.43485576886792454 0.30881410249999997 0.446875 0.30865384625000003 0.4543269226415095 0.31057692312499996 0.4617788462264151 0.32612179500000005 0.4699519226415095 0.3298076925 0.46826923113207547 0.33557692312500004 0.4399038462264151 0.33557692312500004 0.4350961537735849 0.334294871875 0.42932692264150946 0.3326923075 0.4264423075471698
9 0.274519230625 0.5485576924528301 0.2735576925 0.5391826924528301 0.267628205 0.5288461537735849 0.26346153875 0.5283653849056604 0.26041666687500004 0.5302884613207547 0.2588141025 0.5329326924528301 0.259455128125 0.5451923075471699 0.26057692312499997 0.55 0.2625 0.5538461537735849 0.263621795 0.5552884613207547 0.267628205 0.5567307688679246 0.27115384625 0.5550480773584906 0.27323717937499997 0.5526442311320754 0.274519230625 0.5485576924528301
9 0.29599359 0.6307692311320754 0.2911858975 0.6230769226415095 0.286378205 0.621875 0.28108974375 0.625 0.27660256437499997 0.634375 0.2764423075 0.6384615386792453 0.27724359 0.6423076924528301 0.279166666875 0.6447115386792452 0.283333333125 0.6447115386792452 0.287019230625 0.6432692311320755 0.29102564125 0.6399038462264152 0.29503205125 0.6346153849056604 0.29599359 0.6307692311320754
9 0.41714743562499995 0.6502403849056604 0.41602564125 0.6483173075471699 0.404647435625 0.6384615386792453 0.395833333125 0.6346153849056604 0.388301281875 0.6341346150943395 0.35352564125 0.6399038462264152 0.3375 0.6576923075471699 0.33397435875 0.6627403849056605 0.33285256437500005 0.6661057688679246 0.333012820625 0.6699519226415095 0.345673076875 0.7125 0.400641025625 0.6838942311320754 0.405448718125 0.6786057688679246 0.41634615375 0.6596153849056604 0.417628205 0.6538461537735849 0.41714743562499995 0.6502403849056604
1 0.40560897437500004 0.5564903849056604 0.40625 0.553125 0.40592948687499997 0.5495192311320755 0.39246794875 0.5300480773584906 0.376923076875 0.5269230773584905 0.360737179375 0.5269230773584905 0.35897435875 0.528125 0.35833333312500004 0.5293269226415095 0.3625 0.5569711537735849 0.366666666875 0.5649038462264151 0.376762820625 0.575 0.38285256437500004 0.5764423075471699 0.39278846125 0.5740384613207548 0.40016025624999996 0.5677884613207548 0.40560897437500004 0.5564903849056604
21 0.64647435875 0.6182692311320754 0.552083333125 0.6161057688679246 0.549198718125 0.6185096150943395 0.53733974375 0.6348557688679246 0.5358974356249999 0.6382211537735849 0.51650641 0.7206730773584905 0.630769230625 0.7795673075471699 0.67772435875 0.7050480773584905 0.680929486875 0.6725961537735848 0.67516025625 0.6420673075471699 0.67275641 0.634375 0.6711538462500001 0.6319711537735849 0.64647435875 0.6182692311320754
3 0.59503205125 0.4939903849056604 0.6011217950000001 0.44014423113207546 0.59599359 0.3966346150943396 0.5921474356249999 0.39014423113207547 0.583333333125 0.3802884613207547 0.5605769231250001 0.3689903849056604 0.556570513125 0.3685096150943396 0.5328525643750001 0.41610576886792455 0.530929486875 0.4216346150943396 0.5256410256249999 0.4514423075471698 0.53525641 0.5213942311320754 0.539102564375 0.5331730773584905 0.540865384375 0.5360576924528302 0.544391025625 0.5370192311320754 0.5610576925 0.5370192311320754 0.564262820625 0.534375 0.59503205125 0.4939903849056604
15 0.7025641025 0.3413461537735849 0.703044871875 0.33317307735849055 0.70128205125 0.32860576886792453 0.692147435625 0.3201923075471698 0.6825320512499999 0.31682692264150947 0.6775641025 0.31754807735849055 0.669391025625 0.3213942311320755 0.66522435875 0.3269230773584905 0.660897435625 0.3367788462264151 0.65897435875 0.3451923075471698 0.6588141025 0.35432692264150945 0.659615384375 0.3608173075471698 0.66634615375 0.3766826924528302 0.672916666875 0.3834134613207547 0.681570513125 0.3822115386792453 0.6892628206249999 0.378125 0.6950320512499999 0.3694711537735849 0.7025641025 0.3413461537735849
15 0.73766025625 0.4689903849056604 0.74022435875 0.4627403849056604 0.7416666668749999 0.4543269226415095 0.741826923125 0.4447115386792453 0.7405448718750001 0.43485576886792454 0.73621794875 0.4233173075471698 0.7264423075 0.4134615386792453 0.720673076875 0.41057692264150947 0.7125 0.41129807735849055 0.70753205125 0.4134615386792453 0.702884615625 0.4170673075471698 0.699198718125 0.4221153849056604 0.6951923075 0.43365384622641506 0.69599359 0.47451923113207545 0.6980769231249999 0.48052884622641506 0.699519230625 0.48245192264150943 0.7088141025 0.4855769226415095 0.717147435625 0.48605769245283015 0.72147435875 0.4850961537735849 0.7338141025 0.4747596150943396 0.73766025625 0.4689903849056604