14 0.51634615375 0.6127403849056604 0.5139423075 0.6004807688679246 0.511378205 0.5947115386792453 0.50977564125 0.5930288462264152 0.5076923074999999 0.5949519226415094 0.50641025625 0.5983173075471698 0.505448718125 0.6103365386792453 0.505128205 0.6288461537735849 0.50608974375 0.6425480773584905 0.5076923074999999 0.6483173075471699 0.5094551281249999 0.6514423075471698 0.513621795 0.6540865386792453 0.5160256412500001 0.6461538462264151 0.517147435625 0.6389423075471699 0.51634615375 0.6127403849056604
21 0.501762820625 0.1588942311320755 0.5001602562499999 0.15673076886792453 0.49759615375000005 0.15625 0.46634615375000005 0.16899038490566037 0.449519230625 0.2 0.44759615375 0.2086538462264151 0.44743589749999996 0.21298076886792452 0.448237179375 0.21658653867924527 0.45881410250000004 0.23629807735849057 0.48621794875 0.24591346132075473 0.5019230768749999 0.22067307735849057 0.504487179375 0.21274038490566038 0.50400641 0.1735576924528302 0.501762820625 0.1588942311320755
13 0.393269230625 0.31466346132075473 0.395512820625 0.3028846150943396 0.39535256437500005 0.2954326924528302 0.39262820499999995 0.2867788462264151 0.38477564125 0.28221153867924526 0.35625 0.2899038462264151 0.33028846125 0.3064903849056604 0.321794871875 0.3141826924528302 0.318108974375 0.3201923075471698 0.317628205 0.3225961537735849 0.318269230625 0.3247596150943396 0.344551281875 0.38677884622641506 0.345673076875 0.38846153867924527 0.35352564125 0.3865384613207547 0.35721153875 0.38485576886792455 0.36137820499999995 0.37788461509433957 0.393269230625 0.31466346132075473
1 0.449519230625 0.33004807735849057 0.443269230625 0.3213942311320755 0.427083333125 0.3216346150943396 0.4213141025 0.3240384613207547 0.41858974375 0.3266826924528302 0.41442307687499996 0.33317307735849055 0.407852564375 0.3538461537735849 0.40769230749999996 0.36129807735849057 0.41009615375 0.36754807735849054 0.41233974375000004 0.3704326924528302 0.4201923075 0.3735576924528302 0.42948717937499997 0.3697115386792453 0.4375 0.3605769226415095 0.44935897437500005 0.3341346150943396 0.449519230625 0.33004807735849057
1 0.50641025625 0.3192307688679245 0.49759615375000005 0.32307692264150945 0.488621795 0.33004807735849057 0.48477564125 0.3375 0.480929486875 0.3521634613207547 0.481730769375 0.36442307735849055 0.483173076875 0.3701923075471698 0.48910256437500005 0.375 0.505769230625 0.3836538462264151 0.521634615625 0.3298076924528302 0.51875 0.3225961537735849 0.51346153875 0.3185096150943396 0.50641025625 0.3192307688679245
12 0.568269230625 0.34663461509433957 0.560416666875 0.34110576886792454 0.5524038462499999 0.34302884622641505 0.548397435625 0.3454326924528302 0.544230769375 0.3497596150943396 0.54022435875 0.3569711537735849 0.5375 0.3680288462264151 0.537179486875 0.37716346132075473 0.542948718125 0.4274038462264151 0.544871795 0.43533653867924527 0.54871794875 0.4360576924528302 0.5725961537500001 0.3591346150943396 0.573237179375 0.3533653849056604 0.57115384625 0.34951923113207545 0.568269230625 0.34663461509433957
18 0.7099358975 0.29903846132075473 0.7099358975 0.2901442311320755 0.70897435875 0.2836538462264151 0.6980769231249999 0.2596153849056604 0.68141025625 0.23245192264150943 0.6780448718750001 0.22836538490566038 0.6735576925 0.2257211537735849 0.66858974375 0.22403846132075472 0.6618589743750001 0.22379807735849058 0.655929486875 0.22836538490566038 0.650320513125 0.24182692264150946 0.650320513125 0.24783653867924527 0.655128205 0.26754807735849057 0.684134615625 0.31442307735849057 0.69278846125 0.3165865386792453 0.69727564125 0.31634615377358494 0.7014423075 0.3149038462264151 0.70528846125 0.3108173075471698 0.7099358975 0.29903846132075473
14 0.66153846125 0.3891826924528302 0.65865384625 0.3841346150943396 0.650320513125 0.37692307735849057 0.6426282050000001 0.3733173075471698 0.63846153875 0.37283653867924527 0.63253205125 0.3836538462264151 0.6323717950000001 0.3889423075471698 0.6333333331250001 0.390625 0.65016025625 0.4048076924528302 0.658333333125 0.4103365386792453 0.662019230625 0.4115384613207547 0.665865384375 0.4074519226415095 0.665865384375 0.40048076886792455 0.66153846125 0.3891826924528302
14 0.7185897437500001 0.4663461537735849 0.7131410256249999 0.4579326924528302 0.7081730768750001 0.45889423113207545 0.705608974375 0.4620192311320755 0.704487179375 0.4653846150943396 0.704326923125 0.46875 0.7108974356250001 0.5019230773584905 0.71266025625 0.5055288462264151 0.716826923125 0.5052884613207548 0.7197115387499999 0.5016826924528301 0.72147435875 0.49423076886792455 0.7213141025 0.48629807735849057 0.7185897437500001 0.4663461537735849
12 0.6584935900000001 0.459375 0.650480769375 0.45264423113207547 0.638301281875 0.45384615377358495 0.6230769231250001 0.4627403849056604 0.620512820625 0.46802884622641505 0.61891025625 0.4747596150943396 0.61971153875 0.4783653849056604 0.622916666875 0.4810096150943396 0.6584935900000001 0.4752403849056604 0.6602564099999999 0.4742788462264151 0.661698718125 0.47091346132075473 0.6605769231249999 0.4632211537735849 0.6584935900000001 0.459375
14 0.569551281875 0.4625 0.568429486875 0.46057692264150946 0.560416666875 0.46298076886792455 0.559615384375 0.465625 0.559615384375 0.5139423075471699 0.5605769231250001 0.5175480773584905 0.564262820625 0.5199519226415095 0.566987179375 0.5199519226415095 0.57227564125 0.5057692311320754 0.5735576925 0.48341346132075474 0.573076923125 0.4778846150943396 0.569551281875 0.4625
14 0.47083333312500003 0.47379807735849055 0.46826923062500003 0.4747596150943396 0.443269230625 0.49807692264150943 0.442147435625 0.5033653849056604 0.441987179375 0.5100961537735849 0.45096153875 0.515625 0.46666666687499997 0.5045673075471698 0.46923076937499997 0.5014423075471699 0.474519230625 0.4882211537735849 0.47483974375000004 0.4831730773584905 0.474198718125 0.4783653849056604 0.47083333312500003 0.47379807735849055
3 0.40641025625 0.48990384622641514 0.40737179500000004 0.48629807735849057 0.40721153875 0.48125 0.401762820625 0.4586538462264151 0.38461538437500004 0.4326923075471698 0.3701923075 0.4752403849056604 0.36682692312500004 0.48629807735849057 0.36778846125000003 0.48990384622641514 0.373076923125 0.49759615377358485 0.380448718125 0.5038461537735849 0.38862179500000005 0.5033653849056604 0.39647435875 0.5 0.40400641 0.4939903849056604 0.40641025625 0.48990384622641514
14 0.33365384625 0.4596153849056604 0.32612179500000005 0.45889423113207545 0.31778846125 0.46442307735849053 0.308333333125 0.47451923113207545 0.30608974375 0.48245192264150943 0.305929486875 0.48653846132075473 0.307371795 0.4923076924528301 0.30865384625000003 0.49447115377358486 0.310737179375 0.4947115386792453 0.337820513125 0.47163461509433957 0.337820513125 0.46682692264150943 0.33653846125000003 0.46298076886792455 0.33365384625 0.4596153849056604
20 0.35865384624999996 0.6966346150943395 0.35 0.6947115386792453 0.336378205 0.7 0.33285256437500005 0.7021634613207547 0.33028846125 0.7055288462264151 0.32852564125 0.7091346150943396 0.32724359 0.7149038462264151 0.32900641 0.7790865386792453 0.33028846125 0.7795673075471699 0.338141025625 0.7730769226415094 0.34342948687499997 0.7651442311320754 0.350320513125 0.7439903849056604 0.3610576925 0.7050480773584905 0.36137820499999995 0.7009615386792453 0.35865384624999996 0.6966346150943395
21 0.439423076875 0.7055288462264151 0.440544871875 0.6850961537735849 0.43317307687499995 0.6514423075471698 0.430769230625 0.6435096150943396 0.42435897437500003 0.6336538462264151 0.417628205 0.6264423075471699 0.412019230625 0.6237980773584906 0.408012820625 0.6235576924528301 0.404487179375 0.6264423075471699 0.399679486875 0.6341346150943395 0.39166666687499996 0.6502403849056604 0.39150641 0.6540865386792453 0.412019230625 0.7103365386792453 0.4173076925 0.7206730773584905 0.419551281875 0.7225961537735849 0.428205128125 0.7221153849056604 0.431570513125 0.7211538462264151 0.435576923125 0.7180288462264152 0.439423076875 0.7055288462264151
12 0.556570513125 0.7012019226415095 0.525320513125 0.7033653849056604 0.51346153875 0.7064903849056604 0.50977564125 0.7084134613207548 0.5088141025 0.7108173075471699 0.5088141025 0.7168269226415095 0.50977564125 0.7201923075471699 0.5599358975 0.7326923075471699 0.5634615387499999 0.7310096150943396 0.56474359 0.7286057688679246 0.5644230768749999 0.7209134613207547 0.562820513125 0.7127403849056604 0.556570513125 0.7012019226415095
14 0.565705128125 0.5728365386792452 0.564262820625 0.5713942311320754 0.5576923075 0.5742788462264151 0.551923076875 0.5790865386792453 0.5466346156249999 0.5855769226415094 0.53653846125 0.6019230773584906 0.5349358975 0.6074519226415095 0.537019230625 0.6110576924528301 0.5413461537500001 0.6122596150943396 0.544551281875 0.6108173075471699 0.556570513125 0.6009615386792453 0.565544871875 0.5802884613207547 0.56650641 0.5759615386792453 0.565705128125 0.5728365386792452
3 0.75384615375 0.5836538462264151 0.7400641025 0.5512019226415095 0.7008012818749999 0.5274038462264151 0.69727564125 0.5266826924528302 0.6580128206249999 0.5394230773584906 0.6161858975 0.5992788462264151 0.6150641025 0.6033653849056604 0.610737179375 0.6733173075471699 0.611378205 0.678125 0.658333333125 0.7555288462264151 0.685416666875 0.7588942311320754 0.70096153875 0.7519230773584905 0.70721153875 0.7439903849056604 0.751923076875 0.5978365386792452 0.75384615375 0.5836538462264151