1 0.66796875 0.3764648433962264 0.66796875 0.3500976566037736 0.666015625 0.3413085933962264 0.662109375 0.3295898433962264 0.6591796875 0.32519531226415094 0.6533203125 0.31933593773584906 0.6455078125 0.31640625 0.640625 0.3237304688679245 0.634765625 0.3823242188679245 0.634765625 0.3911132811320755 0.6396484375 0.3984375 0.6455078125 0.4042968745283019 0.6552734375 0.4042968745283019 0.6640625 0.3911132811320755 0.666015625 0.3852539066037736 0.66796875 0.3764648433962264
12 0.531891025625 0.34182692264150943 0.5322115387499999 0.3336538462264151 0.5304487181249999 0.3278846150943396 0.5264423075 0.3216346150943396 0.5229166668749999 0.3180288462264151 0.513621795 0.3127403849056604 0.50608974375 0.31322115377358495 0.500480769375 0.3170673075471698 0.49599359 0.32235576886792455 0.493269230625 0.3322115386792453 0.493108974375 0.3346153849056604 0.495512820625 0.34639423113207546 0.496794871875 0.3485576924528302 0.5008012818750001 0.3509615386792453 0.5211538462499999 0.3557692311320755 0.525320513125 0.3557692311320755 0.5296474356249999 0.34951923113207545 0.531891025625 0.34182692264150943
18 0.387980769375 0.24038461509433962 0.40240384625 0.22860576886792452 0.40512820499999996 0.22451923113207548 0.40641025625 0.21658653867924527 0.40016025624999996 0.18149038490566038 0.38862179500000005 0.15721153867924528 0.381730769375 0.14879807735849057 0.37708333312500003 0.14567307735849058 0.37259615375000005 0.14591346132075472 0.358012820625 0.15408653867924527 0.34775641 0.17379807735849057 0.34615384624999995 0.18100961509433963 0.34615384624999995 0.1858173075471698 0.348397435625 0.20721153867924527 0.355769230625 0.228125 0.36891025624999996 0.24110576886792454 0.37291666687499997 0.24326923113207546 0.37740384624999995 0.24326923113207546 0.387980769375 0.24038461509433962
1 0.546955128125 0.11105769245283019 0.5472756412500001 0.10288461509433963 0.54599359 0.09543269245283019 0.5400641025 0.08701923113207548 0.534455128125 0.08341346132075471 0.52516025625 0.08221153867924529 0.5201923075 0.08389423113207548 0.513621795 0.08846153867924529 0.50897435875 0.09399038490566038 0.500320513125 0.1072115386792453 0.49951923062500003 0.11081730754716981 0.498076923125 0.11899038490566037 0.498397435625 0.12211538490566037 0.5019230768749999 0.12644230754716979 0.50608974375 0.1274038462264151 0.5298076925 0.1235576924528302 0.540865384375 0.11971153867924529 0.544551281875 0.115625 0.546955128125 0.11105769245283019
1 0.48621794875 0.2716346150943396 0.490544871875 0.2673076924528302 0.493269230625 0.2600961537735849 0.5014423075 0.22379807735849058 0.500320513125 0.20913461509433962 0.499198718125 0.20504807735849057 0.474519230625 0.17596153867924527 0.4661858975 0.18149038490566038 0.464583333125 0.18389423113207548 0.46009615375 0.19278846132075472 0.45 0.22067307735849057 0.44871794875 0.22836538490566038 0.448878205 0.23245192264150943 0.45112179500000005 0.24014423113207548 0.45977564125000003 0.259375 0.46442307687499995 0.2653846150943396 0.474519230625 0.2725961537735849 0.47724359 0.27307692264150946 0.48621794875 0.2716346150943396
9 0.5719551281249999 0.18557692264150943 0.572115384375 0.18149038490566038 0.56778846125 0.16586538490566038 0.5463141025 0.1545673075471698 0.544070513125 0.1545673075471698 0.542147435625 0.15673076886792453 0.541666666875 0.16201923113207548 0.54278846125 0.17403846132075473 0.551923076875 0.19086538490566038 0.55625 0.1951923075471698 0.560416666875 0.19711538490566038 0.564262820625 0.19711538490566038 0.569070513125 0.1930288462264151 0.5719551281249999 0.18557692264150943
1 0.6892628206249999 0.19711538490566038 0.681570513125 0.1923076924528302 0.673237179375 0.19110576886792452 0.6653846156250001 0.19350961509433962 0.65352564125 0.20288461509433964 0.6487179487500001 0.209375 0.64615384625 0.21658653867924527 0.6455128206249999 0.2439903849056604 0.64647435875 0.24879807735849055 0.65272435875 0.2514423075471698 0.685416666875 0.26057692264150945 0.688301281875 0.2536057688679245 0.695673076875 0.21274038490566038 0.694391025625 0.20528846132075473 0.6892628206249999 0.19711538490566038
1 0.750801281875 0.2555288462264151 0.744070513125 0.25192307735849057 0.73990384625 0.2516826924528302 0.73253205125 0.25384615377358494 0.7278846156250001 0.2564903849056604 0.7185897437500001 0.26490384622641505 0.70897435875 0.27740384622641506 0.701762820625 0.29879807735849057 0.7014423075 0.3064903849056604 0.703365384375 0.31033653867924527 0.709134615625 0.31538461509433957 0.7501602562499999 0.28701923113207545 0.755769230625 0.26754807735849057 0.75625 0.26346153867924527 0.7549679487500001 0.2596153849056604 0.750801281875 0.2555288462264151
1 0.615865384375 0.2716346150943396 0.616826923125 0.26370192264150943 0.6166666668749999 0.2555288462264151 0.615865384375 0.2514423075471698 0.612980769375 0.24447115377358491 0.609294871875 0.24014423113207548 0.587179486875 0.2317307688679245 0.581730769375 0.23413461509433964 0.56378205125 0.26346153867924527 0.561858974375 0.2752403849056604 0.562019230625 0.27932692264150943 0.568269230625 0.2899038462264151 0.58125 0.3021634613207547 0.59599359 0.3024038462264151 0.606570513125 0.29639423113207547 0.6125 0.28629807735849055 0.615865384375 0.2716346150943396
7 0.381891025625 0.37932692264150947 0.4099358975 0.35360576886792455 0.41987179500000005 0.34158653867924527 0.32211538437500004 0.2826923075471698 0.318269230625 0.2853365386792453 0.31634615374999997 0.28870192264150946 0.30625 0.31057692264150943 0.302884615625 0.3221153849056604 0.29983974375 0.3377403849056604 0.3 0.3403846150943396 0.309455128125 0.3545673075471698 0.32403846125 0.37115384622641506 0.34358974375 0.3846153849056604 0.34903846125 0.38629807735849053 0.36522435875 0.38677884622641506 0.381891025625 0.37932692264150947
18 0.33381410250000004 0.4939903849056604 0.33509615375 0.49014423113207545 0.33766025624999996 0.4742788462264151 0.329326923125 0.41201923113207545 0.32596153875 0.40721153867924526 0.32211538437500004 0.4038461537735849 0.317948718125 0.40360576886792454 0.310897435625 0.40673076886792453 0.30625 0.41201923113207545 0.301602564375 0.4252403849056604 0.30032051312499997 0.44014423113207546 0.30192307687500003 0.4632211537735849 0.303044871875 0.4704326924528302 0.306570513125 0.4807692311320755 0.314102564375 0.4923076924528301 0.323878205 0.4995192311320754 0.32996794875 0.4987980773584905 0.33381410250000004 0.4939903849056604
1 0.44759615375 0.5016826924528301 0.447916666875 0.49855769245283016 0.4485576925 0.45120192264150943 0.446955128125 0.4430288462264151 0.444391025625 0.4377403849056604 0.43958333312500003 0.4362980773584905 0.43653846125 0.4377403849056604 0.429166666875 0.44807692264150945 0.41506410250000003 0.4783653849056604 0.413141025625 0.48677884622641515 0.4125 0.4935096150943396 0.413141025625 0.49783653867924527 0.41538461562499995 0.5024038462264151 0.41987179500000005 0.5081730773584906 0.42788461562499996 0.509375 0.441987179375 0.5084134613207547 0.444391025625 0.5072115386792453 0.44759615375 0.5016826924528301
1 0.496955128125 0.42764423113207545 0.496794871875 0.4252403849056604 0.4963141025 0.4235576924528302 0.49278846125000003 0.41971153867924527 0.46730769250000004 0.4064903849056604 0.463141025625 0.40673076886792453 0.45849359 0.40889423113207546 0.45032051312500004 0.4173076924528302 0.447916666875 0.42403846132075473 0.44551282062500003 0.4375 0.44535256437500004 0.43942307735849057 0.44871794875 0.44879807735849053 0.45304487187500003 0.4548076924528302 0.4625 0.4608173075471698 0.470512820625 0.4608173075471698 0.47628205125 0.45817307735849055 0.482852564375 0.45264423113207547 0.496955128125 0.42764423113207545
18 0.579166666875 0.4639423075471698 0.588621795 0.45504807735849057 0.58974359 0.44014423113207546 0.588621795 0.43533653867924527 0.580929486875 0.4235576924528302 0.57628205125 0.41971153867924527 0.549198718125 0.409375 0.540865384375 0.4076923075471698 0.533012820625 0.4117788462264151 0.529166666875 0.41754807735849053 0.527083333125 0.4235576924528302 0.5266025643750001 0.4278846150943396 0.528044871875 0.43701923113207547 0.53253205125 0.44735576886792455 0.5368589743750001 0.45264423113207547 0.54871794875 0.46129807735849054 0.56009615375 0.46586538490566043 0.5724358975 0.4673076924528302 0.579166666875 0.4639423075471698
12 0.743429486875 0.4375 0.74022435875 0.4158653849056604 0.728044871875 0.40432692264150943 0.7213141025 0.4002403849056604 0.7092948718750001 0.39639423113207545 0.70128205125 0.3978365386792453 0.69727564125 0.40048076886792455 0.69375 0.4048076924528302 0.68990384625 0.41201923113207545 0.687820513125 0.4182692311320755 0.6875 0.41995192264150943 0.6915064099999999 0.43846153867924526 0.69647435875 0.44567307735849054 0.7048076925 0.4548076924528302 0.7363782050000001 0.4579326924528302 0.74022435875 0.45528846132075473 0.7424679487500001 0.4471153849056604 0.743429486875 0.4375
12 0.7857371793750001 0.35721153867924527 0.7860576924999999 0.3528846150943396 0.7849358975 0.3492788462264151 0.77147435875 0.3334134613207547 0.76746794875 0.3326923075471698 0.76121794875 0.3350961537735849 0.7578525643749999 0.340625 0.75625 0.3451923075471698 0.755448718125 0.3507211537735849 0.75641025625 0.36129807735849057 0.759294871875 0.3663461537735849 0.76346153875 0.3694711537735849 0.7676282050000001 0.3701923075471698 0.775320513125 0.36875 0.780769230625 0.36514423113207545 0.7857371793750001 0.35721153867924527
1 0.810897435625 0.37307692264150943 0.80272435875 0.36682692264150946 0.798076923125 0.3673076924528302 0.79471153875 0.36875 0.784615384375 0.3805288462264151 0.7814102562499999 0.3846153849056604 0.7945512818749999 0.4314903849056604 0.8030448718750001 0.4362980773584905 0.806570513125 0.43533653867924527 0.8134615387499999 0.4288461537735849 0.818429486875 0.4163461537735849 0.8200320512499999 0.3997596150943396 0.810897435625 0.37307692264150943
18 0.7951923075 0.5603365386792453 0.795673076875 0.5413461537735849 0.78733974375 0.5182692311320755 0.7798076924999999 0.5098557688679246 0.7713141025 0.5057692311320754 0.76746794875 0.50625 0.766666666875 0.5074519226415094 0.7528846156250001 0.5471153849056604 0.75272435875 0.5490384613207547 0.756730769375 0.5629807688679246 0.76153846125 0.5713942311320754 0.7641025643749999 0.5735576924528302 0.773237179375 0.5774038462264152 0.779326923125 0.5774038462264152 0.787019230625 0.5737980773584905 0.7951923075 0.5603365386792453
1 0.7294871793750001 0.5081730773584906 0.725480769375 0.5007211537735848 0.717628205 0.49375 0.7131410256249999 0.49182692264150946 0.7084935900000001 0.49182692264150946 0.703044871875 0.49423076886792455 0.7011217949999999 0.49519230754716986 0.6924679487500001 0.5057692311320754 0.6915064099999999 0.5096153849056604 0.6918269231249999 0.5175480773584905 0.70865384625 0.5413461537735849 0.716666666875 0.5466346150943396 0.72596153875 0.5370192311320754 0.73028846125 0.5293269226415095 0.73141025625 0.5206730773584906 0.7294871793750001 0.5081730773584906
20 0.640384615625 0.5290865386792453 0.63653846125 0.5223557688679246 0.6251602562499999 0.5170673075471699 0.616826923125 0.5153846150943396 0.6110576925 0.5151442311320754 0.5993589743750001 0.5182692311320755 0.591666666875 0.5274038462264151 0.587980769375 0.5341346150943396 0.584615384375 0.5408653849056604 0.58878205125 0.5764423075471699 0.58974359 0.5786057688679246 0.59150641 0.5798076924528301 0.635897435625 0.5509615386792452 0.640384615625 0.5454326924528301 0.6421474356250001 0.5370192311320754 0.640384615625 0.5290865386792453
18 0.5014423075 0.5401442311320754 0.499198718125 0.5290865386792453 0.495833333125 0.5235576924528301 0.48621794875 0.5149038462264152 0.478205128125 0.5139423075471699 0.46907051312500003 0.5161057688679246 0.46666666687499997 0.5182692311320755 0.461858974375 0.5254807688679246 0.45993589749999997 0.5290865386792453 0.459455128125 0.5319711537735848 0.46025641 0.5497596150943396 0.46730769250000004 0.5603365386792453 0.47483974375000004 0.5685096150943396 0.482051281875 0.5713942311320754 0.48621794875 0.5701923075471699 0.496794871875 0.5608173075471699 0.500320513125 0.5526442311320754 0.5014423075 0.5401442311320754
21 0.263621795 0.5442307688679245 0.25496794875 0.5740384613207548 0.255929486875 0.6427884613207547 0.25977564125 0.6788461537735849 0.29150641 0.6829326924528302 0.31057692312499996 0.6766826924528302 0.320833333125 0.6658653849056604 0.3474358975 0.6307692311320754 0.35368589749999996 0.5995192311320754 0.263621795 0.5442307688679245
18 0.38990384624999996 0.7725961537735849 0.39246794875 0.7555288462264151 0.389423076875 0.7411057688679246 0.380769230625 0.7278846150943395 0.371955128125 0.7189903849056604 0.349519230625 0.7038461537735848 0.34615384624999995 0.7024038462264152 0.337980769375 0.7014423075471699 0.328365384375 0.703125 0.31971153874999997 0.7079326924528302 0.31714743562500003 0.7100961537735849 0.313141025625 0.7165865386792453 0.313301281875 0.7322115386792453 0.31955128187500004 0.7480769226415095 0.32996794875 0.7588942311320754 0.36506410250000004 0.7889423075471699 0.37435897437500004 0.7899038462264151 0.378205128125 0.7887019226415094 0.38525641 0.7817307688679246 0.38990384624999996 0.7725961537735849
1 0.512820513125 0.6971153849056604 0.511858974375 0.6853365386792453 0.509615384375 0.6769230773584906 0.502083333125 0.6745192311320755 0.498237179375 0.6766826924528302 0.48974359 0.6846153849056604 0.48253205125 0.6956730773584906 0.48221153875 0.7019230773584906 0.484134615625 0.7173076924528301 0.49022435875 0.7288461537735849 0.494391025625 0.7329326924528301 0.497115384375 0.7338942311320754 0.50977564125 0.7334134613207547 0.511378205 0.725 0.512820513125 0.6971153849056604
1 0.6 0.7408653849056605 0.603365384375 0.734375 0.609294871875 0.7206730773584905 0.610576923125 0.7134615386792452 0.61009615375 0.7007211537735849 0.5838141025 0.6713942311320754 0.580448718125 0.6692307688679245 0.574679486875 0.6697115386792453 0.54022435875 0.70625 0.53990384625 0.7103365386792453 0.5474358975 0.7350961537735848 0.552083333125 0.7435096150943395 0.560416666875 0.7490384613207547 0.5673076925 0.7507211537735848 0.587820513125 0.7502403849056604 0.5956730768749999 0.7463942311320754 0.6 0.7408653849056605
1 0.7046474356250001 0.7319711537735849 0.70641025625 0.7247596150943396 0.707051281875 0.7125 0.703205128125 0.6971153849056604 0.697916666875 0.6930288462264151 0.6953525643749999 0.6927884613207548 0.685576923125 0.6966346150943395 0.67483974375 0.7088942311320754 0.669391025625 0.7206730773584905 0.6657051281249999 0.7322115386792453 0.6676282050000001 0.7439903849056604 0.6698717949999999 0.7471153849056604 0.681730769375 0.7514423075471699 0.685576923125 0.7516826924528301 0.6958333331250001 0.7456730773584905 0.7011217949999999 0.7391826924528302 0.7046474356250001 0.7319711537735849
1 0.706730769375 0.8418269226415095 0.714102564375 0.8346153849056605 0.719230769375 0.8274038462264152 0.7230769231249999 0.8149038462264151 0.7227564099999999 0.8064903849056604 0.720673076875 0.7956730773584906 0.712820513125 0.7807692311320754 0.70977564125 0.7798076924528301 0.68125 0.7889423075471699 0.674519230625 0.7971153849056604 0.670833333125 0.8074519226415094 0.67099359 0.8163461537735849 0.673076923125 0.8266826924528301 0.677884615625 0.8384615386792452 0.68221153875 0.8442307688679246 0.6852564099999999 0.8463942311320755 0.697115384375 0.8461538462264151 0.7011217949999999 0.8451923075471699 0.706730769375 0.8418269226415095
1 0.7701923075 0.6737980773584905 0.7713141025 0.6579326924528301 0.77003205125 0.6384615386792453 0.7676282050000001 0.6329326924528301 0.7443910256249999 0.6033653849056604 0.7323717949999999 0.6064903849056604 0.712820513125 0.6581730773584905 0.715544871875 0.6776442311320754 0.721794871875 0.690625 0.730769230625 0.7043269226415094 0.74022435875 0.7091346150943396 0.751923076875 0.7098557688679246 0.75625 0.7050480773584905 0.7701923075 0.6737980773584905