6 0.35865384624999996 0.17379807735849057 0.35625 0.16586538490566038 0.35352564125 0.16298076886792454 0.34807692312500005 0.16225961509433962 0.34166666687499997 0.16466346132075474 0.33493589749999997 0.1694711537735849 0.3025641025 0.21225961509433963 0.275320513125 0.2800480773584905 0.2735576925 0.28701923113207545 0.287019230625 0.3064903849056604 0.290865384375 0.30961538490566043 0.3025641025 0.3076923075471698 0.33381410250000004 0.27740384622641506 0.367628205 0.23533653867924528 0.369070513125 0.23221153867924527 0.35865384624999996 0.17379807735849057
9 0.50977564125 0.16442307735849057 0.5019230768749999 0.15336538490566037 0.488621795 0.1507211537735849 0.47211538437500006 0.15 0.46666666687499997 0.15120192264150942 0.46025641 0.1545673075471698 0.443108974375 0.17211538490566036 0.441987179375 0.17379807735849057 0.443108974375 0.17475961509433963 0.46650641 0.1858173075471698 0.470512820625 0.18605769245283021 0.509294871875 0.17764423113207548 0.51153846125 0.17331730754716979 0.511698718125 0.16971153867924527 0.50977564125 0.16442307735849057
6 0.67371794875 0.16033653867924527 0.659294871875 0.14639423113207548 0.6155448718750001 0.11730769245283018 0.56121794875 0.15024038490566038 0.559294871875 0.1536057688679245 0.55897435875 0.15673076886792453 0.5588141025 0.1617788462264151 0.579166666875 0.1766826924528302 0.64983974375 0.19399038490566037 0.665865384375 0.1975961537735849 0.67003205125 0.19663461509433963 0.676602564375 0.1901442311320755 0.6791666668749999 0.18557692264150943 0.67371794875 0.16033653867924527
6 0.7400641025 0.36129807735849057 0.740705128125 0.33389423113207545 0.74022435875 0.3213942311320755 0.7286858975 0.25576923113207545 0.693269230625 0.22235576886792452 0.67852564125 0.21850961509433964 0.675641025625 0.22067307735849057 0.67403846125 0.22451923113207548 0.693269230625 0.3348557688679245 0.712820513125 0.3658653849056604 0.7165064099999999 0.3701923075471698 0.724198718125 0.37115384622641506 0.72852564125 0.3701923075471698 0.7320512818749999 0.3685096150943396 0.7400641025 0.36129807735849057
6 0.795512820625 0.3961538462264151 0.7907051281249999 0.3923076924528302 0.77147435875 0.38317307735849054 0.76746794875 0.3838942311320755 0.72852564125 0.440625 0.720352564375 0.5012019226415094 0.719871795 0.5177884613207547 0.723397435625 0.5254807688679246 0.7275641025 0.5259615386792452 0.780448718125 0.49182692264150946 0.7826923075000001 0.48629807735849057 0.802083333125 0.40817307735849057 0.801602564375 0.40408653867924527 0.795512820625 0.3961538462264151
6 0.56650641 0.31442307735849057 0.564583333125 0.3127403849056604 0.516826923125 0.31153846132075474 0.49775641 0.31442307735849057 0.482051281875 0.3293269226415095 0.479166666875 0.33389423113207545 0.48157051312500004 0.3365384613207547 0.5293269231250001 0.3709134613207547 0.575801281875 0.3860576924528302 0.580128205 0.3850961537735849 0.58621794875 0.37283653867924527 0.58653846125 0.3608173075471698 0.56650641 0.31442307735849057
1 0.465705128125 0.35120192264150946 0.4661858975 0.34879807735849055 0.465544871875 0.34158653867924527 0.46362179500000006 0.3377403849056604 0.438301281875 0.3125 0.431891025625 0.30745192264150945 0.428205128125 0.3057692311320755 0.42387820499999995 0.30673076886792455 0.41987179500000005 0.309375 0.41810897437500005 0.31442307735849057 0.41746794875 0.3233173075471698 0.41939102562499997 0.3377403849056604 0.42291666687499996 0.34567307735849057 0.439423076875 0.3581730773584905 0.44743589749999996 0.36201923113207546 0.45528846125 0.36153846132075473 0.46169871812499996 0.35745192264150943 0.465705128125 0.35120192264150946
9 0.4576923075 0.40913461509433957 0.45753205125 0.4002403849056604 0.45625 0.3961538462264151 0.45320512812499997 0.39158653867924526 0.448076923125 0.390625 0.443108974375 0.39639423113207545 0.44182692312500005 0.40408653867924527 0.44134615375 0.42403846132075473 0.4423076925 0.4314903849056604 0.444391025625 0.4358173075471698 0.44711538437500004 0.43846153867924526 0.45096153875 0.4377403849056604 0.4525641025 0.43533653867924527 0.45625 0.42379807735849057 0.4576923075 0.40913461509433957
1 0.530128205 0.43485576886792454 0.530128205 0.42764423113207545 0.52628205125 0.41201923113207545 0.521955128125 0.4076923075471698 0.51378205125 0.40360576886792454 0.497115384375 0.4076923075471698 0.49246794875 0.41201923113207545 0.49038461562499996 0.41923076886792454 0.48846153875 0.43557692264150943 0.4923076925 0.4548076924528302 0.498237179375 0.4615384613207547 0.50641025625 0.46298076886792455 0.515705128125 0.4610576924528302 0.5235576925000001 0.4555288462264151 0.528044871875 0.4471153849056604 0.530128205 0.43485576886792454
6 0.64246794875 0.4074519226415095 0.619070513125 0.4141826924528302 0.581570513125 0.4420673075471698 0.5524038462499999 0.48221153867924527 0.547916666875 0.5173076924528301 0.548878205 0.5221153849056605 0.556570513125 0.5213942311320754 0.638301281875 0.4802884613207547 0.654166666875 0.41995192264150943 0.65272435875 0.41201923113207545 0.6479166668749999 0.4079326924528302 0.64246794875 0.4074519226415095
6 0.326762820625 0.4685096150943396 0.279166666875 0.428125 0.25977564125 0.42115384622641505 0.255769230625 0.43461538490566043 0.24775641 0.4701923075471698 0.24759615375 0.475 0.261858974375 0.5396634613207547 0.290544871875 0.5889423075471698 0.29503205125 0.5879807688679246 0.30528846125000003 0.5800480773584905 0.32275641 0.5293269226415095 0.32708333312500004 0.4711538462264151 0.326762820625 0.4685096150943396
6 0.41586538437500004 0.47620192264150946 0.40641025625 0.46875 0.40016025624999996 0.4663461537735849 0.39631410250000004 0.4663461537735849 0.371955128125 0.48341346132075474 0.370512820625 0.48533653867924526 0.38493589749999996 0.6149038462264151 0.39278846125 0.6237980773584906 0.407852564375 0.6269230773584905 0.41233974375000004 0.6266826924528301 0.441987179375 0.5449519226415095 0.439423076875 0.5276442311320754 0.41987179500000005 0.4836538462264151 0.41586538437500004 0.47620192264150946
6 0.505769230625 0.5264423075471698 0.480929486875 0.5134615386792453 0.474519230625 0.5120192311320754 0.45881410250000004 0.5115384613207548 0.45496794875 0.5144230773584906 0.45320512812499997 0.5204326924528302 0.462820513125 0.5778846150943396 0.53653846125 0.5932692311320754 0.54102564125 0.5923076924528301 0.545512820625 0.5879807688679246 0.545673076875 0.5836538462264151 0.544871795 0.58125 0.5201923075 0.5451923075471699 0.505769230625 0.5264423075471698
14 0.6426282050000001 0.5475961537735848 0.630448718125 0.5454326924528301 0.626762820625 0.546875 0.62275641 0.5512019226415095 0.6230769231250001 0.5567307688679246 0.628044871875 0.5644230773584905 0.6463141025 0.5699519226415094 0.650480769375 0.565625 0.6522435900000001 0.5605769226415095 0.6517628206249999 0.5548076924528301 0.650801281875 0.5526442311320754 0.6426282050000001 0.5475961537735848
14 0.6605769231249999 0.6269230773584905 0.658173076875 0.6211538462264151 0.653205128125 0.6201923075471698 0.63477564125 0.6259615386792453 0.6306089743750001 0.6326923075471699 0.6266025643750001 0.6423076924528301 0.62724359 0.6459134613207548 0.630769230625 0.6512019226415094 0.6426282050000001 0.6538461537735849 0.6514423075000001 0.6463942311320754 0.656570513125 0.6394230773584906 0.660897435625 0.6305288462264151 0.6605769231249999 0.6269230773584905
20 0.7232371793750001 0.7423076924528301 0.719871795 0.7485576924528301 0.717628205 0.7552884613207548 0.716666666875 0.7670673075471699 0.716666666875 0.7807692311320754 0.73221153875 0.7841346150943396 0.7363782050000001 0.7716346150943396 0.7363782050000001 0.7596153849056604 0.733173076875 0.7480769226415095 0.728365384375 0.7420673075471699 0.724519230625 0.7408653849056605 0.7232371793750001 0.7423076924528301
7 0.679487179375 0.7475961537735849 0.681570513125 0.7408653849056605 0.6796474356250001 0.7326923075471699 0.67772435875 0.7286057688679246 0.6738782050000001 0.7245192311320754 0.6695512818749999 0.7223557688679246 0.6588141025 0.7199519226415094 0.6224358975 0.7165865386792453 0.6110576925 0.7163461537735849 0.6096153843750001 0.7175480773584906 0.609455128125 0.7206730773584905 0.629487179375 0.7639423075471699 0.630769230625 0.7658653849056604 0.634134615625 0.7677884613207547 0.6429487181250001 0.7675480773584905 0.6514423075000001 0.7651442311320754 0.6775641025 0.7495192311320754 0.679487179375 0.7475961537735849
6 0.59599359 0.6384615386792453 0.5918269231250001 0.6245192311320754 0.5838141025 0.61875 0.57628205125 0.6168269226415094 0.5681089743750001 0.6177884613207547 0.525320513125 0.6408653849056604 0.5238782049999999 0.6425480773584905 0.49871794875 0.7127403849056604 0.49391025624999996 0.7322115386792453 0.49791666687499997 0.7375 0.5016025643750001 0.7365384613207547 0.51746794875 0.7271634613207547 0.573237179375 0.6776442311320754 0.587820513125 0.6605769226415095 0.5956730768749999 0.6480769226415094 0.59599359 0.6384615386792453
14 0.48733974375 0.7322115386792453 0.4849358975 0.7346153849056604 0.48621794875 0.7569711537735849 0.505929486875 0.7596153849056604 0.50977564125 0.7516826924528301 0.5110576925 0.7442307688679246 0.510737179375 0.7396634613207548 0.5099358975 0.7382211537735849 0.49102564125000003 0.7317307688679245 0.48733974375 0.7322115386792453
9 0.417948718125 0.7795673075471699 0.417948718125 0.7668269226415094 0.408173076875 0.7278846150943395 0.369070513125 0.7262019226415094 0.364583333125 0.7302884613207548 0.3610576925 0.7362980773584905 0.35849359 0.7435096150943395 0.35833333312500004 0.7480769226415095 0.364262820625 0.7675480773584905 0.37275641 0.7771634613207548 0.380929486875 0.7824519226415094 0.407852564375 0.7949519226415095 0.4125 0.7939903849056604 0.41602564125 0.7894230773584906 0.417948718125 0.7795673075471699
6 0.333333333125 0.6706730773584906 0.3326923075 0.6348557688679246 0.329647435625 0.625 0.32820512812499997 0.6230769226415095 0.32275641 0.621875 0.32051282062500003 0.6228365386792453 0.31057692312499996 0.6346153849056604 0.30865384625000003 0.6387019226415095 0.294551281875 0.6850961537735849 0.2889423075 0.7331730773584906 0.28878205125 0.7403846150943396 0.290544871875 0.7473557688679245 0.294871795 0.7519230773584905 0.298878205 0.7540865386792452 0.3025641025 0.7519230773584905 0.317948718125 0.7355769226415094 0.32035256437500004 0.7319711537735849 0.333333333125 0.6706730773584906