20 0.32612179500000005 0.33076923113207546 0.321794871875 0.34110576886792454 0.34887820499999994 0.3875 0.3610576925 0.39278846132075473 0.36875 0.3939903849056604 0.37532051312500003 0.39278846132075473 0.38525641 0.3576923075471698 0.35352564125 0.3021634613207547 0.349679486875 0.3002403849056604 0.32612179500000005 0.33076923113207546
9 0.48974359 0.33389423113207545 0.48653846125 0.33125 0.47483974375000004 0.32548076886792454 0.47083333312500003 0.32548076886792454 0.466826923125 0.3305288462264151 0.46522435875 0.3353365386792453 0.464583333125 0.3377403849056604 0.46650641 0.3454326924528302 0.470352564375 0.34879807735849055 0.474519230625 0.34951923113207545 0.48349359 0.34879807735849055 0.487820513125 0.346875 0.48846153875 0.34591346132075473 0.48974359 0.33389423113207545
1 0.5616987181249999 0.4129807688679245 0.557051281875 0.40240384622641506 0.549679486875 0.396875 0.5368589743750001 0.3961538462264151 0.530769230625 0.3983173075471698 0.523076923125 0.40408653867924527 0.52884615375 0.41995192264150943 0.544871795 0.4545673075471698 0.558333333125 0.4391826924528302 0.5605769231250001 0.43533653867924527 0.562820513125 0.42764423113207545 0.563141025625 0.42379807735849057 0.5616987181249999 0.4129807688679245
1 0.6096153843750001 0.521875 0.609455128125 0.5129807688679245 0.607051281875 0.5055288462264151 0.60352564125 0.4997596150943396 0.59903846125 0.49807692264150943 0.5947115387499999 0.5 0.589583333125 0.5096153849056604 0.58878205125 0.5132211537735849 0.5863782049999999 0.5334134613207547 0.58766025625 0.540625 0.59022435875 0.5435096150943396 0.595833333125 0.5447115386792453 0.599679486875 0.5420673075471698 0.60352564125 0.5382211537735849 0.608012820625 0.5300480773584906 0.6096153843750001 0.521875
21 0.62259615375 0.5682692311320754 0.650320513125 0.5932692311320754 0.654166666875 0.5879807688679246 0.6775641025 0.5216346150943396 0.658333333125 0.4836538462264151 0.6544871793750001 0.4807692311320755 0.65272435875 0.48221153867924527 0.62259615375 0.5682692311320754
1 0.480769230625 0.49014423113207545 0.462980769375 0.4841346150943396 0.45096153875 0.4826923075471698 0.44711538437500004 0.4836538462264151 0.444391025625 0.48581730754716984 0.438301281875 0.4939903849056604 0.434455128125 0.5021634613207547 0.43349359 0.5055288462264151 0.43413461562499994 0.5096153849056604 0.48621794875 0.5586538462264151 0.49487179500000006 0.5307692311320754 0.495512820625 0.5247596150943395 0.492628205 0.5057692311320754 0.48429487187500003 0.4927884613207547 0.480769230625 0.49014423113207545
9 0.39246794875 0.45120192264150943 0.38862179500000005 0.4442307688679245 0.376762820625 0.4442307688679245 0.373237179375 0.446875 0.37163461562499994 0.45120192264150943 0.37003205125 0.4632211537735849 0.370833333125 0.46682692264150943 0.373237179375 0.46971153867924526 0.380608974375 0.47067307735849057 0.386698718125 0.46971153867924526 0.3911858975 0.4651442311320755 0.393269230625 0.45889423113207545 0.39246794875 0.45120192264150943
9 0.32996794875 0.4855769226415095 0.3275641025 0.4848557688679246 0.321955128125 0.48677884622641515 0.312179486875 0.4939903849056604 0.31201923062500003 0.49495192264150945 0.311378205 0.5055288462264151 0.314262820625 0.5108173075471698 0.31746794875 0.5122596150943396 0.3275641025 0.5098557688679246 0.33253205125 0.5036057688679246 0.334455128125 0.49807692264150943 0.33253205125 0.4896634613207547 0.32996794875 0.4855769226415095
9 0.35897435875 0.7072115386792452 0.35641025625 0.7021634613207547 0.349679486875 0.7 0.3375 0.7012019226415095 0.33589743562499996 0.7033653849056604 0.33397435875 0.7088942311320754 0.33413461562499996 0.7146634613207548 0.33589743562499996 0.71875 0.34711538437500006 0.7245192311320754 0.353205128125 0.7240384613207548 0.35608974375 0.721875 0.35833333312500004 0.7182692311320754 0.35945512812499997 0.7105769226415094 0.35897435875 0.7072115386792452
9 0.48445512812499997 0.6629807688679246 0.48365384624999996 0.6576923075471699 0.48221153875 0.6540865386792453 0.47852564125 0.6507211537735849 0.47115384624999995 0.6473557688679246 0.46666666687499997 0.646875 0.4625 0.6492788462264151 0.460416666875 0.6528846150943396 0.45993589749999997 0.6543269226415095 0.46073717937499997 0.6581730773584905 0.46474359 0.6665865386792452 0.46666666687499997 0.66875 0.47788461562499995 0.6737980773584905 0.48141025625 0.6725961537735848 0.48349359 0.6692307688679245 0.48445512812499997 0.6629807688679246
1 0.563621795 0.7132211537735849 0.5608974356249999 0.7048076924528301 0.556730769375 0.7004807688679245 0.549198718125 0.6975961537735849 0.544551281875 0.6978365386792452 0.54022435875 0.7 0.5314102562499999 0.709375 0.526923076875 0.7168269226415095 0.524679486875 0.7262019226415094 0.52483974375 0.7341346150943396 0.5266025643750001 0.7399038462264151 0.529166666875 0.7442307688679246 0.533012820625 0.7471153849056604 0.537019230625 0.7478365386792453 0.540865384375 0.7471153849056604 0.564583333125 0.7283653849056604 0.563621795 0.7132211537735849
9 0.58397435875 0.6387019226415095 0.582852564375 0.6317307688679246 0.579487179375 0.6259615386792453 0.576121795 0.6254807688679246 0.5625 0.6319711537735849 0.5605769231250001 0.6338942311320754 0.560416666875 0.6391826924528301 0.5623397437500001 0.6447115386792452 0.56474359 0.6471153849056605 0.572115384375 0.6497596150943395 0.576602564375 0.65 0.580128205 0.6485576924528301 0.582371795 0.6447115386792452 0.58397435875 0.6387019226415095