1 0.47580128187500004 0.22836538490566038 0.48028846125 0.2204326924528302 0.48429487187500003 0.2108173075471698 0.48525641 0.20528846132075473 0.48525641 0.20096153867924527 0.48253205125 0.1918269226415094 0.46266025624999996 0.153125 0.45897435875 0.1536057688679245 0.42772435875 0.19254807735849058 0.42516025625 0.19951923113207548 0.42483974375 0.20120192264150943 0.42756410250000004 0.2139423075471698 0.435576923125 0.23100961509433962 0.443108974375 0.23725961509433963 0.45416666687499996 0.24110576886792454 0.463141025625 0.24014423113207548 0.47083333312500003 0.23485576886792453 0.47580128187500004 0.22836538490566038
6 0.37548076937499997 0.38485576886792455 0.37291666687499997 0.37764423113207546 0.351121795 0.33028846132075473 0.349358974375 0.3283653849056604 0.33461538437500005 0.32548076886792454 0.324519230625 0.32548076886792454 0.2713141025 0.3298076924528302 0.24102564125 0.33389423113207545 0.22756410249999998 0.3451923075471698 0.216826923125 0.3634615386792453 0.204647435625 0.4079326924528302 0.20496794875 0.421875 0.21650641 0.4362980773584905 0.31057692312499996 0.44807692264150945 0.3150641025 0.4471153849056604 0.37259615375000005 0.4086538462264151 0.37516025625 0.40432692264150943 0.376602564375 0.39375 0.37548076937499997 0.38485576886792455
6 0.49647435875 0.43533653867924527 0.50528846125 0.41201923113207545 0.52227564125 0.3610576924528302 0.5238782049999999 0.35432692264150945 0.5229166668749999 0.3298076924528302 0.52147435875 0.3192307688679245 0.51634615375 0.30264423113207545 0.50977564125 0.290625 0.50608974375 0.2884615386792453 0.478205128125 0.28557692264150947 0.474519230625 0.2879807688679245 0.470512820625 0.29471153867924527 0.431730769375 0.48605769245283015 0.432852564375 0.49447115377358486 0.4349358975 0.49711538490566043 0.441987179375 0.5019230773584905 0.44711538437500004 0.5012019226415094 0.45897435875 0.49447115377358486 0.49006410250000004 0.44807692264150945 0.49647435875 0.43533653867924527
9 0.654166666875 0.37211538490566043 0.645833333125 0.3576923075471698 0.6423076925 0.35432692264150945 0.6161858975 0.34951923113207545 0.610897435625 0.3497596150943396 0.607371795 0.35120192264150946 0.60272435875 0.36201923113207546 0.600801281875 0.3704326924528302 0.6011217950000001 0.37692307735849057 0.603365384375 0.3805288462264151 0.612019230625 0.38317307735849054 0.64278846125 0.3850961537735849 0.653205128125 0.3822115386792453 0.654326923125 0.3810096150943396 0.654647435625 0.37764423113207546 0.654166666875 0.37211538490566043
1 0.6713141025 0.48653846132075473 0.6722756412500001 0.4704326924528302 0.6701923075 0.4622596150943396 0.66602564125 0.45504807735849057 0.655769230625 0.4466346150943396 0.64647435875 0.4451923075471698 0.640705128125 0.4495192311320755 0.6375 0.45360576886792453 0.634615384375 0.4598557688679245 0.6326923074999999 0.46778846132075474 0.6323717950000001 0.4721153849056604 0.633173076875 0.4795673075471698 0.634615384375 0.48533653867924526 0.636858974375 0.48894230754716983 0.64246794875 0.4961538462264151 0.654166666875 0.5019230773584905 0.670512820625 0.4884615386792453 0.6713141025 0.48653846132075473
9 0.65096153875 0.5675480773584906 0.63846153875 0.5680288462264151 0.63108974375 0.5697115386792453 0.6258012818750001 0.5713942311320754 0.623237179375 0.5740384613207548 0.620512820625 0.5838942311320754 0.61971153875 0.590625 0.61971153875 0.5956730773584905 0.6269230768749999 0.5983173075471698 0.634615384375 0.5990384613207548 0.65352564125 0.5927884613207547 0.662019230625 0.5841346150943396 0.662019230625 0.5790865386792453 0.6607371793750001 0.5757211537735849 0.65096153875 0.5675480773584906
2 0.59775641 0.7711538462264151 0.5963141025 0.765625 0.591987179375 0.75625 0.584134615625 0.7415865386792453 0.57996794875 0.7358173075471699 0.57003205125 0.7269230773584906 0.560416666875 0.7230769226415095 0.548237179375 0.7221153849056604 0.5407051281249999 0.7247596150943396 0.530128205 0.7350961537735848 0.529487179375 0.7360576924528301 0.5298076925 0.740625 0.5328525643750001 0.7451923075471698 0.537019230625 0.7490384613207547 0.5900641025 0.7817307688679246 0.595512820625 0.7819711537735848 0.596794871875 0.7790865386792453 0.59775641 0.7711538462264151
9 0.395833333125 0.7600961537735849 0.394230769375 0.7538461537735849 0.3911858975 0.7507211537735848 0.38461538437500004 0.7507211537735848 0.38108974375000004 0.7543269226415095 0.38028846125 0.7576923075471699 0.38012820499999994 0.7637019226415095 0.382371795 0.7798076924528301 0.38477564125 0.7826923075471699 0.38846153875 0.7836538462264151 0.391987179375 0.7817307688679246 0.394871795 0.7716346150943396 0.395833333125 0.7637019226415095 0.395833333125 0.7600961537735849
9 0.32852564125 0.7473557688679245 0.325801281875 0.7401442311320754 0.32259615375 0.7387019226415095 0.31778846125 0.7401442311320754 0.31602564125 0.74375 0.314102564375 0.7552884613207548 0.314262820625 0.7634615386792453 0.315544871875 0.7677884613207547 0.31714743562500003 0.7697115386792452 0.32259615375 0.7713942311320754 0.327884615625 0.7673076924528301 0.32884615375000004 0.7634615386792453 0.329326923125 0.7555288462264151 0.32852564125 0.7473557688679245
9 0.360737179375 0.6144230773584906 0.35833333312500004 0.6108173075471699 0.345673076875 0.609375 0.3411858975 0.6127403849056604 0.337980769375 0.6192307688679246 0.33766025624999996 0.6233173075471699 0.33878205125 0.6271634613207547 0.34246794875 0.6314903849056605 0.3463141025 0.6326923075471699 0.358012820625 0.6269230773584905 0.3610576925 0.6230769226415095 0.36153846125 0.61875 0.360737179375 0.6144230773584906
9 0.287019230625 0.6021634613207547 0.28525641 0.5985576924528302 0.28269230749999996 0.5963942311320755 0.2786858975 0.5959134613207547 0.274679486875 0.5987980773584906 0.273397435625 0.6019230773584906 0.273076923125 0.6076923075471699 0.274519230625 0.6129807688679246 0.280929486875 0.6240384613207547 0.28317307687500004 0.6264423075471699 0.287179486875 0.6266826924528301 0.28990384625 0.6228365386792453 0.28990384625 0.6149038462264151 0.287019230625 0.6021634613207547
9 0.221634615625 0.5338942311320755 0.21282051312499997 0.5254807688679246 0.206891025625 0.525 0.205128205 0.5262019226415094 0.20352564125 0.5290865386792453 0.20224359 0.5329326924528301 0.20272435875 0.5401442311320754 0.20625 0.5449519226415095 0.21907051312499998 0.5480769226415094 0.22371794874999998 0.546875 0.225 0.5449519226415095 0.22516025625000002 0.5408653849056604 0.221634615625 0.5338942311320755