6 0.5019230768749999 0.1954326924528302 0.48221153875 0.19975961509433962 0.43974359 0.22836538490566038 0.42227564125 0.24807692264150946 0.40416666687499997 0.28197115377358495 0.403365384375 0.2865384613207547 0.40352564125 0.2956730773584905 0.409294871875 0.29783653867924526 0.46666666687499997 0.2908653849056604 0.516987179375 0.23629807735849057 0.5139423075 0.20096153867924527 0.51153846125 0.19711538490566038 0.50625 0.1954326924528302 0.5019230768749999 0.1954326924528302
14 0.2963141025 0.3264423075471698 0.290544871875 0.31033653867924527 0.28621794875 0.31033653867924527 0.27884615375 0.31826923113207545 0.273076923125 0.33942307735849053 0.27227564125000003 0.34567307735849057 0.275320513125 0.3502403849056604 0.284294871875 0.3502403849056604 0.290865384375 0.34879807735849055 0.292628205 0.3471153849056604 0.296634615625 0.3382211537735849 0.29727564125 0.3317307688679245 0.2963141025 0.3264423075471698
15 0.341987179375 0.4961538462264151 0.34487179500000004 0.48653846132075473 0.3463141025 0.46682692264150943 0.345352564375 0.4625 0.337820513125 0.4483173075471698 0.33381410250000004 0.4427884613207547 0.3298076925 0.44038461509433957 0.318108974375 0.44014423113207546 0.31266025625 0.4415865386792453 0.307371795 0.4451923075471698 0.303205128125 0.45096153867924527 0.30016025625000003 0.4625 0.299519230625 0.46778846132075474 0.299519230625 0.47860576886792455 0.30128205125 0.48605769245283015 0.30608974375 0.49423076886792455 0.31201923062500003 0.49903846132075474 0.32900641 0.5055288462264151 0.33397435875 0.5057692311320754 0.33942307687499995 0.5014423075471699 0.341987179375 0.4961538462264151
15 0.35737179500000005 0.6129807688679246 0.360737179375 0.6 0.361698718125 0.5915865386792453 0.35945512812499997 0.5877403849056604 0.35096153874999997 0.578125 0.34150641 0.5725961537735849 0.3375 0.5721153849056604 0.328365384375 0.5740384613207548 0.32211538437500004 0.5783653849056604 0.31746794875 0.5865384613207547 0.31474359 0.5956730773584905 0.314262820625 0.6072115386792453 0.315865384375 0.6151442311320754 0.318108974375 0.6211538462264151 0.325480769375 0.6310096150943396 0.33509615375 0.634375 0.3411858975 0.6326923075471699 0.34519230749999996 0.6298076924528302 0.35737179500000005 0.6129807688679246
1 0.38477564125 0.7298076924528302 0.38862179500000005 0.7206730773584905 0.38958333312500004 0.7048076924528301 0.38461538437500004 0.6915865386792452 0.349519230625 0.6930288462264151 0.34022435875 0.7127403849056604 0.3389423075 0.7201923075471699 0.339102564375 0.7288461537735849 0.34038461562499994 0.7324519226415095 0.34503205125 0.7382211537735849 0.35721153875 0.7442307688679246 0.36506410250000004 0.7451923075471698 0.369070513125 0.7444711537735849 0.37291666687499997 0.7418269226415094 0.38477564125 0.7298076924528302
11 0.396794871875 0.5134615386792453 0.38766025625 0.5322115386792453 0.387019230625 0.5360576924528302 0.38685897437500005 0.5449519226415095 0.38782051312500004 0.5480769226415094 0.392147435625 0.5504807688679246 0.396794871875 0.5487980773584905 0.40192307687499995 0.5298076924528301 0.40288461562499994 0.5134615386792453 0.400320513125 0.5108173075471698 0.396794871875 0.5134615386792453
11 0.40384615375000005 0.5430288462264151 0.4014423075 0.5449519226415095 0.4 0.5478365386792453 0.399679486875 0.5487980773584905 0.404326923125 0.5548076924528301 0.41987179500000005 0.5516826924528302 0.42179487187500003 0.5502403849056604 0.42483974375 0.5447115386792453 0.42371794875 0.5413461537735849 0.41153846125 0.5413461537735849 0.40384615375000005 0.5430288462264151
14 0.458012820625 0.47091346132075473 0.4576923075 0.46658653867924527 0.4548076925 0.4617788462264151 0.45112179500000005 0.4596153849056604 0.44839743562499995 0.46057692264150946 0.43108974375000003 0.49447115377358486 0.43028846125000003 0.49831730754716985 0.43141025624999996 0.5016826924528301 0.43653846125 0.5045673075471698 0.43958333312500003 0.5045673075471698 0.45112179500000005 0.4973557688679246 0.45304487187500003 0.4939903849056604 0.455448718125 0.48605769245283015 0.458012820625 0.47091346132075473
9 0.519871795 0.43846153867924526 0.518108974375 0.43557692264150943 0.513621795 0.43245192264150945 0.509294871875 0.4319711537735849 0.504166666875 0.4350961537735849 0.50240384625 0.43822115377358495 0.501121795 0.4439903849056604 0.5008012818750001 0.44735576886792455 0.50240384625 0.4689903849056604 0.50400641 0.47451923113207545 0.50865384625 0.4788461537735849 0.514262820625 0.478125 0.5160256412500001 0.4752403849056604 0.51858974375 0.46682692264150943 0.519871795 0.43846153867924526
11 0.53878205125 0.31826923113207545 0.5368589743750001 0.31634615377358494 0.5302884612500001 0.3221153849056604 0.530128205 0.3266826924528302 0.530929486875 0.33004807735849057 0.539102564375 0.34326923113207547 0.544871795 0.34591346132075473 0.54615384625 0.3449519226415095 0.546794871875 0.3413461537735849 0.545833333125 0.3377403849056604 0.53878205125 0.31826923113207545
14 0.588621795 0.3367788462264151 0.579166666875 0.32716346132075474 0.5777243587499999 0.3278846150943396 0.558173076875 0.3548076924528302 0.5578525643750001 0.35745192264150943 0.561378205 0.3685096150943396 0.563621795 0.3701923075471698 0.56858974375 0.37115384622641506 0.587820513125 0.35889423113207547 0.591987179375 0.34951923113207545 0.5921474356249999 0.3454326924528302 0.588621795 0.3367788462264151
14 0.71266025625 0.29903846132075473 0.70016025625 0.32548076886792454 0.700641025625 0.3278846150943396 0.7027243587499999 0.33004807735849057 0.70496794875 0.3305288462264151 0.70897435875 0.3278846150943396 0.7169871793750001 0.31057692264150943 0.717628205 0.3064903849056604 0.716666666875 0.3024038462264151 0.71266025625 0.29903846132075473
21 0.725 0.4879807688679246 0.724679486875 0.4742788462264151 0.720673076875 0.45889423113207545 0.7142628206249999 0.45096153867924527 0.7014423075 0.4389423075471698 0.68221153875 0.42764423113207545 0.672916666875 0.42764423113207545 0.6605769231249999 0.4314903849056604 0.6560897437500001 0.43557692264150943 0.634134615625 0.5276442311320754 0.634134615625 0.5334134613207547 0.64246794875 0.5495192311320755 0.69727564125 0.5915865386792453 0.7008012818749999 0.5932692311320754 0.70528846125 0.5920673075471699 0.707051281875 0.5877403849056604 0.723878205 0.5134615386792453 0.725 0.4879807688679246
17 0.577083333125 0.5663461537735849 0.57227564125 0.5615384613207547 0.502083333125 0.5971153849056604 0.5001602562499999 0.5997596150943396 0.494070513125 0.6151442311320754 0.50977564125 0.6350961537735849 0.53974359 0.6658653849056604 0.5525641025 0.6685096150943396 0.59615384625 0.6478365386792453 0.5983974356249999 0.6456730773584906 0.59983974375 0.5985576924528302 0.577083333125 0.5663461537735849
20 0.704326923125 0.7069711537735849 0.71522435875 0.7024038462264152 0.715384615625 0.7012019226415095 0.7125 0.6973557688679246 0.6584935900000001 0.6564903849056604 0.65384615375 0.6569711537735848 0.6479166668749999 0.6617788462264151 0.6456730768750001 0.6661057688679246 0.645352564375 0.6704326924528301 0.6463141025 0.678125 0.64903846125 0.6853365386792453 0.658173076875 0.6966346150943395 0.667948718125 0.7057692311320755 0.674679486875 0.7084134613207548 0.685416666875 0.7098557688679246 0.704326923125 0.7069711537735849