21 0.599198718125 0.11514423113207548 0.59727564125 0.11105769245283019 0.5213141025 0.0711538462264151 0.504326923125 0.06850961509433963 0.4826923075 0.07235576886792452 0.42724359 0.10336538490566037 0.42259615375000004 0.10769230754716981 0.420512820625 0.11418269245283019 0.420352564375 0.11923076886792452 0.43108974375000003 0.20913461509433962 0.443269230625 0.2211538462264151 0.47836538437500004 0.2451923075471698 0.586858974375 0.2204326924528302 0.594871795 0.21057692264150943 0.60608974375 0.16586538490566038 0.599198718125 0.11514423113207548
13 0.764262820625 0.2764423075471698 0.7641025643749999 0.26298076886792454 0.76346153875 0.25576923113207545 0.7610576925 0.24423076886792452 0.752083333125 0.2230769226415094 0.74150641 0.20432692264150942 0.7363782050000001 0.20168269245283021 0.7294871793750001 0.203125 0.716666666875 0.2141826924528302 0.715384615625 0.21730769245283021 0.7150641025 0.22403846132075472 0.7205128206249999 0.25576923113207545 0.7294871793750001 0.28028846132075474 0.735576923125 0.29110576886792455 0.7400641025 0.2951923075471698 0.748076923125 0.29975961509433957 0.76346153875 0.2860576924528302 0.764262820625 0.2764423075471698
3 0.6150641025 0.2439903849056604 0.6097756412500001 0.2439903849056604 0.60753205125 0.2451923075471698 0.606570513125 0.2471153849056604 0.60641025625 0.28028846132075474 0.608173076875 0.2879807688679245 0.630769230625 0.31826923113207545 0.6402243587499999 0.31442307735849057 0.6544871793750001 0.29495192264150943 0.6451923075 0.27908653867924527 0.624679486875 0.25072115377358495 0.6150641025 0.2439903849056604
3 0.54503205125 0.34182692264150943 0.541826923125 0.3377403849056604 0.537179486875 0.3350961537735849 0.49006410250000004 0.3235576924528302 0.475641025625 0.33004807735849057 0.41378205125 0.3990384613207547 0.413621795 0.4002403849056604 0.44599359 0.4742788462264151 0.44727564125 0.4757211537735849 0.525801281875 0.42379807735849057 0.531570513125 0.4173076924528302 0.5331730768749999 0.4139423075471698 0.5463141025 0.3454326924528302 0.54503205125 0.34182692264150943
13 0.37147435875 0.33389423113207545 0.36522435875 0.33100961509433957 0.360897435625 0.33076923113207546 0.35352564125 0.3348557688679245 0.35096153874999997 0.3377403849056604 0.33477564125000003 0.36514423113207545 0.355769230625 0.43557692264150943 0.35721153875 0.43846153867924526 0.412179486875 0.42139423113207547 0.41426282062500003 0.4158653849056604 0.414583333125 0.39639423113207545 0.38285256437500004 0.34567307735849057 0.37147435875 0.33389423113207545
13 0.37115384625 0.4627403849056604 0.369391025625 0.4622596150943396 0.349519230625 0.4622596150943396 0.29471153875 0.478125 0.28974359 0.48605769245283015 0.287820513125 0.49423076886792455 0.287820513125 0.5019230773584905 0.29102564125 0.5129807688679245 0.306570513125 0.5283653849056604 0.3298076925 0.5454326924528301 0.345673076875 0.5466346150943396 0.366666666875 0.5213942311320754 0.373076923125 0.4663461537735849 0.37115384625 0.4627403849056604
3 0.473397435625 0.5211538462264151 0.46762820499999996 0.5110576924528302 0.45096153875 0.4961538462264151 0.44727564125 0.4939903849056604 0.439102564375 0.49302884622641513 0.430929486875 0.49543269245283017 0.41971153875 0.5127403849056604 0.41714743562499995 0.5211538462264151 0.416987179375 0.5252403849056604 0.42756410250000004 0.5471153849056604 0.43541666687499997 0.55625 0.43717948687499997 0.5572115386792452 0.44375 0.5579326924528302 0.46346153875 0.5569711537735849 0.473397435625 0.5451923075471699 0.473397435625 0.5211538462264151
20 0.5125 0.5644230773584905 0.5099358975 0.5603365386792453 0.505929486875 0.5567307688679246 0.49775641 0.5579326924528302 0.48237179500000005 0.5639423075471699 0.48125 0.5665865386792452 0.48108974375 0.5682692311320754 0.48717948687499996 0.5759615386792453 0.49022435875 0.5788461537735848 0.49375 0.5798076924528301 0.508173076875 0.5774038462264152 0.511698718125 0.5733173075471698 0.512820513125 0.5692307688679246 0.5125 0.5644230773584905
1 0.599519230625 0.4326923075471698 0.60224359 0.41995192264150943 0.60224359 0.415625 0.599519230625 0.41009615377358494 0.57275641 0.4038461537735849 0.570352564375 0.40432692264150943 0.560416666875 0.4117788462264151 0.55897435875 0.4177884613207547 0.5588141025 0.4286057688679245 0.56025641 0.4360576924528302 0.56971153875 0.4471153849056604 0.576121795 0.4519230773584905 0.583333333125 0.453125 0.5875 0.45216346132075474 0.5929487181249999 0.4471153849056604 0.599519230625 0.4326923075471698
9 0.6695512818749999 0.5117788462264151 0.6703525643749999 0.5105769226415094 0.690544871875 0.4497596150943396 0.68990384625 0.44326923113207545 0.685416666875 0.4387019226415095 0.67003205125 0.4338942311320755 0.6173076925000001 0.4329326924528302 0.61121794875 0.43485576886792454 0.6097756412500001 0.4391826924528302 0.609455128125 0.44375 0.610416666875 0.4483173075471698 0.6150641025 0.4576923075471698 0.61891025625 0.4632211537735849 0.649358974375 0.5019230773584905 0.65977564125 0.5098557688679246 0.665865384375 0.5125 0.6695512818749999 0.5117788462264151
15 0.8150641025 0.6057692311320754 0.8219551281249999 0.6052884613207548 0.827083333125 0.6033653849056604 0.8346153843749999 0.5963942311320755 0.8415064099999999 0.5877403849056604 0.85096153875 0.5733173075471698 0.858333333125 0.5487980773584905 0.86522435875 0.5182692311320755 0.8663461537499999 0.5028846150943396 0.86602564125 0.4704326924528302 0.862980769375 0.45504807735849057 0.86121794875 0.45096153867924527 0.840544871875 0.4139423075471698 0.8301282050000001 0.4021634613207547 0.814583333125 0.39158653867924526 0.80096153875 0.38798076886792454 0.787019230625 0.38966346132075474 0.780769230625 0.3918269226415095 0.76346153875 0.40192307735849053 0.7556089743750001 0.40817307735849057 0.748076923125 0.4170673075471698 0.7400641025 0.4314903849056604 0.7338141025 0.4620192311320755 0.7336538462500001 0.4675480773584905 0.735737179375 0.4939903849056604 0.74358974375 0.5213942311320754 0.751602564375 0.5358173075471698 0.79102564125 0.5930288462264152 0.7991987181250001 0.6 0.8054487181250001 0.6033653849056604 0.8150641025 0.6057692311320754
7 0.7339743587499999 0.7608173075471698 0.737820513125 0.7528846150943396 0.744070513125 0.7334134613207547 0.7471153843749999 0.7209134613207547 0.74759615375 0.7125 0.744871795 0.7007211537735849 0.715544871875 0.6036057688679246 0.7131410256249999 0.5990384613207548 0.709134615625 0.5951923075471699 0.7011217949999999 0.5956730773584905 0.697115384375 0.5992788462264151 0.69134615375 0.6072115386792453 0.689423076875 0.6192307688679246 0.6889423075000001 0.6233173075471699 0.6988782050000001 0.7831730773584905 0.7008012818749999 0.7870192311320754 0.701762820625 0.7870192311320754 0.705929486875 0.7858173075471698 0.719230769375 0.7757211537735849 0.730769230625 0.7651442311320754 0.7339743587499999 0.7608173075471698
4 0.6479166668749999 0.6927884613207548 0.65384615375 0.68125 0.656570513125 0.6735576924528301 0.6584935900000001 0.6627403849056605 0.6572115387499999 0.6463942311320754 0.6548076924999999 0.6350961537735849 0.630769230625 0.5576923075471698 0.6269230768749999 0.5557692311320754 0.626121795 0.5564903849056604 0.618108974375 0.6576923075471699 0.61858974375 0.6697115386792453 0.620833333125 0.68125 0.6230769231250001 0.6882211537735848 0.6248397437500001 0.6911057688679246 0.63108974375 0.6956730773584906 0.64278846125 0.6956730773584906 0.6479166668749999 0.6927884613207548
13 0.548878205 0.6740384613207547 0.5525641025 0.6634615386792453 0.55721153875 0.6475961537735849 0.560416666875 0.6283653849056604 0.55977564125 0.6262019226415094 0.556730769375 0.6240384613207547 0.54871794875 0.6237980773584906 0.50240384625 0.6360576924528302 0.49663461562499994 0.6425480773584905 0.49647435875 0.6463942311320754 0.500641025625 0.6776442311320754 0.50753205125 0.7127403849056604 0.51378205125 0.7153846150943396 0.5173076925 0.7139423075471698 0.5229166668749999 0.7091346150943396 0.543269230625 0.6853365386792453 0.548878205 0.6740384613207547
10 0.423237179375 0.7418269226415094 0.43125 0.7413461537735849 0.439423076875 0.7375 0.44711538437500004 0.7271634613207547 0.449198718125 0.7199519226415094 0.449679486875 0.7149038462264151 0.449679486875 0.7079326924528302 0.447916666875 0.6971153849056604 0.396955128125 0.6069711537735849 0.39262820499999995 0.6045673075471698 0.38621794875 0.6040865386792452 0.37275641 0.6098557688679246 0.35945512812499997 0.6245192311320754 0.358012820625 0.6266826924528301 0.35560897437500005 0.6348557688679246 0.35224359 0.6497596150943395 0.35336538437500004 0.6651442311320754 0.35528846125 0.6737980773584905 0.360737179375 0.6891826924528301 0.38253205125 0.7209134613207547 0.391987179375 0.7290865386792452 0.40480769250000004 0.7370192311320755 0.423237179375 0.7418269226415094