2 0.278205128125 0.33028846132075473 0.284134615625 0.3028846150943396 0.284134615625 0.2985576924528302 0.282852564375 0.29423076886792454 0.27932692312499996 0.2908653849056604 0.275320513125 0.29423076886792454 0.216826923125 0.403125 0.21618589750000003 0.4060096150943396 0.21666666687500002 0.41057692264150947 0.220352564375 0.4132211537735849 0.22483974375 0.4132211537735849 0.23269230749999997 0.4108173075471698 0.24022435875 0.4048076924528302 0.257852564375 0.3846153849056604 0.26907051312499997 0.36129807735849057 0.278205128125 0.33028846132075473
1 0.49391025624999996 0.11586538490566037 0.47884615375 0.11105769245283019 0.47019230749999996 0.11105769245283019 0.46233974375000003 0.11418269245283019 0.45032051312500004 0.1225961537735849 0.43814102562499996 0.1423076924528302 0.435576923125 0.15024038490566038 0.43541666687499997 0.15336538490566037 0.43541666687499997 0.1588942311320755 0.44022435875 0.1649038462264151 0.4423076925 0.16610576886792452 0.44743589749999996 0.1663461537735849 0.494070513125 0.1514423075471698 0.5046474356249999 0.13846153867924527 0.5019230768749999 0.12235576886792453 0.49391025624999996 0.11586538490566037
9 0.51971153875 0.3401442311320755 0.51746794875 0.3370192311320755 0.513141025625 0.3377403849056604 0.508012820625 0.34567307735849057 0.5038461537500001 0.3576923075471698 0.5038461537500001 0.36514423113207545 0.506570513125 0.3704326924528302 0.512820513125 0.3725961537735849 0.51650641 0.37067307735849053 0.51858974375 0.3670673075471698 0.519871795 0.3610576924528302 0.520673076875 0.3451923075471698 0.51971153875 0.3401442311320755
1 0.669391025625 0.34302884622641505 0.67403846125 0.33870192264150945 0.6780448718750001 0.33317307735849055 0.68477564125 0.3180288462264151 0.688301281875 0.3064903849056604 0.687820513125 0.29735576886792453 0.685416666875 0.2884615386792453 0.681570513125 0.2814903849056604 0.630128205 0.2814903849056604 0.6248397437500001 0.28317307735849057 0.6233974356249999 0.32620192264150943 0.6298076925 0.33798076886792455 0.635416666875 0.3454326924528302 0.639262820625 0.3483173075471698 0.645833333125 0.35 0.65384615375 0.35 0.66233974375 0.3473557688679245 0.669391025625 0.34302884622641505
13 0.6264423075 0.4627403849056604 0.6230769231250001 0.4579326924528302 0.618108974375 0.45889423113207545 0.60400641 0.47620192264150946 0.60224359 0.4798076924528302 0.601923076875 0.4838942311320754 0.603365384375 0.48990384622641514 0.60641025625 0.49423076886792455 0.6110576925 0.49807692264150943 0.630769230625 0.5002403849056604 0.631891025625 0.49831730754716985 0.631891025625 0.4939903849056604 0.6264423075 0.4627403849056604
9 0.656570513125 0.43966346132075473 0.65625 0.4358173075471698 0.6544871793750001 0.43245192264150945 0.649358974375 0.4278846150943396 0.6463141025 0.42764423113207545 0.638141025625 0.4298076924528302 0.63621794875 0.4319711537735849 0.6350961537500001 0.43533653867924527 0.635416666875 0.4430288462264151 0.636698718125 0.4454326924528302 0.64246794875 0.45024038490566043 0.64615384625 0.4514423075471698 0.650320513125 0.45048076886792454 0.6522435900000001 0.44879807735849053 0.655608974375 0.4435096150943396 0.656570513125 0.43966346132075473
9 0.6974358975 0.5024038462264151 0.6931089743750001 0.5019230773584905 0.6846153843749999 0.5069711537735849 0.682852564375 0.5096153849056604 0.680769230625 0.515625 0.681730769375 0.5223557688679246 0.6830128206249999 0.5245192311320754 0.697916666875 0.5252403849056604 0.69903846125 0.5247596150943395 0.703365384375 0.5173076924528301 0.7036858975 0.5127403849056604 0.70128205125 0.5052884613207548 0.6974358975 0.5024038462264151
9 0.702884615625 0.584375 0.7008012818749999 0.5774038462264152 0.685416666875 0.5694711537735849 0.681730769375 0.5682692311320754 0.6775641025 0.5685096150943396 0.6713141025 0.5709134613207547 0.66875 0.5735576924528302 0.6673076925 0.5786057688679246 0.66634615375 0.5834134613207548 0.667147435625 0.5915865386792453 0.669230769375 0.5956730773584905 0.67371794875 0.6 0.697115384375 0.6040865386792452 0.7011217949999999 0.5992788462264151 0.702884615625 0.5954326924528301 0.702884615625 0.584375
1 0.693269230625 0.7033653849056604 0.6974358975 0.69375 0.70128205125 0.6742788462264151 0.7011217949999999 0.6615384613207548 0.69727564125 0.6492788462264151 0.693269230625 0.6439903849056604 0.685576923125 0.6451923075471698 0.67772435875 0.6502403849056604 0.650320513125 0.6846153849056604 0.65096153875 0.7120192311320754 0.6536858975 0.7206730773584905 0.657371795 0.7252403849056605 0.66233974375 0.728125 0.67003205125 0.7286057688679246 0.6738782050000001 0.7274038462264151 0.6818910256249999 0.7211538462264151 0.693269230625 0.7033653849056604
1 0.5314102562499999 0.5774038462264152 0.5266025643750001 0.5747596150943396 0.51746794875 0.5737980773584905 0.512820513125 0.5752403849056604 0.509134615625 0.5778846150943396 0.49983974375 0.5911057688679245 0.498237179375 0.6 0.49967948687499997 0.6192307688679246 0.5019230768749999 0.6286057688679246 0.5094551281249999 0.6415865386792453 0.51746794875 0.6461538462264151 0.53349359 0.6072115386792453 0.5349358975 0.5956730773584905 0.5350961537500001 0.5836538462264151 0.5314102562499999 0.5774038462264152
1 0.5009615387499999 0.5168269226415094 0.5025641025 0.5064903849056605 0.50224359 0.4973557688679246 0.49903846125 0.48918269245283014 0.494070513125 0.48533653867924526 0.489423076875 0.4846153849056604 0.48221153875 0.48581730754716984 0.461858974375 0.4973557688679246 0.45849359 0.5019230773584905 0.4536858975 0.5129807688679245 0.457051281875 0.5293269226415095 0.46634615375000005 0.5415865386792452 0.4724358975 0.5461538462264152 0.482051281875 0.5459134613207547 0.48637820499999995 0.5432692311320754 0.49102564125000003 0.5384615386792453 0.499198718125 0.5223557688679246 0.5009615387499999 0.5168269226415094
1 0.48349359 0.6853365386792453 0.48541666687499996 0.6704326924528301 0.48141025625 0.6615384613207548 0.47836538437500004 0.6596153849056604 0.44711538437500004 0.6591346150943396 0.43878205125 0.6617788462264151 0.434294871875 0.665625 0.43413461562499994 0.6699519226415095 0.439102564375 0.6894230773584905 0.441987179375 0.6932692311320754 0.45096153875 0.7 0.46602564125 0.7052884613207547 0.470673076875 0.7040865386792453 0.480929486875 0.6908653849056604 0.48349359 0.6853365386792453
1 0.32067307687499996 0.5408653849056604 0.32243589749999996 0.5370192311320754 0.32259615375 0.5002403849056604 0.318269230625 0.47451923113207545 0.31474359 0.4663461537735849 0.310416666875 0.46298076886792455 0.30272435875 0.4625 0.29759615375 0.4651442311320755 0.290865384375 0.471875 0.286858974375 0.4774038462264151 0.28317307687500004 0.4855769226415095 0.280929486875 0.49447115377358486 0.280608974375 0.5004807688679246 0.28173076937499997 0.5139423075471699 0.285576923125 0.5259615386792452 0.29102564125 0.5346153849056604 0.299198718125 0.5420673075471698 0.30608974375 0.5451923075471699 0.314583333125 0.5449519226415095 0.32067307687499996 0.5408653849056604
1 0.330769230625 0.7439903849056604 0.336858974375 0.7401442311320754 0.35016025624999997 0.7206730773584905 0.337820513125 0.7057692311320755 0.318269230625 0.6884615386792453 0.283333333125 0.6677884613207548 0.277083333125 0.6699519226415095 0.2713141025 0.6774038462264151 0.269551281875 0.6987980773584905 0.269551281875 0.7050480773584905 0.27083333312499996 0.7129807688679246 0.275320513125 0.721875 0.283012820625 0.7290865386792452 0.31442307687500004 0.7439903849056604 0.326602564375 0.7449519226415094 0.330769230625 0.7439903849056604