3 0.51778846125 0.15817307735849057 0.517628205 0.15432692264150943 0.46666666687499997 0.09302884622641511 0.42371794875 0.0836538462264151 0.404647435625 0.18894230754716979 0.40576923062500003 0.19399038490566037 0.408012820625 0.19735576886792452 0.44727564125 0.22163461509433963 0.46634615375000005 0.23221153867924527 0.488621795 0.24423076886792452 0.49775641 0.2439903849056604 0.51778846125 0.15817307735849057
1 0.66009615375 0.15817307735849057 0.6536858975 0.14639423113207548 0.64647435875 0.14158653867924528 0.636698718125 0.13966346132075472 0.63125 0.14014423113207547 0.60352564125 0.15504807735849058 0.591666666875 0.16826923113207548 0.5838141025 0.1891826924528302 0.582371795 0.20120192264150943 0.582371795 0.2086538462264151 0.585737179375 0.23245192264150943 0.589583333125 0.23798076886792452 0.5918269231250001 0.2382211537735849 0.5956730768749999 0.23653846132075473 0.662019230625 0.17932692264150943 0.66233974375 0.17307692264150942 0.66009615375 0.15817307735849057
6 0.69278846125 0.3766826924528302 0.71875 0.2600961537735849 0.712820513125 0.22019230754716979 0.7076923075 0.20889423113207548 0.7011217949999999 0.20432692264150942 0.68141025625 0.23028846132075473 0.661698718125 0.2668269226415095 0.66009615375 0.2913461537735849 0.662019230625 0.3483173075471698 0.6669871793750001 0.37283653867924527 0.6701923075 0.3846153849056604 0.6735576925 0.3891826924528302 0.677884615625 0.3903846150943396 0.6892628206249999 0.38846153867924527 0.69278846125 0.3766826924528302
9 0.724519230625 0.46442307735849053 0.7174679487500001 0.45096153867924527 0.70897435875 0.44326923113207545 0.696794871875 0.43653846132075474 0.6884615387499999 0.43557692264150943 0.6849358975 0.4372596150943396 0.68125 0.4420673075471698 0.67628205125 0.4519230773584905 0.675320513125 0.4545673075471698 0.675320513125 0.459375 0.6767628206249999 0.46658653867924527 0.7051282050000001 0.5173076924528301 0.721794871875 0.490625 0.724519230625 0.4826923075471698 0.725641025625 0.4711538462264151 0.724519230625 0.46442307735849053
6 0.52003205125 0.28701923113207545 0.517628205 0.28557692264150947 0.51346153875 0.28557692264150947 0.505929486875 0.29110576886792455 0.470512820625 0.3846153849056604 0.46474359 0.40817307735849057 0.573878205 0.3930288462264151 0.588301281875 0.3713942311320755 0.589423076875 0.3689903849056604 0.590705128125 0.3608173075471698 0.587820513125 0.3492788462264151 0.585737179375 0.3454326924528302 0.52003205125 0.28701923113207545
1 0.43365384625 0.3377403849056604 0.43541666687499997 0.32596153867924527 0.43141025624999996 0.3201923075471698 0.429166666875 0.3194711537735849 0.400641025625 0.3180288462264151 0.38461538437500004 0.31875 0.37836538437500006 0.3201923075471698 0.3713141025 0.32596153867924527 0.366666666875 0.3336538462264151 0.36618589749999997 0.3360576924528302 0.367628205 0.353125 0.373076923125 0.36370192264150947 0.38862179500000005 0.375 0.396794871875 0.37548076886792453 0.400320513125 0.37451923113207547 0.412179486875 0.36442307735849055 0.42772435875 0.34759615377358494 0.43365384625 0.3377403849056604
9 0.259134615625 0.3382211537735849 0.255448718125 0.3221153849056604 0.25192307687500004 0.31754807735849055 0.23621794875 0.3189903849056604 0.234455128125 0.3216346150943396 0.23365384625000002 0.3257211537735849 0.23221153875 0.34182692264150943 0.23605769250000003 0.3524038462264151 0.24679487187500002 0.3697115386792453 0.25192307687500004 0.3697115386792453 0.255608974375 0.36682692264150946 0.25849359 0.36129807735849057 0.2599358975 0.3485576924528302 0.259134615625 0.3382211537735849
15 0.255769230625 0.5370192311320754 0.25801282062500003 0.5326923075471699 0.259134615625 0.5134615386792453 0.257371795 0.5016826924528301 0.25384615374999997 0.4939903849056604 0.245352564375 0.4831730773584905 0.240544871875 0.4807692311320755 0.23365384625000002 0.48052884622641506 0.22756410249999998 0.4831730773584905 0.21971153875 0.49182692264150946 0.21490384625 0.5019230773584905 0.214102564375 0.5055288462264151 0.21426282062500002 0.5141826924528301 0.21666666687500002 0.5276442311320754 0.2201923075 0.534375 0.22467948687500003 0.5387019226415094 0.23205128187500002 0.5415865386792452 0.24791666687500002 0.5415865386792452 0.255769230625 0.5370192311320754
9 0.36522435875 0.5295673075471699 0.35833333312500004 0.5286057688679245 0.35256410250000003 0.53125 0.34871794875 0.5370192311320754 0.345673076875 0.5502403849056604 0.345673076875 0.5572115386792452 0.349519230625 0.5603365386792453 0.37291666687499997 0.5574519226415094 0.378205128125 0.5514423075471698 0.379647435625 0.5485576924528301 0.37884615375 0.5442307688679245 0.37291666687499997 0.534375 0.36522435875 0.5295673075471699
1 0.496955128125 0.48245192264150943 0.494070513125 0.4778846150943396 0.48653846125 0.47307692264150947 0.48141025625 0.4723557688679245 0.474358974375 0.4742788462264151 0.46362179500000006 0.48221153867924527 0.45897435875 0.4896634613207547 0.45865384625 0.4915865386792453 0.45849359 0.5115384613207548 0.45993589749999997 0.5252403849056604 0.46362179500000006 0.5300480773584906 0.47019230749999996 0.5307692311320754 0.47403846125 0.5278846150943396 0.49599359 0.4947115386792453 0.49775641 0.48581730754716984 0.496955128125 0.48245192264150943
6 0.576762820625 0.6658653849056604 0.577083333125 0.6579326924528301 0.57227564125 0.6228365386792453 0.568269230625 0.6149038462264151 0.5463141025 0.5790865386792453 0.5331730768749999 0.5725961537735849 0.49887820499999996 0.5689903849056605 0.494070513125 0.5692307688679246 0.48349359 0.5721153849056604 0.47836538437500004 0.5754807688679245 0.47227564125 0.5915865386792453 0.47227564125 0.6036057688679246 0.48189102562499997 0.6384615386792453 0.4849358975 0.6423076924528301 0.549519230625 0.6949519226415094 0.55272435875 0.6951923075471699 0.5548076925000001 0.6932692311320754 0.576762820625 0.6658653849056604
1 0.6775641025 0.6608173075471698 0.6796474356250001 0.653125 0.680929486875 0.6401442311320754 0.67900641 0.6266826924528301 0.6733974356250001 0.6149038462264151 0.641987179375 0.6293269226415095 0.635416666875 0.6384615386792453 0.63477564125 0.6425480773584905 0.634615384375 0.6463942311320754 0.636698718125 0.6538461537735849 0.638301281875 0.6576923075471699 0.64391025625 0.6658653849056604 0.65016025625 0.6713942311320754 0.6607371793750001 0.6735576924528301 0.67403846125 0.6661057688679246 0.6775641025 0.6608173075471698
9 0.43637820499999996 0.6620192311320754 0.43413461562499994 0.6533653849056604 0.431730769375 0.6514423075471698 0.42868589749999997 0.6528846150943396 0.41714743562499995 0.665625 0.41634615375 0.66875 0.416826923125 0.6855769226415095 0.418269230625 0.6901442311320755 0.423237179375 0.69375 0.4298076925 0.6932692311320754 0.433012820625 0.6908653849056604 0.43525641 0.6853365386792453 0.43701923062500003 0.6778846150943396 0.43637820499999996 0.6620192311320754
3 0.32628205125 0.7396634613207548 0.31714743562500003 0.6694711537735849 0.31378205125 0.6540865386792453 0.31057692312499996 0.6478365386792453 0.298397435625 0.6375 0.275480769375 0.6228365386792453 0.27083333312499996 0.6221153849056604 0.24759615375 0.6257211537735848 0.238621795 0.6307692311320754 0.214583333125 0.6853365386792453 0.2150641025 0.6879807688679246 0.275320513125 0.7399038462264151 0.294070513125 0.7480769226415095 0.301762820625 0.7490384613207547 0.32227564125 0.7475961537735849 0.32612179500000005 0.7444711537735849 0.32628205125 0.7396634613207548