21 0.40016025624999996 0.2901442311320755 0.383333333125 0.27139423113207545 0.37644230749999996 0.26826923113207546 0.3639423075 0.27139423113207545 0.35657051312500004 0.2752403849056604 0.346634615625 0.28317307735849057 0.33381410250000004 0.2966346150943396 0.302884615625 0.34567307735849057 0.30384615375 0.3492788462264151 0.33557692312500004 0.40841346132075473 0.33766025624999996 0.41057692264150947 0.34166666687499997 0.4103365386792453 0.4014423075 0.3733173075471698 0.400801281875 0.29423076886792454 0.40016025624999996 0.2901442311320755
1 0.561858974375 0.1514423075471698 0.556570513125 0.13533653867924528 0.54871794875 0.11971153867924529 0.537019230625 0.10769230754716981 0.5286858975 0.12644230754716979 0.528365384375 0.13533653867924528 0.530128205 0.14158653867924528 0.544551281875 0.1641826924528302 0.549358974375 0.16995192264150943 0.553205128125 0.1725961537735849 0.556730769375 0.17331730754716979 0.563141025625 0.16971153867924527 0.561858974375 0.1514423075471698
1 0.61153846125 0.24423076886792452 0.6150641025 0.2367788462264151 0.620833333125 0.21658653867924527 0.619871795 0.20889423113207548 0.6150641025 0.2057692311320755 0.603365384375 0.2086538462264151 0.580128205 0.23341346132075472 0.57900641 0.23581730754716979 0.57724359 0.24014423113207548 0.57724359 0.2439903849056604 0.582051281875 0.2483173075471698 0.5923076925 0.2540865386792453 0.59903846125 0.2545673075471698 0.6036858975 0.2536057688679245 0.607371795 0.25048076886792453 0.61153846125 0.24423076886792452
1 0.745352564375 0.3524038462264151 0.7517628206249999 0.34375 0.755769230625 0.33629807735849054 0.765865384375 0.3100961537735849 0.766666666875 0.3040865386792453 0.765865384375 0.29471153867924527 0.7610576925 0.2829326924528302 0.7556089743750001 0.2752403849056604 0.748076923125 0.27067307735849055 0.7360576925 0.2733173075471698 0.719871795 0.28341346132075473 0.7112179487500001 0.325 0.70897435875 0.3382211537735849 0.7177884612500001 0.3569711537735849 0.7200320512499999 0.3596153849056604 0.726121795 0.36370192264150947 0.7290064099999999 0.36442307735849055 0.733012820625 0.3634615386792453 0.7366987181250001 0.3610576924528302 0.745352564375 0.3524038462264151
12 0.625320513125 0.3528846150943396 0.6149038462499999 0.3439903849056604 0.60753205125 0.3413461537735849 0.5993589743750001 0.34086538490566043 0.588621795 0.34182692264150943 0.580128205 0.3449519226415095 0.5548076925000001 0.36033653867924526 0.55272435875 0.36201923113207546 0.544871795 0.3733173075471698 0.541987179375 0.38076923113207545 0.5413461537500001 0.3846153849056604 0.543108974375 0.39326923113207546 0.560416666875 0.41129807735849055 0.6269230768749999 0.3978365386792453 0.632852564375 0.3920673075471698 0.6360576925 0.3802884613207547 0.63477564125 0.3689903849056604 0.625320513125 0.3528846150943396
6 0.662179486875 0.5269230773584905 0.670673076875 0.5199519226415095 0.672115384375 0.5177884613207547 0.6725961537499999 0.5149038462264152 0.6725961537499999 0.5100961537735849 0.671955128125 0.5088942311320754 0.6467948718750001 0.48533653867924526 0.60721153875 0.4838942311320754 0.5785256412500001 0.49807692264150943 0.5777243587499999 0.5016826924528301 0.578044871875 0.5091346150943395 0.580128205 0.5163461537735848 0.595512820625 0.5314903849056604 0.607371795 0.540625 0.61891025625 0.5447115386792453 0.6323717950000001 0.5411057688679246 0.662179486875 0.5269230773584905
6 0.54278846125 0.5721153849056604 0.51153846125 0.5170673075471699 0.470512820625 0.4947115386792453 0.46666666687499997 0.49543269245283017 0.46442307687499995 0.5004807688679246 0.463301281875 0.5057692311320754 0.462980769375 0.5096153849056604 0.47596153874999997 0.5449519226415095 0.5036858975 0.5838942311320754 0.505448718125 0.5848557688679246 0.5368589743750001 0.5872596150943395 0.54102564125 0.5848557688679246 0.5423076925 0.5795673075471699 0.54278846125 0.5721153849056604
6 0.4610576925 0.7348557688679246 0.470673076875 0.7235576924528302 0.471634615625 0.7084134613207548 0.470673076875 0.7016826924528301 0.427083333125 0.7007211537735849 0.357852564375 0.7146634613207548 0.35689102562499997 0.7165865386792453 0.35737179500000005 0.7235576924528302 0.360897435625 0.7286057688679246 0.396794871875 0.7634615386792453 0.40016025624999996 0.7651442311320754 0.41810897437500005 0.7641826924528301 0.42003205125 0.7639423075471699 0.44631410250000003 0.7463942311320754 0.4610576925 0.7348557688679246
9 0.5713141025 0.7127403849056604 0.566826923125 0.6966346150943395 0.56474359 0.6951923075471699 0.5525641025 0.6942307688679246 0.545673076875 0.6973557688679246 0.54246794875 0.7012019226415095 0.5407051281249999 0.7069711537735849 0.540544871875 0.7129807688679246 0.541666666875 0.7163461537735849 0.544230769375 0.7197115386792453 0.549519230625 0.7225961537735849 0.558333333125 0.7228365386792452 0.5644230768749999 0.7213942311320755 0.569391025625 0.7165865386792453 0.5713141025 0.7127403849056604
1 0.693269230625 0.6314903849056605 0.689423076875 0.6228365386792453 0.685416666875 0.6182692311320754 0.6783653843749999 0.6165865386792453 0.67003205125 0.6201923075471698 0.656730769375 0.6326923075471699 0.6536858975 0.6382211537735849 0.65272435875 0.6423076924528301 0.65240384625 0.6483173075471699 0.6735576925 0.6776442311320754 0.681570513125 0.6735576924528301 0.6911858975 0.6627403849056605 0.69391025625 0.6576923075471699 0.6953525643749999 0.6490384613207547 0.6953525643749999 0.6420673075471699 0.693269230625 0.6314903849056605
20 0.762179486875 0.6757211537735849 0.764262820625 0.6658653849056604 0.7641025643749999 0.6637019226415094 0.7625 0.6617788462264151 0.759615384375 0.6612980773584906 0.7397435900000001 0.6625 0.731570513125 0.6651442311320754 0.718429486875 0.6725961537735848 0.7137820512499999 0.6778846150943396 0.7108974356250001 0.6850961537735849 0.710737179375 0.6894230773584905 0.713301281875 0.6975961537735849 0.716826923125 0.7012019226415095 0.724679486875 0.7028846150943396 0.7514423075000001 0.6920673075471698 0.75528846125 0.6894230773584905 0.759615384375 0.6824519226415094 0.762179486875 0.6757211537735849
20 0.7625 0.5685096150943396 0.7485576924999999 0.5447115386792453 0.73253205125 0.5341346150943396 0.71266025625 0.5370192311320754 0.7084935900000001 0.5394230773584906 0.706570513125 0.5435096150943396 0.70608974375 0.5449519226415095 0.706730769375 0.5485576924528301 0.7110576925 0.5649038462264151 0.71634615375 0.5798076924528301 0.720833333125 0.5841346150943396 0.724198718125 0.5853365386792453 0.7282051281249999 0.5846153849056605 0.7625 0.5685096150943396