20 0.39647435875 0.23629807735849057 0.380769230625 0.16586538490566038 0.36778846125000003 0.18149038490566038 0.36634615375 0.1867788462264151 0.36634615375 0.2211538462264151 0.36746794875 0.2288461537735849 0.37772435875 0.2516826924528302 0.380448718125 0.2548076924528302 0.38878205125 0.2564903849056604 0.39278846125 0.25384615377358494 0.39631410250000004 0.24567307735849056 0.39647435875 0.23629807735849057
9 0.548878205 0.16682692264150942 0.5463141025 0.15985576886792452 0.537980769375 0.1483173075471698 0.533012820625 0.14423076886792452 0.525320513125 0.14350961509433963 0.51634615375 0.14903846132075474 0.51153846125 0.15528846132075472 0.508173076875 0.16586538490566038 0.50721153875 0.17307692264150942 0.505769230625 0.18942307735849057 0.505929486875 0.19711538490566038 0.508173076875 0.20192307735849058 0.5094551281249999 0.20288461509433964 0.513621795 0.20288461509433964 0.5320512818750001 0.18942307735849057 0.54871794875 0.16995192264150943 0.548878205 0.16682692264150942
3 0.31057692312499996 0.3055288462264151 0.316666666875 0.3850961537735849 0.318269230625 0.3894230773584905 0.423076923125 0.4045673075471698 0.42660256437500005 0.40408653867924527 0.432852564375 0.4002403849056604 0.412980769375 0.2439903849056604 0.412019230625 0.2435096150943396 0.31057692312499996 0.3055288462264151
14 0.569070513125 0.3100961537735849 0.569551281875 0.30625 0.568429486875 0.30192307735849055 0.564262820625 0.29639423113207547 0.560416666875 0.29615384622641505 0.545833333125 0.3197115386792453 0.545352564375 0.3228365386792453 0.54599359 0.33004807735849057 0.5471153843750001 0.3341346150943396 0.549198718125 0.3377403849056604 0.552884615625 0.34086538490566043 0.5586538462499999 0.3401442311320755 0.5599358975 0.3384615386792453 0.569070513125 0.3100961537735849
1 0.505769230625 0.4490384613207547 0.5099358975 0.44495192264150946 0.512980769375 0.43942307735849057 0.51634615375 0.4307692311320755 0.51778846125 0.4242788462264151 0.516987179375 0.41201923113207545 0.515544871875 0.4060096150943396 0.51378205125 0.40336538490566043 0.5056089743750001 0.4038461537735849 0.45096153875 0.4127403849056604 0.44839743562499995 0.4151442311320755 0.448237179375 0.4194711537735849 0.45096153875 0.4399038462264151 0.45320512812499997 0.44735576886792455 0.45753205125 0.45504807735849057 0.4661858975 0.4586538462264151 0.47852564125 0.45817307735849055 0.49935897437500004 0.45240384622641505 0.505769230625 0.4490384613207547
5 0.76121794875 0.5254807688679246 0.7673076925 0.5237980773584906 0.77115384625 0.5211538462264151 0.773237179375 0.5175480773584905 0.77516025625 0.5134615386792453 0.775 0.5016826924528301 0.771955128125 0.48629807735849057 0.748397435625 0.43653846132075474 0.7025641025 0.4115384613207547 0.67772435875 0.403125 0.6764423075 0.40408653867924527 0.66778846125 0.43533653867924527 0.6722756412500001 0.45096153867924527 0.69727564125 0.48653846132075473 0.70528846125 0.4963942311320754 0.720673076875 0.5112980773584905 0.73221153875 0.5177884613207547 0.751602564375 0.5237980773584906 0.76121794875 0.5254807688679246
9 0.6266025643750001 0.38846153867924527 0.6259615387499999 0.3846153849056604 0.6235576925 0.38125 0.61971153875 0.37932692264150947 0.6150641025 0.37932692264150947 0.6091346156249999 0.3826923075471698 0.602884615625 0.3882211537735849 0.60096153875 0.39110576886792453 0.6011217950000001 0.39639423113207545 0.602884615625 0.3995192311320755 0.60721153875 0.4028846150943396 0.611858974375 0.4028846150943396 0.619070513125 0.4007211537735849 0.621955128125 0.39879807735849054 0.625480769375 0.39350961509433957 0.6266025643750001 0.38846153867924527
21 0.5608974356249999 0.46658653867924527 0.537019230625 0.4360576924528302 0.512980769375 0.5769230773584906 0.509134615625 0.6072115386792453 0.512019230625 0.6307692311320754 0.513621795 0.6346153849056604 0.52516025625 0.6377403849056604 0.6150641025 0.5954326924528301 0.61602564125 0.5918269226415095 0.61522435875 0.5853365386792453 0.5608974356249999 0.46658653867924527
13 0.730608974375 0.6346153849056604 0.729166666875 0.6269230773584905 0.7131410256249999 0.5641826924528301 0.70897435875 0.5540865386792453 0.70528846125 0.5490384613207547 0.701923076875 0.5475961537735848 0.6988782050000001 0.5487980773584905 0.6653846156250001 0.5963942311320755 0.6650641025 0.5997596150943396 0.665865384375 0.6028846150943395 0.6695512818749999 0.6112980773584905 0.69903846125 0.6620192311320754 0.7205128206249999 0.6709134613207547 0.729166666875 0.6658653849056604 0.73108974375 0.6548076924528301 0.730608974375 0.6346153849056604
9 0.7660256412500001 0.5713942311320754 0.7639423075 0.5680288462264151 0.755769230625 0.5670673075471698 0.742628205 0.5764423075471699 0.74150641 0.5786057688679246 0.7423076925 0.584375 0.7443910256249999 0.5884615386792452 0.748076923125 0.5901442311320754 0.758012820625 0.590625 0.76153846125 0.5891826924528302 0.765544871875 0.5841346150943396 0.766666666875 0.5759615386792453 0.7660256412500001 0.5713942311320754
13 0.666666666875 0.6538461537735849 0.664262820625 0.6463942311320754 0.662019230625 0.6430288462264151 0.658173076875 0.640625 0.650320513125 0.6411057688679246 0.619070513125 0.6596153849056604 0.607371795 0.6745192311320755 0.599519230625 0.6901442311320755 0.5918269231250001 0.7091346150943396 0.59102564125 0.7163461537735849 0.591666666875 0.7252403849056605 0.61650641 0.7622596150943396 0.619070513125 0.7629807688679245 0.6241987181249999 0.7598557688679246 0.62996794875 0.7519230773584905 0.6564102562499999 0.7050480773584905 0.6669871793750001 0.6620192311320754 0.666666666875 0.6538461537735849
20 0.42996794875 0.5151442311320754 0.428044871875 0.5139423075471699 0.42115384624999996 0.5132211537735849 0.41153846125 0.5228365386792453 0.40416666687499997 0.5490384613207547 0.412179486875 0.5673076924528302 0.41907051312500004 0.56875 0.42387820499999995 0.5685096150943396 0.431570513125 0.5372596150943396 0.43237179500000006 0.5254807688679246 0.431570513125 0.5177884613207547 0.42996794875 0.5151442311320754
20 0.41618589749999996 0.6415865386792453 0.39310897437500003 0.6185096150943395 0.38766025625 0.6151442311320754 0.37596153875 0.6151442311320754 0.37355769250000004 0.6288461537735849 0.37371794875 0.6350961537735849 0.376762820625 0.6427884613207547 0.40192307687499995 0.6737980773584905 0.408012820625 0.6783653849056605 0.41009615375 0.6776442311320754 0.41987179500000005 0.6555288462264152 0.42003205125 0.6540865386792453 0.41618589749999996 0.6415865386792453
7 0.27932692312499996 0.5829326924528302 0.275 0.5817307688679246 0.25977564125 0.5831730773584906 0.257371795 0.5887019226415094 0.25705128187500004 0.5923076924528301 0.259615384375 0.6100961537735848 0.268269230625 0.65 0.3264423075 0.8048076924528301 0.34166666687499997 0.7783653849056604 0.3474358975 0.7120192311320754 0.33990384625 0.6697115386792453 0.27932692312499996 0.5829326924528302