3 0.61875 0.09951923113207548 0.617948718125 0.09447115377358489 0.61522435875 0.090625 0.580128205 0.0819711537735849 0.544551281875 0.07884615377358489 0.5407051281249999 0.0802884613207547 0.537019230625 0.08389423113207548 0.533012820625 0.11201923113207547 0.5320512818750001 0.1449519226415094 0.53397435875 0.15408653867924527 0.573237179375 0.22163461509433963 0.576121795 0.22403846132075472 0.591666666875 0.22764423113207546 0.5947115387499999 0.225 0.6155448718750001 0.12283653867924528 0.61875 0.09951923113207548
20 0.7450320512499999 0.20913461509433962 0.7443910256249999 0.18942307735849057 0.74150641 0.17764423113207548 0.724519230625 0.15264423113207548 0.7205128206249999 0.14807692264150943 0.71634615375 0.14735576886792454 0.706730769375 0.15408653867924527 0.6982371793750001 0.16610576886792452 0.69727564125 0.16971153867924527 0.69727564125 0.1735576924528302 0.7076923075 0.20528846132075473 0.7205128206249999 0.21153846132075474 0.7349358975 0.21682692264150943 0.73653846125 0.21682692264150943 0.740384615625 0.2139423075471698 0.7450320512499999 0.20913461509433962
9 0.7798076924999999 0.33798076886792455 0.78509615375 0.3060096150943396 0.769070513125 0.26754807735849057 0.762980769375 0.2658653849056604 0.748878205 0.2759615386792453 0.712179486875 0.31033653867924527 0.7014423075 0.3221153849056604 0.7035256412500001 0.3341346150943396 0.70496794875 0.3370192311320755 0.70897435875 0.3403846150943396 0.71522435875 0.3420673075471698 0.76971153875 0.34182692264150943 0.777884615625 0.33990384622641506 0.7798076924999999 0.33798076886792455
7 0.66474359 0.32620192264150943 0.670833333125 0.3069711537735849 0.671634615625 0.3016826924528302 0.668429486875 0.2829326924528302 0.6669871793750001 0.2800480773584905 0.6607371793750001 0.27139423113207545 0.6548076924999999 0.2689903849056604 0.63846153875 0.2697115386792453 0.59134615375 0.2826923075471698 0.583333333125 0.29471153867924527 0.583333333125 0.29615384622641505 0.5929487181249999 0.40817307735849057 0.594070513125 0.4134615386792453 0.5956730768749999 0.4151442311320755 0.626762820625 0.3961538462264151 0.6333333331250001 0.38846153867924527 0.66474359 0.32620192264150943
9 0.45096153875 0.25985576886792455 0.4536858975 0.25576923113207545 0.45608974375 0.24759615377358493 0.45592948687499996 0.2399038462264151 0.451602564375 0.23653846132075473 0.380448718125 0.23533653867924528 0.37724359 0.23774038490566038 0.37628205125 0.24086538490566037 0.37532051312500003 0.24759615377358493 0.37628205125 0.2502403849056604 0.38846153875 0.26346153867924527 0.3923076925 0.26610576886792453 0.41121794875 0.2725961537735849 0.42836538437500005 0.271875 0.4411858975 0.26754807735849057 0.45096153875 0.25985576886792455
3 0.43541666687499997 0.41057692264150947 0.44358974375000004 0.34182692264150943 0.44358974375000004 0.32620192264150943 0.431570513125 0.30865384622641506 0.337820513125 0.40408653867924527 0.337820513125 0.4096153849056604 0.3411858975 0.4274038462264151 0.381891025625 0.5057692311320754 0.38477564125 0.5072115386792453 0.39262820499999995 0.5040865386792452 0.39663461562499996 0.49831730754716985 0.43125 0.4235576924528302 0.43541666687499997 0.41057692264150947
1 0.548878205 0.42932692264150946 0.549519230625 0.42403846132075473 0.54871794875 0.42235576886792453 0.51346153875 0.41610576886792455 0.505929486875 0.41802884622641506 0.5009615387499999 0.42091346132075474 0.49118589749999997 0.43173076886792455 0.48621794875 0.4430288462264151 0.48621794875 0.45216346132075474 0.488621795 0.46610576886792454 0.49006410250000004 0.46826923113207547 0.50272435875 0.47067307735849057 0.51746794875 0.4675480773584905 0.537820513125 0.4471153849056604 0.548878205 0.42932692264150946
5 0.8459935900000001 0.4216346150943396 0.849679486875 0.4110576924528302 0.850480769375 0.40120192264150945 0.849679486875 0.3966346150943396 0.8455128206249999 0.3903846150943396 0.837980769375 0.38870192264150943 0.7907051281249999 0.39447115377358494 0.7875 0.3961538462264151 0.77852564125 0.4146634613207547 0.7663461537499999 0.4466346150943396 0.768429486875 0.4591346150943396 0.7737179487500001 0.4673076924528302 0.790865384375 0.4757211537735849 0.793108974375 0.47451923113207545 0.8102564099999999 0.46298076886792455 0.8274038462500001 0.4454326924528302 0.843429486875 0.4259615386792453 0.8459935900000001 0.4216346150943396
2 0.8224358975 0.6413461537735848 0.824198718125 0.6399038462264152 0.8264423075 0.634375 0.826923076875 0.6228365386792453 0.7232371793750001 0.47451923113207545 0.720673076875 0.47163461509433957 0.7048076925 0.4721153849056604 0.70096153875 0.4742788462264151 0.69599359 0.4826923075471698 0.693429486875 0.4939903849056604 0.69391025625 0.49759615377358485 0.7048076925 0.5449519226415095 0.70897435875 0.5579326924528302 0.712820513125 0.5646634613207547 0.8036858975 0.6375 0.8099358975 0.6408653849056604 0.8224358975 0.6413461537735848
21 0.787179486875 0.7064903849056604 0.79599359 0.6947115386792453 0.7974358975 0.6915865386792452 0.7985576925 0.6858173075471699 0.7923076925 0.6697115386792453 0.77115384625 0.6572115386792453 0.7673076925 0.6567307688679246 0.728044871875 0.6605769226415095 0.72403846125 0.6620192311320754 0.722916666875 0.6665865386792452 0.7224358975 0.6699519226415095 0.724519230625 0.6757211537735849 0.7397435900000001 0.6990384613207548 0.7514423075000001 0.7139423075471698 0.7549679487500001 0.7170673075471699 0.7594551281249999 0.7192307688679246 0.77147435875 0.7173076924528301 0.787179486875 0.7064903849056604
7 0.66474359 0.6110576924528301 0.665544871875 0.6048076924528302 0.66522435875 0.5956730773584905 0.6544871793750001 0.5603365386792453 0.650480769375 0.5521634613207548 0.6426282050000001 0.5399038462264151 0.61971153875 0.5127403849056604 0.60753205125 0.5012019226415094 0.599519230625 0.49567307735849053 0.58509615375 0.49014423113207545 0.550480769375 0.48149038490566043 0.544070513125 0.48125 0.543429486875 0.48221153867924527 0.54375 0.48341346132075474 0.598878205 0.6036057688679246 0.638141025625 0.6372596150943396 0.650320513125 0.6382211537735849 0.6584935900000001 0.6334134613207547 0.661378205 0.6269230773584905 0.66474359 0.6110576924528301
20 0.507051281875 0.5427884613207548 0.5014423075 0.5367788462264151 0.498397435625 0.5358173075471698 0.494070513125 0.5362980773584906 0.489423076875 0.5399038462264151 0.484615384375 0.5475961537735848 0.487820513125 0.5610576924528301 0.493429486875 0.5723557688679246 0.511378205 0.5918269226415095 0.5256410256249999 0.6033653849056604 0.52996794875 0.6033653849056604 0.52996794875 0.5798076924528301 0.51971153875 0.5608173075471699 0.507051281875 0.5427884613207548
1 0.44711538437500004 0.5370192311320754 0.43958333312500003 0.5204326924528302 0.43653846125 0.5173076924528301 0.42403846125 0.5091346150943395 0.415544871875 0.5086538462264151 0.407051281875 0.5134615386792453 0.40272435875 0.5225961537735849 0.40288461562499994 0.5329326924528301 0.42099359 0.5603365386792453 0.430769230625 0.5663461537735849 0.435897435625 0.5682692311320754 0.43990384624999995 0.5668269226415095 0.44647435874999997 0.559375 0.44839743562499995 0.5478365386792453 0.44711538437500004 0.5370192311320754
3 0.53477564125 0.7242788462264151 0.538301281875 0.7052884613207547 0.538141025625 0.7021634613207547 0.49006410250000004 0.6350961537735849 0.420512820625 0.6103365386792453 0.40416666687499997 0.6060096150943396 0.4 0.60625 0.374198718125 0.6307692311320754 0.371955128125 0.6350961537735849 0.35833333312500004 0.7009615386792453 0.36121794875 0.7153846150943396 0.4110576925 0.7867788462264151 0.49471153875 0.7766826924528302 0.49775641 0.7754807688679246 0.5025641025 0.7713942311320754 0.526121795 0.7439903849056604 0.53477564125 0.7242788462264151
9 0.6540064099999999 0.7127403849056604 0.6506410256249999 0.70625 0.630769230625 0.6889423075471699 0.591666666875 0.6764423075471698 0.578044871875 0.6771634613207548 0.56875 0.6798076924528301 0.566666666875 0.6826923075471698 0.566826923125 0.6862980773584906 0.57483974375 0.7045673075471699 0.591666666875 0.7204326924528301 0.628365384375 0.7295673075471698 0.65 0.7278846150943395 0.652884615625 0.7245192311320754 0.65384615375 0.7201923075471699 0.6540064099999999 0.7127403849056604