7 0.745352564375 0.725 0.7455128206249999 0.7204326924528301 0.706730769375 0.6752403849056604 0.70496794875 0.6747596150943396 0.7011217949999999 0.6778846150943396 0.681570513125 0.7016826924528301 0.627884615625 0.8271634613207547 0.627083333125 0.8338942311320754 0.62900641 0.84375 0.63397435875 0.8495192311320754 0.637980769375 0.8514423075471699 0.662179486875 0.8574519226415095 0.6698717949999999 0.8497596150943396 0.70128205125 0.8026442311320754 0.745352564375 0.725
3 0.465865384375 0.19350961509433962 0.443269230625 0.15769230754716979 0.435897435625 0.15432692264150943 0.4326923075 0.15600961509433964 0.34759615375 0.24783653867924527 0.33846153875 0.26754807735849057 0.337820513125 0.27932692264150943 0.379487179375 0.3298076924528302 0.39246794875 0.3401442311320755 0.39647435875 0.33942307735849053 0.47852564125 0.30264423113207545 0.4798076925 0.2992788462264151 0.47147435875 0.2069711537735849 0.465865384375 0.19350961509433962
1 0.5349358975 0.40408653867924527 0.53125 0.3995192311320755 0.52884615375 0.39879807735849054 0.50128205125 0.4173076924528302 0.49935897437500004 0.41995192264150943 0.49663461562499994 0.4314903849056604 0.4963141025 0.4399038462264151 0.4974358975 0.4516826924528302 0.500641025625 0.4600961537735849 0.505769230625 0.4670673075471698 0.515705128125 0.4689903849056604 0.51891025625 0.46826923113207547 0.52147435875 0.4641826924528302 0.5349358975 0.40408653867924527
1 0.57227564125 0.45528846132075473 0.569551281875 0.4391826924528302 0.56650641 0.43173076886792455 0.56474359 0.4298076924528302 0.556570513125 0.4274038462264151 0.53525641 0.4466346150943396 0.529166666875 0.45504807735849057 0.525 0.4699519226415095 0.525320513125 0.48004807735849053 0.5322115387499999 0.49014423113207545 0.537019230625 0.49302884622641513 0.543429486875 0.49375 0.5485576925 0.49134615377358487 0.5548076925000001 0.48629807735849057 0.56378205125 0.47451923113207545 0.57227564125 0.45528846132075473
18 0.37291666687499997 0.19110576886792452 0.38108974375000004 0.1819711537735849 0.38685897437500005 0.1735576924528302 0.391987179375 0.16201923113207548 0.39358974375 0.14735576886792454 0.39262820499999995 0.1379807688679245 0.38958333312500004 0.13100961509433962 0.386378205 0.12644230754716979 0.380769230625 0.121875 0.37259615375000005 0.12091346132075473 0.36041666687499996 0.12475961509433962 0.345352564375 0.13389423113207546 0.318108974375 0.15817307735849057 0.308333333125 0.17163461509433964 0.29903846125 0.1891826924528302 0.29775641 0.19350961509433962 0.29983974375 0.20528846132075473 0.305929486875 0.22067307735849057 0.31442307687500004 0.2288461537735849 0.32211538437500004 0.23221153867924527 0.32628205125 0.2317307688679245 0.34983974375000004 0.2132211537735849 0.37291666687499997 0.19110576886792452
7 0.590865384375 0.13100961509433962 0.5863782049999999 0.1257211537735849 0.56891025625 0.11274038490566038 0.48237179500000005 0.0975961537735849 0.45112179500000005 0.1117788462264151 0.449198718125 0.11442307735849057 0.45240384624999996 0.14278846132075473 0.47259615375 0.18173076886792452 0.47852564125 0.18870192264150942 0.49759615375000005 0.20216346132075472 0.599679486875 0.2110576924528302 0.599679486875 0.196875 0.5927884612500001 0.13653846132075473 0.590865384375 0.13100961509433962
7 0.5256410256249999 0.16586538490566038 0.52147435875 0.1670673075471698 0.494230769375 0.18004807735849057 0.48349359 0.18894230754716979 0.55096153875 0.2552884613207547 0.55272435875 0.25625 0.556570513125 0.24879807735849055 0.559455128125 0.2389423075471698 0.559615384375 0.18942307735849057 0.54871794875 0.1764423075471698 0.537179486875 0.16586538490566038 0.5256410256249999 0.16586538490566038
7 0.6633012818749999 0.21274038490566038 0.63477564125 0.1975961537735849 0.631570513125 0.1975961537735849 0.619070513125 0.2086538462264151 0.61634615375 0.21298076886792452 0.6149038462499999 0.21778846132075472 0.61522435875 0.22836538490566038 0.617948718125 0.2336538462264151 0.69358974375 0.3439903849056604 0.70496794875 0.3579326924528302 0.7213141025 0.33076923113207546 0.7161858975 0.2908653849056604 0.686858974375 0.23413461509433964 0.6633012818749999 0.21274038490566038
1 0.625 0.28221153867924526 0.6235576925 0.26514423113207547 0.6203525643750001 0.2572115386792453 0.61121794875 0.24254807735849054 0.604647435625 0.24086538490566037 0.599519230625 0.24158653867924526 0.59375 0.24639423113207548 0.5923076925 0.24903846132075472 0.5921474356249999 0.25216346132075473 0.603044871875 0.29879807735849057 0.607051281875 0.31057692264150943 0.610737179375 0.3127403849056604 0.6150641025 0.31201923113207547 0.6235576925 0.2951923075471698 0.624679486875 0.2908653849056604 0.625 0.28221153867924526
1 0.533012820625 0.29471153867924527 0.525480769375 0.2795673075471698 0.520512820625 0.27139423113207545 0.51746794875 0.26826923113207546 0.5139423075 0.26634615377358495 0.50528846125 0.265625 0.498397435625 0.26658653867924526 0.49358974375000003 0.2711538462264151 0.49118589749999997 0.27908653867924527 0.48990384625 0.29110576886792455 0.49278846125000003 0.29591346132075474 0.529166666875 0.3189903849056604 0.53349359 0.3180288462264151 0.5360576925 0.31442307735849057 0.53653846125 0.3100961537735849 0.535416666875 0.30264423113207545 0.533012820625 0.29471153867924527
1 0.685576923125 0.3682692311320755 0.6804487181250001 0.3685096150943396 0.671794871875 0.37427884622641505 0.66634615375 0.38485576886792455 0.66522435875 0.3891826924528302 0.665544871875 0.396875 0.66971153875 0.40552884622641505 0.681570513125 0.4170673075471698 0.68365384625 0.4158653849056604 0.693429486875 0.3805288462264151 0.6918269231249999 0.37451923113207547 0.68990384625 0.3713942311320755 0.685576923125 0.3682692311320755
9 0.294070513125 0.2180288462264151 0.291987179375 0.2004807688679245 0.29022435874999997 0.19975961509433962 0.279166666875 0.20216346132075472 0.27099359 0.21274038490566038 0.257371795 0.2350961537735849 0.242628205 0.2653846150943396 0.238141025625 0.2836538462264151 0.23653846125 0.30264423113207545 0.236378205 0.3064903849056604 0.237179486875 0.3088942311320755 0.240384615625 0.31057692264150943 0.25705128187500004 0.29591346132075474 0.267628205 0.28317307735849057 0.28269230749999996 0.25192307735849057 0.290544871875 0.23293269245283021 0.294070513125 0.2180288462264151
6 0.24022435875 0.33389423113207545 0.237820513125 0.3269230773584905 0.23605769250000003 0.32427884622641506 0.23141025625 0.3221153849056604 0.22852564125 0.3211538462264151 0.225480769375 0.3221153849056604 0.19070512812499998 0.384375 0.17916666687500002 0.49807692264150943 0.19022435875 0.5026442311320755 0.219871795 0.4963942311320754 0.22724359 0.48605769245283015 0.22852564125 0.4829326924528302 0.24967948687500002 0.4194711537735849 0.250801281875 0.4125 0.24022435875 0.33389423113207545
18 0.29599359 0.47067307735849057 0.300801281875 0.4545673075471698 0.3014423075 0.4427884613207547 0.30096153875 0.43942307735849057 0.29903846125 0.43557692264150943 0.294070513125 0.43245192264150945 0.259455128125 0.434375 0.2400641025 0.44038461509433957 0.23381410249999998 0.4435096150943396 0.23108974375 0.4471153849056604 0.22884615375 0.45528846132075473 0.2286858975 0.459375 0.23397435875 0.4778846150943396 0.251602564375 0.48942307735849055 0.26346153875 0.4908653849056604 0.27147435875 0.49014423113207545 0.28221153875 0.48533653867924526 0.294070513125 0.47451923113207545 0.29599359 0.47067307735849057
1 0.36490384625 0.36923076886792455 0.36490384625 0.36514423113207545 0.36121794875 0.3533653849056604 0.354166666875 0.3449519226415095 0.349198718125 0.34158653867924527 0.341987179375 0.33942307735849053 0.321955128125 0.33870192264150945 0.318429486875 0.34158653867924527 0.317628205 0.346875 0.31618589750000003 0.3689903849056604 0.31650641 0.37283653867924527 0.318269230625 0.3783653849056604 0.32243589749999996 0.3822115386792453 0.35080128187500004 0.3858173075471698 0.35833333312500004 0.38245192264150946 0.36266025625 0.3762019226415095 0.36490384625 0.36923076886792455
21 0.4025641025 0.47451923113207545 0.44022435875 0.47163461509433957 0.443269230625 0.4711538462264151 0.44535256437500004 0.46682692264150943 0.44983974375 0.4391826924528302 0.44358974375000004 0.3923076924528302 0.4411858975 0.3846153849056604 0.42996794875 0.37596153867924526 0.42772435875 0.37548076886792453 0.345673076875 0.4026442311320755 0.345352564375 0.40360576886792454 0.344551281875 0.40817307735849057 0.345673076875 0.4117788462264151 0.35753205125 0.434375 0.37708333312500003 0.4591346150943396 0.385576923125 0.4675480773584905 0.39246794875 0.47259615377358494 0.39599359 0.47451923113207545 0.4025641025 0.47451923113207545
20 0.439423076875 0.32067307735849054 0.42932692312500004 0.32764423113207547 0.4264423075 0.3329326924528302 0.42628205125 0.3382211537735849 0.42756410250000004 0.34591346132075473 0.448878205 0.396875 0.49006410250000004 0.4146634613207547 0.49086538437500005 0.41370192264150946 0.49150641 0.4115384613207547 0.4838141025 0.3377403849056604 0.439423076875 0.32067307735849054
1 0.543108974375 0.3576923075471698 0.53974359 0.3528846150943396 0.534294871875 0.34879807735849055 0.5286858975 0.3471153849056604 0.514262820625 0.3526442311320755 0.50897435875 0.3560096150943396 0.50400641 0.3617788462264151 0.495512820625 0.37716346132075473 0.49471153875 0.3810096150943396 0.49647435875 0.3872596150943396 0.49791666687499997 0.3894230773584905 0.525480769375 0.39639423113207545 0.54358974375 0.3747596150943396 0.545673076875 0.36923076886792455 0.545673076875 0.3649038462264151 0.543108974375 0.3576923075471698
1 0.589583333125 0.32620192264150943 0.581891025625 0.3137019226415095 0.573076923125 0.3021634613207547 0.5673076925 0.2985576924528302 0.562980769375 0.2980769226415095 0.5599358975 0.29903846132075473 0.55897435875 0.3024038462264151 0.5576923075 0.32884615377358495 0.556570513125 0.36514423113207545 0.55753205125 0.3704326924528302 0.576121795 0.37716346132075473 0.585737179375 0.3747596150943396 0.5923076925 0.36514423113207545 0.5935897437500001 0.3610576924528302 0.59375 0.3451923075471698 0.589583333125 0.32620192264150943
14 0.61153846125 0.428125 0.610737179375 0.4194711537735849 0.607371795 0.4134615386792453 0.60352564125 0.4108173075471698 0.587179486875 0.4125 0.5842948718750001 0.41442307735849054 0.580929486875 0.41971153867924527 0.579647435625 0.4235576924528302 0.5798076925 0.4274038462264151 0.580769230625 0.4314903849056604 0.5836538462499999 0.4341346150943396 0.6 0.43822115377358495 0.608012820625 0.43485576886792454 0.61025641 0.4319711537735849 0.61153846125 0.428125
7 0.7485576924999999 0.3826923075471698 0.7450320512499999 0.3822115386792453 0.7205128206249999 0.3995192311320755 0.719391025625 0.403125 0.68108974375 0.6069711537735849 0.681730769375 0.6088942311320754 0.685416666875 0.6117788462264151 0.71266025625 0.5814903849056604 0.7363782050000001 0.5454326924528301 0.762019230625 0.40841346132075473 0.7625 0.4 0.7485576924999999 0.3826923075471698
13 0.700480769375 0.5016826924528301 0.699679486875 0.49783653867924527 0.6980769231249999 0.49519230754716986 0.6698717949999999 0.4584134613207547 0.654166666875 0.4427884613207547 0.646634615625 0.43798076886792453 0.6426282050000001 0.43653846132075474 0.63990384625 0.43701923113207547 0.63477564125 0.4427884613207547 0.6296474356249999 0.48629807735849057 0.629166666875 0.49423076886792455 0.63028846125 0.5254807688679246 0.630769230625 0.528125 0.63477564125 0.5310096150943396 0.689583333125 0.54375 0.6924679487500001 0.5408653849056604 0.7 0.5137019226415095 0.700480769375 0.5016826924528301
7 0.5956730768749999 0.5915865386792453 0.60528846125 0.5838942311320754 0.605608974375 0.5762019226415095 0.60016025625 0.5048076924528302 0.5983974356249999 0.49014423113207545 0.59727564125 0.48581730754716984 0.595512820625 0.4829326924528302 0.5881410256249999 0.4766826924528302 0.584455128125 0.47692307735849054 0.57596153875 0.4802884613207547 0.569070513125 0.48605769245283015 0.560416666875 0.49759615377358485 0.5524038462499999 0.5175480773584905 0.55224359 0.5252403849056604 0.555929486875 0.5447115386792453 0.56025641 0.5615384613207547 0.563141025625 0.5675480773584906 0.571634615625 0.5807692311320755 0.581570513125 0.5877403849056604 0.591666666875 0.5913461537735849 0.5956730768749999 0.5915865386792453
1 0.52884615375 0.5447115386792453 0.52596153875 0.5370192311320754 0.52259615375 0.5300480773584906 0.5160256412500001 0.5225961537735849 0.49903846125 0.5180288462264151 0.49391025624999996 0.5180288462264151 0.48445512812499997 0.5213942311320754 0.48028846125 0.5252403849056604 0.479166666875 0.528125 0.47884615375 0.5293269226415095 0.48237179500000005 0.5379807688679246 0.51378205125 0.5694711537735849 0.51746794875 0.5706730773584906 0.525801281875 0.5653846150943396 0.526923076875 0.5644230773584905 0.5296474356249999 0.5567307688679246 0.52884615375 0.5447115386792453
1 0.4514423075 0.5206730773584906 0.44711538437500004 0.49711538490566043 0.444230769375 0.4882211537735849 0.439262820625 0.48149038490566043 0.43525641 0.4802884613207547 0.43108974375000003 0.48221153867924527 0.427083333125 0.48653846132075473 0.42483974375 0.49014423113207545 0.426762820625 0.5454326924528301 0.43141025624999996 0.5564903849056604 0.443269230625 0.5564903849056604 0.44839743562499995 0.5473557688679246 0.45 0.540625 0.45112179500000005 0.5305288462264152 0.4514423075 0.5206730773584906
1 0.411858974375 0.5603365386792453 0.409134615625 0.5334134613207547 0.39775641 0.5213942311320754 0.39262820499999995 0.5182692311320755 0.3889423075 0.5170673075471699 0.38141025624999997 0.5177884613207547 0.377884615625 0.5206730773584906 0.37532051312500003 0.5252403849056604 0.37227564125 0.5444711537735849 0.371955128125 0.5588942311320754 0.37387820499999996 0.5694711537735849 0.38878205125 0.5870192311320754 0.394230769375 0.5879807688679246 0.39871794875 0.5855769226415094 0.4036858975 0.5786057688679246 0.41121794875 0.5641826924528301 0.411858974375 0.5603365386792453
12 0.313301281875 0.5324519226415094 0.31490384625 0.5254807688679246 0.315544871875 0.5180288462264151 0.31442307687500004 0.5100961537735849 0.31121794875 0.5007211537735848 0.303365384375 0.49014423113207545 0.29471153875 0.48918269245283014 0.286858974375 0.49375 0.28076923062500003 0.5019230773584905 0.27884615375 0.5091346150943395 0.27884615375 0.5257211537735849 0.27980769250000004 0.5317307688679246 0.283012820625 0.5375 0.28926282062500003 0.54375 0.294391025625 0.5456730773584906 0.303044871875 0.5449519226415095 0.305608974375 0.5430288462264151 0.313301281875 0.5324519226415094
1 0.303044871875 0.5956730773584905 0.3025641025 0.5939903849056604 0.25192307687500004 0.5262019226415094 0.24503205125000002 0.5331730773584905 0.24358974374999998 0.55625 0.24455128187500003 0.5725961537735849 0.2485576925 0.5855769226415094 0.255769230625 0.5963942311320755 0.263621795 0.603125 0.2786858975 0.6098557688679246 0.28733974375 0.6098557688679246 0.29182692312499997 0.6076923075471699 0.303044871875 0.5956730773584905
18 0.234455128125 0.5925480773584906 0.23413461562500001 0.5834134613207548 0.232852564375 0.5762019226415095 0.22852564125 0.5644230773584905 0.224519230625 0.5586538462264151 0.21282051312499997 0.5471153849056604 0.204647435625 0.5466346150943396 0.200480769375 0.5485576924528301 0.19342948687500003 0.5572115386792452 0.18878205125 0.5699519226415094 0.188301281875 0.5721153849056604 0.19375 0.6149038462264151 0.197115384375 0.6225961537735849 0.20096153875 0.6240384613207547 0.216826923125 0.6225961537735849 0.2286858975 0.6098557688679246 0.23349359 0.5992788462264151 0.234455128125 0.5925480773584906
1 0.2400641025 0.6504807688679246 0.23525641 0.6509615386792452 0.228205128125 0.6576923075471699 0.22403846125000001 0.6661057688679246 0.22195512812499998 0.6737980773584905 0.22115384625 0.6810096150943395 0.22099359 0.6855769226415095 0.22227564125000002 0.6935096150943396 0.224358974375 0.6995192311320754 0.228205128125 0.7050480773584905 0.23221153875 0.7067307688679246 0.26041666687500004 0.6814903849056604 0.252083333125 0.6639423075471699 0.2400641025 0.6504807688679246
1 0.3048076925 0.6737980773584905 0.30448717937499997 0.6620192311320754 0.302884615625 0.6543269226415095 0.299679486875 0.6492788462264151 0.294551281875 0.6451923075471698 0.2860576925 0.6442307688679246 0.279487179375 0.6466346150943396 0.26971153875 0.6576923075471699 0.267948718125 0.6620192311320754 0.26746794875 0.6701923075471699 0.268429486875 0.6735576924528301 0.27147435875 0.6778846150943396 0.2786858975 0.6814903849056604 0.2838141025 0.6822115386792452 0.2951923075 0.6810096150943395 0.301762820625 0.6776442311320754 0.3048076925 0.6737980773584905
1 0.24214743562500002 0.725 0.23621794875 0.7377403849056604 0.23525641 0.7435096150943395 0.23621794875 0.75 0.2661858975 0.7461538462264151 0.278044871875 0.7430288462264151 0.2974358975 0.7127403849056604 0.29471153875 0.7105769226415094 0.24791666687500002 0.7151442311320754 0.24214743562500002 0.725
1 0.303205128125 0.7949519226415095 0.303365384375 0.7867788462264151 0.29102564125 0.7625 0.28830128187500004 0.759375 0.287019230625 0.7588942311320754 0.255128205 0.7663461537735848 0.250801281875 0.7682692311320755 0.248076923125 0.7709134613207548 0.2485576925 0.7790865386792453 0.259615384375 0.7978365386792453 0.26891025625000003 0.8064903849056604 0.28028846125 0.8141826924528301 0.287179486875 0.8149038462264151 0.294871795 0.8110576924528301 0.299679486875 0.8048076924528301 0.303205128125 0.7949519226415095
1 0.332371795 0.8425480773584906 0.330769230625 0.8353365386792453 0.32628205125 0.8295673075471699 0.318429486875 0.8252403849056604 0.294871795 0.8252403849056604 0.292948718125 0.8336538462264151 0.293108974375 0.8415865386792453 0.302884615625 0.8610576924528301 0.306730769375 0.8665865386792453 0.31105769250000004 0.8673076924528301 0.31378205125 0.8663461537735849 0.329647435625 0.8576923075471699 0.33253205125 0.85 0.332371795 0.8425480773584906
1 0.3599358975 0.7560096150943396 0.3548076925 0.7492788462264152 0.349679486875 0.7454326924528302 0.33846153875 0.7425480773584906 0.32900641 0.7478365386792453 0.31602564125 0.76875 0.315865384375 0.7713942311320754 0.349358974375 0.7997596150943396 0.35977564125 0.7867788462264151 0.3625 0.7814903849056604 0.36410256437500005 0.7745192311320754 0.3639423075 0.7673076924528301 0.36266025625 0.7625 0.3599358975 0.7560096150943396
1 0.380929486875 0.7399038462264151 0.376762820625 0.7413461537735849 0.37403846125 0.7442307688679246 0.36778846125000003 0.7555288462264151 0.36634615375 0.7596153849056604 0.365705128125 0.7641826924528301 0.37291666687499997 0.7723557688679246 0.37724359 0.7725961537735849 0.381730769375 0.7709134613207548 0.38493589749999996 0.7673076924528301 0.38621794875 0.7637019226415095 0.385576923125 0.7473557688679245 0.380929486875 0.7399038462264151
1 0.3599358975 0.7168269226415095 0.36794871812499996 0.6776442311320754 0.369070513125 0.6632211537735849 0.368429486875 0.6540865386792453 0.36506410250000004 0.6471153849056605 0.36121794875 0.6456730773584906 0.35737179500000005 0.65 0.3485576925 0.6685096150943396 0.33974359 0.6932692311320754 0.337980769375 0.7009615386792453 0.33653846125000003 0.7165865386792453 0.33669871812499996 0.7350961537735848 0.337820513125 0.7382211537735849 0.340865384375 0.7411057688679246 0.34246794875 0.7415865386792453 0.349519230625 0.7391826924528302 0.353205128125 0.7360576924528301 0.35496794875 0.7331730773584906 0.3599358975 0.7168269226415095
1 0.440384615625 0.7038461537735848 0.43621794875 0.7004807688679245 0.43108974375000003 0.7009615386792453 0.42756410250000004 0.7024038462264152 0.41987179500000005 0.7086538462264151 0.41153846125 0.7240384613207548 0.39983974375000003 0.7620192311320754 0.399679486875 0.7637019226415095 0.40128205125 0.7673076924528301 0.405448718125 0.7735576924528301 0.40849359 0.7745192311320754 0.41971153875 0.7733173075471699 0.451762820625 0.7557692311320754 0.45128205125 0.7483173075471699 0.440384615625 0.7038461537735848
1 0.433333333125 0.6646634613207547 0.435897435625 0.6581730773584905 0.434455128125 0.6396634613207547 0.42900641 0.6305288462264151 0.42371794875 0.6266826924528301 0.37275641 0.6478365386792453 0.366666666875 0.6526442311320754 0.36602564125000003 0.6543269226415095 0.3673076925 0.6658653849056604 0.3713141025 0.6713942311320754 0.37644230749999996 0.6745192311320755 0.40673076937499997 0.6846153849056604 0.412179486875 0.6846153849056604 0.4235576925 0.6805288462264151 0.433333333125 0.6646634613207547
1 0.35160256437500004 0.5918269226415095 0.35176282062500003 0.5793269226415094 0.346634615625 0.5564903849056604 0.337820513125 0.5492788462264151 0.33253205125 0.5502403849056604 0.32900641 0.5564903849056604 0.326923076875 0.5644230773584905 0.326762820625 0.5759615386792453 0.3286858975 0.6271634613207547 0.332051281875 0.6334134613207547 0.33365384625 0.634375 0.337820513125 0.6341346150943395 0.34711538437500006 0.6237980773584906 0.34983974375000004 0.6158653849056605 0.35160256437500004 0.5918269226415095
20 0.48685897437500003 0.6307692311320754 0.46939102562499996 0.5877403849056604 0.4650641025 0.584375 0.45897435875 0.5848557688679246 0.44711538437500004 0.5942307688679246 0.446794871875 0.6543269226415095 0.44711538437500004 0.65625 0.454487179375 0.6649038462264151 0.462820513125 0.6627403849056605 0.47724359 0.6538461537735849 0.48717948687499996 0.6399038462264152 0.48766025625 0.6375 0.48685897437500003 0.6307692311320754
18 0.5224358975 0.7204326924528301 0.523237179375 0.7170673075471699 0.523237179375 0.709375 0.51971153875 0.6882211537735848 0.516666666875 0.6834134613207548 0.514583333125 0.6824519226415094 0.50528846125 0.6872596150943396 0.462820513125 0.7245192311320754 0.460416666875 0.7415865386792453 0.46073717937499997 0.7475961537735849 0.46233974375000003 0.7516826924528301 0.465705128125 0.7557692311320754 0.470512820625 0.7581730773584906 0.48237179500000005 0.7591346150943395 0.5001602562499999 0.7512019226415094 0.5173076925 0.7336538462264152 0.5224358975 0.7204326924528301
12 0.539262820625 0.6307692311320754 0.542948718125 0.6230769226415095 0.54503205125 0.615625 0.54503205125 0.6108173075471699 0.5411858975 0.6067307688679245 0.52147435875 0.6043269226415094 0.513621795 0.6052884613207548 0.507852564375 0.6091346150943396 0.502884615625 0.6199519226415094 0.503044871875 0.6266826924528301 0.504326923125 0.6307692311320754 0.505769230625 0.6341346150943395 0.509294871875 0.6382211537735849 0.51650641 0.6425480773584905 0.525 0.6425480773584905 0.5320512818750001 0.6394230773584906 0.539262820625 0.6307692311320754
1 0.560416666875 0.7826923075471699 0.562019230625 0.7800480773584906 0.565705128125 0.7673076924528301 0.568269230625 0.7526442311320755 0.570673076875 0.7245192311320754 0.568429486875 0.7230769226415095 0.55352564125 0.7213942311320755 0.543429486875 0.7235576924528302 0.540865384375 0.7254807688679246 0.531730769375 0.7399038462264151 0.5286858975 0.7490384613207547 0.52884615375 0.7600961537735849 0.530128205 0.7675480773584905 0.531730769375 0.7713942311320754 0.5368589743750001 0.7790865386792453 0.54391025625 0.7853365386792452 0.548237179375 0.7872596150943396 0.5578525643750001 0.784375 0.560416666875 0.7826923075471699
21 0.6166666668749999 0.6538461537735849 0.617147435625 0.6502403849056604 0.596794871875 0.6346153849056604 0.588621795 0.6346153849056604 0.58125 0.6382211537735849 0.57596153875 0.6435096150943396 0.5698717950000001 0.6514423075471698 0.566826923125 0.6572115386792453 0.565384615625 0.6622596150943396 0.564262820625 0.6694711537735849 0.5644230768749999 0.6737980773584905 0.566666666875 0.6853365386792453 0.570673076875 0.6947115386792453 0.5918269231250001 0.7209134613207547 0.5956730768749999 0.7228365386792452 0.596955128125 0.7206730773584905 0.6166666668749999 0.6538461537735849
18 0.6448717949999999 0.7538461537735849 0.638621795 0.7016826924528301 0.607051281875 0.7206730773584905 0.60016025625 0.7283653849056604 0.596634615625 0.7377403849056604 0.59647435875 0.75625 0.5974358975 0.7600961537735849 0.60400641 0.7754807688679246 0.61346153875 0.7831730773584905 0.6269230768749999 0.7872596150943396 0.6306089743750001 0.7841346150943396 0.6410256412500001 0.7716346150943396 0.6448717949999999 0.7538461537735849
1 0.7036858975 0.6540865386792453 0.689423076875 0.6350961537735849 0.685416666875 0.6346153849056604 0.681570513125 0.6379807688679245 0.672115384375 0.6487980773584906 0.66858974375 0.65625 0.668108974375 0.6620192311320754 0.6725961537499999 0.6745192311320755 0.67772435875 0.6795673075471699 0.68125 0.6807692311320754 0.690865384375 0.678125 0.70496794875 0.6692307688679245 0.7081730768750001 0.6658653849056604 0.7036858975 0.6540865386792453
20 0.6572115387499999 0.5716346150943395 0.639423076875 0.5675480773584906 0.6269230768749999 0.5701923075471699 0.621955128125 0.5752403849056604 0.620512820625 0.5786057688679246 0.6203525643750001 0.5846153849056605 0.6258012818750001 0.6420673075471699 0.626762820625 0.6432692311320755 0.66602564125 0.6591346150943396 0.668269230625 0.6543269226415095 0.67772435875 0.6112980773584905 0.67003205125 0.5800480773584905 0.6572115387499999 0.5716346150943395