9 0.589262820625 0.7401442311320754 0.5838141025 0.7377403849056604 0.5798076925 0.7377403849056604 0.574358974375 0.7403846150943396 0.572115384375 0.7439903849056604 0.570673076875 0.7487980773584906 0.570512820625 0.7557692311320754 0.57227564125 0.7610576924528302 0.587820513125 0.7713942311320754 0.591666666875 0.7723557688679246 0.59903846125 0.7596153849056604 0.598076923125 0.7519230773584905 0.596634615625 0.7497596150943396 0.589262820625 0.7401442311320754
9 0.277884615625 0.4471153849056604 0.275320513125 0.43966346132075473 0.25977564125 0.43533653867924527 0.2576923075 0.4408653849056604 0.25753205125 0.4435096150943396 0.259134615625 0.45096153867924527 0.265384615625 0.4586538462264151 0.27147435875 0.46298076886792455 0.27660256437499997 0.4600961537735849 0.278365384375 0.45504807735849057 0.278365384375 0.45120192264150943 0.277884615625 0.4471153849056604
6 0.43958333312500003 0.2048076924528302 0.448878205 0.15504807735849058 0.44903846125 0.1423076924528302 0.446794871875 0.1305288462264151 0.443269230625 0.11899038490566037 0.43541666687499997 0.10168269245283018 0.428205128125 0.0915865386792453 0.412179486875 0.07956730754716981 0.40560897437500004 0.07860576886792453 0.2985576925 0.2194711537735849 0.29871794875 0.221875 0.348237179375 0.2752403849056604 0.355929486875 0.27908653867924527 0.37275641 0.27908653867924527 0.389423076875 0.26754807735849057 0.404326923125 0.25264423113207546 0.4235576925 0.22836538490566038 0.43958333312500003 0.2048076924528302
21 0.7501602562499999 0.3257211537735849 0.7607371793750001 0.2951923075471698 0.759615384375 0.29182692264150945 0.724519230625 0.2560096150943396 0.7173076924999999 0.2497596150943396 0.674358974375 0.2194711537735849 0.662019230625 0.21225961509433963 0.6560897437500001 0.21201923113207546 0.6451923075 0.22019230754716979 0.638621795 0.23028846132075473 0.634615384375 0.24278846132075474 0.634615384375 0.25625 0.637980769375 0.2697115386792453 0.650320513125 0.3024038462264151 0.658173076875 0.31754807735849055 0.66971153875 0.32620192264150943 0.67740384625 0.32908653867924526 0.747916666875 0.3278846150943396 0.7501602562499999 0.3257211537735849
21 0.6150641025 0.16274038490566037 0.61746794875 0.1538461537735849 0.61971153875 0.1382211537735849 0.61266025625 0.10745192264150943 0.60496794875 0.10120192264150944 0.544871795 0.08533653867924529 0.540865384375 0.08653846132075471 0.5395833331250001 0.0915865386792453 0.5008012818750001 0.11778846132075471 0.528044871875 0.16826923113207548 0.540865384375 0.18846153867924528 0.54503205125 0.19783653867924528 0.548878205 0.20024038490566037 0.57596153875 0.18942307735849057 0.5956730768749999 0.18004807735849057 0.6150641025 0.16274038490566037
1 0.297115384375 0.3533653849056604 0.31714743562500003 0.32596153867924527 0.271794871875 0.3079326924528302 0.269871795 0.3112980773584905 0.268269230625 0.3247596150943396 0.26875 0.3341346150943396 0.27099359 0.34158653867924527 0.2735576925 0.34591346132075473 0.276923076875 0.34951923113207545 0.28269230749999996 0.3533653849056604 0.290865384375 0.3557692311320755 0.294871795 0.35552884622641506 0.297115384375 0.3533653849056604
9 0.28878205125 0.43942307735849057 0.284615384375 0.43485576886792454 0.27932692312499996 0.43461538490566043 0.276121795 0.4430288462264151 0.27147435875 0.4627403849056604 0.27259615375 0.46658653867924527 0.276121795 0.46682692264150943 0.282371795 0.4632211537735849 0.28766025625 0.4555288462264151 0.289423076875 0.45120192264150943 0.28974359 0.44326923113207545 0.28878205125 0.43942307735849057
9 0.23044871812499998 0.5478365386792453 0.224358974375 0.5391826924528301 0.220512820625 0.5382211537735849 0.216826923125 0.5408653849056604 0.21330128187500003 0.5447115386792453 0.22115384625 0.5634615386792453 0.223878205 0.5661057688679246 0.228205128125 0.5673076924528302 0.232371795 0.565625 0.233333333125 0.5612980773584906 0.233333333125 0.5564903849056604 0.23044871812499998 0.5478365386792453
14 0.36233974375 0.5461538462264152 0.36041666687499996 0.5353365386792452 0.35737179500000005 0.5319711537735848 0.33349359 0.5326923075471699 0.332051281875 0.5341346150943396 0.33108974375 0.5372596150943396 0.33092948687499996 0.5449519226415095 0.33397435875 0.5509615386792452 0.337820513125 0.5545673075471699 0.345512820625 0.5586538462264151 0.349519230625 0.5586538462264151 0.357051281875 0.5550480773584906 0.36137820499999995 0.5497596150943396 0.36233974375 0.5461538462264152
9 0.37740384624999995 0.4622596150943396 0.375801281875 0.4478365386792453 0.372115384375 0.43557692264150943 0.35753205125 0.4151442311320755 0.348237179375 0.41995192264150943 0.345673076875 0.42379807735849057 0.34471153875 0.4271634613207547 0.341987179375 0.44326923113207545 0.356730769375 0.47860576886792455 0.360576923125 0.4810096150943396 0.36522435875 0.4807692311320755 0.37003205125 0.4788461537735849 0.37275641 0.47620192264150946 0.376762820625 0.46826923113207547 0.37740384624999995 0.4622596150943396
9 0.404326923125 0.35625 0.400801281875 0.3557692311320755 0.391826923125 0.35745192264150943 0.38413461562499995 0.371875 0.381570513125 0.37884615377358494 0.38141025624999997 0.38485576886792455 0.39246794875 0.4021634613207547 0.404487179375 0.3971153849056604 0.41810897437500005 0.3846153849056604 0.42003205125 0.38076923113207545 0.41891025625 0.37115384622641506 0.41602564125 0.36514423113207545 0.404326923125 0.35625
1 0.445833333125 0.34591346132075473 0.443269230625 0.3391826924528302 0.4375 0.34423076886792453 0.43541666687499997 0.34759615377358494 0.4349358975 0.35 0.435737179375 0.36129807735849057 0.44775641 0.3841346150943396 0.450801281875 0.3875 0.451602564375 0.3872596150943396 0.4536858975 0.3841346150943396 0.45384615375000004 0.3802884613207547 0.445833333125 0.34591346132075473
9 0.443269230625 0.2564903849056604 0.439423076875 0.2552884613207547 0.43605769250000004 0.25745192264150946 0.434615384375 0.2600961537735849 0.433333333125 0.2668269226415095 0.43317307687499995 0.27139423113207545 0.4349358975 0.2778846150943396 0.439423076875 0.2829326924528302 0.4548076925 0.290625 0.46233974375000003 0.28317307735849057 0.46089743562499996 0.2752403849056604 0.45897435875 0.2723557688679245 0.443269230625 0.2564903849056604
9 0.51153846125 0.31033653867924527 0.50977564125 0.3024038462264151 0.5038461537500001 0.2908653849056604 0.48814102562499995 0.2795673075471698 0.48621794875 0.27908653867924527 0.4838141025 0.28028846132075474 0.48125 0.28389423113207546 0.48060897437500005 0.2879807688679245 0.48221153875 0.29903846132075473 0.495352564375 0.3170673075471698 0.49791666687499997 0.3189903849056604 0.502083333125 0.3192307688679245 0.506730769375 0.31754807735849055 0.510576923125 0.3139423075471698 0.51153846125 0.31033653867924527
9 0.57147435875 0.30504807735849054 0.5639423075 0.3100961537735849 0.558333333125 0.31754807735849055 0.5578525643750001 0.3221153849056604 0.56474359 0.32764423113207547 0.5785256412500001 0.3235576924528302 0.5826923075 0.3185096150943396 0.583012820625 0.31442307735849057 0.580502136875 0.3092147433962264 0.57596153875 0.3038461537735849 0.57147435875 0.30504807735849054
9 0.5530448718750001 0.3646634613207547 0.55224359 0.3629807688679245 0.548397435625 0.36153846132075473 0.51746794875 0.3670673075471698 0.51650641 0.3682692311320755 0.517628205 0.3725961537735849 0.5256410256249999 0.3836538462264151 0.52884615375 0.3860576924528302 0.5304487181249999 0.3860576924528302 0.5358974356249999 0.3846153849056604 0.54503205125 0.3795673075471698 0.5525641025 0.3697115386792453 0.5530448718750001 0.3646634613207547
14 0.525320513125 0.44927884622641506 0.52227564125 0.4507211537735849 0.52275641 0.4627403849056604 0.540865384375 0.4788461537735849 0.548878205 0.48125 0.553205128125 0.4783653849056604 0.55625 0.4701923075471698 0.557051281875 0.4627403849056604 0.554487179375 0.45817307735849055 0.525320513125 0.44927884622641506
9 0.46650641 0.5288461537735849 0.462820513125 0.5278846150943396 0.45961538437500005 0.5290865386792453 0.45496794875 0.5329326924528301 0.44839743562499995 0.5444711537735849 0.446955128125 0.5487980773584905 0.44727564125 0.5528846150943396 0.4485576925 0.55625 0.45112179500000005 0.5586538462264151 0.46666666687499997 0.5521634613207548 0.47307692312500005 0.5408653849056604 0.47003205125 0.5329326924528301 0.46650641 0.5288461537735849
9 0.533333333125 0.5682692311320754 0.512980769375 0.5634615386792453 0.510416666875 0.5639423075471699 0.498076923125 0.5713942311320754 0.502884615625 0.5954326924528301 0.5213141025 0.6161057688679246 0.544871795 0.6153846150943396 0.548397435625 0.6115384613207547 0.549358974375 0.6069711537735849 0.543429486875 0.5877403849056604 0.537019230625 0.5721153849056604 0.533333333125 0.5682692311320754
1 0.46650641 0.7360576924528301 0.470512820625 0.7290865386792452 0.47275641 0.7201923075471699 0.46923076937499997 0.7127403849056604 0.466826923125 0.7108173075471699 0.464583333125 0.7108173075471699 0.443269230625 0.7165865386792453 0.439423076875 0.7185096150943396 0.438301281875 0.7213942311320755 0.43814102562499996 0.7247596150943396 0.439423076875 0.7319711537735849 0.44086538437500006 0.7346153849056604 0.44727564125 0.7403846150943396 0.450801281875 0.7423076924528301 0.453365384375 0.7423076924528301 0.459455128125 0.7403846150943396 0.46650641 0.7360576924528301
9 0.630929486875 0.7492788462264152 0.6259615387499999 0.7490384613207547 0.622916666875 0.7502403849056604 0.61650641 0.7596153849056604 0.6176282049999999 0.7716346150943396 0.620673076875 0.7757211537735849 0.626762820625 0.7771634613207548 0.629166666875 0.7752403849056604 0.637019230625 0.7596153849056604 0.637820513125 0.7557692311320754 0.630929486875 0.7492788462264152
9 0.5983974356249999 0.684375 0.594070513125 0.6836538462264151 0.5911858975 0.6848557688679245 0.590384615625 0.6865384613207547 0.587019230625 0.7064903849056604 0.587820513125 0.7100961537735849 0.5918269231250001 0.7117788462264151 0.595833333125 0.7079326924528302 0.599519230625 0.7004807688679245 0.601923076875 0.6932692311320754 0.60128205125 0.6887019226415094 0.5983974356249999 0.684375
9 0.6125 0.5427884613207548 0.6125 0.5370192311320754 0.611698718125 0.5334134613207547 0.60753205125 0.5252403849056604 0.6048076925 0.5228365386792453 0.60016025625 0.5216346150943396 0.596634615625 0.5225961537735849 0.5951923075 0.5242788462264151 0.5854166668749999 0.5490384613207547 0.5838141025 0.5569711537735849 0.58621794875 0.5596153849056604 0.5951923075 0.5644230773584905 0.599519230625 0.5646634613207547 0.603365384375 0.5629807688679246 0.6089743587499999 0.5564903849056604 0.61121794875 0.5507211537735849 0.6125 0.5427884613207548
9 0.75272435875 0.6391826924528301 0.752083333125 0.6302884613207548 0.749358974375 0.6257211537735848 0.7455128206249999 0.6228365386792453 0.731570513125 0.6225961537735849 0.728365384375 0.6233173075471699 0.724519230625 0.6266826924528301 0.7243589743750001 0.6346153849056604 0.7258012818749999 0.6403846150943396 0.72884615375 0.6442307688679246 0.73990384625 0.65 0.744230769375 0.65 0.748076923125 0.6483173075471699 0.750320513125 0.6461538462264151 0.75272435875 0.6391826924528301
9 0.759615384375 0.453125 0.754647435625 0.4471153849056604 0.7517628206249999 0.4451923075471698 0.74391025625 0.4435096150943396 0.7350961537499999 0.45120192264150943 0.731570513125 0.4598557688679245 0.73108974375 0.46658653867924527 0.7363782050000001 0.5024038462264151 0.7594551281249999 0.5067307688679246 0.7636217949999999 0.5050480773584906 0.76650641 0.48605769245283015 0.766826923125 0.4778846150943396 0.764262820625 0.4627403849056604 0.759615384375 0.453125
0 0.7201923075000001 0.48990384622641514 0.70977564125 0.4963942311320754 0.708333333125 0.4992788462264151 0.7081730768750001 0.5019230773584905 0.709455128125 0.5048076924528302 0.71233974375 0.50625 0.7144230768750001 0.5060096150943396 0.720352564375 0.5002403849056604 0.724519230625 0.4939903849056604 0.72259615375 0.490625 0.7201923075000001 0.48990384622641514
9 0.77516025625 0.3733173075471698 0.77275641 0.3764423075471698 0.773076923125 0.3805288462264151 0.7741987181250001 0.3822115386792453 0.7790064099999999 0.3853365386792453 0.780128205 0.384375 0.780769230625 0.3795673075471698 0.780448718125 0.37692307735849057 0.779166666875 0.3747596150943396 0.77516025625 0.3733173075471698