6 0.40512820499999996 0.30745192264150945 0.435737179375 0.2875 0.494070513125 0.2420673075471698 0.49567307687499995 0.2399038462264151 0.49887820499999996 0.23221153867924527 0.499198718125 0.22860576886792452 0.500641025625 0.16995192264150943 0.5 0.16225961509433962 0.498237179375 0.15673076886792453 0.49214743562499996 0.15024038490566038 0.466987179375 0.14206730754716979 0.45528846125 0.1444711537735849 0.443429486875 0.14903846132075474 0.408173076875 0.17403846132075473 0.40496794875 0.1774038462264151 0.376923076875 0.21514423113207548 0.369070513125 0.24158653867924526 0.368269230625 0.2471153849056604 0.368269230625 0.25576923113207545 0.369551281875 0.26274038490566043 0.376602564375 0.2867788462264151 0.380769230625 0.29471153867924527 0.385576923125 0.30264423113207545 0.38846153875 0.3040865386792453 0.40512820499999996 0.30745192264150945
21 0.6506410256249999 0.2867788462264151 0.637820513125 0.24423076886792452 0.63477564125 0.23846153867924527 0.607051281875 0.24783653867924527 0.59134615375 0.26826923113207546 0.590865384375 0.27548076886792455 0.5918269231250001 0.278125 0.607051281875 0.2992788462264151 0.6230769231250001 0.31442307735849057 0.630929486875 0.3185096150943396 0.641666666875 0.31634615377358494 0.64615384625 0.3108173075471698 0.6506410256249999 0.2867788462264151
7 0.7964743587499999 0.5487980773584905 0.7895833331250001 0.5014423075471699 0.779166666875 0.46875 0.744070513125 0.41923076886792454 0.7400641025 0.42764423113207545 0.736858974375 0.43822115377358495 0.728044871875 0.5024038462264151 0.7338141025 0.5526442311320754 0.74471153875 0.6192307688679246 0.751923076875 0.6391826924528301 0.7673076925 0.6298076924528302 0.77740384625 0.6149038462264151 0.7802884612500001 0.6074519226415095 0.7964743587499999 0.5487980773584905
14 0.3099358975 0.3610576924528302 0.306570513125 0.3581730773584905 0.30240384625 0.3581730773584905 0.29903846125 0.36129807735849057 0.298076923125 0.3653846150943396 0.305769230625 0.4117788462264151 0.306570513125 0.4129807688679245 0.310416666875 0.41370192264150946 0.31442307687500004 0.409375 0.316987179375 0.40408653867924527 0.31858974375 0.3846153849056604 0.3099358975 0.3610576924528302
9 0.39391025625 0.3783653849056604 0.37644230749999996 0.3783653849056604 0.37644230749999996 0.41442307735849054 0.39391025625 0.41442307735849054 0.39391025625 0.3783653849056604
14 0.523397435625 0.4163461537735849 0.52147435875 0.4149038462264151 0.5100961537500001 0.4117788462264151 0.49391025624999996 0.4103365386792453 0.48237179500000005 0.415625 0.47996794875 0.42379807735849057 0.47964743562499995 0.4278846150943396 0.48237179500000005 0.4350961537735849 0.49791666687499997 0.4471153849056604 0.5139423075 0.4485576924528302 0.526121795 0.4430288462264151 0.52596153875 0.4341346150943396 0.524198718125 0.4194711537735849 0.523397435625 0.4163461537735849
14 0.572115384375 0.48004807735849053 0.56378205125 0.48245192264150943 0.555929486875 0.49014423113207545 0.5524038462499999 0.49903846132075474 0.55272435875 0.5048076924528302 0.55496794875 0.5060096150943396 0.57996794875 0.5081730773584906 0.5842948718750001 0.5036057688679246 0.5860576925000001 0.49759615377358485 0.584134615625 0.48894230754716983 0.58125 0.48221153867924527 0.572115384375 0.48004807735849053
14 0.6695512818749999 0.615625 0.638621795 0.6254807688679246 0.63653846125 0.6288461537735849 0.63621794875 0.6307692311320754 0.638301281875 0.6370192311320754 0.6421474356250001 0.6420673075471699 0.662019230625 0.6516826924528302 0.6714743587499999 0.6307692311320754 0.6735576925 0.6228365386792453 0.67099359 0.6168269226415094 0.6695512818749999 0.615625
13 0.607852564375 0.5759615386792453 0.607371795 0.5480769226415094 0.6032051281249999 0.5475961537735848 0.537019230625 0.55625 0.53365384625 0.5682692311320754 0.557371795 0.6463942311320754 0.5605769231250001 0.6543269226415095 0.564583333125 0.6543269226415095 0.568269230625 0.6507211537735849 0.596955128125 0.6112980773584905 0.605608974375 0.5872596150943395 0.607852564375 0.5759615386792453
3 0.6657051281249999 0.7588942311320754 0.635576923125 0.775 0.63990384625 0.8223557688679246 0.6733974356250001 0.8483173075471698 0.689423076875 0.8322115386792452 0.69983974375 0.8185096150943396 0.70096153875 0.8153846150943396 0.70096153875 0.7673076924528301 0.69759615375 0.7634615386792453 0.6657051281249999 0.7588942311320754
14 0.5224358975 0.7596153849056604 0.52147435875 0.7550480773584906 0.517628205 0.7490384613207547 0.513141025625 0.7497596150943396 0.49214743562499996 0.7663461537735848 0.49503205125 0.7826923075471699 0.49791666687499997 0.7867788462264151 0.5056089743750001 0.7927884613207548 0.51746794875 0.7913461537735849 0.51858974375 0.790625 0.52003205125 0.7870192311320754 0.52259615375 0.7634615386792453 0.5224358975 0.7596153849056604
21 0.48637820499999995 0.6394230773584906 0.480448718125 0.6302884613207548 0.474519230625 0.6262019226415094 0.46650641 0.6245192311320754 0.45865384625 0.6269230773584905 0.45496794875 0.6502403849056604 0.455769230625 0.6540865386792453 0.47996794875 0.6858173075471699 0.48221153875 0.6877403849056604 0.48365384624999996 0.6870192311320754 0.484615384375 0.6855769226415095 0.488301281875 0.6466346150943396 0.48637820499999995 0.6394230773584906
14 0.44647435874999997 0.7514423075471699 0.4451923075 0.7483173075471699 0.443269230625 0.746875 0.412019230625 0.7509615386792453 0.409294871875 0.7545673075471698 0.40961538437500006 0.7598557688679246 0.412179486875 0.7651442311320754 0.415544871875 0.7675480773584905 0.42788461562499996 0.7699519226415095 0.439262820625 0.7651442311320754 0.443108974375 0.7617788462264151 0.44615384625 0.7560096150943396 0.44647435874999997 0.7514423075471699
1 0.439262820625 0.6774038462264151 0.43990384624999995 0.6706730773584906 0.439423076875 0.6663461537735849 0.426121795 0.6377403849056604 0.42195512812499997 0.634375 0.41474359 0.6319711537735849 0.410897435625 0.6334134613207547 0.40833333312500003 0.6389423075471699 0.407852564375 0.6475961537735849 0.4088141025 0.6579326924528301 0.41137820499999994 0.6697115386792453 0.41330128187500004 0.6737980773584905 0.425801281875 0.6875 0.428205128125 0.6882211537735848 0.435737179375 0.6850961537735849 0.439262820625 0.6774038462264151
14 0.380769230625 0.5819711537735849 0.37291666687499997 0.5834134613207548 0.36538461562499996 0.5911057688679245 0.360737179375 0.6002403849056605 0.360737179375 0.6057692311320754 0.36217948687499996 0.6117788462264151 0.36506410250000004 0.6144230773584906 0.36971153875 0.6141826924528302 0.38862179500000005 0.5966346150943396 0.3889423075 0.5915865386792453 0.38589743562499995 0.5850961537735849 0.380769230625 0.5819711537735849
14 0.35865384624999996 0.496875 0.35737179500000005 0.4973557688679246 0.35657051312500004 0.4995192311320754 0.35721153875 0.5079326924528301 0.36025641 0.5158653849056604 0.36506410250000004 0.5173076924528301 0.369070513125 0.5146634613207547 0.369230769375 0.5096153849056604 0.36346153875 0.49783653867924527 0.36137820499999995 0.4966346150943396 0.35865384624999996 0.496875
14 0.25608974375 0.5420673075471698 0.275320513125 0.5545673075471699 0.290705128125 0.5295673075471699 0.29166666687500004 0.5213942311320754 0.287019230625 0.5173076924528301 0.264423076875 0.5276442311320754 0.255608974375 0.5391826924528301 0.25608974375 0.5420673075471698
14 0.310416666875 0.7338942311320754 0.299198718125 0.7127403849056604 0.29134615375 0.7168269226415095 0.28926282062500003 0.7211538462264151 0.28830128187500004 0.7245192311320754 0.290705128125 0.7346153849056604 0.297115384375 0.7521634613207547 0.298878205 0.7538461537735849 0.303044871875 0.7540865386792452 0.306891025625 0.7521634613207547 0.31057692312499996 0.7478365386792453 0.310416666875 0.7338942311320754