9 0.346955128125 0.49783653867924527 0.34391025625 0.5055288462264151 0.342948718125 0.5137019226415095 0.345673076875 0.5165865386792453 0.349519230625 0.5163461537735848 0.36490384625 0.5105769226415094 0.36346153875 0.49014423113207545 0.35977564125 0.48942307735849055 0.35352564125 0.49134615377358487 0.346955128125 0.49783653867924527
9 0.35384615375 0.7793269226415095 0.3474358975 0.7653846150943396 0.34599359 0.7637019226415095 0.341826923125 0.7629807688679245 0.34022435875 0.7661057688679246 0.339262820625 0.7716346150943396 0.3389423075 0.7757211537735849 0.3400641025 0.7875 0.34150641 0.7925480773584905 0.34423076937499997 0.7963942311320754 0.3474358975 0.7985576924528301 0.35336538437500004 0.7987980773584905 0.354487179375 0.7887019226415094 0.35384615375 0.7793269226415095
9 0.3375 0.7394230773584906 0.33349359 0.7408653849056605 0.33141025625 0.7466346150943396 0.33253205125 0.7516826924528301 0.341826923125 0.7668269226415094 0.345673076875 0.7668269226415094 0.347916666875 0.765625 0.35352564125 0.7557692311320754 0.35352564125 0.746875 0.350641025625 0.74375 0.3375 0.7394230773584906
9 0.338141025625 0.7120192311320754 0.3360576925 0.7086538462264151 0.33397435875 0.7069711537735849 0.3298076925 0.7069711537735849 0.3264423075 0.7096153849056605 0.324519230625 0.7132211537735849 0.32403846125 0.7175480773584906 0.32516025625 0.7225961537735849 0.33253205125 0.7367788462264151 0.337820513125 0.7413461537735849 0.342147435625 0.7372596150943396 0.34391025625 0.7322115386792453 0.34326923062500003 0.7288461537735849 0.338141025625 0.7120192311320754
9 0.316826923125 0.6473557688679246 0.310416666875 0.6480769226415094 0.304166666875 0.6552884613207547 0.302884615625 0.6617788462264151 0.302884615625 0.6661057688679246 0.306570513125 0.6735576924528301 0.3201923075 0.6637019226415094 0.32371794875 0.6584134613207547 0.323076923125 0.6545673075471699 0.32099359 0.6502403849056604 0.316826923125 0.6473557688679246
9 0.658173076875 0.31826923113207545 0.654326923125 0.3149038462264151 0.64246794875 0.3149038462264151 0.63990384625 0.32307692264150945 0.63974359 0.3266826924528302 0.6413461537499999 0.3317307688679245 0.65016025625 0.3401442311320755 0.655448718125 0.33990384622641506 0.6580128206249999 0.3377403849056604 0.6599358975 0.33389423113207545 0.660416666875 0.32716346132075474 0.658173076875 0.31826923113207545
9 0.49086538437500005 0.18942307735849057 0.488621795 0.18701923113207547 0.48621794875 0.18533653867924527 0.483173076875 0.1858173075471698 0.47996794875 0.1875 0.47724359 0.19158653867924527 0.475480769375 0.19711538490566038 0.475 0.2079326924528302 0.476121795 0.21658653867924527 0.47852564125 0.21971153867924528 0.48221153875 0.21995192264150942 0.489583333125 0.2048076924528302 0.49118589749999997 0.19951923113207548 0.49198717937499997 0.1930288462264151 0.49086538437500005 0.18942307735849057
9 0.40737179500000004 0.7048076924528301 0.40416666687499997 0.6987980773584905 0.400320513125 0.6973557688679246 0.39871794875 0.6980769226415094 0.39134615375000004 0.7105769226415094 0.38958333312500004 0.7163461537735849 0.389423076875 0.7206730773584905 0.390384615625 0.7245192311320754 0.39166666687499996 0.7262019226415094 0.39631410250000004 0.7290865386792452 0.400320513125 0.7278846150943395 0.403365384375 0.7225961537735849 0.407051281875 0.7088942311320754 0.40737179500000004 0.7048076924528301
7 0.7945512818749999 0.6019230773584906 0.7953525643749999 0.5995192311320754 0.79503205125 0.5980769226415095 0.7852564099999999 0.5800480773584905 0.783173076875 0.5790865386792453 0.751923076875 0.5836538462264151 0.688621795 0.6305288462264151 0.67772435875 0.6483173075471699 0.675641025625 0.6615384613207548 0.675641025625 0.6697115386792453 0.6772435900000001 0.675 0.68125 0.6819711537735849 0.68509615375 0.684375 0.689102564375 0.6841346150943396 0.734455128125 0.6661057688679246 0.779326923125 0.6192307688679246 0.7945512818749999 0.6019230773584906
9 0.37403846125 0.7012019226415095 0.37275641 0.6997596150943396 0.36987179500000006 0.6992788462264151 0.36746794875 0.7004807688679245 0.35897435875 0.7103365386792453 0.355929486875 0.7175480773584906 0.355769230625 0.7240384613207548 0.35737179500000005 0.7302884613207548 0.36121794875 0.7350961537735848 0.365544871875 0.7341346150943396 0.368269230625 0.7305288462264151 0.37067307687499995 0.7242788462264151 0.37435897437500004 0.7088942311320754 0.37403846125 0.7012019226415095
9 0.34583333312500003 0.6711538462264152 0.33862179500000006 0.6600961537735849 0.33509615375 0.6564903849056604 0.3298076925 0.6572115386792453 0.3286858975 0.6588942311320755 0.326923076875 0.665625 0.326762820625 0.6701923075471699 0.3286858975 0.6757211537735849 0.33125 0.6790865386792453 0.33557692312500004 0.6822115386792452 0.341987179375 0.6838942311320754 0.345512820625 0.6822115386792452 0.34759615375 0.6778846150943396 0.34583333312500003 0.6711538462264152
9 0.537179486875 0.5098557688679246 0.531570513125 0.5103365386792452 0.522115384375 0.5213942311320754 0.51875 0.528125 0.519070513125 0.5331730773584905 0.5213141025 0.5360576924528302 0.5338141025 0.534375 0.53733974375 0.5319711537735848 0.5413461537500001 0.5262019226415094 0.542147435625 0.5213942311320754 0.5411858975 0.515625 0.537179486875 0.5098557688679246
9 0.5153846156249999 0.3449519226415095 0.51378205125 0.3435096150943396 0.505769230625 0.3449519226415095 0.5025641025 0.3471153849056604 0.5009615387499999 0.3502403849056604 0.500320513125 0.3576923075471698 0.5036858975 0.3689903849056604 0.505929486875 0.37307692264150943 0.509615384375 0.37596153867924526 0.5139423075 0.37596153867924526 0.517948718125 0.37283653867924527 0.518429486875 0.35673076886792454 0.5153846156249999 0.3449519226415095
14 0.5158653843750001 0.3377403849056604 0.5139423075 0.3367788462264151 0.51266025625 0.3375 0.50753205125 0.3483173075471698 0.50721153875 0.34951923113207545 0.5150641025 0.3689903849056604 0.51746794875 0.37283653867924527 0.530608974375 0.3694711537735849 0.53397435875 0.3649038462264151 0.534615384375 0.36129807735849057 0.5331730768749999 0.3533653849056604 0.5158653843750001 0.3377403849056604
9 0.37900641 0.46682692264150943 0.37259615375000005 0.45745192264150947 0.369070513125 0.4564903849056604 0.36714743562499996 0.4584134613207547 0.36490384625 0.46298076886792455 0.36474359 0.4704326924528302 0.3673076925 0.4848557688679246 0.37291666687499997 0.4908653849056604 0.376923076875 0.4915865386792453 0.380769230625 0.48942307735849055 0.3826923075 0.4855769226415095 0.383333333125 0.478125 0.37900641 0.46682692264150943
14 0.587179486875 0.34182692264150943 0.58397435875 0.3382211537735849 0.57596153875 0.3367788462264151 0.5671474356249999 0.33870192264150945 0.5633012818750001 0.34182692264150943 0.5626602562499999 0.34375 0.562820513125 0.34951923113207545 0.568269230625 0.3713942311320755 0.571634615625 0.37307692264150943 0.57884615375 0.3737980773584905 0.581730769375 0.37307692264150943 0.583012820625 0.3713942311320755 0.58733974375 0.3497596150943396 0.587179486875 0.34182692264150943
11 0.48637820499999995 0.1516826924528302 0.48525641 0.15336538490566037 0.482852564375 0.16875 0.48221153875 0.184375 0.48253205125 0.18533653867924527 0.48637820499999995 0.18557692264150943 0.487980769375 0.18173076886792452 0.48990384625 0.1701923075471698 0.49038461562499996 0.15745192264150942 0.489583333125 0.1524038462264151 0.48637820499999995 0.1516826924528302
9 0.562820513125 0.125 0.560416666875 0.12403846132075473 0.556570513125 0.12475961509433962 0.55400641 0.1266826924528302 0.551762820625 0.1305288462264151 0.54871794875 0.140625 0.5474358975 0.14639423113207548 0.548397435625 0.15216346132075473 0.55272435875 0.1538461537735849 0.55641025625 0.153125 0.565865384375 0.13942307735849058 0.5671474356249999 0.13461538490566038 0.5671474356249999 0.13076923113207548 0.562820513125 0.125
9 0.564262820625 0.10120192264150944 0.55272435875 0.08894230754716981 0.5485576925 0.08846153867924529 0.54503205125 0.09014423113207548 0.541987179375 0.0975961537735849 0.542147435625 0.10360576886792452 0.544391025625 0.10865384622641511 0.548076923125 0.1125 0.56378205125 0.11225961509433963 0.56474359 0.1115384613207547 0.5661858975 0.1072115386792453 0.565865384375 0.1038461537735849 0.564262820625 0.10120192264150944
11 0.440544871875 0.15408653867924527 0.43798076937499997 0.1514423075471698 0.430929486875 0.15 0.42836538437500005 0.15096153867924528 0.42724359 0.15288461509433962 0.426923076875 0.15432692264150943 0.42788461562499996 0.15769230754716979 0.42964743562499996 0.15961538490566038 0.439262820625 0.16201923113207548 0.44102564125 0.16129807735849058 0.44182692312500005 0.15961538490566038 0.441987179375 0.1579326924528302 0.440544871875 0.15408653867924527
9 0.5152243587499999 0.1663461537735849 0.515544871875 0.1617788462264151 0.514262820625 0.15625 0.5125 0.15264423113207548 0.510416666875 0.15120192264150942 0.506730769375 0.15024038490566038 0.498076923125 0.15096153867924528 0.493108974375 0.15673076886792453 0.49294871812499996 0.16033653867924527 0.494070513125 0.1639423075471698 0.49647435875 0.1673076924528302 0.501762820625 0.17163461509433964 0.505769230625 0.17307692264150942 0.5100961537500001 0.17235576886792453 0.513621795 0.17067307735849058 0.5152243587499999 0.1663461537735849
9 0.607371795 0.1389423075471698 0.603365384375 0.1375 0.599679486875 0.14014423113207547 0.592628205 0.15024038490566038 0.5927884612500001 0.15817307735849057 0.5939102562499999 0.16153846132075472 0.59615384625 0.16538461509433963 0.59983974375 0.1675480773584906 0.601923076875 0.16586538490566038 0.60608974375 0.1586538462264151 0.609455128125 0.1461538462264151 0.607371795 0.1389423075471698
14 0.52724359 0.1930288462264151 0.52516025625 0.1882211537735849 0.5213141025 0.18533653867924527 0.505769230625 0.20432692264150942 0.5048076925 0.2069711537735849 0.505769230625 0.2149038462264151 0.5094551281249999 0.21826923113207547 0.514423076875 0.21730769245283021 0.52275641 0.21274038490566038 0.52516025625 0.2110576924528302 0.526121795 0.20889423113207548 0.5274038462499999 0.2014423075471698 0.52724359 0.1930288462264151
11 0.54358974375 0.2439903849056604 0.543108974375 0.253125 0.544551281875 0.26634615377358495 0.548878205 0.2764423075471698 0.55384615375 0.27139423113207545 0.5541666668749999 0.2673076924528302 0.54871794875 0.2370192311320755 0.544871795 0.2389423075471698 0.54358974375 0.2439903849056604
14 0.57596153875 0.2610576924528302 0.560416666875 0.2723557688679245 0.5551282049999999 0.2877403849056604 0.555929486875 0.2913461537735849 0.560737179375 0.29591346132075474 0.564262820625 0.2944711537735849 0.581891025625 0.27139423113207545 0.583173076875 0.26754807735849057 0.58028846125 0.26177884622641506 0.57596153875 0.2610576924528302
9 0.5701923074999999 0.24038461509433962 0.56746794875 0.23461538490566036 0.564583333125 0.2317307688679245 0.560737179375 0.2326923075471698 0.558012820625 0.2360576924528302 0.55625 0.24182692264150946 0.55608974375 0.24447115377358491 0.5576923075 0.2516826924528302 0.56121794875 0.2596153849056604 0.56474359 0.2639423075471698 0.56971153875 0.26370192264150943 0.5708333331250001 0.2615384613207547 0.5719551281249999 0.25504807735849055 0.5701923074999999 0.24038461509433962
11 0.603365384375 0.23076923113207548 0.587820513125 0.2211538462264151 0.58525641 0.2235576924528302 0.5854166668749999 0.22836538490566038 0.587179486875 0.2336538462264151 0.59022435875 0.23798076886792452 0.594230769375 0.24038461509433962 0.600320513125 0.2399038462264151 0.6025641025 0.2370192311320755 0.6038461537500001 0.23317307735849058 0.603365384375 0.23076923113207548
9 0.615705128125 0.21201923113207546 0.61025641 0.203125 0.60400641 0.2007211537735849 0.601762820625 0.20096153867924527 0.599679486875 0.20192307735849058 0.596955128125 0.20721153867924527 0.59647435875 0.2132211537735849 0.59727564125 0.21682692264150943 0.599679486875 0.2213942311320755 0.61121794875 0.22716346132075474 0.614423076875 0.22475961509433962 0.615705128125 0.22235576886792452 0.61650641 0.21682692264150943 0.615705128125 0.21201923113207546
9 0.456730769375 0.2360576924528302 0.454487179375 0.23221153867924527 0.45016025625 0.22836538490566038 0.44599359 0.2274038462264151 0.443108974375 0.22932692264150942 0.4411858975 0.2350961537735849 0.44102564125 0.24254807735849054 0.443269230625 0.24951923113207547 0.45112179500000005 0.25985576886792455 0.45496794875 0.26274038490566043 0.45897435875 0.2625 0.46057692312500004 0.2596153849056604 0.46089743562499996 0.2555288462264151 0.456730769375 0.2360576924528302
9 0.46907051312500003 0.31033653867924527 0.466826923125 0.3038461537735849 0.462980769375 0.30072115377358494 0.454487179375 0.3024038462264151 0.45128205125 0.3045673075471698 0.43733974375 0.32620192264150943 0.43653846125 0.3377403849056604 0.438301281875 0.34182692264150943 0.443269230625 0.3454326924528302 0.4514423075 0.3423076924528302 0.463141025625 0.334375 0.46762820499999996 0.32860576886792453 0.46971153875 0.3189903849056604 0.46907051312500003 0.31033653867924527
9 0.47756410250000003 0.27932692264150943 0.475641025625 0.2735576924528302 0.47387820499999994 0.2711538462264151 0.47083333312500003 0.26947115377358494 0.462019230625 0.26947115377358494 0.457371795 0.2711538462264151 0.45608974375 0.2733173075471698 0.45592948687499996 0.278125 0.45689102562499995 0.28221153867924526 0.46474359 0.28942307735849054 0.47003205125 0.2913461537735849 0.474519230625 0.29110576886792455 0.47660256437500004 0.2896634613207547 0.47788461562499995 0.2872596150943396 0.47756410250000003 0.27932692264150943
9 0.37852564125 0.27908653867924527 0.37291666687499997 0.2704326924528302 0.36009615375000004 0.2709134613207547 0.356730769375 0.2728365386792453 0.355448718125 0.2764423075471698 0.355128205 0.27932692264150943 0.35737179500000005 0.284375 0.36602564125000003 0.2896634613207547 0.373397435625 0.2923076924528302 0.378205128125 0.2896634613207547 0.379487179375 0.2872596150943396 0.379487179375 0.2829326924528302 0.37852564125 0.27908653867924527
11 0.311698718125 0.2752403849056604 0.309455128125 0.2752403849056604 0.307051281875 0.27908653867924527 0.30384615375 0.29735576886792453 0.30384615375 0.29951923113207546 0.30608974375 0.3016826924528302 0.31057692312499996 0.3024038462264151 0.311698718125 0.30120192264150947 0.315705128125 0.2951923075471698 0.318269230625 0.28870192264150946 0.318269230625 0.28076923113207547 0.311698718125 0.2752403849056604
9 0.341987179375 0.35192307735849054 0.33397435875 0.34302884622641505 0.3264423075 0.3372596150943396 0.321955128125 0.3389423075471698 0.32051282062500003 0.3425480773584905 0.3201923075 0.3497596150943396 0.32115384625 0.3528846150943396 0.32435897437500005 0.35721153867924527 0.32996794875 0.3617788462264151 0.34166666687499997 0.35985576886792453 0.34310897437500004 0.35745192264150943 0.342948718125 0.3540865386792453 0.341987179375 0.35192307735849054
9 0.4125 0.3269230773584905 0.412019230625 0.32235576886792455 0.40849359 0.3197115386792453 0.403044871875 0.321875 0.39631410250000004 0.32908653867924526 0.392948718125 0.3370192311320755 0.392948718125 0.34182692264150943 0.394230769375 0.34591346132075473 0.39599359 0.3483173075471698 0.400641025625 0.35 0.40416666687499997 0.34759615377358494 0.40608974375 0.3454326924528302 0.410897435625 0.33389423113207545 0.4125 0.3269230773584905
9 0.597115384375 0.34447115377358495 0.5956730768749999 0.34302884622641505 0.58397435875 0.33870192264150945 0.57996794875 0.33870192264150945 0.575480769375 0.34567307735849057 0.57483974375 0.3548076924528302 0.57596153875 0.3610576924528302 0.5918269231250001 0.3653846150943396 0.595833333125 0.3641826924528302 0.5983974356249999 0.3605769226415095 0.599519230625 0.35432692264150945 0.599198718125 0.34951923113207545 0.597115384375 0.34447115377358495
9 0.68141025625 0.3064903849056604 0.6725961537499999 0.2971153849056604 0.667147435625 0.2954326924528302 0.6618589743750001 0.29591346132075474 0.6564102562499999 0.3004807688679245 0.6536858975 0.3064903849056604 0.6536858975 0.31322115377358495 0.656730769375 0.3173076924528302 0.681570513125 0.3293269226415095 0.685416666875 0.3283653849056604 0.6865384612500001 0.3257211537735849 0.687820513125 0.31826923113207545 0.687019230625 0.3149038462264151 0.68141025625 0.3064903849056604
6 0.795512820625 0.5019230773584905 0.7991987181250001 0.4747596150943396 0.798237179375 0.4507211537735849 0.790865384375 0.41201923113207545 0.7762820512499999 0.3608173075471698 0.77147435875 0.346875 0.76346153875 0.3348557688679245 0.747916666875 0.3173076924528302 0.736858974375 0.3137019226415095 0.7205128206249999 0.3137019226415095 0.7104166668749999 0.3177884613207547 0.705769230625 0.3221153849056604 0.69599359 0.3370192311320755 0.71634615375 0.3903846150943396 0.759615384375 0.49302884622641513 0.77884615375 0.5213942311320754 0.783173076875 0.5216346150943396 0.7868589743750001 0.5194711537735849 0.790865384375 0.5137019226415095 0.7948717949999999 0.5055288462264151 0.795512820625 0.5019230773584905
9 0.705769230625 0.4194711537735849 0.704166666875 0.41442307735849054 0.7024038462500001 0.4122596150943396 0.697115384375 0.4110576924528302 0.6892628206249999 0.4127403849056604 0.6852564099999999 0.4165865386792453 0.683333333125 0.41995192264150943 0.6825320512499999 0.4235576924528302 0.6826923075000001 0.42764423113207545 0.684294871875 0.4322115386792453 0.6865384612500001 0.43533653867924527 0.6900641025 0.43677884622641505 0.69375 0.4358173075471698 0.7011217949999999 0.4286057688679245 0.705769230625 0.4194711537735849
9 0.662980769375 0.3923076924528302 0.662019230625 0.38774038490566043 0.659294871875 0.3826923075471698 0.6536858975 0.3798076924528302 0.644070513125 0.3834134613207547 0.6413461537499999 0.3939903849056604 0.6411858975 0.4002403849056604 0.6423076925 0.40192307735849053 0.64983974375 0.4050480773584905 0.6549679487500001 0.4050480773584905 0.658333333125 0.40360576886792454 0.6612179487500001 0.3995192311320755 0.6625 0.3966346150943396 0.662980769375 0.3923076924528302
9 0.579166666875 0.4079326924528302 0.578205128125 0.40432692264150943 0.576923076875 0.403125 0.5719551281249999 0.4026442311320755 0.5626602562499999 0.4060096150943396 0.559615384375 0.4086538462264151 0.5576923075 0.4122596150943396 0.55753205125 0.4163461537735849 0.559615384375 0.42283653867924526 0.560737179375 0.42475961509433957 0.5644230768749999 0.4266826924528302 0.568429486875 0.4254807688679245 0.57596153875 0.41802884622641506 0.57900641 0.41201923113207545 0.579166666875 0.4079326924528302
9 0.513301281875 0.5132211537735849 0.507852564375 0.49807692264150943 0.502083333125 0.49134615377358487 0.49791666687499997 0.49375 0.49727564125 0.5019230773584905 0.498076923125 0.5141826924528301 0.49967948687499997 0.5206730773584906 0.5014423075 0.5230769226415094 0.5056089743750001 0.5252403849056604 0.5100961537500001 0.5230769226415094 0.512980769375 0.5175480773584905 0.513301281875 0.5132211537735849
9 0.50608974375 0.45096153867924527 0.5019230768749999 0.45048076886792454 0.49775641 0.4567307688679245 0.49487179500000006 0.47139423113207546 0.49471153875 0.47860576886792455 0.49647435875 0.4831730773584905 0.5019230768749999 0.48581730754716984 0.505929486875 0.48605769245283015 0.507051281875 0.484375 0.50977564125 0.4728365386792453 0.5083333331250001 0.4548076924528302 0.50608974375 0.45096153867924527
14 0.505128205 0.4158653849056604 0.5036858975 0.4165865386792453 0.50240384625 0.41899038490566043 0.505448718125 0.4322115386792453 0.51346153875 0.43846153867924526 0.517147435625 0.43798076886792453 0.527083333125 0.4314903849056604 0.5314102562499999 0.42403846132075473 0.5314102562499999 0.41971153867924527 0.525801281875 0.4149038462264151 0.505128205 0.4158653849056604
9 0.487019230625 0.4014423075471698 0.488301281875 0.3959134613207547 0.48637820499999995 0.3923076924528302 0.474358974375 0.38990384622641505 0.46907051312500003 0.3942307688679245 0.46762820499999996 0.3966346150943396 0.466826923125 0.40048076886792455 0.46650641 0.40432692264150943 0.46778846125 0.40817307735849057 0.470352564375 0.41201923113207545 0.474198718125 0.4132211537735849 0.47852564125 0.4129807688679245 0.48237179500000005 0.4103365386792453 0.48445512812499997 0.40697115377358495 0.487019230625 0.4014423075471698
9 0.3025641025 0.37764423113207546 0.29983974375 0.3762019226415095 0.290865384375 0.3752403849056604 0.28477564125 0.38125 0.283012820625 0.3846153849056604 0.28221153875 0.3891826924528302 0.282371795 0.3939903849056604 0.284294871875 0.3978365386792453 0.28733974375 0.3995192311320755 0.293108974375 0.3975961537735849 0.300480769375 0.39158653867924526 0.30400641 0.38485576886792455 0.30400641 0.38076923113207545 0.3025641025 0.37764423113207546
9 0.349198718125 0.4326923075471698 0.34342948687499997 0.4319711537735849 0.339262820625 0.4326923075471698 0.33669871812499996 0.43533653867924527 0.33653846125000003 0.4435096150943396 0.34166666687499997 0.4567307688679245 0.353044871875 0.4600961537735849 0.35737179500000005 0.4603365386792453 0.35833333312500004 0.45889423113207545 0.35897435875 0.45504807735849057 0.353205128125 0.43533653867924527 0.349198718125 0.4326923075471698
9 0.3514423075 0.40817307735849057 0.348237179375 0.39879807735849054 0.341987179375 0.39495192264150947 0.33846153875 0.3961538462264151 0.33766025624999996 0.3973557688679245 0.33573717937499997 0.4074519226415095 0.33557692312500004 0.4206730773584905 0.33878205125 0.4305288462264151 0.34038461562499994 0.4329326924528302 0.34519230749999996 0.4362980773584905 0.34903846125 0.4360576924528302 0.35096153874999997 0.4341346150943396 0.35272435874999997 0.4314903849056604 0.3514423075 0.40817307735849057
9 0.300801281875 0.48221153867924527 0.29903846125 0.47692307735849054 0.296634615625 0.475 0.279487179375 0.4701923075471698 0.27516025625 0.4701923075471698 0.27067307687500003 0.4721153849056604 0.266987179375 0.4752403849056604 0.263621795 0.4802884613207547 0.2625 0.48533653867924526 0.26233974374999997 0.49014423113207545 0.2650641025 0.5019230773584905 0.269551281875 0.5060096150943396 0.277083333125 0.5069711537735849 0.28173076937499997 0.5057692311320754 0.2923076925 0.49807692264150943 0.29903846125 0.48942307735849055 0.300801281875 0.48221153867924527
9 0.29471153875 0.44182692264150947 0.29102564125 0.43942307735849057 0.282852564375 0.43822115377358495 0.278044871875 0.44182692264150947 0.275480769375 0.4475961537735849 0.275320513125 0.45504807735849057 0.27724359 0.45889423113207545 0.27900641 0.4603365386792453 0.29150641 0.45889423113207545 0.29503205125 0.4567307688679245 0.29903846125 0.4514423075471698 0.29871794875 0.446875 0.29471153875 0.44182692264150947
9 0.39983974375000003 0.4341346150943396 0.39807692312500004 0.4274038462264151 0.39615384625 0.4252403849056604 0.391987179375 0.4242788462264151 0.38733974375 0.4264423075471698 0.380929486875 0.43245192264150945 0.37836538437500006 0.43677884622641505 0.37836538437500006 0.44254807735849055 0.37996794875 0.4451923075471698 0.384294871875 0.446875 0.38990384624999996 0.4471153849056604 0.39358974375 0.4463942311320755 0.39775641 0.44326923113207545 0.399679486875 0.4391826924528302 0.39983974375000003 0.4341346150943396
14 0.43541666687499997 0.46610576886792454 0.43141025624999996 0.46682692264150943 0.41987179500000005 0.4747596150943396 0.41810897437500005 0.4783653849056604 0.418269230625 0.49110576886792456 0.41971153875 0.4959134613207547 0.42387820499999995 0.5024038462264151 0.4264423075 0.5016826924528301 0.43814102562499996 0.48605769245283015 0.43878205125 0.4766826924528302 0.43782051312500003 0.47067307735849057 0.43541666687499997 0.46610576886792454
14 0.45721153875 0.4435096150943396 0.45608974375 0.44567307735849054 0.45240384624999996 0.4548076924528302 0.454647435625 0.4591346150943396 0.462820513125 0.4675480773584905 0.47516025624999997 0.4653846150943396 0.475641025625 0.453125 0.475 0.45096153867924527 0.45977564125000003 0.44254807735849055 0.45721153875 0.4435096150943396
9 0.56891025625 0.4754807688679245 0.568269230625 0.47379807735849055 0.5644230768749999 0.4704326924528302 0.560737179375 0.47091346132075473 0.556570513125 0.475 0.5551282049999999 0.4802884613207547 0.5548076925000001 0.484375 0.55625 0.49807692264150943 0.5578525643750001 0.5048076924528302 0.5605769231250001 0.5084134613207547 0.5644230768749999 0.509375 0.5663461537500001 0.5052884613207548 0.570512820625 0.48653846132075473 0.56891025625 0.4754807688679245
1 0.665865384375 0.5459134613207547 0.6673076925 0.5415865386792452 0.66875 0.5331730773584905 0.66746794875 0.5055288462264151 0.665865384375 0.5004807688679246 0.662019230625 0.4961538462264151 0.6580128206249999 0.4935096150943396 0.6517628206249999 0.4939903849056604 0.63974359 0.5016826924528301 0.6258012818750001 0.5134615386792453 0.6288461537500001 0.5526442311320754 0.6360576925 0.5605769226415095 0.6421474356250001 0.5644230773584905 0.649519230625 0.5651442311320755 0.652884615625 0.5641826924528301 0.659615384375 0.5576923075471698 0.665865384375 0.5459134613207547
1 0.699679486875 0.478125 0.69727564125 0.4742788462264151 0.692628205 0.4742788462264151 0.687820513125 0.47620192264150946 0.6834935900000001 0.48221153867924527 0.6791666668749999 0.49807692264150943 0.67900641 0.5074519226415094 0.681730769375 0.5170673075471699 0.685576923125 0.5211538462264151 0.689583333125 0.5211538462264151 0.6918269231249999 0.5194711537735849 0.694391025625 0.5151442311320754 0.70224359 0.48677884622641515 0.699679486875 0.478125
9 0.6988782050000001 0.5533653849056605 0.69727564125 0.5495192311320755 0.695512820625 0.5483173075471699 0.693269230625 0.5475961537735848 0.689423076875 0.5487980773584905 0.68141025625 0.5564903849056604 0.6788461537499999 0.5617788462264152 0.67900641 0.5680288462264151 0.680769230625 0.5706730773584906 0.685416666875 0.5725961537735849 0.6892628206249999 0.5716346150943395 0.69375 0.5689903849056605 0.697115384375 0.5649038462264151 0.69903846125 0.5605769226415095 0.6988782050000001 0.5533653849056605
7 0.7301282050000001 0.7399038462264151 0.7349358975 0.7242788462264151 0.735576923125 0.7163461537735849 0.73253205125 0.7045673075471699 0.7298076925 0.7009615386792453 0.724519230625 0.6973557688679246 0.599679486875 0.6870192311320754 0.59727564125 0.6889423075471699 0.596794871875 0.7024038462264152 0.5974358975 0.7088942311320754 0.60224359 0.7206730773584905 0.60528846125 0.7245192311320754 0.6931089743750001 0.7894230773584906 0.70128205125 0.7867788462264151 0.712179486875 0.775 0.7301282050000001 0.7399038462264151
1 0.685897435625 0.7086538462264151 0.687980769375 0.7009615386792453 0.688301281875 0.6956730773584906 0.688301281875 0.6930288462264151 0.687019230625 0.6908653849056604 0.682852564375 0.6896634613207547 0.64615384625 0.6932692311320754 0.64375 0.7014423075471699 0.6485576925 0.7204326924528301 0.654326923125 0.7262019226415094 0.660897435625 0.7288461537735849 0.6701923075 0.7283653849056604 0.67403846125 0.7264423075471699 0.6788461537499999 0.7211538462264151 0.685897435625 0.7086538462264151
1 0.573878205 0.7225961537735849 0.5724358975 0.7127403849056604 0.568429486875 0.7014423075471699 0.5623397437500001 0.6947115386792453 0.55528846125 0.6923076924528302 0.5524038462499999 0.6918269226415095 0.53974359 0.6951923075471699 0.531570513125 0.7 0.526762820625 0.7084134613207548 0.52371794875 0.7199519226415094 0.5235576925000001 0.7254807688679246 0.524679486875 0.7324519226415095 0.537019230625 0.7629807688679245 0.5407051281249999 0.7653846150943396 0.564262820625 0.7538461537735849 0.5701923074999999 0.7439903849056604 0.57371794875 0.7324519226415095 0.573878205 0.7225961537735849
20 0.6275641025 0.6009615386792453 0.6248397437500001 0.6 0.6150641025 0.6007211537735849 0.61009615375 0.6074519226415095 0.606570513125 0.6151442311320754 0.60641025625 0.6543269226415095 0.607051281875 0.6579326924528301 0.627083333125 0.6543269226415095 0.630769230625 0.6524038462264151 0.634615384375 0.6483173075471699 0.638621795 0.6350961537735849 0.638621795 0.6269230773584905 0.6275641025 0.6009615386792453
9 0.586858974375 0.6538461537735849 0.5854166668749999 0.6478365386792453 0.57628205125 0.6372596150943396 0.572115384375 0.6365384613207548 0.57003205125 0.6389423075471699 0.56858974375 0.6425480773584905 0.56971153875 0.6548076924528301 0.573397435625 0.6632211537735849 0.576602564375 0.6649038462264151 0.580929486875 0.6644230773584906 0.5842948718750001 0.6625 0.586698718125 0.6581730773584905 0.586858974375 0.6538461537735849
9 0.529166666875 0.6497596150943395 0.526762820625 0.6533653849056604 0.52516025625 0.6584134613207547 0.525320513125 0.6737980773584905 0.529166666875 0.6759615386792452 0.537820513125 0.6699519226415095 0.544871795 0.6579326924528301 0.544070513125 0.6504807688679246 0.543108974375 0.6490384613207547 0.536698718125 0.6466346150943396 0.529166666875 0.6497596150943395
9 0.537179486875 0.615625 0.53349359 0.6132211537735849 0.525480769375 0.6096153849056604 0.5211538462499999 0.6096153849056604 0.516666666875 0.6105769226415094 0.51378205125 0.6151442311320754 0.513621795 0.6230769226415095 0.51474359 0.6266826924528301 0.51746794875 0.6302884613207548 0.5213141025 0.6324519226415094 0.5350961537500001 0.6288461537735849 0.537980769375 0.6266826924528301 0.538141025625 0.621875 0.537179486875 0.615625
9 0.530929486875 0.5834134613207548 0.5322115387499999 0.5759615386792453 0.5310897437500001 0.5716346150943395 0.52884615375 0.5675480773584906 0.52371794875 0.5620192311320754 0.5211538462499999 0.5610576924528301 0.513301281875 0.5639423075471699 0.50272435875 0.5716346150943395 0.496794871875 0.5800480773584905 0.4963141025 0.5822115386792452 0.49599359 0.5838942311320754 0.49727564125 0.5913461537735849 0.500641025625 0.5942307688679246 0.505769230625 0.5959134613207547 0.520673076875 0.5954326924528301 0.525 0.5932692311320754 0.5275641025 0.5903846150943396 0.530929486875 0.5834134613207548
9 0.39631410250000004 0.5170673075471699 0.39471153875 0.5146634613207547 0.391987179375 0.5129807688679245 0.387019230625 0.5122596150943396 0.381570513125 0.5139423075471699 0.37387820499999996 0.5252403849056604 0.37371794875 0.5293269226415095 0.37532051312500003 0.5334134613207547 0.380769230625 0.5382211537735849 0.38846153875 0.5360576924528302 0.394230769375 0.5317307688679246 0.39599359 0.5288461537735849 0.396955128125 0.5211538462264151 0.39631410250000004 0.5170673075471699
9 0.286698718125 0.5557692311320754 0.28589743562500003 0.5509615386792452 0.284134615625 0.5473557688679246 0.282371795 0.5454326924528301 0.279166666875 0.5442307688679245 0.26554487187500003 0.5526442311320754 0.263301281875 0.5617788462264152 0.263621795 0.5665865386792452 0.2673076925 0.5704326924528301 0.271634615625 0.5713942311320754 0.27932692312499996 0.5697115386792453 0.284134615625 0.5668269226415095 0.285737179375 0.5646634613207547 0.286858974375 0.5605769226415095 0.286698718125 0.5557692311320754
9 0.314262820625 0.578125 0.31025641 0.5776442311320754 0.30785256437499997 0.5807692311320755 0.306891025625 0.5838942311320754 0.311378205 0.603125 0.31378205125 0.6076923075471699 0.318108974375 0.6112980773584905 0.324198718125 0.6081730773584906 0.3275641025 0.5995192311320754 0.325801281875 0.5911057688679245 0.314262820625 0.578125
9 0.38862179500000005 0.5920673075471699 0.38862179500000005 0.5838942311320754 0.386698718125 0.5788461537735848 0.38461538437500004 0.5764423075471699 0.37291666687499997 0.5737980773584905 0.365705128125 0.5814903849056604 0.35384615375 0.5995192311320754 0.35352564125 0.6074519226415095 0.355929486875 0.6151442311320754 0.360897435625 0.6192307688679246 0.36506410250000004 0.61875 0.378205128125 0.6115384613207547 0.3826923075 0.6079326924528301 0.38733974375 0.5992788462264151 0.38862179500000005 0.5920673075471699
9 0.41746794875 0.5605769226415095 0.416987179375 0.5564903849056604 0.415705128125 0.5548076924528301 0.412179486875 0.5533653849056605 0.408012820625 0.553125 0.40416666687499997 0.5545673075471699 0.40240384625 0.5564903849056604 0.39439102562499995 0.5730769226415094 0.394070513125 0.5762019226415095 0.395512820625 0.5800480773584905 0.39711538437500005 0.5814903849056604 0.400641025625 0.5819711537735849 0.40961538437500006 0.5774038462264152 0.41266025624999997 0.5747596150943396 0.415705128125 0.5685096150943396 0.41746794875 0.5605769226415095
9 0.36522435875 0.6382211537735849 0.35625 0.6480769226415094 0.353044871875 0.6548076924528301 0.35288461562499995 0.6620192311320754 0.354166666875 0.6665865386792452 0.35737179500000005 0.6728365386792453 0.373397435625 0.6579326924528301 0.375 0.6466346150943396 0.37467948687499997 0.6425480773584905 0.369230769375 0.6370192311320754 0.36522435875 0.6382211537735849
9 0.39631410250000004 0.6697115386792453 0.394871795 0.6673076924528302 0.390865384375 0.6632211537735849 0.388301281875 0.6625 0.383333333125 0.665625 0.376602564375 0.6762019226415095 0.376923076875 0.6814903849056604 0.3798076925 0.6865384613207547 0.384294871875 0.6879807688679246 0.3889423075 0.6879807688679246 0.39471153875 0.68125 0.39647435875 0.6776442311320754 0.396794871875 0.6733173075471699 0.39631410250000004 0.6697115386792453
9 0.40480769250000004 0.6235576924528301 0.40112179500000006 0.6189903849056604 0.39647435875 0.6173076924528301 0.392147435625 0.6206730773584905 0.39022435875 0.6257211537735848 0.39022435875 0.6305288462264151 0.393269230625 0.6502403849056604 0.39631410250000004 0.6540865386792453 0.400320513125 0.6538461537735849 0.40480769250000004 0.6463942311320754 0.40560897437500004 0.63125 0.40560897437500004 0.6264423075471699 0.40480769250000004 0.6235576924528301
14 0.43605769250000004 0.6971153849056604 0.432051281875 0.6935096150943396 0.42996794875 0.69375 0.426923076875 0.6954326924528301 0.42467948687499996 0.7009615386792453 0.41987179500000005 0.7158653849056604 0.420673076875 0.7204326924528301 0.42291666687499996 0.7225961537735849 0.42483974375 0.7228365386792452 0.43349359 0.7199519226415094 0.435737179375 0.7165865386792453 0.4375 0.7014423075471699 0.43605769250000004 0.6971153849056604
9 0.4338141025 0.65625 0.431730769375 0.6536057688679245 0.42724359 0.6526442311320754 0.423237179375 0.6545673075471699 0.4213141025 0.6581730773584905 0.42099359 0.6668269226415094 0.4235576925 0.6790865386792453 0.42788461562499996 0.6870192311320754 0.432051281875 0.6877403849056604 0.43525641 0.6860576924528301 0.43605769250000004 0.6786057688679246 0.43621794875 0.6634615386792453 0.4338141025 0.65625
9 0.45592948687499996 0.6427884613207547 0.4525641025 0.6307692311320754 0.45016025625 0.6283653849056604 0.44663461562499995 0.6271634613207547 0.443269230625 0.6286057688679246 0.44182692312500005 0.6314903849056605 0.4411858975 0.6545673075471699 0.44278846125 0.6588942311320755 0.44535256437500004 0.6625 0.44727564125 0.6639423075471699 0.45128205125 0.6639423075471699 0.45528846125 0.6598557688679246 0.45721153875 0.6540865386792453 0.45592948687499996 0.6427884613207547
9 0.37516025625 0.8026442311320754 0.37291666687499997 0.8007211537735849 0.368269230625 0.7995192311320755 0.364262820625 0.8014423075471698 0.36185897437500003 0.8055288462264151 0.36185897437500003 0.8144230773584905 0.36410256437500005 0.8185096150943396 0.376923076875 0.8259615386792453 0.380929486875 0.8266826924528301 0.38141025624999997 0.8257211537735849 0.38285256437500004 0.8206730773584906 0.38141025624999997 0.8103365386792453 0.37516025625 0.8026442311320754
9 0.444230769375 0.7673076924528301 0.441987179375 0.7569711537735849 0.43814102562499996 0.7512019226415094 0.435737179375 0.7495192311320754 0.43125 0.7497596150943396 0.42884615375 0.7514423075471699 0.426121795 0.7564903849056605 0.42516025625 0.759375 0.42516025625 0.7641826924528301 0.426121795 0.7677884613207547 0.43525641 0.7790865386792453 0.43974359 0.7810096150943396 0.442948718125 0.7783653849056604 0.444871795 0.7752403849056604 0.444230769375 0.7673076924528301
9 0.49086538437500005 0.6939903849056605 0.48990384625 0.6889423075471699 0.487980769375 0.6867788462264152 0.474198718125 0.6762019226415095 0.467948718125 0.6740384613207547 0.462820513125 0.6742788462264151 0.458333333125 0.6771634613207548 0.455769230625 0.68125 0.45416666687499996 0.6877403849056604 0.454647435625 0.6971153849056604 0.45641025625 0.7012019226415095 0.46073717937499997 0.7060096150943396 0.463301281875 0.7074519226415095 0.48237179500000005 0.7052884613207547 0.48910256437500005 0.6997596150943396 0.49038461562499996 0.6975961537735849 0.49086538437500005 0.6939903849056605
9 0.509615384375 0.7158653849056604 0.505929486875 0.7125 0.5009615387499999 0.7129807688679246 0.497115384375 0.7163461537735849 0.48990384625 0.7326923075471699 0.489423076875 0.7367788462264151 0.49038461562499996 0.7401442311320754 0.49375 0.7418269226415094 0.498076923125 0.7408653849056605 0.5100961537500001 0.7319711537735849 0.512019230625 0.7254807688679246 0.51153846125 0.7199519226415094 0.509615384375 0.7158653849056604
16 0.5173076925 0.26947115377358494 0.5099358975 0.275 0.507852564375 0.27860576886792454 0.508012820625 0.2829326924528302 0.509294871875 0.2846153849056604 0.514423076875 0.28509615377358494 0.5213141025 0.28052884622641505 0.524358974375 0.2752403849056604 0.525320513125 0.2711538462264151 0.521634615625 0.2689903849056604 0.5173076925 0.26947115377358494