9 0.6764423075 0.6206730773584905 0.674358974375 0.6151442311320754 0.6698717949999999 0.6120192311320755 0.66634615375 0.6139423075471698 0.6649038462500001 0.6170673075471699 0.6625 0.6271634613207547 0.662019230625 0.6358173075471698 0.6625 0.6387019226415095 0.664262820625 0.6413461537735848 0.66602564125 0.6427884613207547 0.6703525643749999 0.64375 0.675 0.6411057688679246 0.677083333125 0.6302884613207548 0.6764423075 0.6206730773584905
6 0.65865384625 0.1072115386792453 0.6459935900000001 0.09423076886792453 0.630769230625 0.08846153867924529 0.615384615625 0.08701923113207548 0.595512820625 0.08846153867924529 0.5331730768749999 0.09951923113207548 0.509615384375 0.11610576886792452 0.503044871875 0.1225961537735849 0.49791666687499997 0.1298076924528302 0.4951923075 0.13557692264150942 0.49487179500000006 0.13870192264150943 0.49791666687499997 0.14783653867924526 0.591666666875 0.19278846132075472 0.64647435875 0.19350961509433962 0.6786858975 0.1586538462264151 0.679487179375 0.14350961509433963 0.6761217949999999 0.13341346132075474 0.65865384625 0.1072115386792453
9 0.43958333312500003 0.14783653867924526 0.429166666875 0.134375 0.42371794875 0.1326923075471698 0.42099359 0.13461538490566038 0.417948718125 0.13846153867924527 0.41538461562499995 0.1454326924528302 0.415544871875 0.1507211537735849 0.417948718125 0.1579326924528302 0.4264423075 0.17043269245283021 0.431891025625 0.17475961509433963 0.435576923125 0.1735576924528302 0.43862179500000004 0.16971153867924527 0.4400641025 0.15288461509433962 0.43958333312500003 0.14783653867924526
6 0.36682692312500004 0.37692307735849057 0.39278846125 0.3697115386792453 0.397916666875 0.365625 0.40416666687499997 0.3538461537735849 0.40769230749999996 0.3365384613207547 0.40560897437500004 0.3228365386792453 0.398878205 0.29471153867924527 0.376923076875 0.2545673075471698 0.36137820499999995 0.2420673075471698 0.30977564125 0.21274038490566038 0.2911858975 0.20528846132075473 0.287179486875 0.2069711537735849 0.27980769250000004 0.2194711537735849 0.278205128125 0.2360576924528302 0.278205128125 0.25216346132075473 0.279166666875 0.2567307688679245 0.28525641 0.27908653867924527 0.298878205 0.3180288462264151 0.321794871875 0.346875 0.35737179500000005 0.3762019226415095 0.36041666687499996 0.37716346132075473 0.36682692312500004 0.37692307735849057
9 0.40496794875 0.22379807735849058 0.40657051312500003 0.21658653867924527 0.39759615375 0.196875 0.3889423075 0.190625 0.38525641 0.19086538490566038 0.38205128187500004 0.19350961509433962 0.3786858975 0.20120192264150943 0.37772435875 0.2048076924528302 0.37852564125 0.21225961509433963 0.380608974375 0.21658653867924527 0.384294871875 0.22019230754716979 0.392147435625 0.2257211537735849 0.4 0.228125 0.403044871875 0.2264423075471698 0.40496794875 0.22379807735849058
9 0.447916666875 0.22451923113207548 0.44631410250000003 0.2194711537735849 0.44391025624999997 0.21682692264150943 0.43141025624999996 0.2180288462264151 0.42756410250000004 0.2213942311320755 0.423076923125 0.2298076924528302 0.42275641 0.2326923075471698 0.42467948687499996 0.23725961509433963 0.42772435875 0.24014423113207548 0.43237179500000006 0.240625 0.435576923125 0.23966346132075472 0.44663461562499995 0.2326923075471698 0.448076923125 0.22860576886792452 0.447916666875 0.22451923113207548
9 0.47852564125 0.1891826924528302 0.47019230749999996 0.1951923075471698 0.46778846125 0.203125 0.46810897437500004 0.20817307735849058 0.469551281875 0.21225961509433963 0.474358974375 0.21586538490566037 0.48621794875 0.2149038462264151 0.48910256437500005 0.2117788462264151 0.490544871875 0.20504807735849057 0.48910256437500005 0.20024038490566037 0.47852564125 0.1891826924528302
9 0.6873397437500001 0.24375 0.685576923125 0.24158653867924526 0.6818910256249999 0.24038461509433962 0.66971153875 0.24038461509433962 0.664423076875 0.2439903849056604 0.661698718125 0.24807692264150946 0.6610576924999999 0.25096153867924526 0.660897435625 0.25576923113207545 0.6618589743750001 0.259375 0.6653846156250001 0.26346153867924527 0.66971153875 0.265625 0.685576923125 0.25745192264150946 0.6873397437500001 0.25576923113207545 0.688301281875 0.25192307735849057 0.6873397437500001 0.24375
9 0.7205128206249999 0.36682692264150946 0.718429486875 0.36370192264150947 0.716666666875 0.3627403849056604 0.69871794875 0.36875 0.694871795 0.37283653867924527 0.69375 0.37716346132075473 0.694391025625 0.384375 0.6966346156250001 0.38798076886792454 0.700641025625 0.39110576886792453 0.7051282050000001 0.39158653867924526 0.719070513125 0.3810096150943396 0.7216346156250001 0.3764423075471698 0.7224358975 0.37235576886792454 0.7205128206249999 0.36682692264150946
14 0.724519230625 0.3158653849056604 0.720673076875 0.3149038462264151 0.70897435875 0.3213942311320755 0.7080128206249999 0.3245192311320755 0.7080128206249999 0.3298076924528302 0.709455128125 0.33389423113207545 0.712820513125 0.3365384613207547 0.7169871793750001 0.3365384613207547 0.723878205 0.33028846132075473 0.726121795 0.32620192264150943 0.726762820625 0.3221153849056604 0.724519230625 0.3158653849056604
9 0.595833333125 0.33100961509433957 0.591987179375 0.3314903849056604 0.57996794875 0.33629807735849054 0.578044871875 0.33798076886792455 0.576923076875 0.3413461537735849 0.576762820625 0.34567307735849057 0.5778846156249999 0.34879807735849055 0.58397435875 0.35745192264150943 0.599519230625 0.3507211537735849 0.602884615625 0.34567307735849057 0.603365384375 0.34278846132075474 0.600480769375 0.334375 0.595833333125 0.33100961509433957
1 0.53477564125 0.31682692264150947 0.533012820625 0.31514423113207546 0.529166666875 0.31538461509433957 0.524519230625 0.3192307688679245 0.520833333125 0.32764423113207547 0.518108974375 0.3403846150943396 0.51875 0.3576923075471698 0.520673076875 0.36875 0.523076923125 0.3709134613207547 0.526121795 0.3713942311320755 0.531730769375 0.36514423113207545 0.5326923075 0.36129807735849057 0.5358974356249999 0.32307692264150945 0.53477564125 0.31682692264150947
1 0.650480769375 0.4139423075471698 0.650320513125 0.40240384622641506 0.648076923125 0.39326923113207546 0.643108974375 0.3853365386792453 0.638141025625 0.3826923075471698 0.6264423075 0.3826923075471698 0.62099359 0.384375 0.6150641025 0.3882211537735849 0.608173076875 0.3961538462264151 0.605128205 0.40673076886792453 0.60496794875 0.41971153867924527 0.60721153875 0.4274038462264151 0.610737179375 0.4329326924528302 0.6149038462499999 0.43533653867924527 0.63878205125 0.4329326924528302 0.64150641 0.43173076886792455 0.650320513125 0.4158653849056604 0.650480769375 0.4139423075471698
1 0.6974358975 0.43245192264150945 0.6884615387499999 0.4254807688679245 0.6857371793750001 0.4242788462264151 0.680929486875 0.4242788462264151 0.6733974356250001 0.4266826924528302 0.655929486875 0.4362980773584905 0.652083333125 0.4451923075471698 0.6506410256249999 0.45096153867924527 0.650320513125 0.45576923113207546 0.6564102562499999 0.45889423113207545 0.6897435900000001 0.4685096150943396 0.6918269231249999 0.4673076924528302 0.701923076875 0.45096153867924527 0.7024038462500001 0.4471153849056604 0.699679486875 0.43533653867924527 0.6974358975 0.43245192264150945
9 0.761698718125 0.48221153867924527 0.760416666875 0.4798076924528302 0.7594551281249999 0.4790865386792453 0.7548076924999999 0.48173076886792454 0.750801281875 0.49014423113207545 0.749198718125 0.49855769245283016 0.749358974375 0.50625 0.750641025625 0.5105769226415094 0.75272435875 0.5139423075471699 0.759615384375 0.5175480773584905 0.7625 0.5149038462264152 0.7641025643749999 0.5079326924528301 0.7649038462500001 0.49759615377358485 0.761698718125 0.48221153867924527
9 0.657852564375 0.4915865386792453 0.654166666875 0.48725961509433957 0.65016025625 0.48629807735849057 0.6471153843749999 0.49014423113207545 0.6459935900000001 0.4992788462264151 0.64615384625 0.5064903849056605 0.6474358975 0.5120192311320754 0.654326923125 0.5223557688679246 0.65865384625 0.5254807688679246 0.662820513125 0.521875 0.6637820512499999 0.5163461537735848 0.661698718125 0.5016826924528301 0.657852564375 0.4915865386792453
9 0.619070513125 0.4923076924528301 0.61522435875 0.4870192311320754 0.611858974375 0.4848557688679246 0.599679486875 0.4875 0.5975961537500001 0.49014423113207545 0.5963141025 0.49375 0.5963141025 0.5012019226415094 0.59775641 0.5043269226415095 0.606730769375 0.5072115386792453 0.611378205 0.5074519226415094 0.614102564375 0.5060096150943396 0.6173076925000001 0.5028846150943396 0.619871795 0.49783653867924527 0.619070513125 0.4923076924528301
9 0.57628205125 0.4634615386792453 0.572115384375 0.46370192264150945 0.565865384375 0.4699519226415095 0.561858974375 0.47692307735849054 0.5626602562499999 0.48629807735849057 0.568269230625 0.49302884622641513 0.572916666875 0.49134615377358487 0.578044871875 0.48629807735849057 0.581730769375 0.4783653849056604 0.581891025625 0.47091346132075473 0.58028846125 0.4673076924528302 0.57628205125 0.4634615386792453
9 0.48974359 0.5091346150943395 0.48878205125 0.5052884613207548 0.48621794875 0.5016826924528301 0.48141025625 0.49807692264150943 0.47852564125 0.496875 0.47307692312500005 0.49807692264150943 0.47099359 0.4997596150943396 0.46907051312500003 0.5033653849056604 0.46842948687499997 0.5100961537735849 0.46923076937499997 0.5134615386792453 0.471634615625 0.5177884613207547 0.474519230625 0.5201923075471698 0.47772435874999997 0.5213942311320754 0.4860576925 0.5201923075471698 0.4889423075 0.5161057688679246 0.48974359 0.5091346150943395
9 0.527884615625 0.45817307735849055 0.525320513125 0.45600961509433957 0.5217948718750001 0.45625 0.517628205 0.45889423113207545 0.51025641 0.4663461537735849 0.508173076875 0.47067307735849057 0.507852564375 0.47451923113207545 0.509134615625 0.47860576886792455 0.51378205125 0.4826923075471698 0.5256410256249999 0.4776442311320755 0.529487179375 0.4721153849056604 0.5304487181249999 0.46610576886792454 0.5296474356249999 0.4617788462264151 0.527884615625 0.45817307735849055
9 0.49391025624999996 0.4048076924528302 0.48060897437500005 0.41875 0.47964743562499995 0.42091346132075474 0.479487179375 0.42403846132075473 0.48060897437500005 0.4266826924528302 0.48621794875 0.4310096150943396 0.49727564125 0.42764423113207545 0.5009615387499999 0.41995192264150943 0.5 0.4076923075471698 0.498076923125 0.40432692264150943 0.49391025624999996 0.4048076924528302
9 0.458333333125 0.44326923113207545 0.4548076925 0.43942307735849057 0.45128205125 0.43822115377358495 0.44663461562499995 0.4399038462264151 0.439262820625 0.4447115386792453 0.43766025625 0.4471153849056604 0.43701923062500003 0.45 0.43701923062500003 0.4548076924528302 0.439102564375 0.4596153849056604 0.441987179375 0.46129807735849054 0.45064102562499997 0.4632211537735849 0.45689102562499995 0.459375 0.45897435875 0.4548076924528302 0.459455128125 0.45120192264150943 0.458333333125 0.44326923113207545
9 0.43958333312500003 0.4127403849056604 0.4349358975 0.41201923113207545 0.42996794875 0.4151442311320755 0.42435897437500003 0.42403846132075473 0.423237179375 0.4286057688679245 0.4235576925 0.43557692264150943 0.4264423075 0.43942307735849057 0.42900641 0.44014423113207546 0.439423076875 0.43461538490566043 0.444230769375 0.42764423113207545 0.444871795 0.4235576924528302 0.44150641 0.4146634613207547 0.43958333312500003 0.4127403849056604
9 0.24871794875 0.4242788462264151 0.25016025625 0.41899038490566043 0.249358974375 0.41201923113207545 0.245673076875 0.4050480773584905 0.23621794875 0.3961538462264151 0.232371795 0.396875 0.23076923062500002 0.40048076886792455 0.22980769250000002 0.40408653867924527 0.23125 0.41201923113207545 0.23477564125 0.4235576924528302 0.237820513125 0.4274038462264151 0.240544871875 0.4290865386792453 0.244230769375 0.42932692264150946 0.24679487187500002 0.42764423113207545 0.24871794875 0.4242788462264151
1 0.32275641 0.4185096150943396 0.32211538437500004 0.40576923113207547 0.31394230749999996 0.4038461537735849 0.27740384625000003 0.41201923113207545 0.27419871812499996 0.43365384622641506 0.275320513125 0.44014423113207546 0.279166666875 0.4451923075471698 0.282852564375 0.4478365386792453 0.29134615375 0.4490384613207547 0.29871794875 0.4463942311320755 0.318429486875 0.4283653849056604 0.321794871875 0.42379807735849057 0.32275641 0.4185096150943396
9 0.32724359 0.4584134613207547 0.3264423075 0.45504807735849057 0.32227564125 0.45048076886792454 0.318108974375 0.45096153867924527 0.309134615625 0.46947115377358495 0.30753205125 0.4759615386792453 0.30721153875 0.4788461537735849 0.310737179375 0.4848557688679246 0.315544871875 0.48653846132075473 0.318269230625 0.48605769245283015 0.320833333125 0.4838942311320754 0.324679486875 0.4783653849056604 0.32708333312500004 0.46875 0.32724359 0.4584134613207547
9 0.39262820499999995 0.5009615386792453 0.38878205125 0.4966346150943396 0.38461538437500004 0.4961538462264151 0.382371795 0.49759615377358485 0.379487179375 0.5014423075471699 0.37275641 0.51875 0.37291666687499997 0.5252403849056604 0.37644230749999996 0.5290865386792453 0.38301282062500003 0.5266826924528302 0.389262820625 0.5216346150943396 0.392948718125 0.5153846150943396 0.394551281875 0.5098557688679246 0.394070513125 0.5052884613207548 0.39262820499999995 0.5009615386792453
9 0.31105769250000004 0.5492788462264151 0.31057692312499996 0.5459134613207547 0.30897435875 0.5425480773584905 0.30400641 0.5403846150943395 0.29471153875 0.5401442311320754 0.28830128187500004 0.5442307688679245 0.286858974375 0.5478365386792453 0.286698718125 0.5550480773584906 0.287980769375 0.5605769226415095 0.290865384375 0.5641826924528301 0.29471153875 0.5651442311320755 0.298878205 0.5639423075471699 0.306570513125 0.5569711537735849 0.31025641 0.5526442311320754 0.31105769250000004 0.5492788462264151
9 0.355769230625 0.5850961537735849 0.351121795 0.5793269226415094 0.3474358975 0.5776442311320754 0.34439102562499996 0.5776442311320754 0.34102564125 0.5793269226415094 0.33862179500000006 0.5834134613207548 0.337179486875 0.5879807688679246 0.337820513125 0.5925480773584906 0.33990384625 0.5959134613207547 0.35336538437500004 0.6052884613207548 0.35753205125 0.6026442311320754 0.35833333312500004 0.5995192311320754 0.35753205125 0.5896634613207548 0.355769230625 0.5850961537735849
9 0.430608974375 0.5396634613207547 0.426923076875 0.5379807688679246 0.4213141025 0.5403846150943395 0.41907051312500004 0.5439903849056604 0.417628205 0.5504807688679246 0.41746794875 0.5572115386792452 0.418269230625 0.5610576924528301 0.422115384375 0.5685096150943396 0.42788461562499996 0.5701923075471699 0.430608974375 0.5680288462264151 0.43317307687499995 0.5490384613207547 0.432051281875 0.5427884613207548 0.430608974375 0.5396634613207547
9 0.46746794875 0.5985576924528302 0.466826923125 0.5911057688679245 0.464583333125 0.5800480773584905 0.463301281875 0.5778846150943396 0.45881410250000004 0.5774038462264152 0.456570513125 0.5800480773584905 0.451762820625 0.5956730773584905 0.45128205125 0.6004807688679246 0.451923076875 0.6079326924528301 0.453365384375 0.6117788462264151 0.45496794875 0.6134615386792452 0.46057692312500004 0.6141826924528302 0.463141025625 0.6132211537735849 0.46522435875 0.6105769226415094 0.466826923125 0.6064903849056604 0.46746794875 0.5985576924528302
9 0.40833333312500003 0.6149038462264151 0.40625 0.6103365386792453 0.40272435875 0.6064903849056604 0.39310897437500003 0.6040865386792452 0.3889423075 0.6040865386792452 0.3860576925 0.6055288462264151 0.384294871875 0.6103365386792453 0.384455128125 0.6151442311320754 0.38846153875 0.6211538462264151 0.39599359 0.6288461537735849 0.40016025624999996 0.6302884613207548 0.404326923125 0.6293269226415095 0.40673076937499997 0.6271634613207547 0.40833333312500003 0.6233173075471699 0.40833333312500003 0.6149038462264151
9 0.409455128125 0.6855769226415095 0.40977564125 0.6735576924528301 0.408173076875 0.6653846150943395 0.40400641 0.6634615386792453 0.399679486875 0.6673076924528302 0.39839743562499996 0.6694711537735849 0.394070513125 0.6841346150943396 0.394070513125 0.6894230773584905 0.394871795 0.6925480773584906 0.39759615375 0.6971153849056604 0.401762820625 0.6983173075471698 0.40416666687499997 0.6978365386792452 0.40608974375 0.6959134613207547 0.408173076875 0.6918269226415095 0.409455128125 0.6855769226415095
20 0.400320513125 0.7637019226415095 0.390384615625 0.7490384613207547 0.380769230625 0.7389423075471698 0.369070513125 0.7286057688679246 0.357852564375 0.7266826924528301 0.35368589749999996 0.7274038462264151 0.32916666687499996 0.7555288462264151 0.33060897437500003 0.7713942311320754 0.38814102562499997 0.7889423075471699 0.39631410250000004 0.7875 0.39919871812499996 0.7831730773584905 0.400480769375 0.7805288462264152 0.40128205125 0.7754807688679246 0.400320513125 0.7637019226415095
9 0.42772435875 0.7435096150943395 0.42371794875 0.74375 0.415705128125 0.7478365386792453 0.41137820499999994 0.7519230773584905 0.410416666875 0.7543269226415095 0.41025641 0.7637019226415095 0.412019230625 0.7685096150943396 0.415544871875 0.771875 0.41987179500000005 0.7709134613207548 0.422115384375 0.7692307688679246 0.43221153875 0.7560096150943396 0.43141025624999996 0.7478365386792453 0.42772435875 0.7435096150943395
9 0.47596153874999997 0.7403846150943396 0.475320513125 0.7322115386792453 0.47307692312500005 0.7264423075471699 0.46233974375000003 0.7161057688679245 0.45865384625 0.7151442311320754 0.45608974375 0.7197115386792453 0.457051281875 0.7293269226415094 0.45993589749999997 0.7401442311320754 0.462820513125 0.7471153849056604 0.46666666687499997 0.7504807688679246 0.47083333312500003 0.7504807688679246 0.472916666875 0.7485576924528301 0.475 0.7444711537735849 0.47596153874999997 0.7403846150943396
9 0.46362179500000006 0.665625 0.462019230625 0.6617788462264151 0.45977564125000003 0.6600961537735849 0.454647435625 0.659375 0.446794871875 0.6637019226415094 0.4411858975 0.6711538462264152 0.440705128125 0.6747596150943396 0.443108974375 0.6793269226415094 0.446794871875 0.6814903849056604 0.45528846125 0.6817307688679246 0.45881410250000004 0.6805288462264151 0.46153846125000003 0.6776442311320754 0.463301281875 0.6730769226415094 0.46362179500000006 0.665625
21 0.5644230768749999 0.7771634613207548 0.56875 0.7737980773584906 0.58397435875 0.75625 0.587820513125 0.7439903849056604 0.587820513125 0.7165865386792453 0.5854166668749999 0.6971153849056604 0.576121795 0.6711538462264152 0.565705128125 0.6605769226415095 0.50977564125 0.6694711537735849 0.505769230625 0.6733173075471699 0.49038461562499996 0.6927884613207548 0.489423076875 0.6954326924528301 0.49006410250000004 0.7007211537735849 0.511378205 0.7557692311320754 0.520512820625 0.7716346150943396 0.53397435875 0.7805288462264152 0.53733974375 0.7817307688679246 0.5451923075 0.7817307688679246 0.560737179375 0.7793269226415095 0.5644230768749999 0.7771634613207548
9 0.5314102562499999 0.540625 0.5296474356249999 0.5377403849056605 0.527083333125 0.5367788462264151 0.51490384625 0.5382211537735849 0.51121794875 0.5408653849056604 0.5094551281249999 0.5447115386792453 0.5094551281249999 0.5512019226415095 0.510737179375 0.5564903849056604 0.513301281875 0.5600961537735849 0.516987179375 0.5615384613207547 0.52227564125 0.559375 0.529487179375 0.5526442311320754 0.531891025625 0.5487980773584905 0.5314102562499999 0.540625
9 0.5918269231250001 0.5639423075471699 0.590865384375 0.5603365386792453 0.58766025625 0.55625 0.575 0.5608173075471699 0.57115384625 0.5637019226415094 0.56891025625 0.5682692311320754 0.568429486875 0.5721153849056604 0.57003205125 0.5802884613207547 0.57227564125 0.5834134613207548 0.5764423075 0.5850961537735849 0.58028846125 0.5841346150943396 0.583173076875 0.58125 0.59150641 0.5682692311320754 0.5918269231250001 0.5639423075471699
9 0.656730769375 0.7165865386792453 0.655128205 0.6930288462264151 0.654166666875 0.6884615386792453 0.650801281875 0.6800480773584906 0.646634615625 0.6740384613207547 0.6423076925 0.6728365386792453 0.6349358975 0.6795673075471699 0.633012820625 0.6850961537735849 0.632852564375 0.6956730773584906 0.6338141025 0.7028846150943396 0.638621795 0.7168269226415095 0.6459935900000001 0.7290865386792452 0.6506410256249999 0.7298076924528302 0.6536858975 0.7283653849056604 0.6552884612500001 0.7245192311320754 0.656730769375 0.7165865386792453
9 0.68125 0.7889423075471699 0.679326923125 0.7831730773584905 0.67772435875 0.7810096150943396 0.6618589743750001 0.7762019226415094 0.6591346156250001 0.7786057688679245 0.6580128206249999 0.7838942311320755 0.6576923075000001 0.7872596150943396 0.65897435875 0.7903846150943395 0.669230769375 0.8028846150943396 0.67371794875 0.8036057688679246 0.67628205125 0.8026442311320754 0.68028846125 0.7985576924528301 0.68125 0.7944711537735849 0.68125 0.7889423075471699
9 0.7575320512499999 0.6540865386792453 0.755769230625 0.6516826924528302 0.751602564375 0.65 0.74727564125 0.6569711537735848 0.7423076925 0.66875 0.7429487181250001 0.6771634613207548 0.7456730768750001 0.6846153849056604 0.7477564099999999 0.6862980773584906 0.7517628206249999 0.6846153849056604 0.755929486875 0.6783653849056605 0.75721153875 0.6740384613207547 0.7586538462500001 0.6620192311320754 0.7575320512499999 0.6540865386792453
9 0.764583333125 0.5911057688679245 0.76233974375 0.5867788462264151 0.7588141025 0.5841346150943396 0.7528846156250001 0.584375 0.75 0.5877403849056604 0.7498397437500001 0.5963942311320755 0.7536858975 0.6153846150943396 0.756570513125 0.6194711537735849 0.7599358975 0.6201923075471698 0.761698718125 0.6189903849056604 0.76346153875 0.6149038462264151 0.7660256412500001 0.5997596150943396 0.764583333125 0.5911057688679245
9 0.704326923125 0.5649038462264151 0.7011217949999999 0.5673076924528302 0.698397435625 0.5728365386792452 0.698397435625 0.5834134613207548 0.7011217949999999 0.5884615386792452 0.7076923075 0.5879807688679246 0.720673076875 0.5764423075471699 0.720673076875 0.5723557688679246 0.71875 0.5682692311320754 0.712980769375 0.5651442311320755 0.704326923125 0.5649038462264151