9 0.5712890625 0.12890625 0.5654296875 0.12597656226415094 0.5400390625 0.12011718773584906 0.5048828125 0.12011718773584906 0.4853515625 0.12890625 0.4755859375 0.13769531226415094 0.46875 0.14794921886792453 0.46875 0.15966796886792453 0.4970703125 0.20800781226415094 0.5068359375 0.21972656226415094 0.5107421875 0.21972656226415094 0.5458984375 0.21679687452830187 0.57421875 0.13330078113207547 0.5712890625 0.12890625
9 0.7294921875 0.5625 0.7236328125 0.5625 0.71875 0.5698242188679246 0.71875 0.5727539066037736 0.7216796875 0.5800781245283019 0.7333984375 0.588867187735849 0.7373046875 0.5859375 0.740234375 0.5815429688679246 0.73828125 0.5756835933962264 0.7294921875 0.5625
9 0.5107421875 0.530273437735849 0.5068359375 0.5332031245283019 0.5 0.5434570311320754 0.5 0.5522460933962264 0.5009765625 0.553710937735849 0.5146484375 0.553710937735849 0.51953125 0.5463867188679246 0.51953125 0.5346679688679246 0.5166015625 0.530273437735849 0.5107421875 0.530273437735849
9 0.5205078125 0.635742187735849 0.5146484375 0.635742187735849 0.51171875 0.6401367188679246 0.509765625 0.6459960933962264 0.509765625 0.6606445311320754 0.5166015625 0.670898437735849 0.5185546875 0.670898437735849 0.5234375 0.6665039066037736 0.525390625 0.6577148433962264 0.525390625 0.6401367188679246 0.5205078125 0.635742187735849
12 0.447265625 0.22705078113207547 0.4326171875 0.20507812452830187 0.4208984375 0.19628906226415094 0.4111328125 0.19335937547169813 0.4072265625 0.19335937547169813 0.3994140625 0.19628906226415094 0.390625 0.20361328113207547 0.38671875 0.21533203113207547 0.38671875 0.23876953113207547 0.388671875 0.2475585933962264 0.3935546875 0.26074218773584906 0.4482421875 0.2519531245283019 0.451171875 0.2446289066037736 0.451171875 0.23876953113207547 0.447265625 0.22705078113207547
12 0.6494140625 0.41308593773584906 0.654296875 0.4057617188679245 0.654296875 0.3999023433962264 0.634765625 0.3413085933962264 0.6318359375 0.33691406226415094 0.6259765625 0.33691406226415094 0.6220703125 0.33984375 0.615234375 0.3500976566037736 0.61328125 0.3588867188679245 0.61328125 0.3647460933962264 0.615234375 0.3735351566037736 0.62109375 0.3911132811320755 0.6337890625 0.41015625 0.6435546875 0.4160156245283019 0.6455078125 0.4160156245283019 0.6494140625 0.41308593773584906
3 0.3515625 0.2973632811320755 0.3408203125 0.26660156226415094 0.3212890625 0.27832031226415094 0.30078125 0.2944335933962264 0.294921875 0.3120117188679245 0.294921875 0.3149414066037736 0.296875 0.3208007811320755 0.3017578125 0.328125 0.3212890625 0.34277343773584906 0.3291015625 0.33984375 0.3515625 0.3002929688679245 0.3515625 0.2973632811320755
3 0.4013671875 0.703125 0.4052734375 0.700195312264151 0.4306640625 0.670898437735849 0.435546875 0.6635742188679246 0.4375 0.6401367188679246 0.4375 0.6313476566037736 0.4296875 0.5844726566037736 0.42578125 0.5756835933962264 0.4228515625 0.571289062264151 0.4189453125 0.5683593754716981 0.3818359375 0.5566406245283019 0.3720703125 0.5566406245283019 0.3388671875 0.5683593754716981 0.3076171875 0.5859375 0.306640625 0.5874023433962264 0.2890625 0.6577148433962264 0.2890625 0.6606445311320754 0.29296875 0.6958007811320754 0.296875 0.7104492188679246 0.3154296875 0.7441406245283019 0.3349609375 0.741210937735849 0.3427734375 0.73828125 0.4013671875 0.703125
3 0.484375 0.5317382811320754 0.48828125 0.5229492188679246 0.509765625 0.4379882811320755 0.4921875 0.3559570311320755 0.4814453125 0.33984375 0.4326171875 0.34277343773584906 0.3798828125 0.38964843773584906 0.376953125 0.3940429688679245 0.376953125 0.4145507811320755 0.380859375 0.48779296886792456 0.3837890625 0.4921875 0.4306640625 0.5449218754716981 0.4755859375 0.541992187735849 0.4794921875 0.5390625 0.484375 0.5317382811320754
3 0.498046875 0.2622070311320755 0.4970703125 0.26074218773584906 0.4619140625 0.25488281226415094 0.458984375 0.2592773433962264 0.451171875 0.2885742188679245 0.451171875 0.3120117188679245 0.4619140625 0.32519531226415094 0.4697265625 0.32519531226415094 0.4873046875 0.30761718773584906 0.490234375 0.3032226566037736 0.498046875 0.2709960933962264 0.498046875 0.2622070311320755
18 0.2939453125 0.50390625 0.30078125 0.4936523433962264 0.30078125 0.4672851566037736 0.2978515625 0.4628906245283019 0.2744140625 0.45996093773584906 0.2490234375 0.45996093773584906 0.2451171875 0.4628906245283019 0.2421875 0.4702148433962264 0.240234375 0.4819335933962264 0.240234375 0.48779296886792456 0.2607421875 0.50390625 0.2666015625 0.506835937735849 0.2783203125 0.5097656245283019 0.2822265625 0.5097656245283019 0.2900390625 0.506835937735849 0.2939453125 0.50390625
18 0.5048828125 0.7675781245283019 0.5078125 0.7631835933962264 0.509765625 0.7573242188679246 0.51171875 0.7456054688679246 0.509765625 0.7309570311320754 0.50390625 0.7045898433962264 0.4990234375 0.694335937735849 0.4873046875 0.6796875 0.4814453125 0.6738281245283019 0.4775390625 0.6738281245283019 0.4697265625 0.682617187735849 0.46484375 0.6899414066037736 0.46484375 0.7075195311320754 0.466796875 0.7163085933962264 0.4765625 0.7456054688679246 0.48046875 0.7543945311320754 0.4873046875 0.764648437735849 0.4970703125 0.770507812264151 0.5048828125 0.7675781245283019
18 0.708984375 0.7163085933962264 0.7109375 0.7045898433962264 0.708984375 0.6958007811320754 0.7041015625 0.688476562264151 0.6962890625 0.688476562264151 0.6865234375 0.694335937735849 0.673828125 0.7133789066037736 0.66796875 0.7280273433962264 0.666015625 0.7368164066037736 0.666015625 0.7514648433962264 0.66796875 0.7573242188679246 0.6708984375 0.76171875 0.6845703125 0.76171875 0.6953125 0.7456054688679246 0.70703125 0.7221679688679246 0.708984375 0.7163085933962264
14 0.5830078125 0.688476562264151 0.5712890625 0.6855468754716981 0.568359375 0.6899414066037736 0.56640625 0.6958007811320754 0.56640625 0.7075195311320754 0.5703125 0.7221679688679246 0.5751953125 0.729492187735849 0.5830078125 0.729492187735849 0.591796875 0.7221679688679246 0.583984375 0.6899414066037736 0.5830078125 0.688476562264151
14 0.580078125 0.2504882811320755 0.5673828125 0.234375 0.5458984375 0.23730468773584906 0.544921875 0.23876953113207547 0.541015625 0.2475585933962264 0.541015625 0.2534179688679245 0.5439453125 0.2578125 0.5576171875 0.2636718754716981 0.5693359375 0.2636718754716981 0.5751953125 0.26074218773584906 0.580078125 0.2534179688679245 0.580078125 0.2504882811320755
14 0.62890625 0.2358398433962264 0.6220703125 0.22851562452830187 0.6142578125 0.22851562452830187 0.609375 0.2358398433962264 0.609375 0.2416992188679245 0.6279296875 0.26660156226415094 0.6357421875 0.2636718754716981 0.63671875 0.2622070311320755 0.63671875 0.2563476566037736 0.6328125 0.2446289066037736 0.62890625 0.2358398433962264
14 0.287109375 0.3793945311320755 0.28515625 0.3852539066037736 0.283203125 0.3999023433962264 0.2861328125 0.4042968745283019 0.2900390625 0.4042968745283019 0.306640625 0.3793945311320755 0.2998046875 0.3691406245283019 0.2978515625 0.3691406245283019 0.2919921875 0.37207031226415094 0.287109375 0.3793945311320755
20 0.650390625 0.6811523433962264 0.650390625 0.6723632811320754 0.646484375 0.6577148433962264 0.6337890625 0.6386718754716981 0.6201171875 0.635742187735849 0.61328125 0.6459960933962264 0.611328125 0.6547851566037736 0.61328125 0.6694335933962264 0.6201171875 0.6796875 0.6279296875 0.688476562264151 0.6318359375 0.69140625 0.6416015625 0.69140625 0.6455078125 0.688476562264151 0.650390625 0.6811523433962264
20 0.681640625 0.6020507811320754 0.67578125 0.5815429688679246 0.6748046875 0.5800781245283019 0.6689453125 0.577148437735849 0.6650390625 0.5800781245283019 0.662109375 0.5844726566037736 0.66015625 0.5991210933962264 0.66015625 0.6049804688679246 0.66796875 0.6254882811320754 0.6748046875 0.635742187735849 0.6826171875 0.6386718754716981 0.685546875 0.6342773433962264 0.68359375 0.6137695311320754 0.681640625 0.6020507811320754
20 0.6708984375 0.50390625 0.6298828125 0.515625 0.6103515625 0.530273437735849 0.609375 0.5317382811320754 0.611328125 0.5405273433962264 0.6298828125 0.5683593754716981 0.6728515625 0.530273437735849 0.673828125 0.5288085933962264 0.673828125 0.5053710933962264 0.6728515625 0.50390625 0.6708984375 0.50390625
20 0.609375 0.4614257811320755 0.6083984375 0.45996093773584906 0.5908203125 0.45703125 0.5869140625 0.45996093773584906 0.578125 0.4731445311320755 0.56640625 0.5024414066037736 0.57421875 0.5258789066037736 0.5771484375 0.530273437735849 0.5810546875 0.5332031245283019 0.5849609375 0.5332031245283019 0.5908203125 0.530273437735849 0.599609375 0.5170898433962264 0.609375 0.4614257811320755
20 0.580078125 0.5639648433962264 0.580078125 0.5610351566037736 0.5791015625 0.559570312264151 0.5478515625 0.5214843754716981 0.5283203125 0.547851562264151 0.521484375 0.5581054688679246 0.521484375 0.5610351566037736 0.529296875 0.5844726566037736 0.5341796875 0.5917968754716981 0.5400390625 0.5917968754716981 0.5732421875 0.57421875 0.5771484375 0.571289062264151 0.580078125 0.5639648433962264
20 0.5771484375 0.29003906226415094 0.5673828125 0.28417968773584906 0.5517578125 0.28417968773584906 0.5341796875 0.29296875 0.533203125 0.2944335933962264 0.533203125 0.3032226566037736 0.5458984375 0.33105468773584906 0.5634765625 0.3222656245283019 0.5791015625 0.3105468754716981 0.58203125 0.3061523433962264 0.58203125 0.2973632811320755 0.5771484375 0.29003906226415094
20 0.693359375 0.2651367188679245 0.6865234375 0.2519531245283019 0.6826171875 0.2519531245283019 0.666015625 0.2827148433962264 0.6640625 0.2944335933962264 0.6640625 0.3002929688679245 0.666015625 0.3061523433962264 0.6708984375 0.31347656226415094 0.6767578125 0.31347656226415094 0.68359375 0.3061523433962264 0.693359375 0.2856445311320755 0.693359375 0.2651367188679245
21 0.720703125 0.4614257811320755 0.724609375 0.3881835933962264 0.69140625 0.3237304688679245 0.6826171875 0.3105468754716981 0.6806640625 0.3105468754716981 0.6796875 0.3120117188679245 0.669921875 0.3588867188679245 0.66796875 0.3706054688679245 0.66796875 0.3881835933962264 0.671875 0.4116210933962264 0.6962890625 0.4453125 0.7041015625 0.45410156226415094 0.7138671875 0.4628906245283019 0.7197265625 0.4628906245283019 0.720703125 0.4614257811320755
4 0.6044921875 0.41015625 0.6005859375 0.41015625 0.5322265625 0.43652343773584906 0.53125 0.4379882811320755 0.5322265625 0.4394531245283019 0.5615234375 0.46875 0.5810546875 0.46875 0.58984375 0.4555664066037736 0.607421875 0.4233398433962264 0.609375 0.4145507811320755 0.6044921875 0.41015625
21 0.3095703125 0.46582031226415094 0.30859375 0.4672851566037736 0.306640625 0.4731445311320755 0.306640625 0.4760742188679245 0.318359375 0.5375976566037736 0.3232421875 0.5449218754716981 0.3466796875 0.5449218754716981 0.35546875 0.5317382811320754 0.35546875 0.5229492188679246 0.3095703125 0.46582031226415094
12 0.306640625 0.3442382811320755 0.3017578125 0.33691406226415094 0.2998046875 0.33691406226415094 0.296875 0.3413085933962264 0.294921875 0.3530273433962264 0.291015625 0.4174804688679245 0.294921875 0.4497070311320755 0.296875 0.4584960933962264 0.3037109375 0.46875 0.3076171875 0.46875 0.30859375 0.4672851566037736 0.30859375 0.3500976566037736 0.306640625 0.3442382811320755
13 0.4091796875 0.30175781226415094 0.408203125 0.3032226566037736 0.4130859375 0.3105468754716981 0.4150390625 0.3105468754716981 0.41796875 0.3061523433962264 0.419921875 0.3002929688679245 0.4189453125 0.2988281245283019 0.4169921875 0.2988281245283019 0.4091796875 0.30175781226415094