21 0.4853515625 0.2109375 0.4833984375 0.2109375 0.4541015625 0.21679687452830187 0.3935546875 0.26074218773584906 0.390625 0.2651367188679245 0.390625 0.2680664066037736 0.3935546875 0.27246093773584906 0.4423828125 0.2988281245283019 0.4443359375 0.2988281245283019 0.48828125 0.2358398433962264 0.486328125 0.2124023433962264 0.4853515625 0.2109375
21 0.62109375 0.5141601566037736 0.6142578125 0.500976562264151 0.6044921875 0.500976562264151 0.5888671875 0.515625 0.5859375 0.5200195311320754 0.583984375 0.5288085933962264 0.583984375 0.5434570311320754 0.5849609375 0.5449218754716981 0.6162109375 0.5449218754716981 0.6201171875 0.541992187735849 0.625 0.5346679688679246 0.625 0.5258789066037736 0.62109375 0.5141601566037736
21 0.5888671875 0.40722656226415094 0.5869140625 0.40722656226415094 0.5634765625 0.41308593773584906 0.5576171875 0.4160156245283019 0.556640625 0.4174804688679245 0.556640625 0.4233398433962264 0.572265625 0.4584960933962264 0.5966796875 0.4980468754716982 0.599609375 0.4936523433962264 0.609375 0.4555664066037736 0.591796875 0.4116210933962264 0.5888671875 0.40722656226415094
21 0.599609375 0.2006835933962264 0.599609375 0.19189453113207547 0.5654296875 0.15234375 0.5595703125 0.15234375 0.5263671875 0.17285156226415094 0.498046875 0.21533203113207547 0.498046875 0.2241210933962264 0.55078125 0.3999023433962264 0.5517578125 0.40136718773584906 0.5537109375 0.40136718773584906 0.5546875 0.3999023433962264 0.580078125 0.3120117188679245 0.599609375 0.2006835933962264
6 0.419921875 0.4760742188679245 0.419921875 0.4584960933962264 0.400390625 0.4086914066037736 0.3818359375 0.3808593754716981 0.3759765625 0.38378906226415094 0.3642578125 0.3925781245283019 0.36328125 0.3940429688679245 0.37109375 0.4526367188679245 0.37890625 0.49951171886792456 0.3994140625 0.5214843754716981 0.4072265625 0.5214843754716981 0.412109375 0.5141601566037736 0.416015625 0.5024414066037736 0.419921875 0.4760742188679245
20 0.3251953125 0.47167968773584906 0.2998046875 0.4628906245283019 0.298828125 0.4643554688679245 0.298828125 0.4760742188679245 0.302734375 0.5053710933962264 0.3125 0.5288085933962264 0.3154296875 0.5332031245283019 0.361328125 0.48779296886792456 0.3603515625 0.4863281245283018 0.3251953125 0.47167968773584906
20 0.7841796875 0.512695312264151 0.7763671875 0.5097656245283019 0.7724609375 0.5097656245283019 0.7666015625 0.512695312264151 0.7509765625 0.52734375 0.748046875 0.5317382811320754 0.7587890625 0.541992187735849 0.7666015625 0.547851562264151 0.7744140625 0.547851562264151 0.7822265625 0.5390625 0.791015625 0.5258789066037736 0.791015625 0.5229492188679246 0.7841796875 0.512695312264151
20 0.771484375 0.6577148433962264 0.7666015625 0.64453125 0.7607421875 0.641601562264151 0.7548828125 0.641601562264151 0.7509765625 0.64453125 0.73046875 0.6752929688679246 0.732421875 0.6987304688679246 0.7353515625 0.703125 0.7431640625 0.706054687735849 0.7490234375 0.706054687735849 0.751953125 0.7016601566037736 0.76953125 0.6635742188679246 0.771484375 0.6577148433962264
20 0.7763671875 0.583007812264151 0.7705078125 0.583007812264151 0.767578125 0.5874023433962264 0.767578125 0.5932617188679246 0.7744140625 0.6035156245283019 0.7802734375 0.6035156245283019 0.787109375 0.5932617188679246 0.787109375 0.5903320311320754 0.7822265625 0.5859375 0.7763671875 0.583007812264151
20 0.728515625 0.7338867188679246 0.7236328125 0.7265625 0.7197265625 0.7265625 0.712890625 0.7368164066037736 0.708984375 0.7514648433962264 0.708984375 0.7543945311320754 0.712890625 0.7661132811320754 0.7138671875 0.7675781245283019 0.7177734375 0.7675781245283019 0.7265625 0.7543945311320754 0.728515625 0.7456054688679246 0.728515625 0.7338867188679246
20 0.6494140625 0.5917968754716981 0.6484375 0.5932617188679246 0.625 0.6342773433962264 0.6171875 0.6489257811320754 0.6181640625 0.6503906245283019 0.6611328125 0.647460937735849 0.6669921875 0.64453125 0.66796875 0.6430664066037736 0.65625 0.5961914066037736 0.6513671875 0.5917968754716981 0.6494140625 0.5917968754716981
20 0.578125 0.6166992188679246 0.5576171875 0.5859375 0.556640625 0.5874023433962264 0.556640625 0.6020507811320754 0.560546875 0.6547851566037736 0.5634765625 0.659179687735849 0.5732421875 0.66796875 0.57421875 0.6665039066037736 0.578125 0.6342773433962264 0.578125 0.6166992188679246
20 0.44921875 0.6782226566037736 0.443359375 0.6635742188679246 0.4365234375 0.653320312264151 0.4267578125 0.653320312264151 0.4033203125 0.65625 0.40234375 0.6577148433962264 0.40234375 0.6606445311320754 0.408203125 0.7250976566037736 0.4091796875 0.7265625 0.4462890625 0.703125 0.447265625 0.7016601566037736 0.44921875 0.6840820311320754 0.44921875 0.6782226566037736
1 0.4697265625 0.421875 0.474609375 0.4145507811320755 0.4765625 0.4086914066037736 0.4765625 0.3647460933962264 0.474609375 0.3442382811320755 0.4736328125 0.34277343773584906 0.4267578125 0.37792968773584906 0.4208984375 0.38378906226415094 0.419921875 0.3852539066037736 0.419921875 0.4057617188679245 0.42578125 0.4233398433962264 0.4287109375 0.4277343745283019 0.4384765625 0.43359375 0.4501953125 0.43359375 0.4658203125 0.42480468773584906 0.4697265625 0.421875
1 0.52734375 0.3999023433962264 0.5244140625 0.39550781226415094 0.5224609375 0.39550781226415094 0.51953125 0.3999023433962264 0.51171875 0.4291992188679245 0.51171875 0.4321289066037736 0.5126953125 0.43359375 0.5185546875 0.43359375 0.5234375 0.4262695311320755 0.525390625 0.4204101566037736 0.52734375 0.4057617188679245 0.52734375 0.3999023433962264
7 0.5439453125 0.76171875 0.5927734375 0.7324218754716981 0.611328125 0.7016601566037736 0.4931640625 0.565429687735849 0.48828125 0.5786132811320754 0.466796875 0.6811523433962264 0.466796875 0.6840820311320754 0.4921875 0.7309570311320754 0.4990234375 0.741210937735849 0.5068359375 0.75 0.5166015625 0.758789062264151 0.5361328125 0.76171875 0.5439453125 0.76171875
18 0.369140625 0.5844726566037736 0.3564453125 0.565429687735849 0.3408203125 0.565429687735849 0.337890625 0.5698242188679246 0.337890625 0.5903320311320754 0.3466796875 0.6035156245283019 0.3583984375 0.612304687735849 0.3662109375 0.612304687735849 0.37109375 0.6049804688679246 0.37109375 0.5903320311320754 0.369140625 0.5844726566037736
9 0.4541015625 0.536132812264151 0.4443359375 0.536132812264151 0.4404296875 0.5390625 0.439453125 0.5405273433962264 0.439453125 0.5493164066037736 0.4423828125 0.553710937735849 0.4482421875 0.559570312264151 0.4560546875 0.559570312264151 0.4609375 0.5522460933962264 0.4609375 0.5463867188679246 0.4541015625 0.536132812264151
14 0.650390625 0.4204101566037736 0.6474609375 0.4160156245283019 0.6435546875 0.4160156245283019 0.642578125 0.4174804688679245 0.630859375 0.4467773433962264 0.6328125 0.4526367188679245 0.6357421875 0.45703125 0.6396484375 0.45703125 0.642578125 0.4526367188679245 0.6484375 0.4409179688679245 0.650390625 0.4321289066037736 0.650390625 0.4204101566037736
14 0.6630859375 0.29003906226415094 0.6494140625 0.28417968773584906 0.6357421875 0.28417968773584906 0.6328125 0.2885742188679245 0.630859375 0.2944335933962264 0.6337890625 0.2988281245283019 0.6572265625 0.31640625 0.6611328125 0.31640625 0.662109375 0.3149414066037736 0.6640625 0.3061523433962264 0.6640625 0.2915039066037736 0.6630859375 0.29003906226415094
14 0.7470703125 0.31933593773584906 0.7431640625 0.31933593773584906 0.73828125 0.3266601566037736 0.736328125 0.3471679688679245 0.7421875 0.3588867188679245 0.7470703125 0.36621093773584906 0.7548828125 0.36621093773584906 0.755859375 0.3647460933962264 0.755859375 0.3618164066037736 0.748046875 0.3208007811320755 0.7470703125 0.31933593773584906
13 0.6708984375 0.45703125 0.6630859375 0.4628906245283019 0.66015625 0.4672851566037736 0.66015625 0.4702148433962264 0.662109375 0.48486328113207544 0.6669921875 0.4921875 0.67578125 0.4790039066037736 0.67578125 0.4584960933962264 0.6748046875 0.45703125 0.6708984375 0.45703125
4 0.70703125 0.2973632811320755 0.701171875 0.2709960933962264 0.69140625 0.2416992188679245 0.6865234375 0.23144531226415094 0.6767578125 0.22558593773584906 0.6669921875 0.22558593773584906 0.6474609375 0.22851562452830187 0.642578125 0.2329101566037736 0.638671875 0.2416992188679245 0.6826171875 0.31933593773584906 0.6904296875 0.31933593773584906 0.6982421875 0.31640625 0.7021484375 0.31347656226415094 0.705078125 0.3090820311320755 0.70703125 0.3032226566037736 0.70703125 0.2973632811320755
9 0.7080078125 0.4746093745283019 0.70703125 0.4760742188679245 0.712890625 0.4907226566037736 0.7158203125 0.495117187735849 0.7197265625 0.495117187735849 0.72265625 0.4907226566037736 0.72265625 0.4819335933962264 0.7197265625 0.4746093745283019 0.7080078125 0.4746093745283019