3 0.333984375 0.7075195311320754 0.359375 0.5961914066037736 0.359375 0.5610351566037736 0.349609375 0.5288085933962264 0.3447265625 0.5214843754716981 0.3193359375 0.5097656245283019 0.2978515625 0.50390625 0.2900390625 0.50390625 0.2861328125 0.506835937735849 0.28125 0.5141601566037736 0.23828125 0.6372070311320754 0.23828125 0.6459960933962264 0.25390625 0.6870117188679246 0.2568359375 0.69140625 0.3076171875 0.71484375 0.3271484375 0.71484375 0.3310546875 0.711914062264151 0.333984375 0.7075195311320754
3 0.60546875 0.2094726566037736 0.6025390625 0.20507812452830187 0.5927734375 0.19335937547169813 0.5615234375 0.19042968773584906 0.560546875 0.19189453113207547 0.560546875 0.19482421886792453 0.568359375 0.2329101566037736 0.5693359375 0.234375 0.6025390625 0.26660156226415094 0.61328125 0.2563476566037736 0.61328125 0.22705078113207547 0.60546875 0.2094726566037736
21 0.701171875 0.4790039066037736 0.6748046875 0.43359375 0.6494140625 0.43652343773584906 0.646484375 0.4409179688679245 0.63671875 0.4643554688679245 0.63671875 0.4760742188679245 0.646484375 0.49658203113207544 0.6494140625 0.500976562264151 0.6591796875 0.500976562264151 0.7001953125 0.4863281245283018 0.701171875 0.48486328113207544 0.701171875 0.4790039066037736
21 0.4111328125 0.10253906226415094 0.3525390625 0.14355468773584906 0.3515625 0.14501953113207547 0.353515625 0.20361328113207547 0.3994140625 0.26953125 0.4013671875 0.26953125 0.4052734375 0.26660156226415094 0.462890625 0.1889648433962264 0.4169921875 0.10253906226415094 0.4111328125 0.10253906226415094
21 0.287109375 0.4321289066037736 0.2646484375 0.375 0.2412109375 0.38378906226415094 0.240234375 0.3852539066037736 0.244140625 0.4028320311320755 0.251953125 0.4174804688679245 0.2587890625 0.4277343745283019 0.2841796875 0.4394531245283019 0.2861328125 0.4394531245283019 0.287109375 0.4379882811320755 0.287109375 0.4321289066037736
21 0.5205078125 0.36621093773584906 0.53125 0.3500976566037736 0.5302734375 0.34863281226415094 0.5224609375 0.3457031245283019 0.4990234375 0.3457031245283019 0.4716796875 0.3515625 0.4599609375 0.3574218754716981 0.4482421875 0.36621093773584906 0.4375 0.3823242188679245 0.435546875 0.3881835933962264 0.435546875 0.4174804688679245 0.439453125 0.4291992188679245 0.4404296875 0.43066406226415094 0.4501953125 0.43359375 0.4619140625 0.43359375 0.4658203125 0.43066406226415094 0.5205078125 0.36621093773584906
14 0.3759765625 0.3457031245283019 0.3525390625 0.33984375 0.34765625 0.3471679688679245 0.34375 0.3559570311320755 0.34375 0.3618164066037736 0.3447265625 0.36328125 0.3623046875 0.36621093773584906 0.3642578125 0.36621093773584906 0.376953125 0.3500976566037736 0.376953125 0.3471679688679245 0.3759765625 0.3457031245283019
14 0.2275390625 0.47167968773584906 0.2216796875 0.46582031226415094 0.2177734375 0.4628906245283019 0.2158203125 0.4628906245283019 0.21484375 0.4643554688679245 0.21484375 0.4731445311320755 0.22265625 0.5053710933962264 0.2236328125 0.506835937735849 0.2294921875 0.506835937735849 0.234375 0.49951171886792456 0.234375 0.4819335933962264 0.2275390625 0.47167968773584906
14 0.4736328125 0.47753906226415094 0.4697265625 0.4746093745283019 0.462890625 0.48486328113207544 0.4677734375 0.4980468754716982 0.4716796875 0.500976562264151 0.4775390625 0.500976562264151 0.478515625 0.49951171886792456 0.478515625 0.4907226566037736 0.4765625 0.4819335933962264 0.4736328125 0.47753906226415094
1 0.5712890625 0.3105468754716981 0.5673828125 0.3105468754716981 0.5615234375 0.31347656226415094 0.560546875 0.3149414066037736 0.560546875 0.3354492188679245 0.5634765625 0.33984375 0.5654296875 0.33984375 0.5791015625 0.32519531226415094 0.583984375 0.3178710933962264 0.5810546875 0.31347656226415094 0.5712890625 0.3105468754716981
9 0.44140625 0.6313476566037736 0.4365234375 0.624023437735849 0.4326171875 0.62109375 0.4228515625 0.62109375 0.4130859375 0.6269531245283019 0.41015625 0.6313476566037736 0.41015625 0.6372070311320754 0.4130859375 0.641601562264151 0.4208984375 0.647460937735849 0.4326171875 0.647460937735849 0.4365234375 0.64453125 0.44140625 0.6372070311320754 0.44140625 0.6313476566037736
6 0.6376953125 0.7207031245283019 0.64453125 0.7075195311320754 0.646484375 0.6958007811320754 0.630859375 0.6372070311320754 0.626953125 0.6254882811320754 0.5771484375 0.52734375 0.5751953125 0.52734375 0.529296875 0.5991210933962264 0.525390625 0.6137695311320754 0.5234375 0.6372070311320754 0.529296875 0.6489257811320754 0.5634765625 0.700195312264151 0.5771484375 0.71484375 0.6064453125 0.7324218754716981 0.6162109375 0.7324218754716981 0.6337890625 0.723632812264151 0.6376953125 0.7207031245283019