20 0.37109375 0.2094726566037736 0.388671875 0.1772460933962264 0.3662109375 0.14648437547169813 0.3505859375 0.14355468773584906 0.345703125 0.1508789066037736 0.33984375 0.1655273433962264 0.337890625 0.17138671886792453 0.337890625 0.18017578113207547 0.341796875 0.19189453113207547 0.3515625 0.2094726566037736 0.3544921875 0.21386718773584906 0.3583984375 0.21679687452830187 0.3662109375 0.21679687452830187 0.37109375 0.2094726566037736
20 0.4521484375 0.09375 0.4501953125 0.09375 0.4384765625 0.09960937547169811 0.4375 0.10107421886792453 0.431640625 0.14794921886792453 0.431640625 0.15673828113207547 0.43359375 0.1625976566037736 0.4404296875 0.16992187547169813 0.4560546875 0.18164062452830187 0.4677734375 0.18164062452830187 0.48046875 0.15966796886792453 0.4521484375 0.09375
20 0.4033203125 0.33691406226415094 0.3955078125 0.328125 0.3916015625 0.32519531226415094 0.3759765625 0.3222656245283019 0.3701171875 0.3222656245283019 0.3671875 0.3266601566037736 0.36328125 0.3442382811320755 0.359375 0.3881835933962264 0.3603515625 0.38964843773584906 0.3662109375 0.3925781245283019 0.3759765625 0.3925781245283019 0.4111328125 0.37207031226415094 0.416015625 0.3647460933962264 0.408203125 0.3442382811320755 0.4033203125 0.33691406226415094
20 0.46484375 0.4584960933962264 0.4638671875 0.45703125 0.4560546875 0.4511718745283019 0.4091796875 0.45410156226415094 0.408203125 0.4555664066037736 0.408203125 0.49658203113207544 0.4091796875 0.4980468754716982 0.4208984375 0.50390625 0.4462890625 0.512695312264151 0.4599609375 0.515625 0.466796875 0.5083007811320754 0.46484375 0.4584960933962264
20 0.3701171875 0.618164062264151 0.3427734375 0.609375 0.3388671875 0.609375 0.3173828125 0.6269531245283019 0.3125 0.6342773433962264 0.310546875 0.6401367188679246 0.3125 0.6782226566037736 0.3134765625 0.6796875 0.3154296875 0.6796875 0.3916015625 0.6328125 0.392578125 0.6313476566037736 0.3916015625 0.629882812264151 0.3701171875 0.618164062264151
20 0.6162109375 0.700195312264151 0.5947265625 0.69140625 0.5908203125 0.69140625 0.583984375 0.7016601566037736 0.58203125 0.7075195311320754 0.6025390625 0.735351562264151 0.6220703125 0.735351562264151 0.6298828125 0.7324218754716981 0.634765625 0.7280273433962264 0.625 0.7104492188679246 0.6220703125 0.706054687735849 0.6162109375 0.700195312264151
20 0.65234375 0.5844726566037736 0.65234375 0.5815429688679246 0.634765625 0.5463867188679246 0.6103515625 0.512695312264151 0.609375 0.5141601566037736 0.60546875 0.5639648433962264 0.60546875 0.5727539066037736 0.630859375 0.6372070311320754 0.6318359375 0.6386718754716981 0.6337890625 0.6386718754716981 0.63671875 0.6342773433962264 0.646484375 0.6049804688679246 0.65234375 0.5844726566037736
20 0.5869140625 0.500976562264151 0.591796875 0.4936523433962264 0.60546875 0.3208007811320755 0.6044921875 0.31933593773584906 0.5869140625 0.31933593773584906 0.58203125 0.3325195311320755 0.560546875 0.4057617188679245 0.560546875 0.4760742188679245 0.5625 0.48486328113207544 0.568359375 0.49951171886792456 0.5693359375 0.500976562264151 0.5771484375 0.50390625 0.5830078125 0.50390625 0.5869140625 0.500976562264151
21 0.30859375 0.3823242188679245 0.296875 0.3442382811320755 0.2783203125 0.33105468773584906 0.2275390625 0.31933593773584906 0.2265625 0.3208007811320755 0.2265625 0.3325195311320755 0.232421875 0.3706054688679245 0.25390625 0.4204101566037736 0.2880859375 0.4746093745283019 0.302734375 0.4584960933962264 0.30859375 0.3852539066037736 0.30859375 0.3823242188679245
3 0.345703125 0.7690429688679246 0.345703125 0.7543945311320754 0.3349609375 0.735351562264151 0.3115234375 0.729492187735849 0.3046875 0.7456054688679246 0.29296875 0.7924804688679246 0.29296875 0.7983398433962264 0.2958984375 0.8027343745283019 0.3056640625 0.8027343745283019 0.3154296875 0.799804687735849 0.3271484375 0.7910156245283019 0.3330078125 0.78515625 0.345703125 0.7690429688679246
3 0.4501953125 0.706054687735849 0.4345703125 0.703125 0.4267578125 0.703125 0.4228515625 0.706054687735849 0.41796875 0.7133789066037736 0.4326171875 0.7441406245283019 0.4482421875 0.7441406245283019 0.4521484375 0.741210937735849 0.455078125 0.7368164066037736 0.455078125 0.7280273433962264 0.451171875 0.7075195311320754 0.4501953125 0.706054687735849
3 0.4873046875 0.618164062264151 0.4638671875 0.612304687735849 0.4462890625 0.612304687735849 0.439453125 0.6225585933962264 0.439453125 0.6342773433962264 0.44921875 0.6870117188679246 0.4501953125 0.688476562264151 0.4619140625 0.6738281245283019 0.474609375 0.6547851566037736 0.48828125 0.6196289066037736 0.4873046875 0.618164062264151
3 0.7001953125 0.665039062264151 0.6982421875 0.665039062264151 0.6904296875 0.670898437735849 0.677734375 0.6899414066037736 0.67578125 0.7045898433962264 0.67578125 0.7104492188679246 0.677734375 0.7163085933962264 0.6904296875 0.7324218754716981 0.7109375 0.6928710933962264 0.7109375 0.6870117188679246 0.703125 0.6694335933962264 0.7001953125 0.665039062264151
3 0.685546875 0.21533203113207547 0.6669921875 0.1875 0.6650390625 0.1875 0.658203125 0.2006835933962264 0.650390625 0.21826171886792453 0.650390625 0.22998046886792453 0.6552734375 0.23730468773584906 0.6650390625 0.24609375 0.6708984375 0.24609375 0.677734375 0.2358398433962264 0.685546875 0.21826171886792453 0.685546875 0.21533203113207547
14 0.5595703125 0.12890625 0.5498046875 0.12890625 0.5400390625 0.13183593773584906 0.533203125 0.1420898433962264 0.533203125 0.14794921886792453 0.5380859375 0.15527343773584906 0.5556640625 0.15820312452830187 0.556640625 0.15673828113207547 0.560546875 0.1391601566037736 0.560546875 0.1303710933962264 0.5595703125 0.12890625
14 0.71875 0.3266601566037736 0.705078125 0.2915039066037736 0.7001953125 0.28417968773584906 0.69921875 0.2856445311320755 0.69921875 0.3178710933962264 0.701171875 0.3237304688679245 0.7080078125 0.3339843754716981 0.7119140625 0.33691406226415094 0.7138671875 0.33691406226415094 0.71875 0.3325195311320755 0.71875 0.3266601566037736
14 0.5615234375 0.706054687735849 0.5537109375 0.711914062264151 0.54296875 0.7280273433962264 0.541015625 0.7338867188679246 0.5390625 0.7426757811320754 0.5390625 0.7573242188679246 0.5400390625 0.758789062264151 0.552734375 0.7397460933962264 0.564453125 0.7104492188679246 0.564453125 0.7075195311320754 0.5634765625 0.706054687735849 0.5615234375 0.706054687735849
14 0.6728515625 0.4628906245283019 0.666015625 0.4702148433962264 0.662109375 0.4819335933962264 0.662109375 0.4907226566037736 0.6630859375 0.4921875 0.6689453125 0.4921875 0.68359375 0.4672851566037736 0.68359375 0.4643554688679245 0.6826171875 0.4628906245283019 0.6728515625 0.4628906245283019
9 0.267578125 0.6459960933962264 0.2734375 0.6284179688679246 0.275390625 0.6166992188679246 0.275390625 0.6049804688679246 0.2734375 0.5932617188679246 0.271484375 0.5874023433962264 0.2578125 0.5610351566037736 0.2470703125 0.55078125 0.2412109375 0.547851562264151 0.2333984375 0.547851562264151 0.2294921875 0.55078125 0.212890625 0.5727539066037736 0.2109375 0.5786132811320754 0.2109375 0.5815429688679246 0.21875 0.6782226566037736 0.2197265625 0.6796875 0.2216796875 0.6796875 0.2490234375 0.665039062264151 0.2607421875 0.65625 0.267578125 0.6459960933962264
9 0.529296875 0.3793945311320755 0.53125 0.3735351566037736 0.529296875 0.3208007811320755 0.52734375 0.3149414066037736 0.5205078125 0.3046875 0.5166015625 0.30175781226415094 0.5048828125 0.30175781226415094 0.4521484375 0.31347656226415094 0.451171875 0.3149414066037736 0.451171875 0.3940429688679245 0.4521484375 0.39550781226415094 0.4873046875 0.40722656226415094 0.5009765625 0.40722656226415094 0.5087890625 0.40136718773584906 0.5263671875 0.38378906226415094 0.529296875 0.3793945311320755
14 0.5341796875 0.2519531245283019 0.5283203125 0.2519531245283019 0.5234375 0.2592773433962264 0.521484375 0.2651367188679245 0.521484375 0.2680664066037736 0.5224609375 0.26953125 0.5263671875 0.26953125 0.5361328125 0.26074218773584906 0.537109375 0.2592773433962264 0.537109375 0.2563476566037736 0.5341796875 0.2519531245283019
18 0.548828125 0.5639648433962264 0.5458984375 0.559570312264151 0.5419921875 0.5566406245283019 0.5341796875 0.553710937735849 0.5244140625 0.5566406245283019 0.517578125 0.5668945311320754 0.517578125 0.5756835933962264 0.5302734375 0.5859375 0.5419921875 0.5859375 0.5458984375 0.583007812264151 0.55078125 0.5756835933962264 0.55078125 0.5698242188679246 0.548828125 0.5639648433962264
5 0.73828125 0.5434570311320754 0.7421875 0.5229492188679246 0.744140625 0.4438476566037736 0.7431640625 0.44238281226415094 0.7099609375 0.44238281226415094 0.70703125 0.4467773433962264 0.703125 0.4555664066037736 0.69140625 0.4907226566037736 0.689453125 0.49951171886792456 0.689453125 0.5141601566037736 0.697265625 0.5581054688679246 0.7041015625 0.57421875 0.7099609375 0.5800781245283019 0.7177734375 0.5800781245283019 0.72265625 0.5756835933962264 0.73828125 0.5434570311320754