9 0.31640625 0.7280273433962264 0.3203125 0.7163085933962264 0.322265625 0.7016601566037736 0.3212890625 0.700195312264151 0.2900390625 0.66796875 0.2626953125 0.647460937735849 0.26171875 0.6489257811320754 0.25390625 0.6811523433962264 0.251953125 0.6958007811320754 0.255859375 0.7163085933962264 0.2607421875 0.723632812264151 0.2685546875 0.729492187735849 0.2880859375 0.73828125 0.3056640625 0.73828125 0.3134765625 0.7324218754716981 0.31640625 0.7280273433962264
9 0.513671875 0.19189453113207547 0.51171875 0.11865234339622642 0.5029296875 0.10253906226415094 0.4833984375 0.09667968773584906 0.482421875 0.09814453113207547 0.474609375 0.14501953113207547 0.47265625 0.1655273433962264 0.47265625 0.1743164066037736 0.4765625 0.1889648433962264 0.4814453125 0.19628906226415094 0.4873046875 0.20214843773584906 0.4951171875 0.20507812452830187 0.5048828125 0.20214843773584906 0.513671875 0.19189453113207547
9 0.6982421875 0.33691406226415094 0.6884765625 0.33691406226415094 0.6435546875 0.35449218773584906 0.642578125 0.3559570311320755 0.642578125 0.3588867188679245 0.6435546875 0.36035156226415094 0.6748046875 0.375 0.6865234375 0.375 0.69921875 0.3588867188679245 0.701171875 0.3413085933962264 0.6982421875 0.33691406226415094
3 0.732421875 0.5141601566037736 0.732421875 0.4907226566037736 0.73046875 0.48486328113207544 0.6513671875 0.4277343745283019 0.6494140625 0.4277343745283019 0.6484375 0.4291992188679245 0.646484375 0.5932617188679246 0.6474609375 0.594726562264151 0.6572265625 0.594726562264151 0.7099609375 0.5917968754716981 0.71484375 0.5844726566037736 0.71875 0.5727539066037736 0.73046875 0.5258789066037736 0.732421875 0.5141601566037736
13 0.326171875 0.2680664066037736 0.326171875 0.2563476566037736 0.32421875 0.2504882811320755 0.3173828125 0.24023437452830187 0.3115234375 0.2431640622641509 0.2998046875 0.2519531245283019 0.283203125 0.2768554688679245 0.2734375 0.3032226566037736 0.26953125 0.3149414066037736 0.26953125 0.3208007811320755 0.2744140625 0.328125 0.3056640625 0.3515625 0.30859375 0.3471679688679245 0.31640625 0.3295898433962264 0.322265625 0.3061523433962264 0.326171875 0.2680664066037736
13 0.4140625 0.2534179688679245 0.39453125 0.19482421886792453 0.3935546875 0.19335937547169813 0.3759765625 0.20507812452830187 0.365234375 0.22705078113207547 0.36328125 0.2358398433962264 0.36328125 0.2416992188679245 0.390625 0.3002929688679245 0.3994140625 0.31347656226415094 0.4013671875 0.31347656226415094 0.404296875 0.3090820311320755 0.4140625 0.2622070311320755 0.4140625 0.2534179688679245
13 0.416015625 0.3940429688679245 0.3916015625 0.3574218754716981 0.3740234375 0.33691406226415094 0.3583984375 0.33691406226415094 0.357421875 0.3383789066037736 0.357421875 0.3706054688679245 0.369140625 0.4467773433962264 0.3701171875 0.44824218773584906 0.3857421875 0.4453125 0.41015625 0.4086914066037736 0.416015625 0.3969726566037736 0.416015625 0.3940429688679245
13 0.4990234375 0.524414062264151 0.50390625 0.5170898433962264 0.50390625 0.5112304688679246 0.5029296875 0.5097656245283019 0.4326171875 0.4863281245283018 0.4267578125 0.4863281245283018 0.421875 0.4936523433962264 0.41796875 0.5024414066037736 0.41796875 0.5200195311320754 0.427734375 0.5463867188679246 0.4384765625 0.5625 0.4482421875 0.57421875 0.4541015625 0.57421875 0.4599609375 0.571289062264151 0.4990234375 0.524414062264151
13 0.40234375 0.7075195311320754 0.400390625 0.6928710933962264 0.3984375 0.6870117188679246 0.390625 0.6694335933962264 0.3720703125 0.641601562264151 0.3623046875 0.6328125 0.3544921875 0.6328125 0.3515625 0.6372070311320754 0.333984375 0.6723632811320754 0.333984375 0.6782226566037736 0.3603515625 0.7324218754716981 0.3896484375 0.741210937735849 0.3935546875 0.741210937735849 0.400390625 0.7250976566037736 0.40234375 0.7163085933962264 0.40234375 0.7075195311320754
13 0.669921875 0.7133789066037736 0.6318359375 0.65625 0.6298828125 0.65625 0.6259765625 0.659179687735849 0.611328125 0.6782226566037736 0.603515625 0.7045898433962264 0.59765625 0.7309570311320754 0.595703125 0.7456054688679246 0.595703125 0.7514648433962264 0.59765625 0.7602539066037736 0.6025390625 0.7675781245283019 0.6123046875 0.7675781245283019 0.6611328125 0.7324218754716981 0.669921875 0.7221679688679246 0.669921875 0.7133789066037736
14 0.3984375 0.6166992188679246 0.396484375 0.6225585933962264 0.40234375 0.6401367188679246 0.4130859375 0.659179687735849 0.4208984375 0.659179687735849 0.427734375 0.6489257811320754 0.4013671875 0.6152343754716981 0.3994140625 0.6152343754716981 0.3984375 0.6166992188679246
1 0.66796875 0.2358398433962264 0.6640625 0.22705078113207547 0.6533203125 0.2109375 0.6376953125 0.20214843773584906 0.6220703125 0.20214843773584906 0.619140625 0.20654296886792453 0.61328125 0.21826171886792453 0.61328125 0.2241210933962264 0.6142578125 0.22558593773584906 0.6591796875 0.26660156226415094 0.6611328125 0.26660156226415094 0.669921875 0.2592773433962264 0.669921875 0.2416992188679245 0.66796875 0.2358398433962264
21 0.63671875 0.4116210933962264 0.6484375 0.3178710933962264 0.6474609375 0.31640625 0.5634765625 0.28417968773584906 0.560546875 0.2885742188679245 0.55078125 0.3120117188679245 0.53515625 0.3823242188679245 0.53515625 0.3940429688679245 0.537109375 0.4028320311320755 0.5732421875 0.4628906245283019 0.5791015625 0.4628906245283019 0.6318359375 0.43066406226415094 0.6328125 0.4291992188679245 0.63671875 0.4116210933962264
13 0.5224609375 0.5332031245283019 0.5107421875 0.52734375 0.509765625 0.5288085933962264 0.509765625 0.5405273433962264 0.51953125 0.5815429688679246 0.5205078125 0.583007812264151 0.5498046875 0.588867187735849 0.5556640625 0.588867187735849 0.55859375 0.5844726566037736 0.5224609375 0.5332031245283019
10 0.6201171875 0.5566406245283019 0.5693359375 0.57421875 0.56640625 0.5786132811320754 0.5693359375 0.583007812264151 0.6005859375 0.583007812264151 0.6064453125 0.5800781245283019 0.6181640625 0.571289062264151 0.626953125 0.5581054688679246 0.6259765625 0.5566406245283019 0.6201171875 0.5566406245283019
2 0.3134765625 0.606445312264151 0.3310546875 0.59765625 0.3486328125 0.583007812264151 0.36328125 0.5610351566037736 0.365234375 0.5551757811320754 0.3671875 0.5434570311320754 0.3671875 0.5229492188679246 0.365234375 0.5141601566037736 0.353515625 0.4819335933962264 0.3408203125 0.4628906245283019 0.3349609375 0.45703125 0.3232421875 0.44824218773584906 0.3037109375 0.4394531245283019 0.2822265625 0.4394531245283019 0.2783203125 0.44238281226415094 0.2685546875 0.45410156226415094 0.2578125 0.4731445311320755 0.25390625 0.48779296886792456 0.25390625 0.5083007811320754 0.26171875 0.5932617188679246 0.2646484375 0.59765625 0.2724609375 0.6035156245283019 0.2900390625 0.609375 0.2998046875 0.609375 0.3134765625 0.606445312264151