3 0.654296875 0.16845703113207547 0.654296875 0.1655273433962264 0.65234375 0.15966796886792453 0.6435546875 0.14941406226415094 0.6279296875 0.13476562452830187 0.6142578125 0.12597656226415094 0.6044921875 0.12011718773584906 0.5185546875 0.08203125 0.517578125 0.08349609339622642 0.490234375 0.1303710933962264 0.5078125 0.2416992188679245 0.5126953125 0.2490234377358491 0.5908203125 0.2753906245283019 0.6025390625 0.26074218773584906 0.623046875 0.22998046886792453 0.63671875 0.20654296886792453 0.654296875 0.16845703113207547
21 0.3291015625 0.530273437735849 0.3583984375 0.506835937735849 0.3984375 0.4086914066037736 0.3984375 0.3999023433962264 0.3857421875 0.3808593754716981 0.3603515625 0.3515625 0.3193359375 0.31640625 0.3134765625 0.31347656226415094 0.3115234375 0.31347656226415094 0.2880859375 0.33105468773584906 0.24609375 0.3706054688679245 0.23828125 0.4350585933962264 0.23828125 0.4409179688679245 0.240234375 0.4467773433962264 0.2626953125 0.50390625 0.2802734375 0.524414062264151 0.3056640625 0.536132812264151 0.3232421875 0.5332031245283019 0.3291015625 0.530273437735849
21 0.666015625 0.6870117188679246 0.673828125 0.6694335933962264 0.6875 0.6049804688679246 0.69140625 0.5756835933962264 0.69140625 0.5727539066037736 0.6904296875 0.571289062264151 0.5693359375 0.500976562264151 0.5576171875 0.500976562264151 0.5478515625 0.512695312264151 0.544921875 0.5200195311320754 0.54296875 0.5668945311320754 0.57421875 0.6694335933962264 0.5771484375 0.6738281245283019 0.6279296875 0.703125 0.6494140625 0.700195312264151 0.6572265625 0.6972656245283019 0.6611328125 0.694335937735849 0.666015625 0.6870117188679246
3 0.533203125 0.7192382811320754 0.533203125 0.6958007811320754 0.5224609375 0.6796875 0.5009765625 0.659179687735849 0.4873046875 0.6503906245283019 0.4775390625 0.65625 0.474609375 0.6606445311320754 0.474609375 0.6665039066037736 0.4765625 0.6899414066037736 0.478515625 0.6987304688679246 0.482421875 0.7075195311320754 0.5029296875 0.741210937735849 0.5166015625 0.75 0.533203125 0.7192382811320754
14 0.4404296875 0.729492187735849 0.4375 0.7338867188679246 0.435546875 0.7397460933962264 0.4375 0.7485351566037736 0.4404296875 0.752929687735849 0.4443359375 0.752929687735849 0.447265625 0.7456054688679246 0.4453125 0.7338867188679246 0.4423828125 0.729492187735849 0.4404296875 0.729492187735849
14 0.435546875 0.3969726566037736 0.43359375 0.4057617188679245 0.4541015625 0.43066406226415094 0.458984375 0.4233398433962264 0.458984375 0.4086914066037736 0.4541015625 0.40136718773584906 0.4443359375 0.38964843773584906 0.4404296875 0.38964843773584906 0.435546875 0.3969726566037736
11 0.296875 0.7573242188679246 0.294921875 0.7631835933962264 0.2978515625 0.7675781245283019 0.3056640625 0.764648437735849 0.31640625 0.7514648433962264 0.31640625 0.7456054688679246 0.3154296875 0.7441406245283019 0.3134765625 0.7441406245283019 0.296875 0.7573242188679246
0 0.4521484375 0.565429687735849 0.4423828125 0.559570312264151 0.4365234375 0.559570312264151 0.43359375 0.5639648433962264 0.435546875 0.5815429688679246 0.4423828125 0.594726562264151 0.4501953125 0.600585937735849 0.4609375 0.5903320311320754 0.4609375 0.5874023433962264 0.458984375 0.5815429688679246 0.4521484375 0.565429687735849
9 0.4560546875 0.4511718745283019 0.4521484375 0.4511718745283019 0.44921875 0.4555664066037736 0.453125 0.4672851566037736 0.4541015625 0.46875 0.4580078125 0.46875 0.462890625 0.4584960933962264 0.462890625 0.4555664066037736 0.4619140625 0.45410156226415094 0.4560546875 0.4511718745283019
11 0.4208984375 0.706054687735849 0.4287109375 0.706054687735849 0.431640625 0.7016601566037736 0.4287109375 0.6972656245283019 0.4208984375 0.6972656245283019 0.41796875 0.7016601566037736 0.4208984375 0.706054687735849
18 0.669921875 0.8188476566037736 0.6689453125 0.817382812264151 0.6611328125 0.817382812264151 0.6416015625 0.83203125 0.638671875 0.8364257811320754 0.638671875 0.8422851566037736 0.6416015625 0.846679687735849 0.6474609375 0.846679687735849 0.6533203125 0.84375 0.6630859375 0.834960937735849 0.669921875 0.8247070311320754 0.669921875 0.8188476566037736
12 0.736328125 0.5434570311320754 0.73828125 0.5317382811320754 0.73828125 0.5258789066037736 0.736328125 0.5200195311320754 0.732421875 0.5112304688679246 0.7275390625 0.50390625 0.7236328125 0.500976562264151 0.7060546875 0.500976562264151 0.7021484375 0.50390625 0.693359375 0.5170898433962264 0.69140625 0.5229492188679246 0.69140625 0.5493164066037736 0.693359375 0.5551757811320754 0.7021484375 0.571289062264151 0.7119140625 0.577148437735849 0.7177734375 0.577148437735849 0.734375 0.5493164066037736 0.736328125 0.5434570311320754
13 0.6650390625 0.2578125 0.66015625 0.2651367188679245 0.66015625 0.2680664066037736 0.6611328125 0.26953125 0.6728515625 0.26953125 0.6845703125 0.26660156226415094 0.6875 0.2622070311320755 0.68120554625 0.2510084924528302 0.6650390625 0.2578125