6 0.34375 0.3237304688679245 0.365234375 0.2768554688679245 0.38671875 0.1889648433962264 0.3828125 0.16845703113207547 0.3740234375 0.15527343773584906 0.3623046875 0.15527343773584906 0.3525390625 0.15820312452830187 0.3408203125 0.1640625 0.3330078125 0.16992187547169813 0.3056640625 0.19628906226415094 0.30078125 0.20361328113207547 0.294921875 0.21826171886792453 0.287109375 0.2709960933962264 0.287109375 0.2797851566037736 0.291015625 0.3061523433962264 0.3056640625 0.328125 0.3154296875 0.3339843754716981 0.3251953125 0.3339843754716981 0.3369140625 0.33105468773584906 0.34375 0.3237304688679245
6 0.716796875 0.3852539066037736 0.7119140625 0.37792968773584906 0.6767578125 0.37792968773584906 0.6728515625 0.3808593754716981 0.658203125 0.4028320311320755 0.638671875 0.4438476566037736 0.634765625 0.4555664066037736 0.634765625 0.4760742188679245 0.638671875 0.48779296886792456 0.6396484375 0.489257812264151 0.6416015625 0.489257812264151 0.6962890625 0.421875 0.716796875 0.3911132811320755 0.716796875 0.3852539066037736
1 0.5869140625 0.3691406245283019 0.5966796875 0.3691406245283019 0.6064453125 0.36621093773584906 0.609375 0.3618164066037736 0.603515625 0.2856445311320755 0.5986328125 0.27832031226415094 0.5654296875 0.27832031226415094 0.560546875 0.2856445311320755 0.556640625 0.2973632811320755 0.5546875 0.3120117188679245 0.5546875 0.3237304688679245 0.556640625 0.3325195311320755 0.560546875 0.3442382811320755 0.5673828125 0.35449218773584906 0.5732421875 0.36035156226415094 0.5810546875 0.36621093773584906 0.5869140625 0.3691406245283019
3 0.7578125 0.5639648433962264 0.7578125 0.5375976566037736 0.7548828125 0.5332031245283019 0.7451171875 0.5332031245283019 0.7373046875 0.541992187735849 0.7265625 0.5610351566037736 0.716796875 0.5874023433962264 0.716796875 0.5961914066037736 0.7197265625 0.600585937735849 0.7236328125 0.6035156245283019 0.7353515625 0.6035156245283019 0.7412109375 0.59765625 0.75390625 0.5815429688679246 0.7578125 0.5639648433962264
21 0.2998046875 0.4980468754716982 0.2861328125 0.5097656245283019 0.27734375 0.5229492188679246 0.265625 0.5434570311320754 0.265625 0.5610351566037736 0.2685546875 0.5683593754716981 0.2802734375 0.57421875 0.2958984375 0.57421875 0.341796875 0.5317382811320754 0.3017578125 0.4980468754716982 0.2998046875 0.4980468754716982
14 0.7041015625 0.6796875 0.6865234375 0.694335937735849 0.685546875 0.6958007811320754 0.689453125 0.7075195311320754 0.6982421875 0.723632812264151 0.7060546875 0.723632812264151 0.71484375 0.7045898433962264 0.7109375 0.6811523433962264 0.7099609375 0.6796875 0.7041015625 0.6796875
14 0.6572265625 0.653320312264151 0.6455078125 0.653320312264151 0.6376953125 0.659179687735849 0.6328125 0.6665039066037736 0.6328125 0.6782226566037736 0.6357421875 0.682617187735849 0.6396484375 0.6855468754716981 0.662109375 0.6694335933962264 0.662109375 0.6635742188679246 0.66015625 0.6577148433962264 0.6572265625 0.653320312264151
14 0.4638671875 0.647460937735849 0.4501953125 0.647460937735849 0.4423828125 0.653320312264151 0.4375 0.6606445311320754 0.43359375 0.6694335933962264 0.435546875 0.6752929688679246 0.4443359375 0.688476562264151 0.4521484375 0.694335937735849 0.46484375 0.6723632811320754 0.466796875 0.6635742188679246 0.466796875 0.6547851566037736 0.4638671875 0.647460937735849
14 0.55859375 0.4321289066037736 0.55859375 0.4174804688679245 0.5556640625 0.41308593773584906 0.5498046875 0.41015625 0.5478515625 0.41015625 0.5439453125 0.41308593773584906 0.533203125 0.4291992188679245 0.533203125 0.4379882811320755 0.53515625 0.4643554688679245 0.537109375 0.4731445311320755 0.5400390625 0.47753906226415094 0.5478515625 0.47753906226415094 0.5546875 0.4702148433962264 0.55859375 0.4321289066037736
14 0.701171875 0.1655273433962264 0.6982421875 0.16113281226415094 0.6923828125 0.15527343773584906 0.6845703125 0.15527343773584906 0.6787109375 0.16113281226415094 0.671875 0.17138671886792453 0.666015625 0.19482421886792453 0.666015625 0.1977539066037736 0.6748046875 0.21386718773584906 0.6787109375 0.21679687452830187 0.6826171875 0.21679687452830187 0.6875 0.2094726566037736 0.703125 0.1743164066037736 0.701171875 0.1655273433962264
14 0.64453125 0.21826171886792453 0.64453125 0.21533203113207547 0.63671875 0.16845703113207547 0.6298828125 0.15820312452830187 0.6240234375 0.15820312452830187 0.615234375 0.1655273433962264 0.61328125 0.1772460933962264 0.61328125 0.1889648433962264 0.615234375 0.2094726566037736 0.6240234375 0.22265625 0.6279296875 0.22558593773584906 0.6376953125 0.22558593773584906 0.6416015625 0.22265625 0.64453125 0.21826171886792453
20 0.5234375 0.1655273433962264 0.5166015625 0.15527343773584906 0.5107421875 0.15527343773584906 0.5068359375 0.15820312452830187 0.501953125 0.16845703113207547 0.486328125 0.2416992188679245 0.486328125 0.2446289066037736 0.4873046875 0.24609375 0.5107421875 0.2519531245283019 0.5234375 0.2211914066037736 0.525390625 0.1977539066037736 0.525390625 0.17138671886792453 0.5234375 0.1655273433962264
20 0.76171875 0.3032226566037736 0.76171875 0.2915039066037736 0.7568359375 0.28417968773584906 0.7490234375 0.28417968773584906 0.7451171875 0.2871093754716981 0.734375 0.3061523433962264 0.72265625 0.3295898433962264 0.7265625 0.3442382811320755 0.7275390625 0.3457031245283019 0.7294921875 0.3457031245283019 0.7431640625 0.33105468773584906 0.7529296875 0.31933593773584906 0.759765625 0.3090820311320755 0.76171875 0.3032226566037736
20 0.3984375 0.6459960933962264 0.3984375 0.6284179688679246 0.3955078125 0.624023437735849 0.3916015625 0.62109375 0.3857421875 0.62109375 0.3720703125 0.629882812264151 0.361328125 0.6489257811320754 0.35546875 0.6606445311320754 0.35546875 0.6635742188679246 0.3564453125 0.665039062264151 0.3603515625 0.665039062264151 0.3837890625 0.659179687735849 0.3896484375 0.65625 0.3955078125 0.6503906245283019 0.3984375 0.6459960933962264
9 0.583984375 0.6840820311320754 0.58203125 0.6899414066037736 0.58203125 0.6958007811320754 0.5849609375 0.700195312264151 0.5869140625 0.700195312264151 0.599609375 0.6840820311320754 0.5966796875 0.6796875 0.5869140625 0.6796875 0.583984375 0.6840820311320754
9 0.3779296875 0.7089843754716981 0.3740234375 0.706054687735849 0.3642578125 0.706054687735849 0.3583984375 0.7089843754716981 0.35546875 0.7133789066037736 0.353515625 0.7221679688679246 0.353515625 0.7426757811320754 0.3544921875 0.7441406245283019 0.3564453125 0.7441406245283019 0.3759765625 0.7324218754716981 0.3828125 0.7221679688679246 0.3828125 0.7163085933962264 0.3779296875 0.7089843754716981
9 0.404296875 0.5346679688679246 0.4033203125 0.5332031245283019 0.3935546875 0.5332031245283019 0.3876953125 0.536132812264151 0.384765625 0.5405273433962264 0.384765625 0.5434570311320754 0.3876953125 0.547851562264151 0.3916015625 0.55078125 0.3955078125 0.55078125 0.4013671875 0.547851562264151 0.404296875 0.5434570311320754 0.404296875 0.5346679688679246
9 0.296875 0.3881835933962264 0.2939453125 0.38378906226415094 0.2880859375 0.38378906226415094 0.287109375 0.3852539066037736 0.287109375 0.3911132811320755 0.291015625 0.4086914066037736 0.29296875 0.4145507811320755 0.2978515625 0.41894531226415094 0.30078125 0.4145507811320755 0.30078125 0.3969726566037736 0.296875 0.3881835933962264
9 0.4833984375 0.31640625 0.4765625 0.3237304688679245 0.47265625 0.3354492188679245 0.47265625 0.3442382811320755 0.474609375 0.3530273433962264 0.4755859375 0.35449218773584906 0.4990234375 0.34277343773584906 0.50390625 0.3325195311320755 0.4931640625 0.31640625 0.4833984375 0.31640625
9 0.4033203125 0.45996093773584906 0.40234375 0.4614257811320755 0.40234375 0.4672851566037736 0.4052734375 0.47167968773584906 0.4130859375 0.47167968773584906 0.416015625 0.4672851566037736 0.4130859375 0.4628906245283019 0.4091796875 0.45996093773584906 0.4033203125 0.45996093773584906
9 0.630859375 0.2856445311320755 0.626953125 0.2944335933962264 0.625 0.3032226566037736 0.626953125 0.3090820311320755 0.6298828125 0.31347656226415094 0.634765625 0.3061523433962264 0.63671875 0.3002929688679245 0.63671875 0.2856445311320755 0.6337890625 0.28125 0.630859375 0.2856445311320755
9 0.5458984375 0.19628906226415094 0.5419921875 0.19335937547169813 0.5341796875 0.19335937547169813 0.533203125 0.19482421886792453 0.533203125 0.2006835933962264 0.5380859375 0.20800781226415094 0.5419921875 0.2109375 0.5478515625 0.2109375 0.548828125 0.2094726566037736 0.55078125 0.20361328113207547 0.5458984375 0.19628906226415094
9 0.439453125 0.12158203113207545 0.4384765625 0.12011718773584906 0.4365234375 0.12011718773584906 0.43359375 0.12451171886792455 0.43359375 0.13330078113207547 0.435546875 0.1391601566037736 0.4384765625 0.14355468773584906 0.4482421875 0.15234375 0.451171875 0.14794921886792453 0.451171875 0.14501953113207547 0.439453125 0.12158203113207545
20 0.5439453125 0.1171875 0.544921875 0.11572265660377358 0.544921875 0.09521484339622642 0.5390625 0.07763671886792453 0.5361328125 0.07324218773584906 0.5302734375 0.07324218773584906 0.5205078125 0.07910156226415094 0.51953125 0.08056640660377358 0.51953125 0.08349609339622642 0.521484375 0.10400390660377358 0.5234375 0.11279296886792453 0.5283203125 0.12011718773584906 0.5322265625 0.12304687547169811 0.5341796875 0.12304687547169811 0.5439453125 0.1171875
11 0.5458984375 0.6503906245283019 0.544921875 0.6518554688679246 0.544921875 0.6606445311320754 0.546875 0.6665039066037736 0.5537109375 0.676757812264151 0.5595703125 0.676757812264151 0.5625 0.6723632811320754 0.5478515625 0.6503906245283019 0.5458984375 0.6503906245283019
11 0.6357421875 0.606445312264151 0.6484375 0.5874023433962264 0.650390625 0.5815429688679246 0.65234375 0.5698242188679246 0.65234375 0.5581054688679246 0.6005859375 0.47753906226415094 0.5986328125 0.47753906226415094 0.595703125 0.4819335933962264 0.591796875 0.4907226566037736 0.587890625 0.5053710933962264 0.587890625 0.5258789066037736 0.58984375 0.5346679688679246 0.61328125 0.6020507811320754 0.6162109375 0.606445312264151 0.6240234375 0.609375 0.6298828125 0.609375 0.6357421875 0.606445312264151
9 0.72265625 0.4936523433962264 0.7216796875 0.4921875 0.7060546875 0.4921875 0.703125 0.49658203113207544 0.703125 0.5053710933962264 0.7080078125 0.5097656245283019 0.7138671875 0.5097656245283019 0.7177734375 0.506835937735849 0.720703125 0.5024414066037736 0.72265625 0.49658203113207544 0.72265625 0.4936523433962264