6 0.66796875 0.1889648433962264 0.666015625 0.18310546886792453 0.6611328125 0.17578125 0.6064453125 0.11132812452830189 0.60546875 0.11279296886792453 0.59765625 0.1508789066037736 0.59765625 0.15966796886792453 0.603515625 0.1743164066037736 0.6279296875 0.2109375 0.6650390625 0.22558593773584906 0.666015625 0.2241210933962264 0.66796875 0.2006835933962264 0.66796875 0.1889648433962264
3 0.7216796875 0.495117187735849 0.7177734375 0.4921875 0.7021484375 0.489257812264151 0.6962890625 0.4921875 0.6767578125 0.515625 0.65234375 0.5493164066037736 0.650390625 0.5551757811320754 0.65234375 0.5668945311320754 0.66015625 0.5815429688679246 0.7021484375 0.6503906245283019 0.73046875 0.6196289066037736 0.73828125 0.5375976566037736 0.73828125 0.5288085933962264 0.7216796875 0.495117187735849
3 0.59375 0.2651367188679245 0.5927734375 0.2636718754716981 0.57421875 0.2885742188679245 0.5546875 0.3706054688679245 0.5556640625 0.37207031226415094 0.5615234375 0.37207031226415094 0.5888671875 0.36328125 0.59375 0.3588867188679245 0.60546875 0.3354492188679245 0.607421875 0.3266601566037736 0.59375 0.2651367188679245
3 0.466796875 0.5434570311320754 0.4501953125 0.530273437735849 0.4365234375 0.530273437735849 0.435546875 0.5317382811320754 0.431640625 0.5727539066037736 0.431640625 0.5874023433962264 0.4365234375 0.5917968754716981 0.4541015625 0.594726562264151 0.458984375 0.5844726566037736 0.46875 0.5581054688679246 0.46875 0.5522460933962264 0.466796875 0.5434570311320754
3 0.40625 0.6577148433962264 0.400390625 0.6430664066037736 0.3896484375 0.6269531245283019 0.3681640625 0.612304687735849 0.3671875 0.6137695311320754 0.3671875 0.6342773433962264 0.380859375 0.6811523433962264 0.3896484375 0.694335937735849 0.3994140625 0.694335937735849 0.404296875 0.6870117188679246 0.40625 0.6694335933962264 0.40625 0.6577148433962264
20 0.51953125 0.2709960933962264 0.4833984375 0.234375 0.4580078125 0.21679687452830187 0.45703125 0.21826171886792453 0.455078125 0.2475585933962264 0.46875 0.2827148433962264 0.4716796875 0.2871093754716981 0.4755859375 0.29003906226415094 0.4814453125 0.29003906226415094 0.5126953125 0.2753906245283019 0.5185546875 0.27246093773584906 0.51953125 0.2709960933962264
13 0.6826171875 0.3457031245283019 0.6572265625 0.33105468773584906 0.6494140625 0.33105468773584906 0.64453125 0.3383789066037736 0.642578125 0.4057617188679245 0.6455078125 0.41015625 0.6494140625 0.41015625 0.6787109375 0.38378906226415094 0.6953125 0.3647460933962264 0.693359375 0.3559570311320755 0.6904296875 0.3515625 0.6826171875 0.3457031245283019
17 0.5927734375 0.647460937735849 0.599609375 0.6372070311320754 0.580078125 0.5200195311320754 0.5791015625 0.518554687735849 0.5361328125 0.5625 0.52734375 0.5727539066037736 0.525390625 0.5786132811320754 0.525390625 0.5844726566037736 0.53125 0.6313476566037736 0.533203125 0.6372070311320754 0.5361328125 0.641601562264151 0.5654296875 0.6503906245283019 0.5771484375 0.6503906245283019 0.5927734375 0.647460937735849
14 0.2841796875 0.71484375 0.28125 0.7192382811320754 0.279296875 0.7250976566037736 0.27734375 0.7485351566037736 0.279296875 0.7543945311320754 0.2822265625 0.758789062264151 0.2900390625 0.764648437735849 0.291015625 0.7631835933962264 0.29296875 0.7192382811320754 0.2900390625 0.71484375 0.2841796875 0.71484375
14 0.3037109375 0.36328125 0.2958984375 0.3574218754716981 0.2939453125 0.3574218754716981 0.29296875 0.3588867188679245 0.29296875 0.3676757811320755 0.2998046875 0.37792968773584906 0.3037109375 0.3808593754716981 0.3056640625 0.3808593754716981 0.310546875 0.3764648433962264 0.310546875 0.3735351566037736 0.3037109375 0.36328125
14 0.4736328125 0.38671875 0.4677734375 0.38671875 0.4462890625 0.3925781245283019 0.4453125 0.3940429688679245 0.4453125 0.4057617188679245 0.4482421875 0.41015625 0.4580078125 0.41308593773584906 0.4755859375 0.4160156245283019 0.478515625 0.4116210933962264 0.474609375 0.3881835933962264 0.4736328125 0.38671875
14 0.494140625 0.10107421886792453 0.4912109375 0.09667968773584906 0.4892578125 0.09667968773584906 0.48828125 0.09814453113207547 0.48828125 0.10400390660377358 0.494140625 0.11865234339622642 0.4951171875 0.12011718773584906 0.4970703125 0.12011718773584906 0.498046875 0.11865234339622642 0.498046875 0.11279296886792453 0.494140625 0.10107421886792453
14 0.5908203125 0.10546875 0.583984375 0.11572265660377358 0.578125 0.1274414066037736 0.576171875 0.13330078113207547 0.576171875 0.13623046886792453 0.5810546875 0.14355468773584906 0.5830078125 0.14355468773584906 0.6015625 0.11572265660377358 0.599609375 0.10986328113207547 0.5966796875 0.10546875 0.5908203125 0.10546875
1 0.40234375 0.1508789066037736 0.3974609375 0.14355468773584906 0.3916015625 0.14355468773584906 0.38671875 0.1508789066037736 0.380859375 0.1655273433962264 0.37890625 0.18310546886792453 0.3876953125 0.19628906226415094 0.3955078125 0.19628906226415094 0.40234375 0.1860351566037736 0.40625 0.17138671886792453 0.40625 0.1655273433962264 0.404296875 0.15673828113207547 0.40234375 0.1508789066037736
1 0.3779296875 0.29589843773584906 0.380859375 0.2915039066037736 0.3544921875 0.2431640622641509 0.2939453125 0.2519531245283019 0.29296875 0.2534179688679245 0.3046875 0.2739257811320755 0.3212890625 0.2988281245283019 0.3271484375 0.3046875 0.3349609375 0.3105468754716981 0.3525390625 0.3105468754716981 0.3740234375 0.2988281245283019 0.3779296875 0.29589843773584906
1 0.275390625 0.3618164066037736 0.2744140625 0.36035156226415094 0.2685546875 0.35449218773584906 0.2587890625 0.3515625 0.2490234375 0.3515625 0.248046875 0.3530273433962264 0.24609375 0.3588867188679245 0.24609375 0.3647460933962264 0.25390625 0.3999023433962264 0.2548828125 0.40136718773584906 0.2568359375 0.40136718773584906 0.2685546875 0.3925781245283019 0.275390625 0.3823242188679245 0.275390625 0.3618164066037736
9 0.2568359375 0.500976562264151 0.2470703125 0.4921875 0.2412109375 0.4921875 0.236328125 0.49951171886792456 0.236328125 0.5053710933962264 0.2392578125 0.5097656245283019 0.2529296875 0.5214843754716981 0.2568359375 0.5214843754716981 0.259765625 0.5170898433962264 0.259765625 0.5053710933962264 0.2568359375 0.500976562264151
10 0.5810546875 0.48046875 0.5849609375 0.47753906226415094 0.59765625 0.4584960933962264 0.6015625 0.4350585933962264 0.6015625 0.4204101566037736 0.5986328125 0.4160156245283019 0.5947265625 0.4160156245283019 0.5400390625 0.46582031226415094 0.5390625 0.4672851566037736 0.5390625 0.4702148433962264 0.5419921875 0.4746093745283019 0.5458984375 0.47753906226415094 0.5537109375 0.48046875 0.5634765625 0.483398437735849 0.5732421875 0.483398437735849 0.5810546875 0.48046875