21 0.529296875 0.4614257811320755 0.5234375 0.4497070311320755 0.5126953125 0.43359375 0.5029296875 0.421875 0.4912109375 0.41015625 0.4794921875 0.40136718773584906 0.4736328125 0.3984375 0.4306640625 0.3808593754716981 0.4228515625 0.3808593754716981 0.400390625 0.4028320311320755 0.3984375 0.49658203113207544 0.4375 0.6166992188679246 0.4404296875 0.62109375 0.4990234375 0.676757812264151 0.541015625 0.5463867188679246 0.541015625 0.5346679688679246 0.533203125 0.4731445311320755 0.529296875 0.4614257811320755
21 0.482421875 0.2329101566037736 0.4755859375 0.22558593773584906 0.4580078125 0.22558593773584906 0.45703125 0.22705078113207547 0.447265625 0.2475585933962264 0.447265625 0.2563476566037736 0.44921875 0.2797851566037736 0.4501953125 0.28125 0.4521484375 0.28125 0.4697265625 0.26953125 0.4765625 0.2563476566037736 0.482421875 0.2329101566037736
21 0.28125 0.5581054688679246 0.2705078125 0.5390625 0.2666015625 0.5390625 0.2626953125 0.541992187735849 0.2578125 0.5551757811320754 0.255859375 0.5727539066037736 0.255859375 0.5786132811320754 0.2568359375 0.5800781245283019 0.2744140625 0.6035156245283019 0.2880859375 0.609375 0.2958984375 0.609375 0.296875 0.6079101566037736 0.28125 0.5581054688679246
3 0.3017578125 0.711914062264151 0.2744140625 0.694335937735849 0.2685546875 0.694335937735849 0.267578125 0.6958007811320754 0.259765625 0.7192382811320754 0.2578125 0.7368164066037736 0.259765625 0.7426757811320754 0.2626953125 0.747070312264151 0.2841796875 0.76171875 0.3095703125 0.76171875 0.3212890625 0.7558593754716981 0.322265625 0.7543945311320754 0.3017578125 0.711914062264151
10 0.345703125 0.49658203113207544 0.345703125 0.4907226566037736 0.3447265625 0.489257812264151 0.3388671875 0.489257812264151 0.31640625 0.5229492188679246 0.3125 0.5346679688679246 0.310546875 0.5434570311320754 0.30859375 0.5581054688679246 0.30859375 0.5727539066037736 0.3125 0.5903320311320754 0.33203125 0.6225585933962264 0.3369140625 0.629882812264151 0.3388671875 0.629882812264151 0.34375 0.6225585933962264 0.345703125 0.49658203113207544
14 0.2470703125 0.47753906226415094 0.2373046875 0.47753906226415094 0.236328125 0.4790039066037736 0.236328125 0.48779296886792456 0.2529296875 0.500976562264151 0.2607421875 0.4980468754716982 0.265625 0.4907226566037736 0.265625 0.48779296886792456 0.2626953125 0.48046875 0.2470703125 0.47753906226415094
14 0.2900390625 0.36328125 0.2802734375 0.3691406245283019 0.275390625 0.3764648433962264 0.275390625 0.3852539066037736 0.2783203125 0.38964843773584906 0.3017578125 0.39550781226415094 0.302734375 0.3940429688679245 0.302734375 0.3852539066037736 0.30078125 0.3793945311320755 0.2900390625 0.36328125
14 0.3681640625 0.34863281226415094 0.3408203125 0.36621093773584906 0.337890625 0.3706054688679245 0.337890625 0.3764648433962264 0.3427734375 0.38964843773584906 0.3603515625 0.38964843773584906 0.3671875 0.3793945311320755 0.369140625 0.3735351566037736 0.369140625 0.3500976566037736 0.3681640625 0.34863281226415094
14 0.38671875 0.2006835933962264 0.3828125 0.1860351566037736 0.3818359375 0.18457031226415094 0.3671875 0.20654296886792453 0.3671875 0.22705078113207547 0.3701171875 0.23144531226415094 0.3759765625 0.234375 0.3779296875 0.234375 0.380859375 0.22998046886792453 0.38671875 0.20361328113207547 0.38671875 0.2006835933962264
14 0.4267578125 0.14355468773584906 0.4189453125 0.140625 0.4150390625 0.140625 0.4052734375 0.15234375 0.404296875 0.1538085933962264 0.408203125 0.18017578113207547 0.4091796875 0.18164062452830187 0.4228515625 0.1875 0.4287109375 0.1875 0.431640625 0.18310546886792453 0.4296875 0.14794921886792453 0.4267578125 0.14355468773584906
14 0.5400390625 0.20800781226415094 0.5361328125 0.20800781226415094 0.5263671875 0.21679687452830187 0.5146484375 0.23144531226415094 0.51171875 0.2358398433962264 0.513671875 0.2416992188679245 0.5166015625 0.24609375 0.5224609375 0.24609375 0.529296875 0.2358398433962264 0.541015625 0.21533203113207547 0.541015625 0.2094726566037736 0.5400390625 0.20800781226415094
14 0.6640625 0.4174804688679245 0.66015625 0.4291992188679245 0.666015625 0.4409179688679245 0.6748046875 0.45410156226415094 0.6767578125 0.45410156226415094 0.685546875 0.4467773433962264 0.6728515625 0.40722656226415094 0.6708984375 0.40722656226415094 0.6640625 0.4174804688679245
14 0.6298828125 0.4511718745283019 0.626953125 0.4555664066037736 0.619140625 0.4731445311320755 0.625 0.5024414066037736 0.6259765625 0.50390625 0.6337890625 0.50390625 0.63671875 0.49951171886792456 0.642578125 0.4760742188679245 0.6337890625 0.4511718745283019 0.6298828125 0.4511718745283019
14 0.650390625 0.5112304688679246 0.6474609375 0.506835937735849 0.6416015625 0.506835937735849 0.640625 0.5083007811320754 0.638671875 0.5229492188679246 0.638671875 0.5317382811320754 0.640625 0.5551757811320754 0.6416015625 0.5566406245283019 0.6474609375 0.5566406245283019 0.65234375 0.5493164066037736 0.65234375 0.5258789066037736 0.650390625 0.5112304688679246
14 0.6123046875 0.5859375 0.5986328125 0.5917968754716981 0.59765625 0.5932617188679246 0.595703125 0.5991210933962264 0.59765625 0.6108398433962264 0.6044921875 0.618164062264151 0.6064453125 0.618164062264151 0.625 0.6049804688679246 0.625 0.5991210933962264 0.6162109375 0.5859375 0.6123046875 0.5859375