6 0.7294921875 0.4160156245283019 0.7373046875 0.41308593773584906 0.7421875 0.4057617188679245 0.744140625 0.3442382811320755 0.744140625 0.3090820311320755 0.73046875 0.2475585933962264 0.71484375 0.21533203113207547 0.7080078125 0.20507812452830187 0.7021484375 0.20214843773584906 0.6962890625 0.20214843773584906 0.689453125 0.2124023433962264 0.671875 0.2944335933962264 0.671875 0.2973632811320755 0.69921875 0.3881835933962264 0.701171875 0.3940429688679245 0.708984375 0.4086914066037736 0.7119140625 0.41308593773584906 0.7158203125 0.4160156245283019 0.7294921875 0.4160156245283019
1 0.771484375 0.5463867188679246 0.7646484375 0.536132812264151 0.7607421875 0.5332031245283019 0.7548828125 0.5332031245283019 0.7431640625 0.5390625 0.7421875 0.5405273433962264 0.728515625 0.5698242188679246 0.7412109375 0.5859375 0.7509765625 0.5917968754716981 0.7607421875 0.588867187735849 0.7646484375 0.5859375 0.76953125 0.5786132811320754 0.771484375 0.5727539066037736 0.771484375 0.5463867188679246
1 0.6796875 0.6108398433962264 0.6796875 0.5932617188679246 0.677734375 0.5756835933962264 0.6767578125 0.57421875 0.6748046875 0.57421875 0.6396484375 0.59765625 0.6337890625 0.6035156245283019 0.630859375 0.6079101566037736 0.630859375 0.6108398433962264 0.638671875 0.6313476566037736 0.6455078125 0.641601562264151 0.6591796875 0.641601562264151 0.6689453125 0.635742187735849 0.67578125 0.6254882811320754 0.6796875 0.6108398433962264
21 0.654296875 0.6928710933962264 0.640625 0.6606445311320754 0.6171875 0.6108398433962264 0.6142578125 0.606445312264151 0.6103515625 0.606445312264151 0.5732421875 0.64453125 0.572265625 0.6459960933962264 0.572265625 0.6547851566037736 0.578125 0.6987304688679246 0.6025390625 0.73828125 0.6181640625 0.7558593754716981 0.6220703125 0.7558593754716981 0.6484375 0.7280273433962264 0.654296875 0.6928710933962264
21 0.53515625 0.6635742188679246 0.5322265625 0.659179687735849 0.4697265625 0.6796875 0.4404296875 0.717773437735849 0.439453125 0.7192382811320754 0.4541015625 0.76171875 0.5087890625 0.805664062264151 0.5107421875 0.805664062264151 0.552734375 0.7661132811320754 0.552734375 0.7543945311320754 0.5390625 0.6723632811320754 0.53515625 0.6635742188679246
3 0.392578125 0.5932617188679246 0.39453125 0.5786132811320754 0.39453125 0.5610351566037736 0.392578125 0.5522460933962264 0.3447265625 0.4453125 0.2607421875 0.44238281226415094 0.25390625 0.4584960933962264 0.248046875 0.4760742188679245 0.24609375 0.48486328113207544 0.244140625 0.49658203113207544 0.244140625 0.5053710933962264 0.25 0.6108398433962264 0.3037109375 0.665039062264151 0.3388671875 0.66796875 0.3466796875 0.66796875 0.3505859375 0.665039062264151 0.392578125 0.5932617188679246
3 0.435546875 0.3471679688679245 0.435546875 0.3413085933962264 0.43359375 0.3295898433962264 0.4296875 0.3208007811320755 0.4267578125 0.31640625 0.3779296875 0.27246093773584906 0.3662109375 0.27246093773584906 0.3583984375 0.2753906245283019 0.3359375 0.3354492188679245 0.333984375 0.3413085933962264 0.333984375 0.3618164066037736 0.337890625 0.4057617188679245 0.3408203125 0.41015625 0.3466796875 0.41308593773584906 0.3740234375 0.4160156245283019 0.4013671875 0.38671875 0.435546875 0.3471679688679245
3 0.6005859375 0.13769531226415094 0.5693359375 0.09960937547169811 0.5634765625 0.09960937547169811 0.5625 0.10107421886792453 0.51953125 0.1743164066037736 0.5234375 0.19189453113207547 0.5556640625 0.2490234377358491 0.5888671875 0.2519531245283019 0.609375 0.21533203113207547 0.61328125 0.1860351566037736 0.615234375 0.15966796886792453 0.6005859375 0.13769531226415094
13 0.654296875 0.3676757811320755 0.634765625 0.3002929688679245 0.6298828125 0.29296875 0.6259765625 0.29296875 0.625 0.2944335933962264 0.58203125 0.3618164066037736 0.58203125 0.3647460933962264 0.5869140625 0.37207031226415094 0.6181640625 0.39550781226415094 0.6318359375 0.3984375 0.6455078125 0.3984375 0.65234375 0.3881835933962264 0.654296875 0.3676757811320755
13 0.509765625 0.2739257811320755 0.5009765625 0.26074218773584906 0.4853515625 0.26074218773584906 0.4716796875 0.26660156226415094 0.458984375 0.2885742188679245 0.455078125 0.3002929688679245 0.453125 0.3120117188679245 0.455078125 0.3178710933962264 0.4697265625 0.34277343773584906 0.4873046875 0.33105468773584906 0.509765625 0.2885742188679245 0.51171875 0.2827148433962264 0.51171875 0.2797851566037736 0.509765625 0.2739257811320755
13 0.623046875 0.5053710933962264 0.6103515625 0.46875 0.6064453125 0.46582031226415094 0.5869140625 0.45996093773584906 0.5830078125 0.45996093773584906 0.58203125 0.4614257811320755 0.580078125 0.4672851566037736 0.5859375 0.5434570311320754 0.58984375 0.5639648433962264 0.5908203125 0.565429687735849 0.6064453125 0.565429687735849 0.611328125 0.5610351566037736 0.615234375 0.5463867188679246 0.623046875 0.5053710933962264
10 0.4716796875 0.5449218754716981 0.4677734375 0.5449218754716981 0.466796875 0.5463867188679246 0.474609375 0.5903320311320754 0.484375 0.6166992188679246 0.4970703125 0.635742187735849 0.5 0.6313476566037736 0.478515625 0.5551757811320754 0.4755859375 0.547851562264151 0.4716796875 0.5449218754716981
14 0.4208984375 0.15820312452830187 0.4169921875 0.15820312452830187 0.40625 0.1743164066037736 0.40625 0.19482421886792453 0.408203125 0.2006835933962264 0.4111328125 0.20507812452830187 0.4150390625 0.20507812452830187 0.416015625 0.20361328113207547 0.42578125 0.1655273433962264 0.4208984375 0.15820312452830187
14 0.4375 0.2358398433962264 0.4326171875 0.22851562452830187 0.4267578125 0.22851562452830187 0.4140625 0.2475585933962264 0.4140625 0.2563476566037736 0.4169921875 0.26074218773584906 0.4267578125 0.26074218773584906 0.4306640625 0.2578125 0.43359375 0.2534179688679245 0.4375 0.2446289066037736 0.4375 0.2358398433962264
14 0.384765625 0.19189453113207547 0.3720703125 0.17285156226415094 0.3701171875 0.17285156226415094 0.365234375 0.18017578113207547 0.3671875 0.19482421886792453 0.3681640625 0.19628906226415094 0.3779296875 0.19921875 0.3798828125 0.19921875 0.3837890625 0.19628906226415094 0.384765625 0.19482421886792453 0.384765625 0.19189453113207547
14 0.3408203125 0.26660156226415094 0.3330078125 0.2636718754716981 0.3212890625 0.2636718754716981 0.3154296875 0.26660156226415094 0.3125 0.2709960933962264 0.3125 0.2768554688679245 0.3154296875 0.28125 0.3291015625 0.2871093754716981 0.3427734375 0.28125 0.345703125 0.2768554688679245 0.345703125 0.2739257811320755 0.3408203125 0.26660156226415094
14 0.3056640625 0.24609375 0.283203125 0.2622070311320755 0.279296875 0.2739257811320755 0.279296875 0.2768554688679245 0.2841796875 0.28125 0.2861328125 0.28125 0.302734375 0.2651367188679245 0.306640625 0.2563476566037736 0.306640625 0.2475585933962264 0.3056640625 0.24609375
14 0.283203125 0.3178710933962264 0.2783203125 0.31347656226415094 0.2744140625 0.31640625 0.271484375 0.3208007811320755 0.26953125 0.3354492188679245 0.26953125 0.3500976566037736 0.2744140625 0.3574218754716981 0.2783203125 0.3574218754716981 0.2841796875 0.35449218773584906 0.28515625 0.3530273433962264 0.28515625 0.3237304688679245 0.283203125 0.3178710933962264
14 0.2861328125 0.38964843773584906 0.2822265625 0.38964843773584906 0.28125 0.3911132811320755 0.28125 0.3969726566037736 0.291015625 0.4291992188679245 0.2958984375 0.43359375 0.298828125 0.4291992188679245 0.30078125 0.4233398433962264 0.287109375 0.3911132811320755 0.2861328125 0.38964843773584906
14 0.642578125 0.2592773433962264 0.6416015625 0.2578125 0.6298828125 0.2519531245283019 0.6103515625 0.25488281226415094 0.609375 0.2563476566037736 0.609375 0.2592773433962264 0.611328125 0.2651367188679245 0.6201171875 0.27832031226415094 0.6240234375 0.27832031226415094 0.6357421875 0.2753906245283019 0.642578125 0.2651367188679245 0.642578125 0.2592773433962264
14 0.591796875 0.2124023433962264 0.591796875 0.2241210933962264 0.6083984375 0.24023437452830187 0.619140625 0.2241210933962264 0.6171875 0.21826171886792453 0.6103515625 0.20800781226415094 0.5947265625 0.20800781226415094 0.591796875 0.2124023433962264
14 0.5478515625 0.35449218773584906 0.5380859375 0.34863281226415094 0.5283203125 0.3515625 0.525390625 0.3559570311320755 0.525390625 0.3618164066037736 0.53515625 0.3823242188679245 0.5380859375 0.38671875 0.5478515625 0.3808593754716981 0.552734375 0.3735351566037736 0.552734375 0.3618164066037736 0.5478515625 0.35449218773584906
14 0.5009765625 0.30761718773584906 0.4990234375 0.30761718773584906 0.498046875 0.3090820311320755 0.478515625 0.3471679688679245 0.478515625 0.3500976566037736 0.4794921875 0.3515625 0.4912109375 0.35449218773584906 0.49609375 0.3442382811320755 0.505859375 0.3178710933962264 0.505859375 0.3149414066037736 0.5009765625 0.30761718773584906
14 0.44140625 0.4291992188679245 0.4375 0.4116210933962264 0.4326171875 0.4042968745283019 0.4267578125 0.4042968745283019 0.42578125 0.4057617188679245 0.42578125 0.4584960933962264 0.4267578125 0.45996093773584906 0.4326171875 0.45996093773584906 0.4375 0.4526367188679245 0.439453125 0.4467773433962264 0.44140625 0.4350585933962264 0.44140625 0.4291992188679245
14 0.4677734375 0.41894531226415094 0.4658203125 0.41894531226415094 0.46484375 0.4204101566037736 0.46484375 0.4321289066037736 0.46875 0.4526367188679245 0.4775390625 0.46582031226415094 0.484375 0.4584960933962264 0.484375 0.4497070311320755 0.48046875 0.4350585933962264 0.4677734375 0.41894531226415094
14 0.583984375 0.4438476566037736 0.5908203125 0.45410156226415094 0.6083984375 0.44824218773584906 0.61328125 0.4438476566037736 0.6083984375 0.43066406226415094 0.6044921875 0.43066406226415094 0.5849609375 0.44238281226415094 0.583984375 0.4438476566037736
14 0.669921875 0.4057617188679245 0.6689453125 0.4042968745283019 0.6611328125 0.4042968745283019 0.66015625 0.4057617188679245 0.658203125 0.4145507811320755 0.658203125 0.4438476566037736 0.6630859375 0.4511718745283019 0.6669921875 0.45410156226415094 0.6787109375 0.45410156226415094 0.6796875 0.4526367188679245 0.6796875 0.4497070311320755 0.669921875 0.4057617188679245
14 0.6416015625 0.512695312264151 0.640625 0.5141601566037736 0.638671875 0.5229492188679246 0.63671875 0.5346679688679246 0.63671875 0.5551757811320754 0.638671875 0.5610351566037736 0.6416015625 0.565429687735849 0.6484375 0.5551757811320754 0.65234375 0.5200195311320754 0.6474609375 0.512695312264151 0.6416015625 0.512695312264151
14 0.5791015625 0.512695312264151 0.5732421875 0.5097656245283019 0.5673828125 0.5097656245283019 0.5625 0.5170898433962264 0.560546875 0.5229492188679246 0.560546875 0.5258789066037736 0.5634765625 0.5332031245283019 0.5673828125 0.5332031245283019 0.5791015625 0.52734375 0.58203125 0.5229492188679246 0.58203125 0.5170898433962264 0.5791015625 0.512695312264151
14 0.5380859375 0.6035156245283019 0.5361328125 0.6035156245283019 0.533203125 0.6079101566037736 0.533203125 0.6225585933962264 0.5498046875 0.641601562264151 0.5537109375 0.641601562264151 0.5546875 0.6401367188679246 0.5546875 0.6313476566037736 0.54296875 0.6108398433962264 0.5380859375 0.6035156245283019
14 0.431640625 0.7338867188679246 0.431640625 0.7309570311320754 0.4287109375 0.723632812264151 0.4208984375 0.723632812264151 0.412109375 0.7309570311320754 0.40234375 0.7485351566037736 0.40234375 0.7573242188679246 0.4052734375 0.76171875 0.4091796875 0.764648437735849 0.4111328125 0.764648437735849 0.4228515625 0.7558593754716981 0.42578125 0.7514648433962264 0.431640625 0.7338867188679246
14 0.3740234375 0.811523437735849 0.3701171875 0.80859375 0.3662109375 0.811523437735849 0.3466796875 0.8378906245283019 0.345703125 0.8393554688679246 0.3466796875 0.840820312264151 0.3564453125 0.8496093745283019 0.3583984375 0.8496093745283019 0.3837890625 0.8378906245283019 0.384765625 0.8364257811320754 0.376953125 0.8159179688679246 0.3740234375 0.811523437735849
14 0.337890625 0.7895507811320754 0.3359375 0.7778320311320754 0.3310546875 0.764648437735849 0.3251953125 0.764648437735849 0.3193359375 0.7675781245283019 0.318359375 0.7690429688679246 0.318359375 0.7719726566037736 0.322265625 0.8071289066037736 0.3251953125 0.811523437735849 0.3291015625 0.811523437735849 0.3359375 0.8012695311320754 0.337890625 0.7954101566037736 0.337890625 0.7895507811320754
14 0.4072265625 0.653320312264151 0.40234375 0.6606445311320754 0.3984375 0.6723632811320754 0.3984375 0.6811523433962264 0.4091796875 0.69140625 0.4111328125 0.69140625 0.412109375 0.6899414066037736 0.412109375 0.6577148433962264 0.4091796875 0.653320312264151 0.4072265625 0.653320312264151
14 0.6748046875 0.735351562264151 0.6669921875 0.7324218754716981 0.6572265625 0.7324218754716981 0.65625 0.7338867188679246 0.65625 0.7397460933962264 0.6640625 0.7690429688679246 0.6669921875 0.776367187735849 0.6708984375 0.7734375 0.673828125 0.7690429688679246 0.67578125 0.7368164066037736 0.6748046875 0.735351562264151
14 0.7119140625 0.723632812264151 0.70703125 0.7309570311320754 0.69921875 0.7514648433962264 0.69921875 0.7543945311320754 0.7041015625 0.758789062264151 0.7080078125 0.758789062264151 0.728515625 0.7250976566037736 0.7255859375 0.7207031245283019 0.7177734375 0.7207031245283019 0.7119140625 0.723632812264151
14 0.7177734375 0.682617187735849 0.6904296875 0.6621093754716981 0.689453125 0.6635742188679246 0.689453125 0.6752929688679246 0.6982421875 0.69140625 0.7021484375 0.694335937735849 0.7177734375 0.694335937735849 0.71875 0.6928710933962264 0.720703125 0.6870117188679246 0.7177734375 0.682617187735849