27 0.4912109375 0.682617187735849 0.501953125 0.6665039066037736 0.509765625 0.6489257811320754 0.51171875 0.6137695311320754 0.5078125 0.5874023433962264 0.5029296875 0.5800781245283019 0.4990234375 0.577148437735849 0.4912109375 0.577148437735849 0.4423828125 0.606445312264151 0.439453125 0.6108398433962264 0.439453125 0.6166992188679246 0.455078125 0.6870117188679246 0.4580078125 0.69140625 0.4619140625 0.694335937735849 0.4755859375 0.694335937735849 0.4853515625 0.688476562264151 0.4912109375 0.682617187735849
27 0.4638671875 0.23144531226415094 0.4765625 0.19482421886792453 0.453125 0.1420898433962264 0.4482421875 0.13476562452830187 0.4423828125 0.12890625 0.4384765625 0.12597656226415094 0.4306640625 0.12304687547169811 0.4228515625 0.12890625 0.419921875 0.13330078113207547 0.416015625 0.14794921886792453 0.4140625 0.15673828113207547 0.4140625 0.1625976566037736 0.419921875 0.1977539066037736 0.43359375 0.2329101566037736 0.4345703125 0.234375 0.4501953125 0.23730468773584906 0.4560546875 0.23730468773584906 0.4638671875 0.23144531226415094
17 0.63671875 0.6928710933962264 0.638671875 0.6870117188679246 0.638671875 0.6665039066037736 0.626953125 0.6401367188679246 0.6220703125 0.6328125 0.5986328125 0.624023437735849 0.5927734375 0.624023437735849 0.5751953125 0.647460937735849 0.572265625 0.6518554688679246 0.572265625 0.6577148433962264 0.5859375 0.7045898433962264 0.5888671875 0.7089843754716981 0.6044921875 0.7207031245283019 0.6103515625 0.723632812264151 0.6201171875 0.723632812264151 0.63671875 0.6928710933962264
1 0.38671875 0.6225585933962264 0.3798828125 0.612304687735849 0.3720703125 0.606445312264151 0.3603515625 0.6035156245283019 0.3525390625 0.606445312264151 0.3369140625 0.6152343754716981 0.333984375 0.6196289066037736 0.333984375 0.6254882811320754 0.3623046875 0.676757812264151 0.3818359375 0.6738281245283019 0.3828125 0.6723632811320754 0.388671875 0.6459960933962264 0.388671875 0.6284179688679246 0.38671875 0.6225585933962264
21 0.697265625 0.5434570311320754 0.6962890625 0.541992187735849 0.6767578125 0.553710937735849 0.6708984375 0.559570312264151 0.662109375 0.5727539066037736 0.6767578125 0.594726562264151 0.6806640625 0.59765625 0.6884765625 0.59765625 0.689453125 0.5961914066037736 0.6953125 0.5668945311320754 0.697265625 0.5493164066037736 0.697265625 0.5434570311320754
21 0.4013671875 0.46582031226415094 0.3984375 0.4702148433962264 0.392578125 0.48779296886792456 0.4091796875 0.512695312264151 0.423828125 0.5024414066037736 0.423828125 0.4819335933962264 0.421875 0.4731445311320755 0.4150390625 0.4628906245283019 0.4072265625 0.4628906245283019 0.4013671875 0.46582031226415094
21 0.365234375 0.4760742188679245 0.3505859375 0.45410156226415094 0.3408203125 0.44824218773584906 0.3388671875 0.44824218773584906 0.337890625 0.4497070311320755 0.333984375 0.4614257811320755 0.333984375 0.4643554688679245 0.3427734375 0.48046875 0.3466796875 0.483398437735849 0.3544921875 0.4863281245283018 0.3603515625 0.483398437735849 0.365234375 0.4790039066037736 0.365234375 0.4760742188679245
21 0.3046875 0.6870117188679246 0.3017578125 0.682617187735849 0.2900390625 0.682617187735849 0.2890625 0.6840820311320754 0.2890625 0.7163085933962264 0.2939453125 0.723632812264151 0.2978515625 0.723632812264151 0.302734375 0.7163085933962264 0.30859375 0.7016601566037736 0.30859375 0.6958007811320754 0.3046875 0.6870117188679246
21 0.361328125 0.2211914066037736 0.3583984375 0.21679687452830187 0.3505859375 0.21679687452830187 0.3466796875 0.21972656226415094 0.341796875 0.22705078113207547 0.341796875 0.23876953113207547 0.34765625 0.2563476566037736 0.3525390625 0.2636718754716981 0.3623046875 0.26074218773584906 0.37109375 0.2446289066037736 0.37109375 0.2416992188679245 0.361328125 0.2211914066037736
4 0.2802734375 0.524414062264151 0.283203125 0.5200195311320754 0.287109375 0.49951171886792456 0.287109375 0.4936523433962264 0.2587890625 0.46582031226415094 0.2509765625 0.45996093773584906 0.2451171875 0.45703125 0.2392578125 0.45703125 0.23828125 0.4584960933962264 0.240234375 0.5053710933962264 0.2421875 0.5141601566037736 0.24609375 0.5229492188679246 0.2509765625 0.52734375 0.2568359375 0.530273437735849 0.2724609375 0.530273437735849 0.2802734375 0.524414062264151
4 0.466796875 0.3618164066037736 0.4658203125 0.36035156226415094 0.4287109375 0.36035156226415094 0.3916015625 0.36621093773584906 0.390625 0.3676757811320755 0.388671875 0.3735351566037736 0.388671875 0.3969726566037736 0.390625 0.4086914066037736 0.396484375 0.4233398433962264 0.4033203125 0.43359375 0.4091796875 0.4394531245283019 0.4384765625 0.4394531245283019 0.466796875 0.3618164066037736
4 0.527243189375 0.43359527169811324 0.51171875 0.4086914066037736 0.5048828125 0.3984375 0.4853515625 0.3808593754716981 0.4794921875 0.37792968773584906 0.474609375 0.3852539066037736 0.474609375 0.3881835933962264 0.486328125 0.4614257811320755 0.490234375 0.4702148433962264 0.4951171875 0.4746093745283019 0.5205078125 0.47753906226415094 0.5234375 0.4731445311320755 0.527243189375 0.43359527169811324
4 0.697265625 0.4526367188679245 0.6748046875 0.41894531226415094 0.6728515625 0.41894531226415094 0.65625 0.4438476566037736 0.654296875 0.4497070311320755 0.66015625 0.4672851566037736 0.6689453125 0.47753906226415094 0.6826171875 0.47753906226415094 0.6904296875 0.47167968773584906 0.6953125 0.4643554688679245 0.697265625 0.4584960933962264 0.697265625 0.4526367188679245
18 0.54296875 0.20654296886792453 0.5419921875 0.20507812452830187 0.5263671875 0.19921875 0.5224609375 0.19921875 0.5166015625 0.20214843773584906 0.513671875 0.20654296886792453 0.51171875 0.21826171886792453 0.513671875 0.2241210933962264 0.51953125 0.2358398433962264 0.5283203125 0.24609375 0.5341796875 0.2490234377358491 0.5380859375 0.2490234377358491 0.541015625 0.2446289066037736 0.54296875 0.20654296886792453
14 0.2568359375 0.629882812264151 0.251953125 0.6342773433962264 0.25 0.6547851566037736 0.2587890625 0.66796875 0.2626953125 0.66796875 0.271484375 0.6459960933962264 0.271484375 0.6342773433962264 0.2685546875 0.629882812264151 0.2646484375 0.6269531245283019 0.2568359375 0.629882812264151
14 0.248046875 0.6928710933962264 0.2451171875 0.688476562264151 0.2412109375 0.688476562264151 0.2373046875 0.69140625 0.234375 0.6958007811320754 0.234375 0.7016601566037736 0.24609375 0.7280273433962264 0.2490234375 0.7324218754716981 0.2529296875 0.729492187735849 0.255859375 0.7250976566037736 0.255859375 0.7104492188679246 0.248046875 0.6928710933962264
13 0.6259765625 0.30175781226415094 0.62109375 0.3090820311320755 0.619140625 0.3295898433962264 0.6416015625 0.3691406245283019 0.6435546875 0.3691406245283019 0.666015625 0.3413085933962264 0.666015625 0.3383789066037736 0.6591796875 0.328125 0.6357421875 0.30175781226415094 0.6259765625 0.30175781226415094
17 0.251953125 0.4438476566037736 0.251953125 0.4467773433962264 0.2529296875 0.44824218773584906 0.26530910375 0.4496857528301887 0.2646484375 0.43066406226415094 0.2626953125 0.43066406226415094 0.257182914375 0.4315665462264151 0.251953125 0.4438476566037736
16 0.58984375 0.5024414066037736 0.587890625 0.49658203113207544 0.5830078125 0.4921875 0.5634765625 0.4921875 0.5419921875 0.515625 0.541015625 0.5170898433962264 0.55078125 0.5375976566037736 0.5537109375 0.541992187735849 0.5615234375 0.547851562264151 0.5693359375 0.547851562264151 0.5859375 0.5200195311320754 0.58984375 0.5083007811320754 0.58984375 0.5024414066037736
13 0.5576171875 0.38964843773584906 0.5556640625 0.38964843773584906 0.55078125 0.3969726566037736 0.55078125 0.4028320311320755 0.552734375 0.4116210933962264 0.5537109375 0.41308593773584906 0.5625 0.4057617188679245 0.5625 0.4028320311320755 0.55859375 0.3911132811320755 0.5576171875 0.38964843773584906
13 0.5625 0.2124023433962264 0.5625 0.21533203113207547 0.569496963125 0.2309404783018868 0.574704189375 0.22417108396226415 0.57421875 0.20361328113207547 0.5712890625 0.19628906226415094 0.567934795 0.19579170188679246 0.5625 0.2124023433962264