11 0.4580078125 0.500976562264151 0.4541015625 0.4980468754716982 0.4521484375 0.4980468754716982 0.451171875 0.49951171886792456 0.4609375 0.5200195311320754 0.4619140625 0.5214843754716981 0.4638671875 0.5214843754716981 0.46484375 0.5200195311320754 0.46484375 0.5141601566037736 0.462890625 0.5083007811320754 0.4580078125 0.500976562264151
11 0.30078125 0.5551757811320754 0.30078125 0.5610351566037736 0.302734375 0.5668945311320754 0.3095703125 0.577148437735849 0.3154296875 0.577148437735849 0.31640625 0.5756835933962264 0.3056640625 0.547851562264151 0.30078125 0.5551757811320754
11 0.34765625 0.6137695311320754 0.34765625 0.6108398433962264 0.3466796875 0.609375 0.3232421875 0.5917968754716981 0.318359375 0.5991210933962264 0.31640625 0.6049804688679246 0.31640625 0.6166992188679246 0.3193359375 0.62109375 0.3232421875 0.624023437735849 0.3291015625 0.6269531245283019 0.3408203125 0.6269531245283019 0.345703125 0.6196289066037736 0.34765625 0.6137695311320754
11 0.4384765625 0.670898437735849 0.4208984375 0.66796875 0.419921875 0.6694335933962264 0.419921875 0.6752929688679246 0.4228515625 0.6796875 0.4267578125 0.682617187735849 0.4384765625 0.682617187735849 0.44140625 0.6782226566037736 0.44140625 0.6752929688679246 0.4384765625 0.670898437735849
11 0.6474609375 0.6855468754716981 0.6337890625 0.6796875 0.6201171875 0.6796875 0.6171875 0.6840820311320754 0.6201171875 0.688476562264151 0.6279296875 0.694335937735849 0.6396484375 0.6972656245283019 0.6474609375 0.6972656245283019 0.6484375 0.6958007811320754 0.6484375 0.6870117188679246 0.6474609375 0.6855468754716981
11 0.6787109375 0.7675781245283019 0.6748046875 0.7675781245283019 0.673828125 0.7690429688679246 0.673828125 0.7719726566037736 0.6826171875 0.78515625 0.6904296875 0.788085937735849 0.6953125 0.7836914066037736 0.6953125 0.7778320311320754 0.6943359375 0.776367187735849 0.6787109375 0.7675781245283019
11 0.6708984375 0.706054687735849 0.66796875 0.7104492188679246 0.666015625 0.7163085933962264 0.666015625 0.7192382811320754 0.6669921875 0.7207031245283019 0.6708984375 0.717773437735849 0.6796875 0.7045898433962264 0.6787109375 0.703125 0.6748046875 0.703125 0.6708984375 0.706054687735849
12 0.2919921875 0.3574218754716981 0.298828125 0.3471679688679245 0.302734375 0.3354492188679245 0.302734375 0.3178710933962264 0.30078125 0.3090820311320755 0.296875 0.3002929688679245 0.2880859375 0.2871093754716981 0.2861328125 0.2871093754716981 0.2587890625 0.31347656226415094 0.255859375 0.3178710933962264 0.25390625 0.3237304688679245 0.25390625 0.3325195311320755 0.255859375 0.3442382811320755 0.259765625 0.3530273433962264 0.2626953125 0.3574218754716981 0.2705078125 0.36328125 0.2861328125 0.36328125 0.2919921875 0.3574218754716981
7 0.3291015625 0.41308593773584906 0.3193359375 0.40136718773584906 0.3154296875 0.3984375 0.3056640625 0.39550781226415094 0.2978515625 0.39550781226415094 0.296875 0.3969726566037736 0.3046875 0.4145507811320755 0.3115234375 0.42480468773584906 0.3271484375 0.43359375 0.3291015625 0.43359375 0.3359375 0.4262695311320755 0.3359375 0.4233398433962264 0.3291015625 0.41308593773584906
14 0.3486328125 0.28417968773584906 0.3349609375 0.27832031226415094 0.3251953125 0.27832031226415094 0.322265625 0.2827148433962264 0.322265625 0.2944335933962264 0.3232421875 0.29589843773584906 0.3427734375 0.3105468754716981 0.3486328125 0.3105468754716981 0.353515625 0.3061523433962264 0.353515625 0.2973632811320755 0.3486328125 0.28417968773584906
9 0.3818359375 0.3808593754716981 0.3779296875 0.37792968773584906 0.3740234375 0.37792968773584906 0.37109375 0.3823242188679245 0.373046875 0.3881835933962264 0.3779296875 0.39550781226415094 0.3818359375 0.3984375 0.3857421875 0.3984375 0.38671875 0.3969726566037736 0.38671875 0.3881835933962264 0.3818359375 0.3808593754716981
21 0.4501953125 0.25488281226415094 0.4130859375 0.23144531226415094 0.4111328125 0.23144531226415094 0.408203125 0.2358398433962264 0.40234375 0.3120117188679245 0.4033203125 0.31347656226415094 0.4091796875 0.31347656226415094 0.4599609375 0.29003906226415094 0.4609375 0.2885742188679245 0.4609375 0.2739257811320755 0.45703125 0.2651367188679245 0.4501953125 0.25488281226415094
11 0.4892578125 0.328125 0.4853515625 0.328125 0.474609375 0.3442382811320755 0.474609375 0.3618164066037736 0.4775390625 0.36621093773584906 0.4814453125 0.3691406245283019 0.484375 0.3647460933962264 0.490234375 0.3354492188679245 0.490234375 0.3295898433962264 0.4892578125 0.328125
11 0.4990234375 0.2753906245283019 0.4931640625 0.27832031226415094 0.4921875 0.2797851566037736 0.4921875 0.2827148433962264 0.4931640625 0.28417968773584906 0.5107421875 0.2871093754716981 0.51171875 0.2856445311320755 0.51171875 0.2827148433962264 0.5068359375 0.2753906245283019 0.4990234375 0.2753906245283019
20 0.59375 0.2563476566037736 0.59765625 0.2416992188679245 0.59765625 0.2358398433962264 0.5693359375 0.21386718773584906 0.544921875 0.2504882811320755 0.54296875 0.2563476566037736 0.54296875 0.2709960933962264 0.544921875 0.2797851566037736 0.5478515625 0.28417968773584906 0.5556640625 0.29003906226415094 0.5576171875 0.29003906226415094 0.5791015625 0.27832031226415094 0.59375 0.2563476566037736
14 0.6005859375 0.11425781226415094 0.5986328125 0.11425781226415094 0.59375 0.12158203113207545 0.591796875 0.1303710933962264 0.591796875 0.13623046886792453 0.5947265625 0.140625 0.6025390625 0.140625 0.603515625 0.1391601566037736 0.60546875 0.1274414066037736 0.60546875 0.12158203113207545 0.6005859375 0.11425781226415094
9 0.703125 0.21533203113207547 0.701171875 0.2006835933962264 0.693359375 0.16845703113207547 0.68359375 0.14501953113207547 0.6787109375 0.13769531226415094 0.6630859375 0.12597656226415094 0.6591796875 0.12597656226415094 0.65625 0.1303710933962264 0.650390625 0.14794921886792453 0.6484375 0.1743164066037736 0.6640625 0.22998046886792453 0.6650390625 0.23144531226415094 0.6884765625 0.24023437452830187 0.6962890625 0.24023437452830187 0.69921875 0.2358398433962264 0.703125 0.21826171886792453 0.703125 0.21533203113207547
4 0.6982421875 0.2519531245283019 0.6865234375 0.24609375 0.6787109375 0.24609375 0.669921875 0.2563476566037736 0.66796875 0.2680664066037736 0.669921875 0.2797851566037736 0.6708984375 0.28125 0.7119140625 0.3046875 0.716796875 0.2944335933962264 0.716796875 0.2768554688679245 0.7060546875 0.26074218773584906 0.6982421875 0.2519531245283019
20 0.6337890625 0.35449218773584906 0.6298828125 0.3574218754716981 0.626953125 0.3618164066037736 0.626953125 0.3793945311320755 0.6376953125 0.41015625 0.638671875 0.4086914066037736 0.650390625 0.3676757811320755 0.646484375 0.3530273433962264 0.6455078125 0.3515625 0.6337890625 0.35449218773584906
7 0.7490234375 0.33984375 0.7431640625 0.33691406226415094 0.7373046875 0.33691406226415094 0.7275390625 0.34277343773584906 0.7265625 0.3442382811320755 0.7265625 0.3471679688679245 0.7275390625 0.34863281226415094 0.7607421875 0.375 0.7646484375 0.375 0.76953125 0.3676757811320755 0.7568359375 0.34863281226415094 0.7490234375 0.33984375
11 0.7998046875 0.40722656226415094 0.798828125 0.4086914066037736 0.794921875 0.4233398433962264 0.79296875 0.4350585933962264 0.79296875 0.4409179688679245 0.7939453125 0.44238281226415094 0.7978515625 0.4394531245283019 0.802734375 0.4321289066037736 0.8046875 0.4262695311320755 0.8046875 0.4116210933962264 0.7998046875 0.40722656226415094
0 0.6748046875 0.4394531245283019 0.6728515625 0.4394531245283019 0.669921875 0.4438476566037736 0.666015625 0.4526367188679245 0.666015625 0.4584960933962264 0.66796875 0.4672851566037736 0.6708984375 0.47167968773584906 0.6748046875 0.47167968773584906 0.677734375 0.4643554688679245 0.6796875 0.4526367188679245 0.6748046875 0.4394531245283019
11 0.720703125 0.4643554688679245 0.7177734375 0.45996093773584906 0.7158203125 0.45996093773584906 0.71484375 0.4614257811320755 0.703125 0.48486328113207544 0.703125 0.49658203113207544 0.7099609375 0.506835937735849 0.7119140625 0.506835937735849 0.712890625 0.5053710933962264 0.71875 0.48779296886792456 0.720703125 0.4790039066037736 0.720703125 0.4643554688679245
11 0.77734375 0.5170898433962264 0.775390625 0.5112304688679246 0.7666015625 0.495117187735849 0.7626953125 0.4921875 0.7607421875 0.4921875 0.7529296875 0.500976562264151 0.751953125 0.5024414066037736 0.751953125 0.5053710933962264 0.75390625 0.5112304688679246 0.7607421875 0.5214843754716981 0.7666015625 0.52734375 0.7744140625 0.52734375 0.775390625 0.5258789066037736 0.77734375 0.5170898433962264
20 0.7587890625 0.5800781245283019 0.7294921875 0.57421875 0.7275390625 0.57421875 0.7265625 0.5756835933962264 0.724609375 0.5874023433962264 0.7265625 0.6137695311320754 0.7294921875 0.618164062264151 0.7568359375 0.618164062264151 0.759765625 0.6137695311320754 0.76171875 0.6049804688679246 0.76171875 0.5874023433962264 0.7587890625 0.5800781245283019
11 0.693359375 0.6840820311320754 0.6923828125 0.682617187735849 0.6904296875 0.682617187735849 0.689453125 0.6840820311320754 0.689453125 0.6870117188679246 0.69140625 0.6928710933962264 0.7001953125 0.706054687735849 0.7021484375 0.706054687735849 0.703125 0.7045898433962264 0.701171875 0.6987304688679246 0.693359375 0.6840820311320754
10 0.494140625 0.7075195311320754 0.4892578125 0.700195312264151 0.4853515625 0.6972656245283019 0.4775390625 0.6972656245283019 0.4716796875 0.700195312264151 0.46484375 0.7104492188679246 0.46484375 0.7338867188679246 0.4677734375 0.73828125 0.4873046875 0.735351562264151 0.4912109375 0.7324218754716981 0.494140625 0.7280273433962264 0.49609375 0.7221679688679246 0.494140625 0.7075195311320754