6 0.6865234375 0.28125 0.6953125 0.2739257811320755 0.6953125 0.2709960933962264 0.6630859375 0.19921875 0.6298828125 0.16113281226415094 0.6083984375 0.14355468773584906 0.6044921875 0.14355468773584906 0.6005859375 0.14648437547169813 0.59765625 0.1508789066037736 0.59765625 0.1889648433962264 0.60546875 0.21533203113207547 0.62109375 0.2534179688679245 0.6259765625 0.26074218773584906 0.6552734375 0.2753906245283019 0.6728515625 0.28125 0.6865234375 0.28125
6 0.41015625 0.4760742188679245 0.423828125 0.4409179688679245 0.42578125 0.4291992188679245 0.42578125 0.3588867188679245 0.4130859375 0.34863281226415094 0.4111328125 0.34863281226415094 0.3994140625 0.36035156226415094 0.396484375 0.3647460933962264 0.373046875 0.4145507811320755 0.361328125 0.4438476566037736 0.361328125 0.4672851566037736 0.365234375 0.49951171886792456 0.3671875 0.5053710933962264 0.3681640625 0.506835937735849 0.3798828125 0.506835937735849 0.3994140625 0.4921875 0.41015625 0.4760742188679245
6 0.2802734375 0.36035156226415094 0.2744140625 0.3574218754716981 0.2666015625 0.35449218773584906 0.2607421875 0.35449218773584906 0.2578125 0.3588867188679245 0.244140625 0.4526367188679245 0.3037109375 0.506835937735849 0.322265625 0.4760742188679245 0.32421875 0.4702148433962264 0.318359375 0.4204101566037736 0.3125 0.3823242188679245 0.3115234375 0.3808593754716981 0.2802734375 0.36035156226415094
15 0.2744140625 0.6035156245283019 0.2900390625 0.588867187735849 0.29296875 0.5844726566037736 0.29296875 0.5786132811320754 0.28515625 0.5639648433962264 0.2763671875 0.55078125 0.2705078125 0.5449218754716981 0.2548828125 0.5449218754716981 0.2470703125 0.55078125 0.240234375 0.5639648433962264 0.23828125 0.5727539066037736 0.23828125 0.5815429688679246 0.240234375 0.5903320311320754 0.2421875 0.5961914066037736 0.2470703125 0.6035156245283019 0.2529296875 0.609375 0.2666015625 0.609375 0.2744140625 0.6035156245283019
2 0.6376953125 0.62109375 0.654296875 0.6020507811320754 0.671875 0.5668945311320754 0.68359375 0.5375976566037736 0.6875 0.5170898433962264 0.6875 0.49951171886792456 0.685546875 0.4907226566037736 0.640625 0.3969726566037736 0.6259765625 0.375 0.6142578125 0.36621093773584906 0.6083984375 0.36328125 0.5869140625 0.36328125 0.5791015625 0.36621093773584906 0.4716796875 0.42480468773584906 0.4677734375 0.4277343745283019 0.3994140625 0.506835937735849 0.375 0.5493164066037736 0.37109375 0.5581054688679246 0.3671875 0.5727539066037736 0.365234375 0.6049804688679246 0.3671875 0.6196289066037736 0.369140625 0.6254882811320754 0.3740234375 0.6328125 0.3857421875 0.6386718754716981 0.6142578125 0.635742187735849 0.6298828125 0.6269531245283019 0.6376953125 0.62109375
2 0.3701171875 0.3515625 0.3974609375 0.33691406226415094 0.4033203125 0.33105468773584906 0.416015625 0.3120117188679245 0.416015625 0.2797851566037736 0.4140625 0.2709960933962264 0.40625 0.2475585933962264 0.3935546875 0.23144531226415094 0.3740234375 0.22265625 0.3603515625 0.21972656226415094 0.3251953125 0.21972656226415094 0.2978515625 0.23730468773584906 0.294921875 0.2416992188679245 0.29296875 0.2475585933962264 0.2890625 0.2651367188679245 0.283203125 0.2973632811320755 0.283203125 0.3090820311320755 0.2880859375 0.31640625 0.3037109375 0.33105468773584906 0.3173828125 0.34277343773584906 0.3291015625 0.34863281226415094 0.3388671875 0.3515625 0.3701171875 0.3515625
18 0.564453125 0.7485351566037736 0.5703125 0.7309570311320754 0.5703125 0.7075195311320754 0.568359375 0.7016601566037736 0.5595703125 0.694335937735849 0.5439453125 0.694335937735849 0.5380859375 0.6972656245283019 0.537109375 0.6987304688679246 0.525390625 0.7250976566037736 0.525390625 0.7338867188679246 0.529296875 0.7485351566037736 0.5341796875 0.7558593754716981 0.5400390625 0.76171875 0.5517578125 0.76171875 0.5576171875 0.758789062264151 0.564453125 0.7485351566037736
1 0.736328125 0.6899414066037736 0.732421875 0.6665039066037736 0.7255859375 0.65625 0.7177734375 0.6503906245283019 0.7041015625 0.6503906245283019 0.701171875 0.6547851566037736 0.69921875 0.6635742188679246 0.697265625 0.6752929688679246 0.69921875 0.6958007811320754 0.7138671875 0.71484375 0.7177734375 0.717773437735849 0.7294921875 0.711914062264151 0.7333984375 0.7089843754716981 0.736328125 0.7045898433962264 0.736328125 0.6899414066037736
1 0.453125 0.3559570311320755 0.453125 0.3442382811320755 0.451171875 0.3354492188679245 0.4482421875 0.33105468773584906 0.4443359375 0.33105468773584906 0.4384765625 0.3339843754716981 0.43359375 0.3413085933962264 0.423828125 0.3618164066037736 0.423828125 0.3647460933962264 0.42578125 0.3706054688679245 0.4306640625 0.37792968773584906 0.4384765625 0.37792968773584906 0.4462890625 0.37207031226415094 0.451171875 0.3647460933962264 0.453125 0.3559570311320755
14 0.2978515625 0.65625 0.2900390625 0.65625 0.2890625 0.6577148433962264 0.287109375 0.6928710933962264 0.2900390625 0.6972656245283019 0.2939453125 0.6972656245283019 0.298828125 0.6928710933962264 0.302734375 0.6840820311320754 0.3046875 0.6782226566037736 0.3046875 0.6752929688679246 0.2978515625 0.65625
14 0.6533203125 0.14355468773584906 0.6376953125 0.12890625 0.6318359375 0.12890625 0.630859375 0.1303710933962264 0.630859375 0.13330078113207547 0.634765625 0.14501953113207547 0.6455078125 0.15820312452830187 0.6494140625 0.15820312452830187 0.654296875 0.1538085933962264 0.654296875 0.14501953113207547 0.6533203125 0.14355468773584906
13 0.7080078125 0.717773437735849 0.7001953125 0.723632812264151 0.685546875 0.7456054688679246 0.685546875 0.7485351566037736 0.6884765625 0.752929687735849 0.6923828125 0.752929687735849 0.7021484375 0.747070312264151 0.71484375 0.7221679688679246 0.7099609375 0.717773437735849 0.7080078125 0.717773437735849
9 0.609375 0.7280273433962264 0.6044921875 0.7207031245283019 0.5986328125 0.7207031245283019 0.5947265625 0.723632812264151 0.59375 0.7250976566037736 0.59375 0.7280273433962264 0.5986328125 0.73828125 0.6083984375 0.747070312264151 0.6103515625 0.747070312264151 0.61328125 0.7426757811320754 0.61328125 0.7397460933962264 0.609375 0.7280273433962264
9 0.4482421875 0.776367187735849 0.4345703125 0.776367187735849 0.431640625 0.7807617188679246 0.431640625 0.7866210933962264 0.4365234375 0.793945312264151 0.4423828125 0.796875 0.4482421875 0.796875 0.453125 0.7895507811320754 0.453125 0.7807617188679246 0.4482421875 0.776367187735849
9 0.3955078125 0.747070312264151 0.3857421875 0.747070312264151 0.384765625 0.7485351566037736 0.3828125 0.7543945311320754 0.3828125 0.7749023433962264 0.3837890625 0.776367187735849 0.3896484375 0.776367187735849 0.396484375 0.7661132811320754 0.3984375 0.7573242188679246 0.396484375 0.7485351566037736 0.3955078125 0.747070312264151
9 0.3583984375 0.7265625 0.353515625 0.7368164066037736 0.3515625 0.7426757811320754 0.3515625 0.7485351566037736 0.353515625 0.7543945311320754 0.3583984375 0.758789062264151 0.365234375 0.7485351566037736 0.3671875 0.7338867188679246 0.3642578125 0.7265625 0.3583984375 0.7265625
9 0.3427734375 0.635742187735849 0.3349609375 0.635742187735849 0.33203125 0.6401367188679246 0.330078125 0.6459960933962264 0.3330078125 0.653320312264151 0.3369140625 0.65625 0.3447265625 0.659179687735849 0.3486328125 0.659179687735849 0.3515625 0.6547851566037736 0.3515625 0.6489257811320754 0.3427734375 0.635742187735849
9 0.4794921875 0.6269531245283019 0.4716796875 0.635742187735849 0.470703125 0.6372070311320754 0.470703125 0.6401367188679246 0.4755859375 0.647460937735849 0.4873046875 0.647460937735849 0.494140625 0.6372070311320754 0.494140625 0.6313476566037736 0.4912109375 0.6269531245283019 0.4794921875 0.6269531245283019
9 0.7451171875 0.6035156245283019 0.7373046875 0.6035156245283019 0.734375 0.6079101566037736 0.734375 0.6284179688679246 0.7373046875 0.635742187735849 0.7412109375 0.635742187735849 0.74609375 0.6284179688679246 0.748046875 0.6196289066037736 0.748046875 0.6079101566037736 0.7451171875 0.6035156245283019
9 0.7685546875 0.553710937735849 0.7646484375 0.553710937735849 0.763671875 0.5551757811320754 0.76171875 0.5610351566037736 0.76171875 0.5668945311320754 0.765625 0.5786132811320754 0.7685546875 0.583007812264151 0.7724609375 0.583007812264151 0.7734375 0.5815429688679246 0.7734375 0.5610351566037736 0.7685546875 0.553710937735849
9 0.7373046875 0.577148437735849 0.7314453125 0.57421875 0.7255859375 0.57421875 0.724609375 0.5756835933962264 0.724609375 0.5844726566037736 0.7265625 0.5903320311320754 0.7314453125 0.59765625 0.7392578125 0.59765625 0.7421875 0.5932617188679246 0.7421875 0.5844726566037736 0.7373046875 0.577148437735849
9 0.6572265625 0.600585937735849 0.650390625 0.6108398433962264 0.65234375 0.6166992188679246 0.6552734375 0.62109375 0.6669921875 0.618164062264151 0.671875 0.6137695311320754 0.6650390625 0.6035156245283019 0.6611328125 0.600585937735849 0.6572265625 0.600585937735849
9 0.7783203125 0.43066406226415094 0.7685546875 0.43652343773584906 0.76171875 0.4467773433962264 0.76171875 0.4497070311320755 0.7646484375 0.45703125 0.7685546875 0.45996093773584906 0.7705078125 0.45996093773584906 0.78125 0.4438476566037736 0.78125 0.4350585933962264 0.7783203125 0.43066406226415094
9 0.7197265625 0.24609375 0.712890625 0.2534179688679245 0.708984375 0.2680664066037736 0.708984375 0.2827148433962264 0.7138671875 0.29003906226415094 0.7216796875 0.28417968773584906 0.732421875 0.2709960933962264 0.732421875 0.2534179688679245 0.7275390625 0.24609375 0.7197265625 0.24609375
9 0.564453125 0.2885742188679245 0.5625 0.2827148433962264 0.5595703125 0.27832031226415094 0.5498046875 0.26953125 0.5458984375 0.26953125 0.5400390625 0.2753906245283019 0.5390625 0.2768554688679245 0.5390625 0.2856445311320755 0.544921875 0.3002929688679245 0.5478515625 0.3046875 0.5517578125 0.30761718773584906 0.5576171875 0.30761718773584906 0.564453125 0.2973632811320755 0.564453125 0.2885742188679245
9 0.53125 0.3413085933962264 0.5283203125 0.33691406226415094 0.5185546875 0.328125 0.5166015625 0.328125 0.513671875 0.3325195311320755 0.513671875 0.3413085933962264 0.51953125 0.3530273433962264 0.5205078125 0.35449218773584906 0.5263671875 0.3574218754716981 0.5302734375 0.35449218773584906 0.53125 0.3530273433962264 0.53125 0.3413085933962264
9 0.3271484375 0.700195312264151 0.326171875 0.7016601566037736 0.326171875 0.7192382811320754 0.3310546875 0.7265625 0.3369140625 0.7265625 0.337890625 0.7250976566037736 0.337890625 0.7133789066037736 0.3310546875 0.700195312264151 0.3271484375 0.700195312264151
9 0.462890625 0.2944335933962264 0.4599609375 0.29003906226415094 0.4521484375 0.29296875 0.4453125 0.3032226566037736 0.4453125 0.3061523433962264 0.447265625 0.3120117188679245 0.4521484375 0.31640625 0.4580078125 0.31347656226415094 0.4609375 0.3090820311320755 0.46484375 0.3002929688679245 0.462890625 0.2944335933962264
9 0.3681640625 0.18457031226415094 0.3564453125 0.19335937547169813 0.35546875 0.19482421886792453 0.35546875 0.2006835933962264 0.3583984375 0.20507812452830187 0.3740234375 0.20507812452830187 0.376953125 0.2006835933962264 0.376953125 0.1889648433962264 0.3740234375 0.18457031226415094 0.3681640625 0.18457031226415094
9 0.4013671875 0.18457031226415094 0.3984375 0.1889648433962264 0.396484375 0.1977539066037736 0.39453125 0.2094726566037736 0.3955078125 0.2109375 0.4013671875 0.2109375 0.404296875 0.20654296886792453 0.40625 0.2006835933962264 0.40625 0.1889648433962264 0.4033203125 0.18457031226415094 0.4013671875 0.18457031226415094
9 0.3994140625 0.21972656226415094 0.3916015625 0.21972656226415094 0.390625 0.2211914066037736 0.388671875 0.22705078113207547 0.3916015625 0.23144531226415094 0.4033203125 0.2431640622641509 0.4072265625 0.2431640622641509 0.41015625 0.23876953113207547 0.41015625 0.22998046886792453 0.4052734375 0.22265625 0.3994140625 0.21972656226415094
9 0.4111328125 0.13183593773584906 0.4033203125 0.13769531226415094 0.400390625 0.1420898433962264 0.400390625 0.1508789066037736 0.4033203125 0.15527343773584906 0.4091796875 0.15527343773584906 0.419921875 0.1391601566037736 0.419921875 0.13623046886792453 0.4169921875 0.13183593773584906 0.4111328125 0.13183593773584906
9 0.5400390625 0.09375 0.5361328125 0.09082031226415094 0.53125 0.09521484339622642 0.529296875 0.10107421886792453 0.53515625 0.11572265660377358 0.5400390625 0.12011718773584906 0.5439453125 0.12011718773584906 0.544921875 0.11865234339622642 0.544921875 0.10693359339622642 0.54296875 0.09814453113207547 0.5400390625 0.09375
9 0.552734375 0.09521484339622642 0.548828125 0.10986328113207547 0.548828125 0.11279296886792453 0.5517578125 0.1171875 0.5556640625 0.1171875 0.560546875 0.11279296886792453 0.560546875 0.09521484339622642 0.5556640625 0.08789062452830189 0.552734375 0.09521484339622642
9 0.677734375 0.1743164066037736 0.6728515625 0.16699218773584906 0.6689453125 0.16699218773584906 0.666015625 0.17138671886792453 0.6640625 0.1772460933962264 0.666015625 0.18310546886792453 0.6728515625 0.19335937547169813 0.6767578125 0.19628906226415094 0.6787109375 0.19628906226415094 0.681640625 0.19189453113207547 0.681640625 0.1860351566037736 0.677734375 0.1743164066037736
3 0.53515625 0.2534179688679245 0.541015625 0.22705078113207547 0.548828125 0.18310546886792453 0.552734375 0.14794921886792453 0.552734375 0.13623046886792453 0.5478515625 0.12890625 0.5087890625 0.09375 0.4951171875 0.08496093773584906 0.4736328125 0.07324218773584906 0.4619140625 0.07324218773584906 0.4580078125 0.07617187547169811 0.4248046875 0.11132812452830189 0.423828125 0.11279296886792453 0.423828125 0.12158203113207545 0.474609375 0.2651367188679245 0.4775390625 0.26953125 0.4814453125 0.26953125 0.5224609375 0.26074218773584906 0.5322265625 0.2578125 0.53515625 0.2534179688679245