3 0.34647435875 0.44735576886792455 0.38653846125 0.2163461537735849 0.390384615625 0.18870192264150942 0.38990384624999996 0.18774038490566036 0.318429486875 0.16370192264150943 0.294871795 0.17211538490566036 0.294230769375 0.1735576924528302 0.22724359 0.39639423113207545 0.23621794875 0.4115384613207547 0.255448718125 0.43942307735849057 0.25977564125 0.44254807735849055 0.326923076875 0.4598557688679245 0.337980769375 0.4591346150943396 0.345512820625 0.45120192264150943 0.34647435875 0.44735576886792455
3 0.514262820625 0.31153846132075474 0.51474359 0.30264423113207545 0.51378205125 0.29879807735849057 0.50641025625 0.29471153867924527 0.499198718125 0.29495192264150943 0.47019230749999996 0.33389423113207545 0.461858974375 0.34879807735849055 0.45352564125 0.3689903849056604 0.45240384624999996 0.37788461509433957 0.45304487187500003 0.3930288462264151 0.454326923125 0.3971153849056604 0.463141025625 0.3971153849056604 0.47836538437500004 0.3882211537735849 0.5025641025 0.3507211537735849 0.50977564125 0.3336538462264151 0.514262820625 0.31153846132075474
4 0.501762820625 0.5963942311320755 0.49775641 0.5995192311320754 0.496794871875 0.6269230773584905 0.496794871875 0.6302884613207548 0.49775641 0.6314903849056605 0.624679486875 0.6307692311320754 0.5525641025 0.5899038462264151 0.548878205 0.5889423075471698 0.5173076925 0.5889423075471698 0.501762820625 0.5963942311320755
20 0.686378205 0.35745192264150943 0.681570513125 0.34759615377358494 0.6711538462500001 0.3403846150943396 0.654326923125 0.33197115377358494 0.65 0.3305288462264151 0.638621795 0.3348557688679245 0.63733974375 0.34158653867924527 0.63477564125 0.35721153867924527 0.636698718125 0.36129807735849057 0.6467948718750001 0.3689903849056604 0.67371794875 0.38125 0.6780448718750001 0.3817307688679245 0.68028846125 0.3805288462264151 0.686858974375 0.36129807735849057 0.686378205 0.35745192264150943
9 0.603365384375 0.43245192264150945 0.599519230625 0.43173076886792455 0.5939102562499999 0.43677884622641505 0.5921474356249999 0.4399038462264151 0.59102564125 0.44567307735849054 0.590384615625 0.4519230773584905 0.591666666875 0.45600961509433957 0.595833333125 0.45625 0.5975961537500001 0.45504807735849057 0.60096153875 0.44879807735849053 0.603044871875 0.4427884613207547 0.604166666875 0.43701923113207547 0.603365384375 0.43245192264150945
6 0.73621794875 0.7324519226415095 0.7429487181250001 0.7288461537735849 0.7543269231249999 0.7206730773584905 0.7575320512499999 0.7163461537735849 0.76009615375 0.7105769226415094 0.760416666875 0.7048076924528301 0.7588141025 0.7009615386792453 0.687019230625 0.6329326924528301 0.658173076875 0.6257211537735848 0.650480769375 0.6495192311320754 0.650320513125 0.6545673075471699 0.651602564375 0.6651442311320754 0.654166666875 0.6769230773584906 0.6576923075000001 0.6850961537735849 0.665544871875 0.6973557688679246 0.71266025625 0.7365384613207547 0.716826923125 0.7375 0.73621794875 0.7324519226415095
4 0.49246794875 0.5290865386792453 0.48621794875 0.5074519226415094 0.48253205125 0.5134615386792453 0.45977564125000003 0.5838942311320754 0.460416666875 0.5846153849056605 0.467147435625 0.5850961537735849 0.482852564375 0.5814903849056604 0.4849358975 0.5793269226415094 0.489583333125 0.5682692311320754 0.493108974375 0.5375 0.49246794875 0.5290865386792453
14 0.44551282062500003 0.6954326924528301 0.4411858975 0.6884615386792453 0.431570513125 0.6819711537735849 0.423237179375 0.6817307688679246 0.419551281875 0.6826923075471698 0.415705128125 0.6872596150943396 0.41330128187500004 0.6939903849056605 0.413141025625 0.6971153849056604 0.41586538437500004 0.7014423075471699 0.435897435625 0.7100961537735849 0.439423076875 0.7103365386792453 0.441987179375 0.7086538462264151 0.44535256437500004 0.7045673075471699 0.44647435874999997 0.7012019226415095 0.44551282062500003 0.6954326924528301
14 0.33381410250000004 0.590625 0.32804487187500003 0.5915865386792453 0.32163461562499995 0.6069711537735849 0.31955128187500004 0.6149038462264151 0.318269230625 0.6247596150943396 0.31891025625 0.6305288462264151 0.32211538437500004 0.6370192311320754 0.32612179500000005 0.6367788462264151 0.33846153875 0.6076923075471699 0.33878205125 0.5992788462264151 0.33573717937499997 0.5918269226415095 0.33381410250000004 0.590625
11 0.264423076875 0.5858173075471699 0.25977564125 0.5829326924528302 0.255769230625 0.5814903849056604 0.25240384625 0.5826923075471698 0.245352564375 0.5915865386792453 0.242628205 0.5954326924528301 0.24391025625 0.5973557688679246 0.275320513125 0.6115384613207547 0.27772435875 0.6105769226415094 0.27884615375 0.6081730773584906 0.277884615625 0.6004807688679246 0.274679486875 0.5954326924528301 0.264423076875 0.5858173075471699
11 0.323237179375 0.5444711537735849 0.321794871875 0.5447115386792453 0.320833333125 0.5485576924528301 0.32131410250000003 0.5528846150943396 0.32259615375 0.5564903849056604 0.325801281875 0.5605769226415095 0.33381410250000004 0.5641826924528301 0.338301281875 0.5605769226415095 0.337820513125 0.5564903849056604 0.323237179375 0.5444711537735849