6 0.5 0.21533203113207547 0.490234375 0.1889648433962264 0.4794921875 0.17285156226415094 0.4599609375 0.15527343773584906 0.4521484375 0.14941406226415094 0.4462890625 0.14648437547169813 0.4345703125 0.14648437547169813 0.43359375 0.14794921886792453 0.427734375 0.15966796886792453 0.4375 0.18017578113207547 0.453125 0.2094726566037736 0.4716796875 0.23730468773584906 0.4833984375 0.2431640622641509 0.4912109375 0.23730468773584906 0.49609375 0.22998046886792453 0.5 0.21533203113207547
6 0.466796875 0.4204101566037736 0.474609375 0.3266601566037736 0.4716796875 0.3222656245283019 0.4462890625 0.2988281245283019 0.4326171875 0.29296875 0.4228515625 0.29296875 0.416015625 0.3002929688679245 0.408203125 0.3559570311320755 0.4140625 0.3852539066037736 0.439453125 0.4555664066037736 0.4423828125 0.45996093773584906 0.4462890625 0.45996093773584906 0.4541015625 0.45410156226415094 0.458984375 0.4467773433962264 0.466796875 0.4204101566037736
6 0.666015625 0.4760742188679245 0.6396484375 0.44238281226415094 0.5771484375 0.44824218773584906 0.5576171875 0.45410156226415094 0.548828125 0.4672851566037736 0.548828125 0.4731445311320755 0.55078125 0.4790039066037736 0.5908203125 0.536132812264151 0.5947265625 0.5390625 0.6669921875 0.553710937735849 0.66796875 0.5522460933962264 0.666015625 0.4760742188679245
6 0.53515625 0.5170898433962264 0.5302734375 0.5097656245283019 0.5263671875 0.506835937735849 0.4990234375 0.500976562264151 0.4931640625 0.500976562264151 0.443359375 0.5786132811320754 0.44140625 0.5844726566037736 0.4375 0.6137695311320754 0.4375 0.6166992188679246 0.4404296875 0.62109375 0.4775390625 0.629882812264151 0.5224609375 0.62109375 0.5576171875 0.594726562264151 0.560546875 0.5903320311320754 0.53515625 0.5170898433962264
6 0.40234375 0.6635742188679246 0.40234375 0.5493164066037736 0.3642578125 0.50390625 0.3564453125 0.50390625 0.3515625 0.5112304688679246 0.3515625 0.5727539066037736 0.35546875 0.6284179688679246 0.359375 0.6489257811320754 0.3818359375 0.69140625 0.3935546875 0.69140625 0.396484375 0.6870117188679246 0.40234375 0.6635742188679246
20 0.6025390625 0.20214843773584906 0.5654296875 0.18164062452830187 0.564453125 0.18310546886792453 0.5625 0.21533203113207547 0.560546875 0.2563476566037736 0.5615234375 0.2578125 0.5751953125 0.26953125 0.5986328125 0.26660156226415094 0.599609375 0.2651367188679245 0.60546875 0.2446289066037736 0.603515625 0.20361328113207547 0.6025390625 0.20214843773584906
20 0.697265625 0.5288085933962264 0.6865234375 0.5097656245283019 0.6728515625 0.524414062264151 0.671875 0.5258789066037736 0.685546875 0.5698242188679246 0.6904296875 0.57421875 0.6982421875 0.57421875 0.701171875 0.5698242188679246 0.703125 0.5639648433962264 0.703125 0.5551757811320754 0.697265625 0.5288085933962264
20 0.3115234375 0.6796875 0.2998046875 0.66796875 0.2841796875 0.6738281245283019 0.283203125 0.6752929688679246 0.275390625 0.7075195311320754 0.3017578125 0.729492187735849 0.3037109375 0.729492187735849 0.310546875 0.7163085933962264 0.314453125 0.7045898433962264 0.31640625 0.6958007811320754 0.314453125 0.6840820311320754 0.3115234375 0.6796875
20 0.369140625 0.20361328113207547 0.3681640625 0.20214843773584906 0.3662109375 0.20214843773584906 0.3486328125 0.20800781226415094 0.345703125 0.2124023433962264 0.33984375 0.2504882811320755 0.341796875 0.2563476566037736 0.3447265625 0.26074218773584906 0.3486328125 0.2636718754716981 0.3583984375 0.2636718754716981 0.359375 0.2622070311320755 0.365234375 0.2358398433962264 0.369140625 0.20361328113207547
20 0.5546875 0.4174804688679245 0.5546875 0.4145507811320755 0.5322265625 0.3574218754716981 0.5205078125 0.3574218754716981 0.5126953125 0.36328125 0.51171875 0.3647460933962264 0.51171875 0.3706054688679245 0.513671875 0.4086914066037736 0.5205078125 0.41894531226415094 0.5263671875 0.421875 0.5400390625 0.42480468773584906 0.5498046875 0.42480468773584906 0.5546875 0.4174804688679245
18 0.681640625 0.3354492188679245 0.6787109375 0.33105468773584906 0.6708984375 0.32519531226415094 0.6611328125 0.32519531226415094 0.65625 0.3295898433962264 0.654296875 0.3354492188679245 0.654296875 0.3471679688679245 0.6630859375 0.36328125 0.6767578125 0.36328125 0.68359375 0.3559570311320755 0.685546875 0.3500976566037736 0.685546875 0.3471679688679245 0.681640625 0.3354492188679245
18 0.63671875 0.3500976566037736 0.63671875 0.3413085933962264 0.634765625 0.3354492188679245 0.6298828125 0.328125 0.6240234375 0.32519531226415094 0.6201171875 0.32519531226415094 0.6123046875 0.328125 0.5888671875 0.34277343773584906 0.580078125 0.3559570311320755 0.578125 0.3618164066037736 0.578125 0.3735351566037736 0.58203125 0.3852539066037736 0.5849609375 0.38964843773584906 0.6025390625 0.38964843773584906 0.6259765625 0.3691406245283019 0.634765625 0.3559570311320755 0.63671875 0.3500976566037736
18 0.587890625 0.7104492188679246 0.587890625 0.7045898433962264 0.583984375 0.6899414066037736 0.57421875 0.6635742188679246 0.5634765625 0.647460937735849 0.5595703125 0.647460937735849 0.552734375 0.6577148433962264 0.552734375 0.6752929688679246 0.5546875 0.6840820311320754 0.564453125 0.7104492188679246 0.5751953125 0.7265625 0.5810546875 0.723632812264151 0.5859375 0.7163085933962264 0.587890625 0.7104492188679246
18 0.251953125 0.6254882811320754 0.251953125 0.6108398433962264 0.24609375 0.5991210933962264 0.2314453125 0.57421875 0.2197265625 0.565429687735849 0.21484375 0.5698242188679246 0.212890625 0.5756835933962264 0.212890625 0.5903320311320754 0.21875 0.6020507811320754 0.2373046875 0.629882812264151 0.2431640625 0.6328125 0.2451171875 0.6328125 0.2490234375 0.629882812264151 0.251953125 0.6254882811320754
18 0.62890625 0.7895507811320754 0.630859375 0.7807617188679246 0.630859375 0.7778320311320754 0.625 0.7631835933962264 0.6240234375 0.76171875 0.6142578125 0.7558593754716981 0.6005859375 0.7558593754716981 0.5927734375 0.76171875 0.591796875 0.7631835933962264 0.58984375 0.7719726566037736 0.587890625 0.7836914066037736 0.587890625 0.7866210933962264 0.58984375 0.7924804688679246 0.5908203125 0.793945312264151 0.6064453125 0.8027343745283019 0.6103515625 0.8027343745283019 0.6259765625 0.796875 0.62890625 0.7895507811320754
18 0.69140625 0.6840820311320754 0.693359375 0.6694335933962264 0.689453125 0.6577148433962264 0.6865234375 0.653320312264151 0.6708984375 0.653320312264151 0.6552734375 0.6738281245283019 0.654296875 0.6752929688679246 0.654296875 0.6840820311320754 0.65625 0.6899414066037736 0.6611328125 0.6972656245283019 0.6650390625 0.700195312264151 0.6728515625 0.703125 0.6826171875 0.6972656245283019 0.69140625 0.6840820311320754
21 0.443359375 0.6899414066037736 0.451171875 0.7280273433962264 0.4677734375 0.741210937735849 0.4970703125 0.73828125 0.515625 0.7133789066037736 0.4755859375 0.6503906245283019 0.4462890625 0.6855468754716981 0.443359375 0.6899414066037736
14 0.2607421875 0.500976562264151 0.2568359375 0.500976562264151 0.2412109375 0.515625 0.236328125 0.5229492188679246 0.236328125 0.5258789066037736 0.2373046875 0.52734375 0.2451171875 0.52734375 0.2607421875 0.512695312264151 0.26171875 0.5112304688679246 0.26171875 0.5024414066037736 0.2607421875 0.500976562264151
7 0.2900390625 0.489257812264151 0.3095703125 0.489257812264151 0.3154296875 0.4863281245283018 0.3291015625 0.47167968773584906 0.3515625 0.4409179688679245 0.37109375 0.3383789066037736 0.37109375 0.3237304688679245 0.3671875 0.3120117188679245 0.36328125 0.3032226566037736 0.3603515625 0.2988281245283019 0.3583984375 0.2988281245283019 0.2568359375 0.31640625 0.25390625 0.3208007811320755 0.251953125 0.3266601566037736 0.251953125 0.3325195311320755 0.2578125 0.4321289066037736 0.267578125 0.4643554688679245 0.271484375 0.4731445311320755 0.2783203125 0.483398437735849 0.2822265625 0.4863281245283018 0.2900390625 0.489257812264151