21 0.3271484375 0.41308593773584906 0.3232421875 0.41308593773584906 0.318359375 0.4204101566037736 0.318359375 0.4321289066037736 0.3330078125 0.4746093745283019 0.33984375 0.4643554688679245 0.34765625 0.4467773433962264 0.33984375 0.4233398433962264 0.3369140625 0.41894531226415094 0.3271484375 0.41308593773584906
3 0.662109375 0.4497070311320755 0.6591796875 0.4453125 0.6533203125 0.4394531245283019 0.6455078125 0.4394531245283019 0.6337890625 0.44238281226415094 0.6259765625 0.44824218773584906 0.62109375 0.4555664066037736 0.62109375 0.4643554688679245 0.62890625 0.4819335933962264 0.6318359375 0.4863281245283018 0.6494140625 0.4921875 0.654296875 0.48779296886792456 0.6640625 0.4555664066037736 0.662109375 0.4497070311320755
7 0.705078125 0.5551757811320754 0.703125 0.5170898433962264 0.7001953125 0.512695312264151 0.6767578125 0.4980468754716982 0.67578125 0.49951171886792456 0.67578125 0.5024414066037736 0.681640625 0.6166992188679246 0.6826171875 0.618164062264151 0.6923828125 0.609375 0.6953125 0.6049804688679246 0.705078125 0.5639648433962264 0.705078125 0.5551757811320754
2 0.3564453125 0.73828125 0.3681640625 0.741210937735849 0.3994140625 0.741210937735849 0.4150390625 0.73828125 0.4306640625 0.7324218754716981 0.4423828125 0.7265625 0.4501953125 0.7207031245283019 0.453125 0.7163085933962264 0.453125 0.7075195311320754 0.375 0.5698242188679246 0.3681640625 0.559570312264151 0.3525390625 0.559570312264151 0.3408203125 0.565429687735849 0.3330078125 0.571289062264151 0.3271484375 0.577148437735849 0.3203125 0.5874023433962264 0.31640625 0.5961914066037736 0.3125 0.6108398433962264 0.310546875 0.6225585933962264 0.310546875 0.6459960933962264 0.3125 0.6606445311320754 0.31640625 0.6782226566037736 0.322265625 0.6958007811320754 0.33203125 0.7163085933962264 0.3466796875 0.7324218754716981 0.3564453125 0.73828125
1 0.712890625 0.3500976566037736 0.71875 0.3383789066037736 0.724609375 0.3208007811320755 0.724609375 0.2973632811320755 0.72265625 0.2856445311320755 0.720703125 0.2797851566037736 0.7138671875 0.26953125 0.7119140625 0.26953125 0.7060546875 0.2753906245283019 0.67578125 0.3237304688679245 0.671875 0.3442382811320755 0.671875 0.3500976566037736 0.6787109375 0.36035156226415094 0.6826171875 0.36328125 0.6943359375 0.36328125 0.7021484375 0.36035156226415094 0.7060546875 0.3574218754716981 0.712890625 0.3500976566037736
3 0.5869140625 0.2490234377358491 0.58984375 0.2446289066037736 0.607421875 0.1889648433962264 0.607421875 0.1860351566037736 0.6064453125 0.18457031226415094 0.5732421875 0.16113281226415094 0.5517578125 0.18457031226415094 0.548828125 0.1889648433962264 0.548828125 0.2006835933962264 0.55078125 0.2124023433962264 0.556640625 0.2358398433962264 0.5615234375 0.2431640622641509 0.5654296875 0.24609375 0.5810546875 0.2490234377358491 0.5869140625 0.2490234377358491
3 0.48046875 0.5229492188679246 0.4775390625 0.518554687735849 0.4560546875 0.495117187735849 0.4462890625 0.489257812264151 0.4365234375 0.489257812264151 0.423828125 0.5083007811320754 0.423828125 0.5141601566037736 0.44921875 0.5756835933962264 0.4833984375 0.6035156245283019 0.484375 0.6020507811320754 0.490234375 0.5698242188679246 0.490234375 0.5434570311320754 0.48046875 0.5229492188679246
14 0.427734375 0.1655273433962264 0.4267578125 0.1640625 0.4111328125 0.1640625 0.41015625 0.1655273433962264 0.40625 0.1743164066037736 0.40625 0.18017578113207547 0.412109375 0.2094726566037736 0.4130859375 0.2109375 0.4228515625 0.2109375 0.427734375 0.20361328113207547 0.431640625 0.19189453113207547 0.427734375 0.1655273433962264
10 0.6123046875 0.635742187735849 0.5966796875 0.6269531245283019 0.5751953125 0.6269531245283019 0.5029296875 0.653320312264151 0.501953125 0.6547851566037736 0.5126953125 0.6796875 0.5205078125 0.6796875 0.6025390625 0.66796875 0.6181640625 0.665039062264151 0.619140625 0.6635742188679246 0.619140625 0.6459960933962264 0.6123046875 0.635742187735849
6 0.36328125 0.3530273433962264 0.375 0.3295898433962264 0.375 0.3237304688679245 0.3701171875 0.31640625 0.3349609375 0.3046875 0.3310546875 0.3046875 0.3017578125 0.31933593773584906 0.2763671875 0.33691406226415094 0.275390625 0.3383789066037736 0.275390625 0.3471679688679245 0.27734375 0.3588867188679245 0.2919921875 0.3808593754716981 0.3408203125 0.375 0.3525390625 0.36621093773584906 0.3583984375 0.36035156226415094 0.36328125 0.3530273433962264
9 0.53125 0.2885742188679245 0.525390625 0.2680664066037736 0.51171875 0.23876953113207547 0.5087890625 0.234375 0.505859375 0.23876953113207547 0.5 0.2592773433962264 0.5 0.2651367188679245 0.501953125 0.2739257811320755 0.5107421875 0.2871093754716981 0.5185546875 0.29296875 0.5302734375 0.29296875 0.53125 0.2915039066037736 0.53125 0.2885742188679245
9 0.732421875 0.7690429688679246 0.73046875 0.7631835933962264 0.7197265625 0.747070312264151 0.7158203125 0.7441406245283019 0.6923828125 0.741210937735849 0.6826171875 0.747070312264151 0.677734375 0.7543945311320754 0.677734375 0.7602539066037736 0.6826171875 0.7675781245283019 0.6865234375 0.770507812264151 0.7197265625 0.7792968754716981 0.7314453125 0.7792968754716981 0.732421875 0.7778320311320754 0.732421875 0.7690429688679246