6 0.2919921875 0.50390625 0.296875 0.49658203113207544 0.333984375 0.4145507811320755 0.3359375 0.3383789066037736 0.333984375 0.3120117188679245 0.3173828125 0.2871093754716981 0.3134765625 0.28417968773584906 0.2978515625 0.28417968773584906 0.2763671875 0.30175781226415094 0.251953125 0.3413085933962264 0.244140625 0.3999023433962264 0.251953125 0.4438476566037736 0.259765625 0.4819335933962264 0.2626953125 0.4863281245283018 0.2783203125 0.50390625 0.2822265625 0.506835937735849 0.2861328125 0.506835937735849 0.2919921875 0.50390625
21 0.53125 0.4233398433962264 0.5283203125 0.41894531226415094 0.4814453125 0.36621093773584906 0.4052734375 0.3984375 0.400390625 0.4086914066037736 0.396484375 0.4233398433962264 0.396484375 0.4262695311320755 0.423828125 0.5698242188679246 0.4248046875 0.571289062264151 0.4306640625 0.57421875 0.5302734375 0.495117187735849 0.533203125 0.48779296886792456 0.53125 0.4233398433962264
21 0.71484375 0.3969726566037736 0.7080078125 0.38964843773584906 0.6728515625 0.3808593754716981 0.6669921875 0.3808593754716981 0.666015625 0.3823242188679245 0.65234375 0.4526367188679245 0.65625 0.5170898433962264 0.7255859375 0.609375 0.7265625 0.6079101566037736 0.7421875 0.5346679688679246 0.7421875 0.5317382811320754 0.716796875 0.4028320311320755 0.71484375 0.3969726566037736
26 0.60546875 0.4379882811320755 0.611328125 0.4145507811320755 0.6083984375 0.41015625 0.5634765625 0.4042968745283019 0.5302734375 0.4394531245283019 0.529296875 0.4409179688679245 0.529296875 0.4497070311320755 0.55859375 0.5346679688679246 0.5595703125 0.536132812264151 0.5634765625 0.536132812264151 0.5732421875 0.52734375 0.576171875 0.5229492188679246 0.60546875 0.4379882811320755
20 0.6484375 0.6020507811320754 0.619140625 0.5434570311320754 0.6181640625 0.541992187735849 0.60546875 0.5522460933962264 0.6015625 0.5932617188679246 0.603515625 0.6108398433962264 0.609375 0.6254882811320754 0.6142578125 0.629882812264151 0.6572265625 0.635742187735849 0.658203125 0.6342773433962264 0.658203125 0.6313476566037736 0.6484375 0.6020507811320754
20 0.412109375 0.5815429688679246 0.4111328125 0.5800781245283019 0.4091796875 0.5800781245283019 0.3818359375 0.5859375 0.365234375 0.6020507811320754 0.361328125 0.6137695311320754 0.36328125 0.6254882811320754 0.3642578125 0.6269531245283019 0.3935546875 0.641601562264151 0.4013671875 0.641601562264151 0.4052734375 0.6386718754716981 0.408203125 0.6342773433962264 0.412109375 0.5815429688679246
20 0.3623046875 0.4511718745283019 0.3564453125 0.4511718745283019 0.3193359375 0.47167968773584906 0.318359375 0.4731445311320755 0.318359375 0.4760742188679245 0.33984375 0.5434570311320754 0.3427734375 0.55078125 0.365234375 0.5346679688679246 0.369140625 0.4731445311320755 0.365234375 0.4555664066037736 0.3623046875 0.4511718745283019
20 0.689453125 0.6899414066037736 0.689453125 0.6665039066037736 0.6884765625 0.665039062264151 0.6552734375 0.682617187735849 0.65234375 0.6870117188679246 0.6484375 0.6987304688679246 0.646484375 0.7133789066037736 0.650390625 0.7309570311320754 0.654296875 0.7426757811320754 0.6572265625 0.747070312264151 0.6669921875 0.7558593754716981 0.6689453125 0.7558593754716981 0.68359375 0.7250976566037736 0.689453125 0.6899414066037736
27 0.376953125 0.7719726566037736 0.376953125 0.7514648433962264 0.373046875 0.6752929688679246 0.37109375 0.6606445311320754 0.3701171875 0.659179687735849 0.3623046875 0.659179687735849 0.2861328125 0.7089843754716981 0.28515625 0.7104492188679246 0.283203125 0.7192382811320754 0.283203125 0.7338867188679246 0.287109375 0.7426757811320754 0.2919921875 0.75 0.2958984375 0.752929687735849 0.3623046875 0.7734375 0.3759765625 0.7734375 0.376953125 0.7719726566037736
18 0.29296875 0.6108398433962264 0.294921875 0.6020507811320754 0.294921875 0.5815429688679246 0.2880859375 0.571289062264151 0.2802734375 0.571289062264151 0.2744140625 0.57421875 0.267578125 0.5844726566037736 0.263671875 0.5932617188679246 0.251953125 0.6254882811320754 0.25 0.6372070311320754 0.251953125 0.6489257811320754 0.2529296875 0.6503906245283019 0.2626953125 0.659179687735849 0.2705078125 0.659179687735849 0.2744140625 0.65625 0.28125 0.6459960933962264 0.29296875 0.6108398433962264
20 0.2470703125 0.5097656245283019 0.2412109375 0.506835937735849 0.2353515625 0.506835937735849 0.23046875 0.5141601566037736 0.2265625 0.5258789066037736 0.2265625 0.5375976566037736 0.2294921875 0.541992187735849 0.2373046875 0.541992187735849 0.2421875 0.5346679688679246 0.248046875 0.5141601566037736 0.248046875 0.5112304688679246 0.2470703125 0.5097656245283019
9 0.4248046875 0.723632812264151 0.421875 0.7280273433962264 0.416015625 0.7456054688679246 0.4208984375 0.752929687735849 0.4248046875 0.752929687735849 0.4306640625 0.747070312264151 0.435546875 0.7397460933962264 0.435546875 0.7309570311320754 0.4306640625 0.723632812264151 0.4248046875 0.723632812264151
9 0.3779296875 0.19921875 0.3701171875 0.19335937547169813 0.3681640625 0.19335937547169813 0.36328125 0.20361328113207547 0.361328125 0.22705078113207547 0.3759765625 0.23730468773584906 0.3798828125 0.234375 0.3828125 0.22998046886792453 0.384765625 0.2241210933962264 0.384765625 0.2124023433962264 0.3828125 0.20654296886792453 0.3779296875 0.19921875
9 0.6044921875 0.22851562452830187 0.5419921875 0.1640625 0.5166015625 0.17871093773584906 0.513671875 0.18310546886792453 0.509765625 0.19482421886792453 0.505859375 0.2094726566037736 0.5390625 0.2680664066037736 0.5439453125 0.2753906245283019 0.5537109375 0.2871093754716981 0.5751953125 0.30761718773584906 0.60546875 0.2622070311320755 0.607421875 0.2329101566037736 0.6044921875 0.22851562452830187
3 0.583984375 0.7221679688679246 0.5634765625 0.694335937735849 0.5517578125 0.694335937735849 0.5283203125 0.717773437735849 0.52734375 0.7192382811320754 0.5322265625 0.7265625 0.5439453125 0.735351562264151 0.5693359375 0.747070312264151 0.5810546875 0.747070312264151 0.583984375 0.7426757811320754 0.5859375 0.7338867188679246 0.583984375 0.7221679688679246
9 0.4638671875 0.641601562264151 0.4619140625 0.641601562264151 0.458984375 0.6459960933962264 0.458984375 0.6489257811320754 0.4619140625 0.653320312264151 0.4736328125 0.653320312264151 0.474609375 0.6518554688679246 0.474609375 0.6489257811320754 0.4736328125 0.647460937735849 0.4638671875 0.641601562264151
20 0.4638671875 0.659179687735849 0.451171875 0.6782226566037736 0.4599609375 0.69140625 0.4677734375 0.69140625 0.470703125 0.6870117188679246 0.4765625 0.6723632811320754 0.474609375 0.6577148433962264 0.4736328125 0.65625 0.4638671875 0.659179687735849
12 0.509765625 0.2416992188679245 0.505859375 0.22998046886792453 0.49609375 0.2094726566037736 0.4853515625 0.19335937547169813 0.4775390625 0.18457031226415094 0.4697265625 0.17871093773584906 0.4638671875 0.17578125 0.4541015625 0.17578125 0.4482421875 0.17871093773584906 0.439453125 0.19189453113207547 0.439453125 0.19482421886792453 0.4912109375 0.2753906245283019 0.4990234375 0.2753906245283019 0.5048828125 0.26953125 0.5078125 0.2651367188679245 0.509765625 0.2592773433962264 0.509765625 0.2416992188679245
9 0.591796875 0.6108398433962264 0.591796875 0.6166992188679246 0.5927734375 0.618164062264151 0.5966796875 0.618164062264151 0.599609375 0.6137695311320754 0.599609375 0.6108398433962264 0.5947265625 0.606445312264151 0.591796875 0.6108398433962264