1 0.431640625 0.4702148433962264 0.4287109375 0.46582031226415094 0.4248046875 0.4628906245283019 0.4111328125 0.4628906245283019 0.404296875 0.4731445311320755 0.40234375 0.4790039066037736 0.40234375 0.5053710933962264 0.4072265625 0.515625 0.4208984375 0.515625 0.423828125 0.5112304688679246 0.435546875 0.48779296886792456 0.435546875 0.4790039066037736 0.431640625 0.4702148433962264
1 0.60546875 0.4584960933962264 0.5966796875 0.4453125 0.5927734375 0.44238281226415094 0.5771484375 0.44238281226415094 0.576171875 0.4438476566037736 0.57421875 0.4497070311320755 0.57421875 0.4584960933962264 0.5791015625 0.46582031226415094 0.6044921875 0.489257812264151 0.6103515625 0.489257812264151 0.611328125 0.48779296886792456 0.611328125 0.4760742188679245 0.60546875 0.4584960933962264
18 0.55078125 0.13623046886792453 0.55078125 0.10693359339622642 0.5478515625 0.10253906226415094 0.5439453125 0.09960937547169811 0.5380859375 0.09960937547169811 0.5341796875 0.10253906226415094 0.529296875 0.11279296886792453 0.52734375 0.12451171886792455 0.52734375 0.1538085933962264 0.529296875 0.15966796886792453 0.5322265625 0.1640625 0.5419921875 0.1640625 0.546875 0.15673828113207547 0.548828125 0.1508789066037736 0.55078125 0.13623046886792453
14 0.3212890625 0.21386718773584906 0.3173828125 0.21386718773584906 0.3125 0.21826171886792453 0.30859375 0.22998046886792453 0.30859375 0.2329101566037736 0.3173828125 0.2431640622641509 0.3271484375 0.2519531245283019 0.3291015625 0.2519531245283019 0.333984375 0.2446289066037736 0.333984375 0.2329101566037736 0.3212890625 0.21386718773584906
14 0.4677734375 0.26660156226415094 0.4658203125 0.26660156226415094 0.458984375 0.2768554688679245 0.458984375 0.2827148433962264 0.4716796875 0.30175781226415094 0.4755859375 0.30175781226415094 0.478515625 0.2944335933962264 0.478515625 0.2885742188679245 0.470703125 0.2709960933962264 0.4677734375 0.26660156226415094
14 0.564453125 0.2944335933962264 0.5615234375 0.29003906226415094 0.5576171875 0.29003906226415094 0.55078125 0.3002929688679245 0.55078125 0.3061523433962264 0.5595703125 0.328125 0.5654296875 0.3339843754716981 0.5712890625 0.3339843754716981 0.57421875 0.3295898433962264 0.57421875 0.3266601566037736 0.564453125 0.2944335933962264
14 0.6240234375 0.18457031226415094 0.6220703125 0.18457031226415094 0.619140625 0.1889648433962264 0.62109375 0.21826171886792453 0.6279296875 0.23144531226415094 0.6337890625 0.22558593773584906 0.638671875 0.21826171886792453 0.638671875 0.1977539066037736 0.6279296875 0.1875 0.6240234375 0.18457031226415094
14 0.7490234375 0.36621093773584906 0.7236328125 0.38964843773584906 0.72265625 0.3911132811320755 0.72265625 0.3940429688679245 0.724609375 0.3999023433962264 0.7294921875 0.40722656226415094 0.7568359375 0.3925781245283019 0.7578125 0.3911132811320755 0.751953125 0.3706054688679245 0.7490234375 0.36621093773584906
14 0.4990234375 0.38378906226415094 0.494140625 0.3911132811320755 0.494140625 0.4086914066037736 0.49609375 0.4174804688679245 0.5068359375 0.4277343745283019 0.5078125 0.4262695311320755 0.5078125 0.3852539066037736 0.5029296875 0.3808593754716981 0.4990234375 0.38378906226415094
14 0.47265625 0.6782226566037736 0.46484375 0.6401367188679246 0.4638671875 0.6386718754716981 0.4619140625 0.6386718754716981 0.4521484375 0.641601562264151 0.451171875 0.6430664066037736 0.44921875 0.6518554688679246 0.44921875 0.6577148433962264 0.45703125 0.6782226566037736 0.4658203125 0.6855468754716981 0.4677734375 0.6855468754716981 0.4716796875 0.682617187735849 0.47265625 0.6811523433962264 0.47265625 0.6782226566037736
3 0.6513671875 0.57421875 0.6025390625 0.565429687735849 0.6015625 0.5668945311320754 0.599609375 0.5991210933962264 0.599609375 0.6137695311320754 0.607421875 0.6430664066037736 0.6650390625 0.711914062264151 0.6669921875 0.711914062264151 0.66796875 0.7104492188679246 0.689453125 0.6049804688679246 0.6513671875 0.57421875
12 0.7021484375 0.506835937735849 0.708984375 0.49658203113207544 0.7109375 0.4907226566037736 0.7109375 0.48779296886792456 0.708984375 0.4819335933962264 0.7041015625 0.4746093745283019 0.6630859375 0.45410156226415094 0.6611328125 0.45410156226415094 0.658203125 0.4584960933962264 0.658203125 0.4731445311320755 0.662109375 0.4819335933962264 0.6708984375 0.495117187735849 0.6767578125 0.500976562264151 0.6904296875 0.5097656245283019 0.6982421875 0.5097656245283019 0.7021484375 0.506835937735849
21 0.658203125 0.3237304688679245 0.6572265625 0.3222656245283019 0.6513671875 0.31933593773584906 0.6455078125 0.31933593773584906 0.6337890625 0.32519531226415094 0.6162109375 0.33984375 0.609375 0.3500976566037736 0.607421875 0.3559570311320755 0.607421875 0.3588867188679245 0.6083984375 0.36035156226415094 0.6259765625 0.37207031226415094 0.6572265625 0.36035156226415094 0.66015625 0.3559570311320755 0.66015625 0.3383789066037736 0.658203125 0.3237304688679245