27 0.62890625 0.13330078113207547 0.625 0.12451171886792455 0.6201171875 0.1171875 0.6162109375 0.11425781226415094 0.5986328125 0.10839843773584906 0.5517578125 0.1171875 0.55078125 0.11865234339622642 0.54296875 0.13623046886792453 0.54296875 0.15673828113207547 0.556640625 0.2124023433962264 0.5712890625 0.234375 0.5732421875 0.234375 0.583984375 0.21826171886792453 0.62890625 0.1391601566037736 0.62890625 0.13330078113207547
27 0.55859375 0.3793945311320755 0.556640625 0.3706054688679245 0.5498046875 0.36035156226415094 0.4814453125 0.33105468773584906 0.4697265625 0.33105468773584906 0.466796875 0.3354492188679245 0.46484375 0.4233398433962264 0.466796875 0.4321289066037736 0.4697265625 0.43652343773584906 0.4990234375 0.43066406226415094 0.5537109375 0.41015625 0.5546875 0.4086914066037736 0.55859375 0.3969726566037736 0.55859375 0.3793945311320755
27 0.62890625 0.5258789066037736 0.62890625 0.5200195311320754 0.615234375 0.4526367188679245 0.6142578125 0.4511718745283019 0.6044921875 0.4511718745283019 0.5419921875 0.483398437735849 0.537109375 0.4907226566037736 0.53515625 0.49658203113207544 0.533203125 0.5053710933962264 0.533203125 0.5141601566037736 0.53515625 0.5258789066037736 0.5419921875 0.536132812264151 0.5595703125 0.5449218754716981 0.5751953125 0.55078125 0.6240234375 0.5332031245283019 0.62890625 0.5258789066037736
27 0.7138671875 0.583007812264151 0.7236328125 0.57421875 0.732421875 0.5610351566037736 0.732421875 0.5463867188679246 0.73046875 0.5346679688679246 0.7275390625 0.530273437735849 0.7177734375 0.524414062264151 0.6572265625 0.5097656245283019 0.6494140625 0.512695312264151 0.6484375 0.5141601566037736 0.6484375 0.5874023433962264 0.6513671875 0.5917968754716981 0.6552734375 0.594726562264151 0.6669921875 0.594726562264151 0.6982421875 0.588867187735849 0.7080078125 0.5859375 0.7138671875 0.583007812264151
27 0.642578125 0.6342773433962264 0.6318359375 0.618164062264151 0.6279296875 0.6152343754716981 0.5595703125 0.5859375 0.5517578125 0.583007812264151 0.5478515625 0.583007812264151 0.544921875 0.5874023433962264 0.544921875 0.6518554688679246 0.548828125 0.6635742188679246 0.5517578125 0.66796875 0.6201171875 0.6738281245283019 0.62890625 0.6606445311320754 0.642578125 0.6372070311320754 0.642578125 0.6342773433962264
20 0.6708984375 0.26074218773584906 0.6650390625 0.26660156226415094 0.65625 0.2797851566037736 0.65625 0.2915039066037736 0.6728515625 0.31347656226415094 0.7119140625 0.32519531226415094 0.71484375 0.3208007811320755 0.697265625 0.2592773433962264 0.6904296875 0.2490234377358491 0.6708984375 0.26074218773584906
20 0.736328125 0.4291992188679245 0.73828125 0.4233398433962264 0.73828125 0.4174804688679245 0.7255859375 0.38378906226415094 0.7158203125 0.37792968773584906 0.7041015625 0.375 0.6923828125 0.37792968773584906 0.6884765625 0.3808593754716981 0.6875 0.3823242188679245 0.6875 0.3852539066037736 0.69140625 0.4028320311320755 0.7041015625 0.421875 0.7158203125 0.43066406226415094 0.7275390625 0.43359375 0.7353515625 0.43066406226415094 0.736328125 0.4291992188679245
20 0.4892578125 0.741210937735849 0.4697265625 0.717773437735849 0.4580078125 0.7089843754716981 0.4482421875 0.706054687735849 0.443359375 0.7133789066037736 0.443359375 0.7338867188679246 0.4443359375 0.735351562264151 0.4755859375 0.76171875 0.4892578125 0.758789062264151 0.490234375 0.7573242188679246 0.490234375 0.7426757811320754 0.4892578125 0.741210937735849
20 0.3154296875 0.703125 0.314453125 0.7045898433962264 0.3203125 0.7192382811320754 0.3408203125 0.752929687735849 0.357421875 0.7133789066037736 0.359375 0.6928710933962264 0.3583984375 0.69140625 0.3408203125 0.682617187735849 0.3154296875 0.703125
20 0.49609375 0.5317382811320754 0.484375 0.49658203113207544 0.48046875 0.48779296886792456 0.4658203125 0.4628906245283019 0.4619140625 0.45996093773584906 0.4501953125 0.4628906245283019 0.44921875 0.4643554688679245 0.447265625 0.4790039066037736 0.45703125 0.5083007811320754 0.4599609375 0.512695312264151 0.4736328125 0.52734375 0.4775390625 0.530273437735849 0.4833984375 0.5332031245283019 0.4951171875 0.5332031245283019 0.49609375 0.5317382811320754
20 0.490234375 0.5961914066037736 0.490234375 0.5932617188679246 0.484375 0.5756835933962264 0.4755859375 0.565429687735849 0.4677734375 0.565429687735849 0.4404296875 0.5859375 0.435546875 0.5932617188679246 0.43359375 0.5991210933962264 0.43359375 0.6079101566037736 0.4365234375 0.612304687735849 0.4501953125 0.62109375 0.4599609375 0.62109375 0.4853515625 0.618164062264151 0.486328125 0.6166992188679246 0.490234375 0.5961914066037736
20 0.2626953125 0.36035156226415094 0.2548828125 0.3574218754716981 0.2373046875 0.36035156226415094 0.2158203125 0.38671875 0.21484375 0.3881835933962264 0.2158203125 0.38964843773584906 0.2236328125 0.39550781226415094 0.2548828125 0.39550781226415094 0.2587890625 0.3925781245283019 0.267578125 0.3793945311320755 0.267578125 0.3735351566037736 0.2626953125 0.36035156226415094
20 0.3359375 0.2534179688679245 0.3134765625 0.23730468773584906 0.3125 0.23876953113207547 0.302734375 0.2680664066037736 0.302734375 0.2709960933962264 0.30859375 0.2885742188679245 0.3310546875 0.3222656245283019 0.3466796875 0.33105468773584906 0.34765625 0.3295898433962264 0.34765625 0.3120117188679245 0.3359375 0.2534179688679245
20 0.431640625 0.3237304688679245 0.435546875 0.3090820311320755 0.435546875 0.2944335933962264 0.4296875 0.2739257811320755 0.4267578125 0.26953125 0.4208984375 0.2636718754716981 0.3876953125 0.2490234377358491 0.384765625 0.2534179688679245 0.38671875 0.2651367188679245 0.400390625 0.2973632811320755 0.416015625 0.3295898433962264 0.4189453125 0.3339843754716981 0.4228515625 0.33691406226415094 0.4267578125 0.33691406226415094 0.431640625 0.3237304688679245
20 0.482421875 0.11279296886792453 0.482421875 0.10986328113207547 0.4501953125 0.07910156226415094 0.4384765625 0.07910156226415094 0.435546875 0.08349609339622642 0.435546875 0.08642578113207547 0.451171875 0.14501953113207547 0.4541015625 0.14941406226415094 0.4599609375 0.15234375 0.4658203125 0.14941406226415094 0.470703125 0.1420898433962264 0.482421875 0.11279296886792453
20 0.3466796875 0.18164062452830187 0.34375 0.1860351566037736 0.337890625 0.2006835933962264 0.337890625 0.20361328113207547 0.3623046875 0.22558593773584906 0.3642578125 0.22558593773584906 0.37109375 0.21533203113207547 0.388671875 0.1743164066037736 0.3740234375 0.15234375 0.3466796875 0.18164062452830187
20 0.3076171875 0.38671875 0.306640625 0.3881835933962264 0.30078125 0.4116210933962264 0.30078125 0.4204101566037736 0.3154296875 0.44238281226415094 0.3388671875 0.45996093773584906 0.34765625 0.4379882811320755 0.3193359375 0.39550781226415094 0.3115234375 0.38671875 0.3076171875 0.38671875
20 0.451171875 0.22998046886792453 0.4482421875 0.22558593773584906 0.4462890625 0.22558593773584906 0.4453125 0.22705078113207547 0.44140625 0.2358398433962264 0.44140625 0.2504882811320755 0.443359375 0.2563476566037736 0.4462890625 0.26074218773584906 0.451171875 0.2563476566037736 0.455078125 0.2446289066037736 0.455078125 0.2416992188679245 0.451171875 0.22998046886792453
20 0.291015625 0.7573242188679246 0.2890625 0.7368164066037736 0.283203125 0.7250976566037736 0.2783203125 0.717773437735849 0.2724609375 0.71484375 0.2705078125 0.71484375 0.263671875 0.7250976566037736 0.259765625 0.7426757811320754 0.263671875 0.7690429688679246 0.28125 0.8012695311320754 0.2822265625 0.8027343745283019 0.2861328125 0.8027343745283019 0.287109375 0.8012695311320754 0.291015625 0.7690429688679246 0.291015625 0.7573242188679246
3 0.67578125 0.7368164066037736 0.6611328125 0.71484375 0.6435546875 0.71484375 0.63671875 0.7280273433962264 0.625 0.7573242188679246 0.62890625 0.7661132811320754 0.6513671875 0.796875 0.6630859375 0.805664062264151 0.6669921875 0.805664062264151 0.6796875 0.7661132811320754 0.6796875 0.7602539066037736 0.67578125 0.7368164066037736
20 0.5810546875 0.2578125 0.580078125 0.2592773433962264 0.568359375 0.3325195311320755 0.568359375 0.3500976566037736 0.5693359375 0.3515625 0.6005859375 0.33984375 0.6123046875 0.328125 0.6171875 0.3208007811320755 0.6171875 0.3061523433962264 0.5810546875 0.2578125
1 0.53125 0.21533203113207547 0.529296875 0.2094726566037736 0.5224609375 0.19921875 0.5146484375 0.19335937547169813 0.4990234375 0.19042968773584906 0.4931640625 0.19335937547169813 0.4853515625 0.19921875 0.48046875 0.20654296886792453 0.48046875 0.2094726566037736 0.4873046875 0.21972656226415094 0.5205078125 0.2636718754716981 0.5234375 0.2592773433962264 0.529296875 0.2416992188679245 0.53125 0.2329101566037736 0.53125 0.21533203113207547
9 0.4228515625 0.5097656245283019 0.4111328125 0.5097656245283019 0.4052734375 0.515625 0.40234375 0.5200195311320754 0.404296875 0.5258789066037736 0.4072265625 0.530273437735849 0.4130859375 0.5332031245283019 0.4189453125 0.52734375 0.423828125 0.5200195311320754 0.423828125 0.5112304688679246 0.4228515625 0.5097656245283019
9 0.5009765625 0.6503906245283019 0.498046875 0.6547851566037736 0.49609375 0.6606445311320754 0.49609375 0.6723632811320754 0.4990234375 0.676757812264151 0.5029296875 0.676757812264151 0.509765625 0.6665039066037736 0.509765625 0.6518554688679246 0.5087890625 0.6503906245283019 0.5009765625 0.6503906245283019
20 0.7099609375 0.46582031226415094 0.6826171875 0.4453125 0.6787109375 0.4453125 0.673828125 0.4526367188679245 0.673828125 0.4731445311320755 0.67578125 0.4819335933962264 0.6806640625 0.489257812264151 0.7177734375 0.489257812264151 0.71875 0.48779296886792456 0.716796875 0.4760742188679245 0.7099609375 0.46582031226415094
13 0.4072265625 0.670898437735849 0.3876953125 0.6738281245283019 0.38671875 0.6752929688679246 0.38671875 0.6782226566037736 0.3896484375 0.682617187735849 0.4013671875 0.694335937735849 0.404296875 0.6899414066037736 0.408203125 0.6782226566037736 0.408203125 0.6723632811320754 0.4072265625 0.670898437735849
21 0.41796875 0.5786132811320754 0.4169921875 0.577148437735849 0.3837890625 0.565429687735849 0.337890625 0.6342773433962264 0.3359375 0.6401367188679246 0.3369140625 0.641601562264151 0.3701171875 0.670898437735849 0.3779296875 0.6738281245283019 0.3837890625 0.670898437735849 0.4130859375 0.64453125 0.416015625 0.6401367188679246 0.41796875 0.5786132811320754
5 0.29296875 0.5668945311320754 0.2685546875 0.530273437735849 0.2626953125 0.524414062264151 0.2587890625 0.5214843754716981 0.2568359375 0.5214843754716981 0.2509765625 0.52734375 0.248046875 0.5317382811320754 0.24609375 0.5522460933962264 0.24609375 0.5903320311320754 0.25 0.6166992188679246 0.2685546875 0.653320312264151 0.2998046875 0.65625 0.3125 0.6372070311320754 0.296875 0.5786132811320754 0.29296875 0.5668945311320754