14 0.3193359375 0.676757812264151 0.3173828125 0.676757812264151 0.3125 0.6840820311320754 0.3125 0.6928710933962264 0.314453125 0.6987304688679246 0.3193359375 0.7089843754716981 0.3330078125 0.71484375 0.33984375 0.7045898433962264 0.337890625 0.6958007811320754 0.3193359375 0.676757812264151
18 0.3896484375 0.618164062264151 0.39453125 0.6079101566037736 0.396484375 0.5961914066037736 0.396484375 0.5639648433962264 0.39453125 0.5522460933962264 0.390625 0.5434570311320754 0.3857421875 0.536132812264151 0.3818359375 0.5332031245283019 0.3740234375 0.530273437735849 0.3701171875 0.5332031245283019 0.36328125 0.5434570311320754 0.361328125 0.5493164066037736 0.359375 0.5639648433962264 0.361328125 0.5903320311320754 0.36328125 0.5991210933962264 0.3671875 0.6108398433962264 0.3740234375 0.62109375 0.3779296875 0.624023437735849 0.3818359375 0.624023437735849 0.3896484375 0.618164062264151
9 0.609375 0.13623046886792453 0.6064453125 0.13183593773584906 0.6005859375 0.13183593773584906 0.58984375 0.14794921886792453 0.58984375 0.1538085933962264 0.5927734375 0.15820312452830187 0.5986328125 0.15820312452830187 0.6064453125 0.15234375 0.611328125 0.14501953113207547 0.611328125 0.1420898433962264 0.609375 0.13623046886792453
9 0.6962890625 0.29003906226415094 0.6865234375 0.27832031226415094 0.6845703125 0.27832031226415094 0.681640625 0.2827148433962264 0.681640625 0.2915039066037736 0.6884765625 0.30761718773584906 0.6923828125 0.3105468754716981 0.6962890625 0.3105468754716981 0.701171875 0.3032226566037736 0.701171875 0.2973632811320755 0.6962890625 0.29003906226415094
9 0.296875 0.4233398433962264 0.294921875 0.4145507811320755 0.2900390625 0.40722656226415094 0.2841796875 0.40722656226415094 0.27734375 0.4174804688679245 0.27734375 0.4350585933962264 0.2841796875 0.4453125 0.2900390625 0.44824218773584906 0.2978515625 0.44824218773584906 0.298828125 0.4467773433962264 0.298828125 0.4409179688679245 0.296875 0.4233398433962264
9 0.458984375 0.4438476566037736 0.45703125 0.4379882811320755 0.4501953125 0.4277343745283019 0.4443359375 0.4277343745283019 0.439453125 0.4350585933962264 0.439453125 0.4379882811320755 0.44140625 0.4438476566037736 0.4443359375 0.44824218773584906 0.4521484375 0.45410156226415094 0.4580078125 0.45410156226415094 0.458984375 0.4526367188679245 0.458984375 0.4438476566037736
9 0.5791015625 0.36328125 0.5751953125 0.36328125 0.57421875 0.3647460933962264 0.572265625 0.3706054688679245 0.57421875 0.3881835933962264 0.5791015625 0.39550781226415094 0.5869140625 0.39550781226415094 0.58984375 0.3911132811320755 0.58984375 0.3764648433962264 0.5830078125 0.36621093773584906 0.5791015625 0.36328125
9 0.6796875 0.3676757811320755 0.6767578125 0.36328125 0.6708984375 0.36328125 0.666015625 0.3706054688679245 0.666015625 0.3793945311320755 0.669921875 0.3911132811320755 0.6748046875 0.3984375 0.6767578125 0.3984375 0.6796875 0.3940429688679245 0.681640625 0.3735351566037736 0.6796875 0.3676757811320755
9 0.7138671875 0.571289062264151 0.7060546875 0.571289062264151 0.703125 0.5756835933962264 0.703125 0.5815429688679246 0.7099609375 0.5917968754716981 0.7158203125 0.594726562264151 0.7236328125 0.594726562264151 0.7265625 0.5903320311320754 0.724609375 0.5844726566037736 0.7138671875 0.571289062264151
9 0.66015625 0.5229492188679246 0.658203125 0.5170898433962264 0.6552734375 0.512695312264151 0.6513671875 0.512695312264151 0.6474609375 0.515625 0.64453125 0.5200195311320754 0.64453125 0.5258789066037736 0.6484375 0.5375976566037736 0.6533203125 0.5449218754716981 0.6591796875 0.5449218754716981 0.662109375 0.5405273433962264 0.662109375 0.5346679688679246 0.66015625 0.5229492188679246
9 0.48046875 0.5288085933962264 0.4765625 0.5141601566037736 0.4736328125 0.5097656245283019 0.4677734375 0.5097656245283019 0.462890625 0.5170898433962264 0.462890625 0.5200195311320754 0.46484375 0.5258789066037736 0.4736328125 0.5390625 0.4755859375 0.5390625 0.4794921875 0.536132812264151 0.48046875 0.5346679688679246 0.48046875 0.5288085933962264