3 0.3203125 0.5727539066037736 0.33203125 0.5112304688679246 0.33203125 0.5024414066037736 0.3291015625 0.4980468754716982 0.3232421875 0.4921875 0.2470703125 0.421875 0.24609375 0.4233398433962264 0.2421875 0.4379882811320755 0.208984375 0.5815429688679246 0.20703125 0.5932617188679246 0.20703125 0.6079101566037736 0.2109375 0.6225585933962264 0.248046875 0.7426757811320754 0.2490234375 0.7441406245283019 0.2509765625 0.7441406245283019 0.25390625 0.7397460933962264 0.3203125 0.5727539066037736
3 0.4130859375 0.7441406245283019 0.4169921875 0.747070312264151 0.4228515625 0.747070312264151 0.48046875 0.6079101566037736 0.4150390625 0.50390625 0.3779296875 0.48046875 0.3720703125 0.48046875 0.3564453125 0.489257812264151 0.3369140625 0.515625 0.3359375 0.5170898433962264 0.3359375 0.5317382811320754 0.337890625 0.5434570311320754 0.34375 0.5668945311320754 0.3828125 0.6811523433962264 0.392578125 0.7075195311320754 0.396484375 0.7163085933962264 0.4130859375 0.7441406245283019
20 0.455078125 0.2622070311320755 0.4482421875 0.2519531245283019 0.4404296875 0.2519531245283019 0.4365234375 0.25488281226415094 0.435546875 0.2563476566037736 0.43359375 0.2651367188679245 0.431640625 0.2885742188679245 0.431640625 0.3032226566037736 0.4599609375 0.36621093773584906 0.4609375 0.3647460933962264 0.462890625 0.3559570311320755 0.462890625 0.3120117188679245 0.4609375 0.2827148433962264 0.455078125 0.2622070311320755
20 0.353515625 0.7807617188679246 0.33984375 0.7456054688679246 0.3291015625 0.729492187735849 0.3017578125 0.7324218754716981 0.30078125 0.7338867188679246 0.3046875 0.7426757811320754 0.3203125 0.7719726566037736 0.3271484375 0.782226562264151 0.3330078125 0.788085937735849 0.3388671875 0.788085937735849 0.3525390625 0.782226562264151 0.353515625 0.7807617188679246
20 0.505859375 0.6489257811320754 0.5048828125 0.647460937735849 0.5029296875 0.647460937735849 0.490234375 0.6694335933962264 0.486328125 0.7016601566037736 0.4921875 0.7338867188679246 0.4951171875 0.73828125 0.4990234375 0.741210937735849 0.5068359375 0.741210937735849 0.51171875 0.7338867188679246 0.517578125 0.7133789066037736 0.505859375 0.6489257811320754
20 0.552734375 0.5932617188679246 0.5361328125 0.541992187735849 0.5322265625 0.541992187735849 0.5205078125 0.547851562264151 0.515625 0.5522460933962264 0.51171875 0.5639648433962264 0.515625 0.5874023433962264 0.533203125 0.6313476566037736 0.5361328125 0.635742187735849 0.5390625 0.6313476566037736 0.548828125 0.6108398433962264 0.552734375 0.5961914066037736 0.552734375 0.5932617188679246
20 0.490234375 0.3999023433962264 0.482421875 0.3764648433962264 0.4794921875 0.37207031226415094 0.4716796875 0.375 0.46875 0.3793945311320755 0.466796875 0.3852539066037736 0.466796875 0.3881835933962264 0.470703125 0.4321289066037736 0.4775390625 0.44238281226415094 0.4833984375 0.44238281226415094 0.4873046875 0.4394531245283019 0.490234375 0.4321289066037736 0.490234375 0.3999023433962264
13 0.57421875 0.1274414066037736 0.56640625 0.10986328113207547 0.5478515625 0.07910156226415094 0.5380859375 0.07324218773584906 0.5244140625 0.06738281226415094 0.5166015625 0.06738281226415094 0.515625 0.06884765660377358 0.513671875 0.07470703113207547 0.513671875 0.09228515660377358 0.529296875 0.17138671886792453 0.5322265625 0.17578125 0.5361328125 0.17871093773584906 0.5712890625 0.140625 0.57421875 0.13623046886792453 0.57421875 0.1274414066037736
13 0.62890625 0.23876953113207547 0.638671875 0.2094726566037736 0.638671875 0.14794921886792453 0.6337890625 0.140625 0.5947265625 0.140625 0.58984375 0.14794921886792453 0.58984375 0.1625976566037736 0.59375 0.1889648433962264 0.607421875 0.2358398433962264 0.6103515625 0.24023437452830187 0.6142578125 0.2431640622641509 0.6240234375 0.2431640622641509 0.62890625 0.23876953113207547
13 0.564453125 0.2592773433962264 0.564453125 0.2329101566037736 0.5625 0.22705078113207547 0.5576171875 0.21972656226415094 0.5556640625 0.21972656226415094 0.5009765625 0.24023437452830187 0.498046875 0.2475585933962264 0.494140625 0.3002929688679245 0.4970703125 0.3046875 0.5361328125 0.34863281226415094 0.5400390625 0.3515625 0.5498046875 0.3515625 0.55859375 0.3383789066037736 0.5625 0.3178710933962264 0.564453125 0.2592773433962264
13 0.6279296875 0.4277343745283019 0.6328125 0.4204101566037736 0.6328125 0.4086914066037736 0.6025390625 0.37207031226415094 0.5986328125 0.37207031226415094 0.5830078125 0.38964843773584906 0.55859375 0.4233398433962264 0.5546875 0.4467773433962264 0.5546875 0.4526367188679245 0.556640625 0.4584960933962264 0.5595703125 0.4628906245283019 0.5673828125 0.46875 0.5751953125 0.46875 0.6220703125 0.43359375 0.6279296875 0.4277343745283019
1 0.650390625 0.7924804688679246 0.65625 0.7719726566037736 0.654296875 0.7661132811320754 0.6416015625 0.747070312264151 0.6376953125 0.7441406245283019 0.6298828125 0.7441406245283019 0.6259765625 0.747070312264151 0.62109375 0.7573242188679246 0.619140625 0.7631835933962264 0.619140625 0.7690429688679246 0.62109375 0.7778320311320754 0.623046875 0.7836914066037736 0.6318359375 0.796875 0.6357421875 0.799804687735849 0.6416015625 0.799804687735849 0.650390625 0.7924804688679246
14 0.5830078125 0.700195312264151 0.5654296875 0.700195312264151 0.5625 0.7045898433962264 0.5625 0.7104492188679246 0.5654296875 0.71484375 0.5849609375 0.7265625 0.5869140625 0.7265625 0.58984375 0.7221679688679246 0.58984375 0.7133789066037736 0.5830078125 0.700195312264151
14 0.611328125 0.6870117188679246 0.6025390625 0.6738281245283019 0.5986328125 0.670898437735849 0.595703125 0.6752929688679246 0.599609375 0.6958007811320754 0.6083984375 0.7089843754716981 0.6162109375 0.717773437735849 0.6181640625 0.717773437735849 0.62109375 0.7133789066037736 0.62109375 0.7045898433962264 0.611328125 0.6870117188679246
14 0.662109375 0.7221679688679246 0.662109375 0.7163085933962264 0.66015625 0.7104492188679246 0.6552734375 0.703125 0.6474609375 0.700195312264151 0.6357421875 0.700195312264151 0.62890625 0.7104492188679246 0.62890625 0.7133789066037736 0.6298828125 0.71484375 0.6416015625 0.723632812264151 0.6572265625 0.7324218754716981 0.6591796875 0.7324218754716981 0.66015625 0.7309570311320754 0.662109375 0.7221679688679246
14 0.6904296875 0.670898437735849 0.6630859375 0.659179687735849 0.6611328125 0.659179687735849 0.66015625 0.6606445311320754 0.66015625 0.6782226566037736 0.6650390625 0.6855468754716981 0.6748046875 0.69140625 0.6806640625 0.69140625 0.69140625 0.6782226566037736 0.69140625 0.6723632811320754 0.6904296875 0.670898437735849
14 0.6240234375 0.612304687735849 0.6162109375 0.609375 0.6083984375 0.609375 0.603515625 0.6166992188679246 0.603515625 0.6196289066037736 0.6064453125 0.624023437735849 0.6337890625 0.6328125 0.63671875 0.6284179688679246 0.63671875 0.6254882811320754 0.6318359375 0.618164062264151 0.6240234375 0.612304687735849
14 0.576171875 0.5493164066037736 0.57421875 0.5551757811320754 0.57421875 0.5581054688679246 0.58507756 0.5772434056603774 0.5892812525 0.5789630981132076 0.603515625 0.5698242188679246 0.5849609375 0.541992187735849 0.5810546875 0.541992187735849 0.576171875 0.5493164066037736
14 0.5322265625 0.48046875 0.5205078125 0.4863281245283018 0.51953125 0.48779296886792456 0.509765625 0.5053710933962264 0.509765625 0.5112304688679246 0.5107421875 0.512695312264151 0.5341796875 0.500976562264151 0.5390625 0.4907226566037736 0.5390625 0.48486328113207544 0.5361328125 0.48046875 0.5322265625 0.48046875
14 0.5224609375 0.38964843773584906 0.5126953125 0.40136718773584906 0.51171875 0.4028320311320755 0.521484375 0.4262695311320755 0.5263671875 0.43359375 0.5380859375 0.43359375 0.541015625 0.4291992188679245 0.541015625 0.4233398433962264 0.5244140625 0.38964843773584906 0.5224609375 0.38964843773584906
14 0.3916015625 0.14941406226415094 0.3818359375 0.140625 0.3740234375 0.14355468773584906 0.37109375 0.14794921886792453 0.37109375 0.15966796886792453 0.3740234375 0.1640625 0.3857421875 0.17578125 0.3955078125 0.16992187547169813 0.396484375 0.16845703113207547 0.396484375 0.15673828113207547 0.3916015625 0.14941406226415094
3 0.712890625 0.6489257811320754 0.712890625 0.6430664066037736 0.708984375 0.6342773433962264 0.7060546875 0.629882812264151 0.6982421875 0.62109375 0.6884765625 0.62109375 0.685546875 0.6254882811320754 0.685546875 0.6313476566037736 0.6875 0.6372070311320754 0.6904296875 0.641601562264151 0.6982421875 0.647460937735849 0.7099609375 0.6503906245283019 0.7119140625 0.6503906245283019 0.712890625 0.6489257811320754
13 0.7138671875 0.5859375 0.712890625 0.5874023433962264 0.701171875 0.6166992188679246 0.7041015625 0.62109375 0.7099609375 0.618164062264151 0.7265625 0.6049804688679246 0.7265625 0.5991210933962264 0.7255859375 0.59765625 0.7158203125 0.5859375 0.7138671875 0.5859375
13 0.6943359375 0.31640625 0.693359375 0.3178710933962264 0.69140625 0.3237304688679245 0.69140625 0.3266601566037736 0.6962890625 0.33691406226415094 0.7001953125 0.33691406226415094 0.7138671875 0.32519531226415094 0.716796875 0.3208007811320755 0.7138671875 0.31640625 0.6943359375 0.31640625
21 0.7138671875 0.31933593773584906 0.6962890625 0.31640625 0.5986328125 0.3222656245283019 0.59765625 0.3237304688679245 0.673828125 0.4790039066037736 0.7001953125 0.5214843754716981 0.70703125 0.5112304688679246 0.740234375 0.4321289066037736 0.740234375 0.4262695311320755 0.732421875 0.3383789066037736 0.7138671875 0.31933593773584906
21 0.3291015625 0.41015625 0.333984375 0.4057617188679245 0.361328125 0.3588867188679245 0.39453125 0.2651367188679245 0.396484375 0.2592773433962264 0.396484375 0.2563476566037736 0.39453125 0.2504882811320755 0.3779296875 0.22851562452830187 0.3271484375 0.19921875 0.2958984375 0.20507812452830187 0.2900390625 0.20800781226415094 0.2822265625 0.21386718773584906 0.2763671875 0.21972656226415094 0.275390625 0.2211914066037736 0.275390625 0.2446289066037736 0.27734375 0.3940429688679245 0.279296875 0.3999023433962264 0.2822265625 0.4042968745283019 0.2861328125 0.40722656226415094 0.3115234375 0.41015625 0.3291015625 0.41015625