27 0.322265625 0.2329101566037736 0.322265625 0.22998046886792453 0.3017578125 0.19921875 0.2958984375 0.19921875 0.2763671875 0.20507812452830187 0.2724609375 0.20800781226415094 0.255859375 0.23876953113207547 0.244140625 0.2768554688679245 0.244140625 0.2973632811320755 0.24609375 0.3032226566037736 0.2529296875 0.31347656226415094 0.2626953125 0.31347656226415094 0.2666015625 0.3105468754716981 0.3212890625 0.234375 0.322265625 0.2329101566037736
27 0.40234375 0.23876953113207547 0.39453125 0.21533203113207547 0.3671875 0.14794921886792453 0.3642578125 0.14355468773584906 0.3564453125 0.14355468773584906 0.3447265625 0.15234375 0.3359375 0.1625976566037736 0.333984375 0.17138671886792453 0.333984375 0.19189453113207547 0.3515625 0.2739257811320755 0.3544921875 0.27832031226415094 0.3564453125 0.27832031226415094 0.4013671875 0.2490234377358491 0.40234375 0.2475585933962264 0.40234375 0.23876953113207547
27 0.46484375 0.11279296886792453 0.4619140625 0.10546875 0.4072265625 0.08496093773584906 0.396484375 0.10400390660377358 0.37890625 0.1391601566037736 0.37890625 0.1538085933962264 0.380859375 0.1625976566037736 0.3828125 0.16845703113207547 0.3896484375 0.17871093773584906 0.3974609375 0.17871093773584906 0.46484375 0.1274414066037736 0.46484375 0.11279296886792453
27 0.583984375 0.11572265660377358 0.5810546875 0.11132812452830189 0.5302734375 0.08203125 0.5126953125 0.08203125 0.4658203125 0.11132812452830189 0.46484375 0.11279296886792453 0.46484375 0.1303710933962264 0.5087890625 0.18457031226415094 0.5166015625 0.19042968773584906 0.5205078125 0.19042968773584906 0.5810546875 0.12304687547169811 0.583984375 0.11865234339622642 0.583984375 0.11572265660377358
27 0.63671875 0.22705078113207547 0.6318359375 0.21972656226415094 0.5888671875 0.1875 0.5830078125 0.1875 0.55078125 0.2329101566037736 0.546875 0.2416992188679245 0.548828125 0.2563476566037736 0.5517578125 0.26074218773584906 0.5576171875 0.2636718754716981 0.6318359375 0.26660156226415094 0.638671875 0.2563476566037736 0.638671875 0.2329101566037736 0.63671875 0.22705078113207547
27 0.51171875 0.3002929688679245 0.509765625 0.2915039066037736 0.482421875 0.22705078113207547 0.4658203125 0.20214843773584906 0.4580078125 0.20214843773584906 0.4521484375 0.20800781226415094 0.4453125 0.21826171886792453 0.4453125 0.22998046886792453 0.447265625 0.23876953113207547 0.474609375 0.2915039066037736 0.4873046875 0.3105468754716981 0.5107421875 0.31347656226415094 0.51171875 0.3120117188679245 0.51171875 0.3002929688679245
27 0.421875 0.3735351566037736 0.421875 0.3618164066037736 0.419921875 0.3530273433962264 0.3974609375 0.31933593773584906 0.3837890625 0.30175781226415094 0.3779296875 0.30175781226415094 0.3349609375 0.31933593773584906 0.330078125 0.3266601566037736 0.330078125 0.3354492188679245 0.3349609375 0.34277343773584906 0.3408203125 0.34863281226415094 0.4013671875 0.3984375 0.4091796875 0.3984375 0.41796875 0.3881835933962264 0.421875 0.3735351566037736
27 0.28125 0.3852539066037736 0.2783203125 0.3808593754716981 0.2666015625 0.37207031226415094 0.2392578125 0.35449218773584906 0.2158203125 0.3457031245283019 0.2080078125 0.3457031245283019 0.203125 0.3500976566037736 0.19921875 0.3618164066037736 0.197265625 0.3706054688679245 0.201171875 0.3793945311320755 0.2177734375 0.3925781245283019 0.2529296875 0.41015625 0.2763671875 0.41015625 0.27734375 0.4086914066037736 0.28125 0.3881835933962264 0.28125 0.3852539066037736
27 0.353515625 0.4379882811320755 0.353515625 0.4350585933962264 0.349609375 0.4204101566037736 0.326171875 0.3647460933962264 0.3232421875 0.36035156226415094 0.3193359375 0.3574218754716981 0.3076171875 0.36035156226415094 0.3037109375 0.36328125 0.296875 0.3735351566037736 0.294921875 0.3823242188679245 0.31640625 0.49658203113207544 0.3193359375 0.500976562264151 0.3212890625 0.500976562264151 0.3349609375 0.495117187735849 0.337890625 0.4907226566037736 0.34765625 0.4614257811320755 0.353515625 0.4379882811320755
27 0.25 0.5258789066037736 0.2099609375 0.43652343773584906 0.1943359375 0.43652343773584906 0.1904296875 0.4394531245283019 0.1875 0.4467773433962264 0.185546875 0.4614257811320755 0.185546875 0.5288085933962264 0.189453125 0.5493164066037736 0.1923828125 0.5566406245283019 0.2509765625 0.5390625 0.251953125 0.5375976566037736 0.251953125 0.5317382811320754 0.25 0.5258789066037736
27 0.2978515625 0.600585937735849 0.30078125 0.5961914066037736 0.302734375 0.5903320311320754 0.306640625 0.5405273433962264 0.306640625 0.5229492188679246 0.30078125 0.49951171886792456 0.2998046875 0.4980468754716982 0.2587890625 0.4746093745283019 0.2548828125 0.4746093745283019 0.2451171875 0.483398437735849 0.2421875 0.48779296886792456 0.2421875 0.4936523433962264 0.26953125 0.6020507811320754 0.2724609375 0.606445312264151 0.2763671875 0.609375 0.2841796875 0.609375 0.2900390625 0.606445312264151 0.2978515625 0.600585937735849
27 0.404296875 0.5112304688679246 0.3916015625 0.4863281245283018 0.3837890625 0.47753906226415094 0.3505859375 0.48046875 0.34765625 0.48486328113207544 0.34375 0.4936523433962264 0.3974609375 0.583007812264151 0.4052734375 0.583007812264151 0.4091796875 0.5800781245283019 0.41796875 0.5668945311320754 0.41796875 0.5581054688679246 0.40625 0.5170898433962264 0.404296875 0.5112304688679246
27 0.498046875 0.48486328113207544 0.48828125 0.3530273433962264 0.4873046875 0.3515625 0.4833984375 0.3515625 0.4384765625 0.41308593773584906 0.43359375 0.4204101566037736 0.431640625 0.4321289066037736 0.42578125 0.5170898433962264 0.42578125 0.5317382811320754 0.4267578125 0.5332031245283019 0.4326171875 0.5332031245283019 0.4931640625 0.500976562264151 0.49609375 0.49658203113207544 0.498046875 0.4907226566037736 0.498046875 0.48486328113207544
27 0.603515625 0.4379882811320755 0.603515625 0.4350585933962264 0.6025390625 0.43359375 0.5361328125 0.3925781245283019 0.5302734375 0.3925781245283019 0.5234375 0.4028320311320755 0.5234375 0.4262695311320755 0.52734375 0.4379882811320755 0.5517578125 0.47167968773584906 0.5634765625 0.47753906226415094 0.5693359375 0.47753906226415094 0.599609375 0.4555664066037736 0.603515625 0.4379882811320755
27 0.724609375 0.4145507811320755 0.71875 0.3735351566037736 0.71484375 0.3530273433962264 0.7119140625 0.3457031245283019 0.7080078125 0.34277343773584906 0.6416015625 0.30761718773584906 0.6318359375 0.30761718773584906 0.62890625 0.3120117188679245 0.62890625 0.3178710933962264 0.65234375 0.3969726566037736 0.6572265625 0.41015625 0.6650390625 0.4160156245283019 0.7216796875 0.43652343773584906 0.724609375 0.4321289066037736 0.724609375 0.4145507811320755
27 0.716796875 0.6372070311320754 0.734375 0.5786132811320754 0.734375 0.5756835933962264 0.7001953125 0.524414062264151 0.6865234375 0.524414062264151 0.6513671875 0.5625 0.646484375 0.5698242188679246 0.64453125 0.5756835933962264 0.64453125 0.5903320311320754 0.6455078125 0.5917968754716981 0.6513671875 0.59765625 0.6591796875 0.6035156245283019 0.7138671875 0.6386718754716981 0.7158203125 0.6386718754716981 0.716796875 0.6372070311320754
27 0.6875 0.6577148433962264 0.6875 0.6518554688679246 0.68359375 0.6401367188679246 0.6767578125 0.629882812264151 0.6728515625 0.6269531245283019 0.6630859375 0.6269531245283019 0.6083984375 0.676757812264151 0.607421875 0.6782226566037736 0.609375 0.6958007811320754 0.6162109375 0.706054687735849 0.6240234375 0.711914062264151 0.6416015625 0.711914062264151 0.6708984375 0.688476562264151 0.677734375 0.6782226566037736 0.6875 0.6577148433962264
27 0.615234375 0.5756835933962264 0.6064453125 0.5625 0.5537109375 0.500976562264151 0.5478515625 0.4980468754716982 0.5419921875 0.4980468754716982 0.5380859375 0.500976562264151 0.533203125 0.5083007811320754 0.529296875 0.5200195311320754 0.529296875 0.5405273433962264 0.53125 0.5522460933962264 0.5615234375 0.6328125 0.5654296875 0.6328125 0.6123046875 0.5859375 0.615234375 0.5815429688679246 0.615234375 0.5756835933962264
27 0.34765625 0.6987304688679246 0.34765625 0.6840820311320754 0.337890625 0.6079101566037736 0.333984375 0.5844726566037736 0.3291015625 0.57421875 0.3212890625 0.571289062264151 0.3134765625 0.57421875 0.3046875 0.5874023433962264 0.302734375 0.6020507811320754 0.302734375 0.6166992188679246 0.30859375 0.6752929688679246 0.310546875 0.6811523433962264 0.3154296875 0.688476562264151 0.3408203125 0.706054687735849 0.3427734375 0.706054687735849 0.34765625 0.6987304688679246
27 0.2890625 0.7104492188679246 0.291015625 0.7016601566037736 0.27734375 0.6694335933962264 0.2607421875 0.647460937735849 0.2490234375 0.641601562264151 0.2412109375 0.641601562264151 0.232421875 0.6518554688679246 0.23046875 0.6577148433962264 0.23046875 0.6635742188679246 0.2578125 0.7690429688679246 0.2607421875 0.7734375 0.2685546875 0.770507812264151 0.271484375 0.7661132811320754 0.2734375 0.7602539066037736 0.2890625 0.7104492188679246
17 0.59765625 0.3823242188679245 0.599609375 0.3413085933962264 0.599609375 0.3354492188679245 0.5986328125 0.3339843754716981 0.5634765625 0.34863281226415094 0.560546875 0.3530273433962264 0.560546875 0.3559570311320755 0.5712890625 0.37207031226415094 0.5771484375 0.37792968773584906 0.5849609375 0.38378906226415094 0.5908203125 0.38671875 0.5947265625 0.38671875 0.59765625 0.3823242188679245
21 0.53125 0.6401367188679246 0.51171875 0.5903320311320754 0.5029296875 0.577148437735849 0.4970703125 0.571289062264151 0.4892578125 0.565429687735849 0.4833984375 0.5625 0.4814453125 0.5625 0.4599609375 0.57421875 0.38671875 0.6401367188679246 0.376953125 0.6811523433962264 0.376953125 0.6870117188679246 0.380859375 0.6987304688679246 0.3876953125 0.711914062264151 0.4150390625 0.7089843754716981 0.5302734375 0.64453125 0.53125 0.6430664066037736 0.53125 0.6401367188679246
9 0.376953125 0.8159179688679246 0.37890625 0.7836914066037736 0.37890625 0.7485351566037736 0.375 0.7338867188679246 0.3720703125 0.729492187735849 0.3505859375 0.723632812264151 0.34765625 0.7280273433962264 0.337890625 0.7485351566037736 0.333984375 0.7602539066037736 0.33203125 0.7719726566037736 0.330078125 0.7924804688679246 0.330078125 0.8100585933962264 0.337890625 0.8510742188679246 0.3447265625 0.858398437735849 0.3525390625 0.858398437735849 0.3603515625 0.852539062264151 0.375 0.8276367188679246 0.376953125 0.8159179688679246