7 0.6796875 0.3706054688679245 0.681640625 0.3647460933962264 0.681640625 0.3618164066037736 0.6650390625 0.33691406226415094 0.6220703125 0.3339843754716981 0.62109375 0.3354492188679245 0.615234375 0.3530273433962264 0.615234375 0.3588867188679245 0.6298828125 0.375 0.6396484375 0.3808593754716981 0.6533203125 0.38378906226415094 0.6591796875 0.38378906226415094 0.6767578125 0.375 0.6796875 0.3706054688679245
1 0.5791015625 0.45996093773584906 0.587890625 0.4467773433962264 0.587890625 0.4321289066037736 0.583984375 0.4145507811320755 0.5537109375 0.36035156226415094 0.5380859375 0.3808593754716981 0.537109375 0.3823242188679245 0.537109375 0.4291992188679245 0.5390625 0.4379882811320755 0.544921875 0.4526367188679245 0.5458984375 0.45410156226415094 0.5654296875 0.4628906245283019 0.5751953125 0.4628906245283019 0.5791015625 0.45996093773584906
1 0.58984375 0.2651367188679245 0.5888671875 0.2636718754716981 0.5869140625 0.2636718754716981 0.5751953125 0.26660156226415094 0.572265625 0.2709960933962264 0.5703125 0.2768554688679245 0.5703125 0.2885742188679245 0.572265625 0.2944335933962264 0.5771484375 0.30175781226415094 0.5810546875 0.3046875 0.5869140625 0.3046875 0.58984375 0.2973632811320755 0.58984375 0.2651367188679245
1 0.3291015625 0.635742187735849 0.318359375 0.6518554688679246 0.314453125 0.6635742188679246 0.314453125 0.6840820311320754 0.3154296875 0.6855468754716981 0.3486328125 0.6738281245283019 0.349609375 0.6723632811320754 0.349609375 0.6459960933962264 0.3427734375 0.635742187735849 0.3291015625 0.635742187735849
9 0.3876953125 0.29003906226415094 0.384765625 0.2944335933962264 0.3828125 0.3149414066037736 0.3876953125 0.3222656245283019 0.3955078125 0.3222656245283019 0.3984375 0.3178710933962264 0.3984375 0.3061523433962264 0.396484375 0.2973632811320755 0.3916015625 0.29003906226415094 0.3876953125 0.29003906226415094
9 0.470703125 0.3120117188679245 0.46875 0.3032226566037736 0.4658203125 0.2988281245283019 0.4541015625 0.2988281245283019 0.44921875 0.3061523433962264 0.447265625 0.3120117188679245 0.4453125 0.3295898433962264 0.4453125 0.3442382811320755 0.4501953125 0.3515625 0.4560546875 0.3515625 0.458984375 0.3471679688679245 0.466796875 0.3266601566037736 0.470703125 0.3149414066037736 0.470703125 0.3120117188679245
9 0.513671875 0.3706054688679245 0.5107421875 0.36621093773584906 0.5068359375 0.36621093773584906 0.4990234375 0.37207031226415094 0.49609375 0.3764648433962264 0.494140625 0.3823242188679245 0.494140625 0.3852539066037736 0.49609375 0.3911132811320755 0.4990234375 0.39550781226415094 0.5048828125 0.39550781226415094 0.509765625 0.3881835933962264 0.513671875 0.3735351566037736 0.513671875 0.3706054688679245
9 0.3154296875 0.31640625 0.3076171875 0.32519531226415094 0.302734375 0.3325195311320755 0.3076171875 0.33984375 0.3134765625 0.33984375 0.3232421875 0.3339843754716981 0.326171875 0.3295898433962264 0.326171875 0.3178710933962264 0.3251953125 0.31640625 0.3154296875 0.31640625
9 0.3271484375 0.36035156226415094 0.3134765625 0.36035156226415094 0.3125 0.3618164066037736 0.3125 0.3735351566037736 0.3154296875 0.37792968773584906 0.3251953125 0.38378906226415094 0.3291015625 0.3808593754716981 0.33203125 0.3764648433962264 0.33203125 0.3676757811320755 0.3271484375 0.36035156226415094
9 0.2509765625 0.48046875 0.255859375 0.4731445311320755 0.2578125 0.4672851566037736 0.2578125 0.4614257811320755 0.255859375 0.4555664066037736 0.2392578125 0.43359375 0.2353515625 0.43359375 0.232421875 0.4379882811320755 0.23046875 0.4438476566037736 0.23046875 0.4555664066037736 0.232421875 0.4643554688679245 0.236328125 0.4760742188679245 0.2392578125 0.48046875 0.2451171875 0.483398437735849 0.2470703125 0.483398437735849 0.2509765625 0.48046875
9 0.3037109375 0.4511718745283019 0.2958984375 0.4511718745283019 0.294921875 0.4526367188679245 0.29296875 0.4584960933962264 0.29296875 0.4643554688679245 0.296875 0.4819335933962264 0.2998046875 0.4863281245283018 0.3037109375 0.4863281245283018 0.306640625 0.4790039066037736 0.306640625 0.4555664066037736 0.3037109375 0.4511718745283019
9 0.2236328125 0.559570312264151 0.2197265625 0.559570312264151 0.2119140625 0.565429687735849 0.20703125 0.5727539066037736 0.20703125 0.5844726566037736 0.2119140625 0.588867187735849 0.2138671875 0.588867187735849 0.2177734375 0.5859375 0.2265625 0.5727539066037736 0.2265625 0.5639648433962264 0.2236328125 0.559570312264151
9 0.359375 0.5405273433962264 0.3583984375 0.5390625 0.3505859375 0.5390625 0.34765625 0.5434570311320754 0.34375 0.5551757811320754 0.34375 0.5639648433962264 0.3466796875 0.5683593754716981 0.3505859375 0.571289062264151 0.3525390625 0.571289062264151 0.3564453125 0.5683593754716981 0.359375 0.5610351566037736 0.359375 0.5405273433962264
9 0.646484375 0.6635742188679246 0.646484375 0.6489257811320754 0.64453125 0.6430664066037736 0.6416015625 0.6386718754716981 0.6162109375 0.6328125 0.6123046875 0.635742187735849 0.609375 0.6401367188679246 0.609375 0.6518554688679246 0.611328125 0.6577148433962264 0.6259765625 0.670898437735849 0.6337890625 0.676757812264151 0.6357421875 0.676757812264151 0.6396484375 0.6738281245283019 0.646484375 0.6635742188679246
9 0.56640625 0.6430664066037736 0.560546875 0.6284179688679246 0.5537109375 0.62109375 0.5478515625 0.618164062264151 0.5439453125 0.618164062264151 0.5400390625 0.62109375 0.537109375 0.6254882811320754 0.53515625 0.6313476566037736 0.5390625 0.6459960933962264 0.5419921875 0.6503906245283019 0.5556640625 0.6621093754716981 0.5576171875 0.6621093754716981 0.5615234375 0.659179687735849 0.56640625 0.6518554688679246 0.56640625 0.6430664066037736
9 0.4111328125 0.629882812264151 0.4072265625 0.629882812264151 0.4033203125 0.6328125 0.396484375 0.6430664066037736 0.396484375 0.6547851566037736 0.3994140625 0.659179687735849 0.4052734375 0.659179687735849 0.412109375 0.6489257811320754 0.4140625 0.6401367188679246 0.4140625 0.6342773433962264 0.4111328125 0.629882812264151
9 0.4755859375 0.588867187735849 0.4677734375 0.588867187735849 0.46484375 0.5932617188679246 0.46484375 0.6020507811320754 0.4716796875 0.612304687735849 0.4755859375 0.6152343754716981 0.4794921875 0.6152343754716981 0.484375 0.6108398433962264 0.484375 0.6020507811320754 0.4755859375 0.588867187735849
9 0.2919921875 0.76171875 0.296875 0.7543945311320754 0.296875 0.7368164066037736 0.2890625 0.7192382811320754 0.2802734375 0.7089843754716981 0.2783203125 0.7089843754716981 0.2734375 0.7163085933962264 0.271484375 0.7221679688679246 0.271484375 0.7280273433962264 0.2734375 0.7426757811320754 0.27734375 0.7573242188679246 0.2802734375 0.76171875 0.2841796875 0.764648437735849 0.2880859375 0.764648437735849 0.2919921875 0.76171875
14 0.68359375 0.48486328113207544 0.6826171875 0.483398437735849 0.6650390625 0.47167968773584906 0.6572265625 0.47167968773584906 0.654296875 0.4760742188679245 0.654296875 0.4790039066037736 0.6591796875 0.4863281245283018 0.6630859375 0.489257812264151 0.6689453125 0.4921875 0.6806640625 0.4921875 0.68359375 0.48779296886792456 0.68359375 0.48486328113207544