21 0.65234375 0.21533203113207547 0.6494140625 0.2109375 0.6064453125 0.16992187547169813 0.6025390625 0.16699218773584906 0.5966796875 0.16699218773584906 0.5791015625 0.17285156226415094 0.5732421875 0.17871093773584906 0.56640625 0.1889648433962264 0.544921875 0.2241210933962264 0.544921875 0.22998046886792453 0.6162109375 0.29589843773584906 0.6201171875 0.29589843773584906 0.6708984375 0.28417968773584906 0.671875 0.2827148433962264 0.671875 0.2797851566037736 0.65234375 0.21533203113207547
21 0.494140625 0.4790039066037736 0.48828125 0.4584960933962264 0.4833984375 0.4511718745283019 0.4404296875 0.4042968745283019 0.4287109375 0.39550781226415094 0.42578125 0.3999023433962264 0.427734375 0.49658203113207544 0.4296875 0.5053710933962264 0.455078125 0.5639648433962264 0.4560546875 0.565429687735849 0.4599609375 0.565429687735849 0.49609375 0.5258789066037736 0.494140625 0.4790039066037736
21 0.5478515625 0.29003906226415094 0.5234375 0.3120117188679245 0.515625 0.3735351566037736 0.515625 0.3852539066037736 0.51953125 0.4350585933962264 0.5205078125 0.43652343773584906 0.556640625 0.3706054688679245 0.5703125 0.3413085933962264 0.5703125 0.3383789066037736 0.5478515625 0.29003906226415094
6 0.671875 0.6577148433962264 0.681640625 0.6284179688679246 0.681640625 0.6254882811320754 0.6767578125 0.618164062264151 0.6533203125 0.609375 0.6455078125 0.6152343754716981 0.6123046875 0.647460937735849 0.5986328125 0.6621093754716981 0.59765625 0.6635742188679246 0.59765625 0.6665039066037736 0.599609375 0.6811523433962264 0.6005859375 0.682617187735849 0.6123046875 0.69140625 0.6259765625 0.694335937735849 0.6669921875 0.665039062264151 0.671875 0.6577148433962264
14 0.5634765625 0.6269531245283019 0.5498046875 0.612304687735849 0.5439453125 0.612304687735849 0.5390625 0.6196289066037736 0.54296875 0.6284179688679246 0.5517578125 0.641601562264151 0.5556640625 0.64453125 0.5634765625 0.64453125 0.56640625 0.6401367188679246 0.56640625 0.6313476566037736 0.5634765625 0.6269531245283019
14 0.3369140625 0.747070312264151 0.3330078125 0.747070312264151 0.33203125 0.7485351566037736 0.328125 0.7602539066037736 0.328125 0.7836914066037736 0.330078125 0.7954101566037736 0.3330078125 0.799804687735849 0.3388671875 0.799804687735849 0.33984375 0.7983398433962264 0.349609375 0.7602539066037736 0.3369140625 0.747070312264151
14 0.431640625 0.3002929688679245 0.4267578125 0.29296875 0.4228515625 0.29296875 0.3974609375 0.31640625 0.396484375 0.3178710933962264 0.396484375 0.3237304688679245 0.3974609375 0.32519531226415094 0.4072265625 0.328125 0.4111328125 0.32519531226415094 0.4306640625 0.3046875 0.431640625 0.3032226566037736 0.431640625 0.3002929688679245
14 0.3564453125 0.26074218773584906 0.3505859375 0.2578125 0.3486328125 0.2578125 0.34765625 0.2592773433962264 0.3359375 0.2856445311320755 0.3359375 0.2885742188679245 0.3388671875 0.29296875 0.3505859375 0.29296875 0.35546875 0.2856445311320755 0.357421875 0.2797851566037736 0.357421875 0.2622070311320755 0.3564453125 0.26074218773584906
3 0.44140625 0.17138671886792453 0.44140625 0.16845703113207547 0.4345703125 0.15820312452830187 0.4111328125 0.14648437547169813 0.4072265625 0.14648437547169813 0.3837890625 0.17578125 0.376953125 0.1860351566037736 0.375 0.19189453113207547 0.375 0.1977539066037736 0.38671875 0.2241210933962264 0.3876953125 0.22558593773584906 0.3896484375 0.22558593773584906 0.4365234375 0.18164062452830187 0.439453125 0.1772460933962264 0.44140625 0.17138671886792453
3 0.4033203125 0.45996093773584906 0.3876953125 0.45410156226415094 0.3837890625 0.45410156226415094 0.380859375 0.4584960933962264 0.380859375 0.48779296886792456 0.3828125 0.5346679688679246 0.3837890625 0.536132812264151 0.3857421875 0.536132812264151 0.41796875 0.48779296886792456 0.408203125 0.4672851566037736 0.4033203125 0.45996093773584906
3 0.376953125 0.6723632811320754 0.3896484375 0.700195312264151 0.4482421875 0.6621093754716981 0.470703125 0.6459960933962264 0.4521484375 0.594726562264151 0.4033203125 0.583007812264151 0.384765625 0.6020507811320754 0.376953125 0.6723632811320754
1 0.712890625 0.3530273433962264 0.7099609375 0.34863281226415094 0.7041015625 0.34277343773584906 0.6982421875 0.34277343773584906 0.6826171875 0.3515625 0.671875 0.3676757811320755 0.669921875 0.3735351566037736 0.66796875 0.3852539066037736 0.662109375 0.4321289066037736 0.6640625 0.4379882811320755 0.6748046875 0.45410156226415094 0.6962890625 0.48046875 0.703125 0.4731445311320755 0.728515625 0.4204101566037736 0.72265625 0.3793945311320755 0.712890625 0.3530273433962264
1 0.638671875 0.5112304688679246 0.6279296875 0.495117187735849 0.6201171875 0.4863281245283018 0.6083984375 0.47753906226415094 0.5869140625 0.47167968773584906 0.5771484375 0.47167968773584906 0.576171875 0.4731445311320755 0.603515625 0.5639648433962264 0.6083984375 0.57421875 0.6201171875 0.57421875 0.6376953125 0.5683593754716981 0.64453125 0.5581054688679246 0.64453125 0.5463867188679246 0.638671875 0.5112304688679246
20 0.267578125 0.5112304688679246 0.2548828125 0.4921875 0.2490234375 0.495117187735849 0.248046875 0.49658203113207544 0.240234375 0.5112304688679246 0.244140625 0.5522460933962264 0.2451171875 0.553710937735849 0.2900390625 0.57421875 0.291015625 0.5727539066037736 0.291015625 0.5698242188679246 0.279296875 0.5317382811320754 0.267578125 0.5112304688679246
21 0.2763671875 0.59765625 0.2626953125 0.594726562264151 0.26171875 0.5961914066037736 0.26171875 0.6518554688679246 0.2666015625 0.659179687735849 0.2763671875 0.665039062264151 0.2841796875 0.659179687735849 0.306640625 0.6313476566037736 0.2939453125 0.6152343754716981 0.2763671875 0.59765625
18 0.28515625 0.3793945311320755 0.287109375 0.3735351566037736 0.287109375 0.3588867188679245 0.28515625 0.3530273433962264 0.2802734375 0.3457031245283019 0.2705078125 0.33691406226415094 0.2626953125 0.3339843754716981 0.2490234375 0.3339843754716981 0.244140625 0.3413085933962264 0.244140625 0.3500976566037736 0.24609375 0.3559570311320755 0.2529296875 0.36621093773584906 0.2685546875 0.3808593754716981 0.2744140625 0.38378906226415094 0.2822265625 0.38378906226415094 0.28515625 0.3793945311320755