21 0.37890625 0.6079101566037736 0.333984375 0.5112304688679246 0.3330078125 0.5097656245283019 0.3271484375 0.5097656245283019 0.326171875 0.5112304688679246 0.2890625 0.6254882811320754 0.30078125 0.6694335933962264 0.3017578125 0.670898437735849 0.3642578125 0.6621093754716981 0.37109375 0.6518554688679246 0.380859375 0.6166992188679246 0.380859375 0.6137695311320754 0.37890625 0.6079101566037736
7 0.689453125 0.3500976566037736 0.69140625 0.3383789066037736 0.69140625 0.3090820311320755 0.671875 0.2211914066037736 0.669921875 0.21533203113207547 0.6611328125 0.20214843773584906 0.6494140625 0.19335937547169813 0.6435546875 0.19042968773584906 0.6259765625 0.19042968773584906 0.6103515625 0.19921875 0.607421875 0.20361328113207547 0.634765625 0.3588867188679245 0.638671875 0.3706054688679245 0.6396484375 0.37207031226415094 0.6591796875 0.37207031226415094 0.6728515625 0.36621093773584906 0.6826171875 0.36035156226415094 0.689453125 0.3500976566037736
3 0.5634765625 0.22265625 0.5458984375 0.22265625 0.5048828125 0.22558593773584906 0.4853515625 0.2431640622641509 0.4775390625 0.2519531245283019 0.46875 0.2680664066037736 0.466796875 0.2739257811320755 0.46484375 0.2885742188679245 0.46484375 0.2944335933962264 0.47265625 0.3530273433962264 0.4736328125 0.35449218773584906 0.5185546875 0.3339843754716981 0.533203125 0.3149414066037736 0.564453125 0.2241210933962264 0.5634765625 0.22265625
3 0.38671875 0.3090820311320755 0.38671875 0.3002929688679245 0.3837890625 0.29589843773584906 0.3740234375 0.29589843773584906 0.3486328125 0.2988281245283019 0.345703125 0.3032226566037736 0.345703125 0.3149414066037736 0.3505859375 0.3222656245283019 0.3564453125 0.328125 0.3759765625 0.3339843754716981 0.3798828125 0.3339843754716981 0.384765625 0.3266601566037736 0.38671875 0.3090820311320755
3 0.4501953125 0.629882812264151 0.4443359375 0.629882812264151 0.435546875 0.6372070311320754 0.43359375 0.6518554688679246 0.43359375 0.6606445311320754 0.435546875 0.6665039066037736 0.4443359375 0.676757812264151 0.4580078125 0.6796875 0.46875 0.6489257811320754 0.4638671875 0.641601562264151 0.4501953125 0.629882812264151
1 0.73828125 0.6196289066037736 0.73828125 0.6049804688679246 0.7314453125 0.594726562264151 0.7275390625 0.5917968754716981 0.7216796875 0.5917968754716981 0.7001953125 0.600585937735849 0.6904296875 0.606445312264151 0.6865234375 0.609375 0.6728515625 0.6269531245283019 0.671875 0.6284179688679246 0.671875 0.6313476566037736 0.6904296875 0.65625 0.7099609375 0.65625 0.7216796875 0.647460937735849 0.7275390625 0.641601562264151 0.732421875 0.6342773433962264 0.73828125 0.6196289066037736
20 0.662109375 0.4291992188679245 0.6591796875 0.42480468773584906 0.6552734375 0.421875 0.6494140625 0.421875 0.6455078125 0.42480468773584906 0.640625 0.4321289066037736 0.638671875 0.4379882811320755 0.638671875 0.4819335933962264 0.6396484375 0.483398437735849 0.6435546875 0.483398437735849 0.6474609375 0.48046875 0.658203125 0.4643554688679245 0.662109375 0.4467773433962264 0.662109375 0.4291992188679245
3 0.5595703125 0.688476562264151 0.5556640625 0.688476562264151 0.5517578125 0.69140625 0.548828125 0.6958007811320754 0.548828125 0.7075195311320754 0.5537109375 0.71484375 0.5673828125 0.71484375 0.5703125 0.7104492188679246 0.5703125 0.7016601566037736 0.5654296875 0.694335937735849 0.5595703125 0.688476562264151
18 0.4541015625 0.5625 0.4462890625 0.565429687735849 0.4453125 0.5668945311320754 0.44140625 0.5756835933962264 0.44140625 0.5786132811320754 0.4443359375 0.5859375 0.4658203125 0.583007812264151 0.46875 0.5786132811320754 0.46875 0.5756835933962264 0.4619140625 0.565429687735849 0.4541015625 0.5625
12 0.640625 0.7016601566037736 0.642578125 0.6928710933962264 0.642578125 0.6840820311320754 0.640625 0.6782226566037736 0.6337890625 0.66796875 0.6298828125 0.665039062264151 0.6201171875 0.665039062264151 0.6162109375 0.66796875 0.6015625 0.6899414066037736 0.6015625 0.6928710933962264 0.603515625 0.6987304688679246 0.6103515625 0.7089843754716981 0.6162109375 0.711914062264151 0.6279296875 0.71484375 0.6357421875 0.7089843754716981 0.640625 0.7016601566037736
14 0.6142578125 0.553710937735849 0.6015625 0.5727539066037736 0.59765625 0.5844726566037736 0.59765625 0.5932617188679246 0.6005859375 0.59765625 0.6044921875 0.59765625 0.623046875 0.5727539066037736 0.623046875 0.5639648433962264 0.6201171875 0.559570312264151 0.6142578125 0.553710937735849
14 0.5390625 0.6811523433962264 0.53125 0.6518554688679246 0.5283203125 0.647460937735849 0.5244140625 0.647460937735849 0.5205078125 0.6503906245283019 0.517578125 0.6547851566037736 0.517578125 0.6665039066037736 0.521484375 0.6840820311320754 0.5244140625 0.688476562264151 0.5283203125 0.69140625 0.5341796875 0.69140625 0.5390625 0.6840820311320754 0.5390625 0.6811523433962264
14 0.568359375 0.5434570311320754 0.5576171875 0.524414062264151 0.5537109375 0.5214843754716981 0.5517578125 0.5214843754716981 0.548828125 0.5258789066037736 0.548828125 0.5346679688679246 0.564453125 0.5698242188679246 0.5654296875 0.571289062264151 0.5693359375 0.571289062264151 0.5703125 0.5698242188679246 0.5703125 0.5551757811320754 0.568359375 0.5434570311320754
14 0.5048828125 0.4277343745283019 0.4990234375 0.4277343745283019 0.49609375 0.4321289066037736 0.49609375 0.4497070311320755 0.5068359375 0.46875 0.5107421875 0.46875 0.515625 0.4614257811320755 0.517578125 0.4526367188679245 0.517578125 0.4467773433962264 0.5048828125 0.4277343745283019
14 0.3232421875 0.44824218773584906 0.3212890625 0.44824218773584906 0.3134765625 0.45703125 0.310546875 0.4614257811320755 0.310546875 0.4643554688679245 0.3125 0.4731445311320755 0.3154296875 0.47753906226415094 0.3173828125 0.47753906226415094 0.3291015625 0.46875 0.33203125 0.4643554688679245 0.3232421875 0.44824218773584906
9 0.5693359375 0.41308593773584906 0.568359375 0.4145507811320755 0.568359375 0.4204101566037736 0.5732421875 0.4277343745283019 0.5771484375 0.4277343745283019 0.578125 0.4262695311320755 0.578125 0.4233398433962264 0.5732421875 0.4160156245283019 0.5693359375 0.41308593773584906