18 0.4052734375 0.24609375 0.4189453125 0.23730468773584906 0.4306640625 0.22558593773584906 0.439453125 0.2094726566037736 0.44921875 0.1889648433962264 0.453125 0.1743164066037736 0.455078125 0.1655273433962264 0.453125 0.1538085933962264 0.451171875 0.14794921886792453 0.4443359375 0.13769531226415094 0.4404296875 0.13476562452830187 0.4248046875 0.13476562452830187 0.4189453125 0.13769531226415094 0.361328125 0.20654296886792453 0.35546875 0.22705078113207547 0.35546875 0.2329101566037736 0.357421875 0.23876953113207547 0.3642578125 0.2490234377358491 0.3740234375 0.25488281226415094 0.3818359375 0.25488281226415094 0.3935546875 0.2519531245283019 0.4052734375 0.24609375
18 0.275390625 0.4584960933962264 0.275390625 0.4321289066037736 0.2734375 0.4233398433962264 0.2685546875 0.4160156245283019 0.2587890625 0.4160156245283019 0.255859375 0.4204101566037736 0.251953125 0.4350585933962264 0.248046875 0.4643554688679245 0.248046875 0.4819335933962264 0.25390625 0.49658203113207544 0.2568359375 0.500976562264151 0.2607421875 0.500976562264151 0.271484375 0.48486328113207544 0.2734375 0.4760742188679245 0.275390625 0.4584960933962264
18 0.3671875 0.3764648433962264 0.3671875 0.3676757811320755 0.3603515625 0.36035156226415094 0.3525390625 0.36035156226415094 0.3486328125 0.36328125 0.34375 0.3706054688679245 0.341796875 0.3764648433962264 0.341796875 0.3881835933962264 0.34375 0.3969726566037736 0.345703125 0.4028320311320755 0.3505859375 0.41015625 0.3544921875 0.41015625 0.357421875 0.4057617188679245 0.3671875 0.3764648433962264
18 0.40234375 0.3911132811320755 0.40234375 0.3764648433962264 0.400390625 0.3706054688679245 0.3974609375 0.36621093773584906 0.3935546875 0.36328125 0.3837890625 0.36328125 0.375 0.3764648433962264 0.375 0.3793945311320755 0.384765625 0.4057617188679245 0.3896484375 0.41308593773584906 0.3935546875 0.41308593773584906 0.396484375 0.4086914066037736 0.400390625 0.3999023433962264 0.40234375 0.3911132811320755
18 0.470703125 0.4233398433962264 0.470703125 0.4057617188679245 0.4619140625 0.3925781245283019 0.4580078125 0.38964843773584906 0.4462890625 0.38964843773584906 0.4423828125 0.3925781245283019 0.43359375 0.4057617188679245 0.431640625 0.4116210933962264 0.431640625 0.4262695311320755 0.43359375 0.4350585933962264 0.4384765625 0.44824218773584906 0.4443359375 0.44824218773584906 0.4619140625 0.4453125 0.46484375 0.4409179688679245 0.470703125 0.4233398433962264
18 0.580078125 0.17138671886792453 0.5791015625 0.16992187547169813 0.5615234375 0.16113281226415094 0.5576171875 0.16113281226415094 0.5517578125 0.1640625 0.544921875 0.1743164066037736 0.541015625 0.1860351566037736 0.5390625 0.19482421886792453 0.5390625 0.2124023433962264 0.541015625 0.21826171886792453 0.5439453125 0.22265625 0.5498046875 0.22265625 0.578125 0.18310546886792453 0.580078125 0.1772460933962264 0.580078125 0.17138671886792453
18 0.5888671875 0.3691406245283019 0.595703125 0.3588867188679245 0.59765625 0.3530273433962264 0.59765625 0.3442382811320755 0.5947265625 0.33984375 0.5830078125 0.33105468773584906 0.5673828125 0.3222656245283019 0.5576171875 0.3222656245283019 0.5546875 0.3266601566037736 0.552734375 0.3325195311320755 0.552734375 0.3413085933962264 0.5546875 0.3471679688679245 0.5615234375 0.3574218754716981 0.5654296875 0.36035156226415094 0.5771484375 0.36621093773584906 0.5849609375 0.3691406245283019 0.5888671875 0.3691406245283019
18 0.703125 0.3442382811320755 0.697265625 0.3090820311320755 0.6953125 0.3032226566037736 0.6923828125 0.2988281245283019 0.6845703125 0.2988281245283019 0.68359375 0.3002929688679245 0.677734375 0.3149414066037736 0.677734375 0.3500976566037736 0.6826171875 0.36328125 0.6865234375 0.36621093773584906 0.6962890625 0.36621093773584906 0.7001953125 0.36328125 0.703125 0.3559570311320755 0.703125 0.3442382811320755
18 0.724609375 0.4116210933962264 0.7177734375 0.40136718773584906 0.7060546875 0.40136718773584906 0.6962890625 0.4042968745283019 0.6884765625 0.41015625 0.68359375 0.4174804688679245 0.681640625 0.4233398433962264 0.681640625 0.4321289066037736 0.6845703125 0.43652343773584906 0.6884765625 0.4394531245283019 0.7041015625 0.4394531245283019 0.7197265625 0.43359375 0.724609375 0.4262695311320755 0.724609375 0.4116210933962264
18 0.6875 0.5288085933962264 0.6875 0.5229492188679246 0.6708984375 0.4980468754716982 0.6572265625 0.489257812264151 0.6552734375 0.489257812264151 0.6484375 0.49658203113207544 0.646484375 0.5024414066037736 0.646484375 0.5083007811320754 0.6484375 0.5141601566037736 0.6591796875 0.530273437735849 0.6650390625 0.536132812264151 0.6689453125 0.5390625 0.6806640625 0.5390625 0.6875 0.5288085933962264
18 0.6875 0.6987304688679246 0.685546875 0.6928710933962264 0.6826171875 0.688476562264151 0.6787109375 0.6855468754716981 0.6689453125 0.6855468754716981 0.6650390625 0.688476562264151 0.662109375 0.6928710933962264 0.658203125 0.7045898433962264 0.658203125 0.7250976566037736 0.66015625 0.7309570311320754 0.6689453125 0.7441406245283019 0.6728515625 0.747070312264151 0.6767578125 0.747070312264151 0.677734375 0.7456054688679246 0.6875 0.6987304688679246
18 0.5185546875 0.73828125 0.521484375 0.7338867188679246 0.5234375 0.7280273433962264 0.5234375 0.6899414066037736 0.521484375 0.6752929688679246 0.51953125 0.6694335933962264 0.5126953125 0.659179687735849 0.5087890625 0.65625 0.5029296875 0.65625 0.494140625 0.6694335933962264 0.4921875 0.6782226566037736 0.4921875 0.6840820311320754 0.494140625 0.7045898433962264 0.498046875 0.7280273433962264 0.5 0.7338867188679246 0.5048828125 0.741210937735849 0.5146484375 0.741210937735849 0.5185546875 0.73828125
15 0.5048828125 0.23144531226415094 0.51171875 0.2211914066037736 0.515625 0.20654296886792453 0.515625 0.19482421886792453 0.513671875 0.1860351566037736 0.5048828125 0.17285156226415094 0.4990234375 0.16992187547169813 0.4912109375 0.16992187547169813 0.4853515625 0.17285156226415094 0.4765625 0.1860351566037736 0.474609375 0.19189453113207547 0.474609375 0.20361328113207547 0.4765625 0.2094726566037736 0.4853515625 0.22265625 0.4931640625 0.23144531226415094 0.4970703125 0.234375 0.5009765625 0.234375 0.5048828125 0.23144531226415094
20 0.5234375 0.3090820311320755 0.5234375 0.3032226566037736 0.5224609375 0.30175781226415094 0.5166015625 0.2988281245283019 0.5068359375 0.29589843773584906 0.501953125 0.3032226566037736 0.494140625 0.3237304688679245 0.494140625 0.3383789066037736 0.498046875 0.3530273433962264 0.5009765625 0.3574218754716981 0.5048828125 0.36035156226415094 0.5126953125 0.36035156226415094 0.51953125 0.3500976566037736 0.5234375 0.3090820311320755
20 0.658203125 0.2329101566037736 0.65625 0.22705078113207547 0.6396484375 0.19628906226415094 0.6376953125 0.19628906226415094 0.61328125 0.2358398433962264 0.607421875 0.2534179688679245 0.6083984375 0.25488281226415094 0.6376953125 0.25488281226415094 0.6494140625 0.2519531245283019 0.6533203125 0.2490234377358491 0.65625 0.2446289066037736 0.658203125 0.23876953113207547 0.658203125 0.2329101566037736
1 0.5302734375 0.5097656245283019 0.5341796875 0.5097656245283019 0.5439453125 0.506835937735849 0.544921875 0.5053710933962264 0.544921875 0.5024414066037736 0.54296875 0.4819335933962264 0.533203125 0.4350585933962264 0.53125 0.4291992188679245 0.5244140625 0.41894531226415094 0.5205078125 0.4160156245283019 0.5126953125 0.4160156245283019 0.5087890625 0.41894531226415094 0.505859375 0.4233398433962264 0.501953125 0.4350585933962264 0.501953125 0.4526367188679245 0.505859375 0.4760742188679245 0.509765625 0.48486328113207544 0.515625 0.49658203113207544 0.5205078125 0.50390625 0.5244140625 0.506835937735849 0.5302734375 0.5097656245283019
1 0.58984375 0.4731445311320755 0.591796875 0.4438476566037736 0.5908203125 0.44238281226415094 0.5732421875 0.4394531245283019 0.5625 0.4497070311320755 0.55859375 0.4614257811320755 0.55859375 0.4731445311320755 0.560546875 0.4936523433962264 0.564453125 0.5024414066037736 0.5673828125 0.506835937735849 0.5830078125 0.5097656245283019 0.583984375 0.5083007811320754 0.58984375 0.4731445311320755
9 0.6005859375 0.706054687735849 0.60546875 0.6987304688679246 0.60546875 0.6928710933962264 0.599609375 0.6401367188679246 0.5859375 0.5932617188679246 0.5810546875 0.588867187735849 0.5751953125 0.588867187735849 0.5712890625 0.5917968754716981 0.5625 0.6049804688679246 0.560546875 0.6108398433962264 0.55859375 0.6225585933962264 0.5546875 0.6489257811320754 0.5546875 0.6694335933962264 0.55859375 0.6840820311320754 0.5654296875 0.694335937735849 0.5791015625 0.706054687735849 0.5888671875 0.7089843754716981 0.5927734375 0.7089843754716981 0.6005859375 0.706054687735849
9 0.533203125 0.5903320311320754 0.5224609375 0.5800781245283019 0.5146484375 0.583007812264151 0.509765625 0.5903320311320754 0.509765625 0.6020507811320754 0.513671875 0.6108398433962264 0.5341796875 0.6269531245283019 0.5361328125 0.6269531245283019 0.5390625 0.6225585933962264 0.541015625 0.6166992188679246 0.533203125 0.5903320311320754
9 0.37890625 0.7221679688679246 0.396484375 0.6870117188679246 0.3984375 0.6811523433962264 0.412109375 0.5961914066037736 0.412109375 0.5903320311320754 0.4091796875 0.5859375 0.3564453125 0.57421875 0.35546875 0.5756835933962264 0.3515625 0.5961914066037736 0.345703125 0.6313476566037736 0.345703125 0.6606445311320754 0.35546875 0.7133789066037736 0.359375 0.7221679688679246 0.3623046875 0.7265625 0.3662109375 0.729492187735849 0.3740234375 0.729492187735849 0.37890625 0.7221679688679246
12 0.490234375 0.5463867188679246 0.490234375 0.5258789066037736 0.486328125 0.5141601566037736 0.4775390625 0.500976562264151 0.4677734375 0.4921875 0.4599609375 0.489257812264151 0.4501953125 0.489257812264151 0.4462890625 0.4921875 0.4453125 0.4936523433962264 0.4453125 0.49951171886792456 0.462890625 0.5581054688679246 0.4677734375 0.565429687735849 0.4736328125 0.565429687735849 0.4833984375 0.559570312264151 0.48828125 0.5522460933962264 0.490234375 0.5463867188679246
14 0.2998046875 0.29296875 0.2890625 0.3090820311320755 0.2890625 0.3149414066037736 0.2900390625 0.31640625 0.3115234375 0.328125 0.3193359375 0.328125 0.322265625 0.3237304688679245 0.3017578125 0.29296875 0.2998046875 0.29296875
14 0.4013671875 0.42480468773584906 0.392578125 0.4379882811320755 0.390625 0.4438476566037736 0.38671875 0.4614257811320755 0.38671875 0.4702148433962264 0.3916015625 0.47753906226415094 0.3955078125 0.47753906226415094 0.3984375 0.4731445311320755 0.40625 0.4262695311320755 0.4052734375 0.42480468773584906 0.4013671875 0.42480468773584906
14 0.4072265625 0.55078125 0.3994140625 0.55078125 0.390625 0.5639648433962264 0.390625 0.5698242188679246 0.3955078125 0.57421875 0.4150390625 0.577148437735849 0.416015625 0.5756835933962264 0.416015625 0.5668945311320754 0.408203125 0.5522460933962264 0.4072265625 0.55078125
14 0.4853515625 0.2753906245283019 0.4814453125 0.2753906245283019 0.4775390625 0.27832031226415094 0.470703125 0.2973632811320755 0.46875 0.3061523433962264 0.470703125 0.3208007811320755 0.4736328125 0.32519531226415094 0.4794921875 0.32519531226415094 0.482421875 0.3208007811320755 0.486328125 0.2827148433962264 0.486328125 0.2768554688679245 0.4853515625 0.2753906245283019
14 0.6220703125 0.5214843754716981 0.6123046875 0.515625 0.6005859375 0.515625 0.59765625 0.5200195311320754 0.59765625 0.5258789066037736 0.6005859375 0.530273437735849 0.6220703125 0.553710937735849 0.6240234375 0.553710937735849 0.626953125 0.5493164066037736 0.626953125 0.5346679688679246 0.6220703125 0.5214843754716981
14 0.6455078125 0.5917968754716981 0.6357421875 0.594726562264151 0.6328125 0.5991210933962264 0.6357421875 0.6035156245283019 0.6396484375 0.606445312264151 0.6669921875 0.606445312264151 0.66796875 0.6049804688679246 0.66796875 0.5991210933962264 0.6591796875 0.5917968754716981 0.6455078125 0.5917968754716981
14 0.70703125 0.6225585933962264 0.701171875 0.5991210933962264 0.6982421875 0.594726562264151 0.6904296875 0.594726562264151 0.689453125 0.5961914066037736 0.689453125 0.6020507811320754 0.6953125 0.6489257811320754 0.6962890625 0.6503906245283019 0.7021484375 0.647460937735849 0.703125 0.6459960933962264 0.70703125 0.6313476566037736 0.70703125 0.6225585933962264
9 0.2666015625 0.553710937735849 0.26171875 0.5610351566037736 0.26171875 0.5698242188679246 0.2666015625 0.577148437735849 0.2685546875 0.577148437735849 0.271484375 0.5727539066037736 0.271484375 0.5551757811320754 0.2705078125 0.553710937735849 0.2666015625 0.553710937735849