18 0.4521484375 0.19628906226415094 0.4560546875 0.19335937547169813 0.462890625 0.18310546886792453 0.462890625 0.18017578113207547 0.458984375 0.16845703113207547 0.4443359375 0.14648437547169813 0.4287109375 0.12597656226415094 0.4130859375 0.12597656226415094 0.41015625 0.1303710933962264 0.408203125 0.13623046886792453 0.408203125 0.14501953113207547 0.41015625 0.15673828113207547 0.412109375 0.1625976566037736 0.4228515625 0.17871093773584906 0.4345703125 0.19042968773584906 0.4423828125 0.19628906226415094 0.4521484375 0.19628906226415094
18 0.4384765625 0.32519531226415094 0.439453125 0.3237304688679245 0.439453125 0.2973632811320755 0.4375 0.2915039066037736 0.416015625 0.2475585933962264 0.4111328125 0.24023437452830187 0.4072265625 0.23730468773584906 0.3974609375 0.23730468773584906 0.388671875 0.2475585933962264 0.384765625 0.2563476566037736 0.384765625 0.2739257811320755 0.38671875 0.2827148433962264 0.39453125 0.3002929688679245 0.4052734375 0.31640625 0.4091796875 0.31933593773584906 0.4345703125 0.32519531226415094 0.4384765625 0.32519531226415094
18 0.34765625 0.2211914066037736 0.34765625 0.20654296886792453 0.3232421875 0.16992187547169813 0.3154296875 0.16699218773584906 0.3095703125 0.17285156226415094 0.306640625 0.18017578113207547 0.3046875 0.1889648433962264 0.3046875 0.19482421886792453 0.30859375 0.20654296886792453 0.3173828125 0.21679687452830187 0.3232421875 0.22265625 0.3349609375 0.22851562452830187 0.3427734375 0.22851562452830187 0.34765625 0.2211914066037736
18 0.2802734375 0.3339843754716981 0.283203125 0.3266601566037736 0.28515625 0.3178710933962264 0.28515625 0.2944335933962264 0.283203125 0.2651367188679245 0.279296875 0.2504882811320755 0.2744140625 0.2431640622641509 0.2705078125 0.24023437452830187 0.2646484375 0.24023437452830187 0.2607421875 0.2431640622641509 0.255859375 0.2504882811320755 0.25390625 0.2563476566037736 0.25390625 0.3002929688679245 0.255859375 0.3178710933962264 0.2578125 0.3266601566037736 0.2646484375 0.33691406226415094 0.2685546875 0.33984375 0.2705078125 0.33984375 0.2802734375 0.3339843754716981
18 0.6484375 0.6284179688679246 0.654296875 0.5991210933962264 0.65625 0.5844726566037736 0.65625 0.5698242188679246 0.654296875 0.5639648433962264 0.6357421875 0.536132812264151 0.6259765625 0.536132812264151 0.62109375 0.5463867188679246 0.6171875 0.5581054688679246 0.611328125 0.6079101566037736 0.609375 0.6254882811320754 0.609375 0.6342773433962264 0.61328125 0.6489257811320754 0.6181640625 0.65625 0.6220703125 0.659179687735849 0.6337890625 0.659179687735849 0.642578125 0.6459960933962264 0.6484375 0.6284179688679246
18 0.6796875 0.6899414066037736 0.685546875 0.6606445311320754 0.685546875 0.6518554688679246 0.68359375 0.6459960933962264 0.6767578125 0.635742187735849 0.6708984375 0.6328125 0.6630859375 0.6328125 0.6591796875 0.635742187735849 0.65234375 0.6459960933962264 0.650390625 0.6547851566037736 0.650390625 0.6665039066037736 0.654296875 0.6782226566037736 0.6611328125 0.688476562264151 0.6650390625 0.69140625 0.6708984375 0.694335937735849 0.6767578125 0.694335937735849 0.6796875 0.6899414066037736
18 0.71875 0.7045898433962264 0.720703125 0.6958007811320754 0.720703125 0.6782226566037736 0.716796875 0.6665039066037736 0.7119140625 0.6621093754716981 0.6982421875 0.6621093754716981 0.6904296875 0.665039062264151 0.685546875 0.6723632811320754 0.68359375 0.6928710933962264 0.6875 0.7075195311320754 0.6923828125 0.71484375 0.6982421875 0.7207031245283019 0.7080078125 0.7207031245283019 0.7119140625 0.717773437735849 0.71484375 0.7133789066037736 0.71875 0.7045898433962264
18 0.671875 0.8041992188679246 0.673828125 0.7983398433962264 0.673828125 0.7895507811320754 0.669921875 0.7778320311320754 0.6650390625 0.770507812264151 0.6494140625 0.770507812264151 0.642578125 0.7778320311320754 0.638671875 0.7866210933962264 0.638671875 0.8100585933962264 0.640625 0.8159179688679246 0.6455078125 0.823242187735849 0.6494140625 0.8261718745283019 0.6572265625 0.823242187735849 0.6650390625 0.8144531245283019 0.671875 0.8041992188679246
18 0.5791015625 0.75 0.583984375 0.7426757811320754 0.58203125 0.7250976566037736 0.580078125 0.7163085933962264 0.5712890625 0.703125 0.5673828125 0.700195312264151 0.5576171875 0.6972656245283019 0.5302734375 0.6972656245283019 0.5224609375 0.700195312264151 0.5185546875 0.703125 0.515625 0.7075195311320754 0.513671875 0.7221679688679246 0.515625 0.7368164066037736 0.517578125 0.7426757811320754 0.5224609375 0.747070312264151 0.5361328125 0.752929687735849 0.5576171875 0.7558593754716981 0.5712890625 0.7558593754716981 0.5791015625 0.75
18 0.515625 0.7573242188679246 0.515625 0.6811523433962264 0.51171875 0.6694335933962264 0.5068359375 0.665039062264151 0.4931640625 0.665039062264151 0.4892578125 0.66796875 0.486328125 0.6723632811320754 0.484375 0.6811523433962264 0.484375 0.7280273433962264 0.486328125 0.7543945311320754 0.490234375 0.7661132811320754 0.4951171875 0.770507812264151 0.5087890625 0.770507812264151 0.51171875 0.7661132811320754 0.515625 0.7573242188679246
18 0.505859375 0.6284179688679246 0.4990234375 0.618164062264151 0.4951171875 0.6152343754716981 0.4853515625 0.618164062264151 0.484375 0.6196289066037736 0.48046875 0.6284179688679246 0.48046875 0.6430664066037736 0.4873046875 0.659179687735849 0.4951171875 0.659179687735849 0.4990234375 0.65625 0.50390625 0.6489257811320754 0.505859375 0.6430664066037736 0.505859375 0.6284179688679246
1 0.25 0.3940429688679245 0.25 0.3881835933962264 0.2255859375 0.35449218773584906 0.2236328125 0.35449218773584906 0.2197265625 0.3574218754716981 0.21484375 0.3647460933962264 0.212890625 0.3706054688679245 0.212890625 0.3881835933962264 0.216796875 0.3999023433962264 0.2236328125 0.41015625 0.2275390625 0.41308593773584906 0.2412109375 0.41308593773584906 0.24609375 0.4057617188679245 0.25 0.3940429688679245
1 0.236328125 0.5639648433962264 0.23046875 0.5522460933962264 0.2236328125 0.541992187735849 0.2197265625 0.541992187735849 0.21875 0.5434570311320754 0.21875 0.5551757811320754 0.220703125 0.5874023433962264 0.2275390625 0.59765625 0.2294921875 0.59765625 0.2333984375 0.594726562264151 0.236328125 0.5874023433962264 0.236328125 0.5639648433962264
1 0.271484375 0.5434570311320754 0.271484375 0.5375976566037736 0.2685546875 0.5332031245283019 0.2646484375 0.530273437735849 0.2529296875 0.530273437735849 0.2490234375 0.5332031245283019 0.24609375 0.5375976566037736 0.244140625 0.5434570311320754 0.244140625 0.5610351566037736 0.24609375 0.5668945311320754 0.2509765625 0.571289062264151 0.2646484375 0.571289062264151 0.267578125 0.5668945311320754 0.26953125 0.5610351566037736 0.271484375 0.5434570311320754
1 0.74609375 0.5024414066037736 0.740234375 0.48486328113207544 0.7353515625 0.47753906226415094 0.7294921875 0.47167968773584906 0.7138671875 0.47167968773584906 0.708984375 0.4790039066037736 0.70703125 0.48486328113207544 0.705078125 0.49951171886792456 0.705078125 0.5083007811320754 0.7236328125 0.530273437735849 0.7294921875 0.536132812264151 0.7412109375 0.52734375 0.744140625 0.5229492188679246 0.74609375 0.5170898433962264 0.74609375 0.5024414066037736
1 0.716796875 0.4174804688679245 0.71484375 0.4116210933962264 0.7119140625 0.40722656226415094 0.6904296875 0.41308593773584906 0.685546875 0.4204101566037736 0.685546875 0.4233398433962264 0.6904296875 0.43066406226415094 0.6962890625 0.43359375 0.7119140625 0.43359375 0.71484375 0.4291992188679245 0.716796875 0.4233398433962264 0.716796875 0.4174804688679245
1 0.70703125 0.6254882811320754 0.7001953125 0.6152343754716981 0.6962890625 0.612304687735849 0.6865234375 0.606445312264151 0.6845703125 0.606445312264151 0.6806640625 0.609375 0.677734375 0.6137695311320754 0.677734375 0.6196289066037736 0.6875 0.6459960933962264 0.6904296875 0.6503906245283019 0.7001953125 0.647460937735849 0.705078125 0.6401367188679246 0.70703125 0.6342773433962264 0.70703125 0.6254882811320754
1 0.634765625 0.7514648433962264 0.6298828125 0.7441406245283019 0.6259765625 0.741210937735849 0.6142578125 0.741210937735849 0.6025390625 0.747070312264151 0.59765625 0.7543945311320754 0.595703125 0.7631835933962264 0.595703125 0.7836914066037736 0.59765625 0.7895507811320754 0.6064453125 0.8027343745283019 0.6103515625 0.8027343745283019 0.6328125 0.7749023433962264 0.634765625 0.7602539066037736 0.634765625 0.7514648433962264
1 0.6875 0.7485351566037736 0.6787109375 0.735351562264151 0.6396484375 0.741210937735849 0.638671875 0.7426757811320754 0.634765625 0.7543945311320754 0.634765625 0.7602539066037736 0.63671875 0.7690429688679246 0.6396484375 0.7734375 0.6708984375 0.7734375 0.6845703125 0.76171875 0.6875 0.7543945311320754 0.6875 0.7485351566037736
13 0.375 0.3002929688679245 0.3740234375 0.2988281245283019 0.3134765625 0.2431640622641509 0.3095703125 0.2431640622641509 0.3056640625 0.24609375 0.298828125 0.2563476566037736 0.29296875 0.2797851566037736 0.29296875 0.3032226566037736 0.298828125 0.3383789066037736 0.302734375 0.3500976566037736 0.3115234375 0.3574218754716981 0.3154296875 0.3574218754716981 0.375 0.3061523433962264 0.375 0.3002929688679245
13 0.677734375 0.4819335933962264 0.677734375 0.4643554688679245 0.6708984375 0.45410156226415094 0.6650390625 0.4511718745283019 0.6572265625 0.4511718745283019 0.6494140625 0.45703125 0.642578125 0.4672851566037736 0.615234375 0.5434570311320754 0.61328125 0.5522460933962264 0.61328125 0.5639648433962264 0.6142578125 0.565429687735849 0.6611328125 0.5859375 0.6650390625 0.5859375 0.669921875 0.5786132811320754 0.671875 0.5698242188679246 0.677734375 0.4819335933962264
13 0.689453125 0.2680664066037736 0.6865234375 0.2636718754716981 0.6767578125 0.25488281226415094 0.6650390625 0.25488281226415094 0.6591796875 0.2578125 0.65625 0.2651367188679245 0.64453125 0.3413085933962264 0.64453125 0.3588867188679245 0.6455078125 0.36035156226415094 0.6494140625 0.36035156226415094 0.7060546875 0.33691406226415094 0.708984375 0.3325195311320755 0.708984375 0.3208007811320755 0.689453125 0.2680664066037736
18 0.587890625 0.2416992188679245 0.5859375 0.22998046886792453 0.5830078125 0.22558593773584906 0.5771484375 0.22558593773584906 0.5478515625 0.2431640622641509 0.544921875 0.2475585933962264 0.544921875 0.2534179688679245 0.5498046875 0.26074218773584906 0.5654296875 0.26953125 0.5751953125 0.26953125 0.5791015625 0.26660156226415094 0.587890625 0.2534179688679245 0.587890625 0.2416992188679245
13 0.55859375 0.5053710933962264 0.55859375 0.49951171886792456 0.556640625 0.4936523433962264 0.5517578125 0.4863281245283018 0.5048828125 0.4628906245283019 0.4970703125 0.45996093773584906 0.4833984375 0.45996093773584906 0.482421875 0.4614257811320755 0.48828125 0.5698242188679246 0.4892578125 0.571289062264151 0.4970703125 0.571289062264151 0.5029296875 0.5683593754716981 0.5517578125 0.5214843754716981 0.5546875 0.5170898433962264 0.55859375 0.5053710933962264
21 0.6376953125 0.3222656245283019 0.640625 0.3178710933962264 0.64453125 0.3032226566037736 0.646484375 0.2797851566037736 0.646484375 0.2504882811320755 0.642578125 0.21826171886792453 0.62890625 0.1655273433962264 0.62109375 0.1508789066037736 0.6162109375 0.14355468773584906 0.5966796875 0.12304687547169811 0.5888671875 0.1171875 0.5595703125 0.09960937547169811 0.5498046875 0.09960937547169811 0.4833984375 0.140625 0.482421875 0.1420898433962264 0.482421875 0.14501953113207547 0.529296875 0.2827148433962264 0.5361328125 0.2988281245283019 0.5908203125 0.33984375 0.5966796875 0.33984375 0.6318359375 0.328125 0.6376953125 0.3222656245283019
21 0.3466796875 0.793945312264151 0.3642578125 0.793945312264151 0.3974609375 0.7910156245283019 0.4052734375 0.788085937735849 0.41015625 0.7807617188679246 0.412109375 0.7602539066037736 0.40625 0.6225585933962264 0.3017578125 0.4921875 0.2939453125 0.4921875 0.291015625 0.49658203113207544 0.265625 0.6401367188679246 0.263671875 0.6577148433962264 0.263671875 0.6665039066037736 0.267578125 0.6987304688679246 0.26953125 0.7045898433962264 0.287109375 0.7338867188679246 0.3037109375 0.758789062264151 0.3271484375 0.782226562264151 0.3466796875 0.793945312264151
14 0.263671875 0.6284179688679246 0.2587890625 0.62109375 0.2373046875 0.618164062264151 0.2353515625 0.618164062264151 0.234375 0.6196289066037736 0.232421875 0.6254882811320754 0.232421875 0.6284179688679246 0.234375 0.6342773433962264 0.2431640625 0.647460937735849 0.2529296875 0.6503906245283019 0.2568359375 0.6503906245283019 0.263671875 0.6372070311320754 0.263671875 0.6284179688679246
14 0.4580078125 0.700195312264151 0.4501953125 0.700195312264151 0.44921875 0.7016601566037736 0.447265625 0.7192382811320754 0.4453125 0.7426757811320754 0.4462890625 0.7441406245283019 0.4501953125 0.7441406245283019 0.455078125 0.7368164066037736 0.45703125 0.7309570311320754 0.458984375 0.7192382811320754 0.458984375 0.7016601566037736 0.4580078125 0.700195312264151
14 0.5400390625 0.659179687735849 0.5390625 0.6606445311320754 0.529296875 0.6899414066037736 0.5322265625 0.694335937735849 0.5361328125 0.694335937735849 0.552734375 0.6811523433962264 0.552734375 0.6752929688679246 0.55078125 0.6665039066037736 0.5458984375 0.659179687735849 0.5400390625 0.659179687735849
14 0.560546875 0.6372070311320754 0.560546875 0.6254882811320754 0.5595703125 0.624023437735849 0.5322265625 0.62109375 0.529296875 0.6254882811320754 0.529296875 0.6313476566037736 0.53515625 0.6459960933962264 0.5400390625 0.6503906245283019 0.5419921875 0.6503906245283019 0.5537109375 0.64453125 0.5576171875 0.641601562264151 0.560546875 0.6372070311320754
14 0.5478515625 0.583007812264151 0.5400390625 0.577148437735849 0.5380859375 0.577148437735849 0.533203125 0.5815429688679246 0.53125 0.5874023433962264 0.53125 0.5903320311320754 0.5322265625 0.5917968754716981 0.5498046875 0.606445312264151 0.552734375 0.6020507811320754 0.552734375 0.5932617188679246 0.55078125 0.5874023433962264 0.5478515625 0.583007812264151
14 0.5751953125 0.5332031245283019 0.5693359375 0.536132812264151 0.56640625 0.5405273433962264 0.564453125 0.5463867188679246 0.5673828125 0.553710937735849 0.6025390625 0.547851562264151 0.603515625 0.5463867188679246 0.603515625 0.5434570311320754 0.6015625 0.5375976566037736 0.5966796875 0.5332031245283019 0.5751953125 0.5332031245283019
14 0.4423828125 0.515625 0.439453125 0.5200195311320754 0.439453125 0.5346679688679246 0.443359375 0.5463867188679246 0.4541015625 0.559570312264151 0.4580078125 0.5625 0.4677734375 0.559570312264151 0.46875 0.5581054688679246 0.4423828125 0.515625
14 0.4462890625 0.489257812264151 0.4404296875 0.4863281245283018 0.4365234375 0.4863281245283018 0.4267578125 0.489257812264151 0.419921875 0.49951171886792456 0.419921875 0.5053710933962264 0.4228515625 0.512695312264151 0.4267578125 0.512695312264151 0.4541015625 0.506835937735849 0.455078125 0.5053710933962264 0.451171875 0.4936523433962264 0.4462890625 0.489257812264151
14 0.4638671875 0.4511718745283019 0.4580078125 0.4453125 0.4443359375 0.4453125 0.44140625 0.4497070311320755 0.44140625 0.4555664066037736 0.4443359375 0.45996093773584906 0.4658203125 0.47753906226415094 0.4677734375 0.47753906226415094 0.47265625 0.4702148433962264 0.470703125 0.4614257811320755 0.4638671875 0.4511718745283019
14 0.4072265625 0.39550781226415094 0.3994140625 0.3984375 0.392578125 0.4086914066037736 0.4091796875 0.4453125 0.4140625 0.4409179688679245 0.416015625 0.4350585933962264 0.416015625 0.4262695311320755 0.412109375 0.4086914066037736 0.408203125 0.3969726566037736 0.4072265625 0.39550781226415094
14 0.3779296875 0.41015625 0.3759765625 0.41015625 0.3720703125 0.41308593773584906 0.369140625 0.4174804688679245 0.369140625 0.4233398433962264 0.375 0.4379882811320755 0.3837890625 0.44824218773584906 0.3916015625 0.44824218773584906 0.39453125 0.4409179688679245 0.39453125 0.4379882811320755 0.3779296875 0.41015625
14 0.5205078125 0.37792968773584906 0.5185546875 0.37792968773584906 0.513671875 0.3852539066037736 0.5078125 0.3969726566037736 0.5078125 0.3999023433962264 0.51171875 0.4145507811320755 0.5146484375 0.41894531226415094 0.5185546875 0.41894531226415094 0.521484375 0.4145507811320755 0.5234375 0.3823242188679245 0.5205078125 0.37792968773584906
14 0.5576171875 0.43359375 0.5556640625 0.43359375 0.552734375 0.4379882811320755 0.552734375 0.4497070311320755 0.560546875 0.4702148433962264 0.5732421875 0.48046875 0.576171875 0.4760742188679245 0.5703125 0.4584960933962264 0.560546875 0.4379882811320755 0.5576171875 0.43359375
14 0.720703125 0.5668945311320754 0.71484375 0.5522460933962264 0.7119140625 0.547851562264151 0.7099609375 0.547851562264151 0.70703125 0.5522460933962264 0.705078125 0.5610351566037736 0.705078125 0.5668945311320754 0.7158203125 0.5859375 0.7177734375 0.5859375 0.7216796875 0.583007812264151 0.72265625 0.5815429688679246 0.72265625 0.5786132811320754 0.720703125 0.5668945311320754
14 0.69140625 0.5493164066037736 0.6884765625 0.5449218754716981 0.6865234375 0.5449218754716981 0.685546875 0.5463867188679246 0.68359375 0.5551757811320754 0.68359375 0.5786132811320754 0.6845703125 0.5800781245283019 0.6943359375 0.5859375 0.6953125 0.5844726566037736 0.697265625 0.5727539066037736 0.697265625 0.5668945311320754 0.69140625 0.5493164066037736
14 0.728515625 0.4497070311320755 0.7255859375 0.4453125 0.6923828125 0.4394531245283019 0.69140625 0.4409179688679245 0.69140625 0.4497070311320755 0.6962890625 0.45703125 0.7080078125 0.4628906245283019 0.7138671875 0.4628906245283019 0.7197265625 0.45996093773584906 0.7236328125 0.45703125 0.728515625 0.4497070311320755
14 0.7236328125 0.3515625 0.7119140625 0.3515625 0.70703125 0.3588867188679245 0.70703125 0.3618164066037736 0.7275390625 0.38964843773584906 0.7314453125 0.38964843773584906 0.734375 0.3823242188679245 0.734375 0.3793945311320755 0.728515625 0.3559570311320755 0.7236328125 0.3515625
14 0.5087890625 0.2871093754716981 0.5048828125 0.2871093754716981 0.5 0.2944335933962264 0.5 0.3002929688679245 0.5009765625 0.30175781226415094 0.5244140625 0.31347656226415094 0.52734375 0.3090820311320755 0.52734375 0.3061523433962264 0.5185546875 0.29296875 0.5087890625 0.2871093754716981
14 0.2353515625 0.518554687735849 0.2294921875 0.518554687735849 0.228515625 0.5200195311320754 0.2265625 0.5317382811320754 0.2265625 0.5375976566037736 0.2294921875 0.541992187735849 0.2333984375 0.541992187735849 0.234375 0.5405273433962264 0.236328125 0.5258789066037736 0.236328125 0.5200195311320754 0.2353515625 0.518554687735849
3 0.37109375 0.4379882811320755 0.3427734375 0.4042968745283019 0.3095703125 0.38671875 0.2861328125 0.38671875 0.283203125 0.3911132811320755 0.27734375 0.4057617188679245 0.27734375 0.4116210933962264 0.3076171875 0.4628906245283019 0.3115234375 0.46582031226415094 0.3681640625 0.46875 0.369140625 0.4672851566037736 0.373046875 0.4555664066037736 0.37109375 0.4379882811320755
9 0.669921875 0.4204101566037736 0.66796875 0.4057617188679245 0.6640625 0.3940429688679245 0.6552734375 0.3808593754716981 0.6474609375 0.375 0.6357421875 0.37207031226415094 0.6298828125 0.37207031226415094 0.6240234375 0.375 0.6162109375 0.3808593754716981 0.6103515625 0.38671875 0.603515625 0.3969726566037736 0.599609375 0.4086914066037736 0.59765625 0.4174804688679245 0.59765625 0.4643554688679245 0.599609375 0.4760742188679245 0.6064453125 0.4863281245283018 0.6103515625 0.489257812264151 0.6181640625 0.489257812264151 0.669921875 0.4379882811320755 0.669921875 0.4204101566037736
9 0.4423828125 0.5859375 0.4384765625 0.588867187735849 0.435546875 0.5932617188679246 0.43359375 0.5991210933962264 0.43359375 0.6020507811320754 0.4365234375 0.609375 0.4423828125 0.609375 0.4453125 0.6049804688679246 0.44921875 0.5932617188679246 0.4462890625 0.5859375 0.4423828125 0.5859375
21 0.3955078125 0.5683593754716981 0.3896484375 0.5683593754716981 0.3857421875 0.571289062264151 0.380859375 0.5786132811320754 0.37890625 0.5844726566037736 0.3818359375 0.588867187735849 0.3896484375 0.5917968754716981 0.3974609375 0.5917968754716981 0.404296875 0.5815429688679246 0.404296875 0.5756835933962264 0.4013671875 0.571289062264151 0.3955078125 0.5683593754716981
9 0.5947265625 0.45996093773584906 0.591796875 0.4643554688679245 0.591796875 0.4702148433962264 0.5947265625 0.4746093745283019 0.5986328125 0.4746093745283019 0.599609375 0.4731445311320755 0.599609375 0.4702148433962264 0.59765625 0.4643554688679245 0.5947265625 0.45996093773584906
9 0.5947265625 0.741210937735849 0.5927734375 0.741210937735849 0.5859375 0.7514648433962264 0.5859375 0.7602539066037736 0.5869140625 0.76171875 0.5888671875 0.76171875 0.59375 0.7543945311320754 0.595703125 0.7485351566037736 0.595703125 0.7426757811320754 0.5947265625 0.741210937735849
9 0.5146484375 0.881835937735849 0.513671875 0.8833007811320754 0.513671875 0.8950195311320754 0.5166015625 0.899414062264151 0.5205078125 0.899414062264151 0.521484375 0.8979492188679246 0.521484375 0.8862304688679246 0.5185546875 0.881835937735849 0.5146484375 0.881835937735849