6 0.29296875 0.4467773433962264 0.283203125 0.4204101566037736 0.2802734375 0.4160156245283019 0.2607421875 0.4277343745283019 0.2578125 0.4321289066037736 0.25390625 0.4438476566037736 0.248046875 0.4760742188679245 0.2421875 0.5229492188679246 0.2421875 0.5786132811320754 0.2451171875 0.583007812264151 0.2548828125 0.583007812264151 0.2744140625 0.565429687735849 0.27734375 0.5610351566037736 0.291015625 0.5053710933962264 0.29296875 0.4467773433962264
3 0.541015625 0.1772460933962264 0.541015625 0.1625976566037736 0.53515625 0.14794921886792453 0.509765625 0.10107421886792453 0.5029296875 0.09082031226415094 0.4951171875 0.08203125 0.4873046875 0.07617187547169811 0.4794921875 0.07324218773584906 0.4609375 0.10107421886792453 0.45703125 0.11572265660377358 0.451171875 0.1508789066037736 0.451171875 0.1625976566037736 0.462890625 0.20361328113207547 0.4716796875 0.21679687452830187 0.4755859375 0.21679687452830187 0.5087890625 0.20800781226415094 0.5361328125 0.18457031226415094 0.541015625 0.1772460933962264
20 0.5703125 0.21826171886792453 0.548828125 0.2768554688679245 0.5517578125 0.28125 0.5986328125 0.30175781226415094 0.619140625 0.2680664066037736 0.6171875 0.23876953113207547 0.5791015625 0.2109375 0.5751953125 0.2109375 0.5703125 0.21826171886792453
20 0.75 0.5610351566037736 0.75 0.5434570311320754 0.7412109375 0.518554687735849 0.7119140625 0.5097656245283019 0.7099609375 0.5097656245283019 0.7041015625 0.515625 0.703125 0.5170898433962264 0.703125 0.5317382811320754 0.7158203125 0.547851562264151 0.7314453125 0.565429687735849 0.7353515625 0.5683593754716981 0.7431640625 0.5683593754716981 0.7470703125 0.565429687735849 0.75 0.5610351566037736
20 0.7001953125 0.29003906226415094 0.6884765625 0.29003906226415094 0.6826171875 0.29589843773584906 0.677734375 0.3032226566037736 0.671875 0.3178710933962264 0.6728515625 0.31933593773584906 0.6826171875 0.3222656245283019 0.6865234375 0.3222656245283019 0.6923828125 0.31933593773584906 0.703125 0.3032226566037736 0.703125 0.2944335933962264 0.7001953125 0.29003906226415094
14 0.634765625 0.6166992188679246 0.6318359375 0.612304687735849 0.6025390625 0.606445312264151 0.6005859375 0.606445312264151 0.599609375 0.6079101566037736 0.59765625 0.6137695311320754 0.59765625 0.6225585933962264 0.5986328125 0.624023437735849 0.6025390625 0.6269531245283019 0.6201171875 0.635742187735849 0.6259765625 0.635742187735849 0.634765625 0.6225585933962264 0.634765625 0.6166992188679246
14 0.3779296875 0.524414062264151 0.375 0.5317382811320754 0.369140625 0.5610351566037736 0.369140625 0.5727539066037736 0.3740234375 0.577148437735849 0.3798828125 0.577148437735849 0.3828125 0.5727539066037736 0.38671875 0.5493164066037736 0.384765625 0.5375976566037736 0.3779296875 0.524414062264151
9 0.5380859375 0.512695312264151 0.533203125 0.5200195311320754 0.53125 0.5288085933962264 0.53125 0.5405273433962264 0.5361328125 0.547851562264151 0.5400390625 0.547851562264151 0.544921875 0.5405273433962264 0.544921875 0.5170898433962264 0.5419921875 0.512695312264151 0.5380859375 0.512695312264151
9 0.4140625 0.3178710933962264 0.4111328125 0.31347656226415094 0.4052734375 0.31347656226415094 0.404296875 0.3149414066037736 0.40234375 0.3208007811320755 0.40234375 0.3266601566037736 0.404296875 0.3325195311320755 0.4111328125 0.33984375 0.4169921875 0.33984375 0.419921875 0.3354492188679245 0.419921875 0.3325195311320755 0.4140625 0.3178710933962264
9 0.380859375 0.2622070311320755 0.380859375 0.2592773433962264 0.3779296875 0.2519531245283019 0.3701171875 0.2519531245283019 0.361328125 0.2651367188679245 0.361328125 0.2680664066037736 0.36328125 0.2739257811320755 0.3662109375 0.27832031226415094 0.3701171875 0.27832031226415094 0.3759765625 0.27246093773584906 0.37890625 0.2680664066037736 0.380859375 0.2622070311320755
15 0.3154296875 0.28417968773584906 0.306640625 0.3002929688679245 0.302734375 0.3120117188679245 0.302734375 0.3237304688679245 0.3134765625 0.33984375 0.3173828125 0.33984375 0.322265625 0.3354492188679245 0.322265625 0.2885742188679245 0.3193359375 0.28417968773584906 0.3154296875 0.28417968773584906
20 0.48828125 0.3706054688679245 0.486328125 0.3647460933962264 0.4833984375 0.36035156226415094 0.4365234375 0.29589843773584906 0.435546875 0.2973632811320755 0.435546875 0.3032226566037736 0.44921875 0.3647460933962264 0.45703125 0.3911132811320755 0.4638671875 0.40722656226415094 0.4814453125 0.38378906226415094 0.48828125 0.3735351566037736 0.48828125 0.3706054688679245
3 0.55887738375 0.4397276367924528 0.5925216675 0.459751620754717 0.603736429375 0.42130558113207545 0.5903855556250001 0.40048065094339624 0.5497987343749999 0.3652385066037736 0.544337590625 0.39583333207547167 0.55887738375 0.4397276367924528