20 0.5205078125 0.15527343773584906 0.4931640625 0.140625 0.4892578125 0.140625 0.4853515625 0.14355468773584906 0.474609375 0.15673828113207547 0.443359375 0.20654296886792453 0.4443359375 0.20800781226415094 0.4541015625 0.2109375 0.4716796875 0.20214843773584906 0.4833984375 0.19335937547169813 0.5185546875 0.16113281226415094 0.521484375 0.15673828113207547 0.5205078125 0.15527343773584906
20 0.771484375 0.4438476566037736 0.7646484375 0.43359375 0.7607421875 0.43359375 0.7568359375 0.43652343773584906 0.740234375 0.4526367188679245 0.716796875 0.49658203113207544 0.71875 0.5024414066037736 0.7236328125 0.5097656245283019 0.7451171875 0.512695312264151 0.7666015625 0.4921875 0.76953125 0.48779296886792456 0.771484375 0.4819335933962264 0.771484375 0.4438476566037736
20 0.7255859375 0.59765625 0.724609375 0.5991210933962264 0.71484375 0.6635742188679246 0.7158203125 0.665039062264151 0.7607421875 0.6855468754716981 0.78125 0.6313476566037736 0.78125 0.6137695311320754 0.7763671875 0.609375 0.7373046875 0.59765625 0.7255859375 0.59765625
20 0.4853515625 0.583007812264151 0.4794921875 0.5800781245283019 0.4716796875 0.5800781245283019 0.46484375 0.5903320311320754 0.46484375 0.6020507811320754 0.470703125 0.6372070311320754 0.4736328125 0.641601562264151 0.4931640625 0.641601562264151 0.49609375 0.6342773433962264 0.48828125 0.5874023433962264 0.4853515625 0.583007812264151
20 0.4052734375 0.31347656226415094 0.4013671875 0.31640625 0.3984375 0.3208007811320755 0.396484375 0.3325195311320755 0.408203125 0.3764648433962264 0.4091796875 0.37792968773584906 0.42578125 0.3500976566037736 0.42578125 0.3149414066037736 0.4208984375 0.3105468754716981 0.4130859375 0.3105468754716981 0.4052734375 0.31347656226415094
1 0.375 0.3266601566037736 0.376953125 0.3149414066037736 0.373046875 0.3032226566037736 0.3701171875 0.2988281245283019 0.3505859375 0.30175781226415094 0.345703125 0.3090820311320755 0.345703125 0.3208007811320755 0.34765625 0.3266601566037736 0.3505859375 0.33105468773584906 0.3583984375 0.33691406226415094 0.3662109375 0.33691406226415094 0.3701171875 0.3339843754716981 0.375 0.3266601566037736
1 0.708984375 0.2563476566037736 0.7060546875 0.2519531245283019 0.7001953125 0.24609375 0.6943359375 0.2431640622641509 0.6884765625 0.2431640622641509 0.6845703125 0.24609375 0.6728515625 0.26074218773584906 0.669921875 0.2651367188679245 0.669921875 0.2739257811320755 0.7001953125 0.31347656226415094 0.7060546875 0.31347656226415094 0.7119140625 0.30761718773584906 0.716796875 0.2973632811320755 0.716796875 0.2739257811320755 0.708984375 0.2563476566037736
1 0.474609375 0.4350585933962264 0.4716796875 0.43066406226415094 0.4619140625 0.43066406226415094 0.4521484375 0.43652343773584906 0.4453125 0.4497070311320755 0.443359375 0.4555664066037736 0.443359375 0.4643554688679245 0.4501953125 0.4746093745283019 0.4580078125 0.47753906226415094 0.4619140625 0.4746093745283019 0.46875 0.4643554688679245 0.474609375 0.4526367188679245 0.474609375 0.4350585933962264
1 0.5146484375 0.45410156226415094 0.515625 0.4526367188679245 0.5126953125 0.44824218773584906 0.4873046875 0.4277343745283019 0.4775390625 0.42480468773584906 0.4677734375 0.4277343745283019 0.466796875 0.4291992188679245 0.466796875 0.4321289066037736 0.47265625 0.4584960933962264 0.4755859375 0.4628906245283019 0.4873046875 0.46582031226415094 0.4931640625 0.46582031226415094 0.5048828125 0.45996093773584906 0.5146484375 0.45410156226415094
14 0.529296875 0.2504882811320755 0.5263671875 0.24609375 0.5029296875 0.2490234377358491 0.501953125 0.2504882811320755 0.501953125 0.2592773433962264 0.50390625 0.2651367188679245 0.5166015625 0.2753906245283019 0.5283203125 0.26660156226415094 0.529296875 0.2651367188679245 0.53125 0.2563476566037736 0.529296875 0.2504882811320755
14 0.5810546875 0.22558593773584906 0.5771484375 0.22851562452830187 0.57421875 0.2329101566037736 0.58203125 0.2709960933962264 0.5849609375 0.2753906245283019 0.58984375 0.2680664066037736 0.591796875 0.2622070311320755 0.591796875 0.2446289066037736 0.587890625 0.2358398433962264 0.5810546875 0.22558593773584906
14 0.62890625 0.3911132811320755 0.62890625 0.3881835933962264 0.615234375 0.3442382811320755 0.6142578125 0.34277343773584906 0.6083984375 0.34277343773584906 0.60546875 0.3471679688679245 0.60546875 0.3647460933962264 0.607421875 0.3706054688679245 0.61328125 0.3852539066037736 0.6162109375 0.38964843773584906 0.6201171875 0.3925781245283019 0.6279296875 0.3925781245283019 0.62890625 0.3911132811320755
14 0.5712890625 0.3457031245283019 0.5556640625 0.3515625 0.5546875 0.3530273433962264 0.55078125 0.3706054688679245 0.55078125 0.3793945311320755 0.5537109375 0.38378906226415094 0.5595703125 0.38378906226415094 0.564453125 0.3764648433962264 0.572265625 0.3559570311320755 0.572265625 0.3471679688679245 0.5712890625 0.3457031245283019
14 0.4287109375 0.41894531226415094 0.4150390625 0.4160156245283019 0.4072265625 0.41894531226415094 0.400390625 0.4291992188679245 0.400390625 0.4350585933962264 0.4013671875 0.43652343773584906 0.4052734375 0.43652343773584906 0.4287109375 0.43066406226415094 0.431640625 0.4262695311320755 0.431640625 0.4233398433962264 0.4287109375 0.41894531226415094
14 0.3681640625 0.375 0.3671875 0.3764648433962264 0.365234375 0.3823242188679245 0.365234375 0.3911132811320755 0.3662109375 0.3925781245283019 0.3779296875 0.39550781226415094 0.3828125 0.3911132811320755 0.3828125 0.3881835933962264 0.3818359375 0.38671875 0.3681640625 0.375
14 0.4609375 0.6987304688679246 0.455078125 0.6752929688679246 0.4541015625 0.6738281245283019 0.4501953125 0.6738281245283019 0.44921875 0.6752929688679246 0.44921875 0.6811523433962264 0.451171875 0.6958007811320754 0.455078125 0.7045898433962264 0.4580078125 0.7089843754716981 0.4599609375 0.7089843754716981 0.4609375 0.7075195311320754 0.4609375 0.6987304688679246
14 0.65625 0.5698242188679246 0.6552734375 0.5683593754716981 0.6474609375 0.565429687735849 0.640625 0.5786132811320754 0.63671875 0.5903320311320754 0.63671875 0.5932617188679246 0.638671875 0.6020507811320754 0.6416015625 0.606445312264151 0.6455078125 0.609375 0.6474609375 0.609375 0.650390625 0.6049804688679246 0.65625 0.5698242188679246
3 0.30078125 0.49951171886792456 0.302734375 0.48486328113207544 0.3046875 0.4262695311320755 0.2998046875 0.41894531226415094 0.2958984375 0.4160156245283019 0.2890625 0.4291992188679245 0.267578125 0.4731445311320755 0.267578125 0.4819335933962264 0.271484375 0.5258789066037736 0.2724609375 0.52734375 0.2822265625 0.52734375 0.2939453125 0.5214843754716981 0.298828125 0.5083007811320754 0.30078125 0.49951171886792456
9 0.34375 0.6928710933962264 0.34375 0.6840820311320754 0.3427734375 0.682617187735849 0.3388671875 0.6796875 0.3232421875 0.6796875 0.3203125 0.6840820311320754 0.3203125 0.6928710933962264 0.3212890625 0.694335937735849 0.3251953125 0.6972656245283019 0.3349609375 0.700195312264151 0.3408203125 0.700195312264151 0.341796875 0.6987304688679246 0.34375 0.6928710933962264
9 0.3955078125 0.5625 0.3896484375 0.5625 0.38671875 0.5668945311320754 0.384765625 0.5727539066037736 0.384765625 0.5874023433962264 0.3876953125 0.5917968754716981 0.3935546875 0.5917968754716981 0.3984375 0.5844726566037736 0.400390625 0.5786132811320754 0.400390625 0.5698242188679246 0.3955078125 0.5625
9 0.51953125 0.6958007811320754 0.5166015625 0.69140625 0.5107421875 0.69140625 0.5078125 0.6958007811320754 0.509765625 0.7075195311320754 0.513671875 0.7192382811320754 0.5185546875 0.723632812264151 0.5205078125 0.723632812264151 0.525390625 0.7163085933962264 0.525390625 0.7104492188679246 0.51953125 0.6958007811320754
9 0.6513671875 0.717773437735849 0.6416015625 0.723632812264151 0.63671875 0.7309570311320754 0.63671875 0.7397460933962264 0.6396484375 0.7441406245283019 0.6474609375 0.7441406245283019 0.65625 0.7309570311320754 0.65625 0.7250976566037736 0.6533203125 0.717773437735849 0.6513671875 0.717773437735849
9 0.7080078125 0.40136718773584906 0.7021484375 0.4042968745283019 0.697265625 0.4116210933962264 0.697265625 0.4174804688679245 0.7021484375 0.42480468773584906 0.7080078125 0.42480468773584906 0.71875 0.4086914066037736 0.71875 0.4057617188679245 0.7158203125 0.40136718773584906 0.7080078125 0.40136718773584906
9 0.447265625 0.6284179688679246 0.4423828125 0.624023437735849 0.4404296875 0.624023437735849 0.4365234375 0.6269531245283019 0.435546875 0.6284179688679246 0.435546875 0.6372070311320754 0.44140625 0.6518554688679246 0.4443359375 0.65625 0.4501953125 0.65625 0.451171875 0.6547851566037736 0.451171875 0.6430664066037736 0.447265625 0.6284179688679246
18 0.474609375 0.3002929688679245 0.474609375 0.2885742188679245 0.46875 0.2739257811320755 0.46484375 0.2651367188679245 0.4580078125 0.25488281226415094 0.4501953125 0.2519531245283019 0.4453125 0.2563476566037736 0.443359375 0.2651367188679245 0.443359375 0.2709960933962264 0.4453125 0.2797851566037736 0.451171875 0.2973632811320755 0.4560546875 0.3046875 0.4638671875 0.3105468754716981 0.4677734375 0.3105468754716981 0.474609375 0.3002929688679245
13 0.4052734375 0.16992187547169813 0.4033203125 0.16992187547169813 0.40234375 0.17138671886792453 0.40234375 0.18310546886792453 0.4052734375 0.1875 0.4111328125 0.1875 0.412109375 0.1860351566037736 0.412109375 0.18310546886792453 0.408203125 0.1743164066037736 0.4052734375 0.16992187547169813
3 0.6337890625 0.328125 0.6318359375 0.328125 0.62890625 0.3325195311320755 0.626953125 0.3383789066037736 0.626953125 0.3442382811320755 0.6279296875 0.3457031245283019 0.6337890625 0.3457031245283019 0.6376953125 0.34277343773584906 0.640625 0.3383789066037736 0.640625 0.3354492188679245 0.6337890625 0.328125
24 0.4453125 0.3793945311320755 0.4443359375 0.37792968773584906 0.44140625 0.3823242188679245 0.4375 0.3999023433962264 0.4375 0.4086914066037736 0.4384765625 0.41015625 0.4404296875 0.41015625 0.4521484375 0.40722656226415094 0.453125 0.4057617188679245 0.453125 0.4028320311320755 0.4453125 0.3793945311320755
9 0.5380859375 0.4746093745283019 0.541015625 0.4702148433962264 0.541015625 0.4614257811320755 0.5380859375 0.45703125 0.537109375 0.4584960933962264 0.53515625 0.4702148433962264 0.5380859375 0.4746093745283019