6 0.451171875 0.2094726566037736 0.4609375 0.1889648433962264 0.46875 0.16845703113207547 0.46875 0.1655273433962264 0.44921875 0.10107421886792453 0.4462890625 0.09375 0.3310546875 0.13183593773584906 0.330078125 0.13330078113207547 0.322265625 0.1743164066037736 0.322265625 0.1889648433962264 0.32421875 0.19482421886792453 0.3525390625 0.24023437452830187 0.4111328125 0.24023437452830187 0.4365234375 0.22558593773584906 0.4482421875 0.21386718773584906 0.451171875 0.2094726566037736
27 0.623046875 0.2768554688679245 0.619140625 0.2504882811320755 0.6171875 0.2446289066037736 0.591796875 0.1889648433962264 0.5810546875 0.17285156226415094 0.5771484375 0.16992187547169813 0.5576171875 0.17285156226415094 0.5537109375 0.17578125 0.548828125 0.18310546886792453 0.548828125 0.19189453113207547 0.55859375 0.2915039066037736 0.5693359375 0.30175781226415094 0.5810546875 0.30175781226415094 0.6201171875 0.28417968773584906 0.623046875 0.2797851566037736 0.623046875 0.2768554688679245
27 0.333984375 0.6606445311320754 0.3330078125 0.659179687735849 0.2998046875 0.635742187735849 0.2724609375 0.624023437735849 0.2646484375 0.624023437735849 0.2529296875 0.6269531245283019 0.24609375 0.6342773433962264 0.244140625 0.6459960933962264 0.2421875 0.6665039066037736 0.2421875 0.6840820311320754 0.2451171875 0.688476562264151 0.2900390625 0.7089843754716981 0.3154296875 0.706054687735849 0.3212890625 0.700195312264151 0.333984375 0.6635742188679246 0.333984375 0.6606445311320754
3 0.474609375 0.7309570311320754 0.474609375 0.7045898433962264 0.470703125 0.6928710933962264 0.4677734375 0.688476562264151 0.4267578125 0.6855468754716981 0.416015625 0.7016601566037736 0.412109375 0.7163085933962264 0.4140625 0.7309570311320754 0.4169921875 0.735351562264151 0.4287109375 0.747070312264151 0.4501953125 0.758789062264151 0.4677734375 0.752929687735849 0.46875 0.7514648433962264 0.474609375 0.7309570311320754
3 0.3994140625 0.42480468773584906 0.3955078125 0.421875 0.3876953125 0.42480468773584906 0.38671875 0.4262695311320755 0.38671875 0.4321289066037736 0.388671875 0.4526367188679245 0.4033203125 0.495117187735849 0.416015625 0.4702148433962264 0.416015625 0.4643554688679245 0.40234375 0.4291992188679245 0.3994140625 0.42480468773584906
20 0.642578125 0.7016601566037736 0.6396484375 0.6972656245283019 0.6318359375 0.694335937735849 0.6298828125 0.694335937735849 0.625 0.7016601566037736 0.59765625 0.7456054688679246 0.5986328125 0.747070312264151 0.6279296875 0.752929687735849 0.6337890625 0.752929687735849 0.634765625 0.7514648433962264 0.638671875 0.7397460933962264 0.642578125 0.7163085933962264 0.642578125 0.7016601566037736
21 0.6416015625 0.541992187735849 0.6103515625 0.559570312264151 0.609375 0.5610351566037736 0.595703125 0.6547851566037736 0.5966796875 0.65625 0.6748046875 0.6621093754716981 0.68359375 0.6459960933962264 0.68359375 0.6372070311320754 0.681640625 0.6137695311320754 0.64453125 0.5463867188679246 0.6416015625 0.541992187735849
21 0.6904296875 0.41308593773584906 0.6845703125 0.41015625 0.6669921875 0.41015625 0.5869140625 0.42480468773584906 0.5537109375 0.43359375 0.5244140625 0.44824218773584906 0.5234375 0.4497070311320755 0.5244140625 0.4511718745283019 0.6689453125 0.45703125 0.6904296875 0.45703125 0.7099609375 0.45410156226415094 0.7109375 0.4526367188679245 0.703125 0.4233398433962264 0.6904296875 0.41308593773584906
9 0.3583984375 0.541992187735849 0.357421875 0.5434570311320754 0.353515625 0.5610351566037736 0.353515625 0.5668945311320754 0.3564453125 0.57421875 0.3603515625 0.57421875 0.361328125 0.5727539066037736 0.361328125 0.5493164066037736 0.359375 0.5434570311320754 0.3583984375 0.541992187735849
13 0.5693359375 0.34863281226415094 0.5673828125 0.34863281226415094 0.5615234375 0.3515625 0.5546875 0.3588867188679245 0.548828125 0.3735351566037736 0.548828125 0.3764648433962264 0.5498046875 0.37792968773584906 0.5615234375 0.37207031226415094 0.564453125 0.3676757811320755 0.5703125 0.3530273433962264 0.5703125 0.3500976566037736 0.5693359375 0.34863281226415094
6 0.34375 0.4116210933962264 0.34375 0.4057617188679245 0.341796875 0.3999023433962264 0.3310546875 0.3808593754716981 0.2841796875 0.3691406245283019 0.2451171875 0.3925781245283019 0.244140625 0.3940429688679245 0.244140625 0.3999023433962264 0.2529296875 0.40722656226415094 0.2763671875 0.41894531226415094 0.2919921875 0.42480468773584906 0.3330078125 0.42480468773584906 0.3408203125 0.41894531226415094 0.34375 0.4116210933962264