3 0.349609375 0.5551757811320754 0.349609375 0.5200195311320754 0.27734375 0.4028320311320755 0.2705078125 0.39550781226415094 0.2646484375 0.3925781245283019 0.2568359375 0.3925781245283019 0.255859375 0.3940429688679245 0.220703125 0.4819335933962264 0.21875 0.4907226566037736 0.21875 0.5405273433962264 0.25 0.5961914066037736 0.2666015625 0.62109375 0.2822265625 0.6386718754716981 0.3330078125 0.588867187735849 0.341796875 0.5756835933962264 0.349609375 0.5551757811320754
3 0.662109375 0.7866210933962264 0.67578125 0.7543945311320754 0.693359375 0.7075195311320754 0.693359375 0.6958007811320754 0.685546875 0.6430664066037736 0.68359375 0.6342773433962264 0.67578125 0.6166992188679246 0.6689453125 0.606445312264151 0.6474609375 0.5800781245283019 0.6435546875 0.577148437735849 0.6064453125 0.5800781245283019 0.5810546875 0.588867187735849 0.5771484375 0.5917968754716981 0.5703125 0.6020507811320754 0.548828125 0.6782226566037736 0.548828125 0.6899414066037736 0.5615234375 0.7089843754716981 0.6357421875 0.796875 0.6396484375 0.799804687735849 0.6435546875 0.799804687735849 0.6572265625 0.793945312264151 0.662109375 0.7866210933962264
3 0.3720703125 0.635742187735849 0.3642578125 0.635742187735849 0.3310546875 0.647460937735849 0.3271484375 0.6503906245283019 0.32421875 0.6547851566037736 0.32421875 0.6577148433962264 0.341796875 0.7016601566037736 0.3427734375 0.703125 0.3505859375 0.703125 0.359375 0.6958007811320754 0.373046875 0.6372070311320754 0.3720703125 0.635742187735849
27 0.31640625 0.22705078113207547 0.2998046875 0.19921875 0.2724609375 0.22558593773584906 0.240234375 0.2797851566037736 0.23828125 0.3120117188679245 0.2412109375 0.31933593773584906 0.2685546875 0.31347656226415094 0.2919921875 0.28417968773584906 0.310546875 0.2563476566037736 0.3203125 0.23876953113207547 0.3203125 0.2358398433962264 0.31640625 0.22705078113207547
27 0.4189453125 0.41894531226415094 0.423828125 0.4116210933962264 0.42578125 0.4057617188679245 0.42578125 0.3940429688679245 0.416015625 0.3706054688679245 0.4033203125 0.3515625 0.3681640625 0.3105468754716981 0.3642578125 0.3105468754716981 0.35546875 0.3237304688679245 0.353515625 0.3295898433962264 0.3359375 0.3999023433962264 0.3359375 0.4086914066037736 0.337890625 0.4233398433962264 0.3388671875 0.42480468773584906 0.3447265625 0.4277343745283019 0.3564453125 0.4277343745283019 0.4150390625 0.421875 0.4189453125 0.41894531226415094
18 0.4296875 0.13623046886792453 0.4296875 0.1303710933962264 0.4150390625 0.10839843773584906 0.4013671875 0.09082031226415094 0.3916015625 0.09960937547169811 0.390625 0.10107421886792453 0.390625 0.10693359339622642 0.400390625 0.1274414066037736 0.4052734375 0.13476562452830187 0.4111328125 0.140625 0.4150390625 0.14355468773584906 0.4248046875 0.14355468773584906 0.4296875 0.13623046886792453
20 0.41015625 0.2475585933962264 0.41015625 0.2416992188679245 0.40625 0.19482421886792453 0.4052734375 0.19335937547169813 0.4013671875 0.19628906226415094 0.3818359375 0.21386718773584906 0.37890625 0.21826171886792453 0.375 0.22705078113207547 0.37109375 0.23876953113207547 0.37109375 0.2446289066037736 0.373046875 0.2504882811320755 0.3759765625 0.25488281226415094 0.3798828125 0.2578125 0.3857421875 0.2578125 0.4091796875 0.2490234377358491 0.41015625 0.2475585933962264
20 0.595703125 0.4379882811320755 0.5849609375 0.42480468773584906 0.5693359375 0.41015625 0.5576171875 0.41015625 0.5498046875 0.41894531226415094 0.544921875 0.4262695311320755 0.541015625 0.4379882811320755 0.541015625 0.4438476566037736 0.5419921875 0.4453125 0.5830078125 0.47753906226415094 0.5869140625 0.47753906226415094 0.587890625 0.4760742188679245 0.595703125 0.4438476566037736 0.595703125 0.4379882811320755
21 0.6923828125 0.4277343745283019 0.6591796875 0.41894531226415094 0.6552734375 0.41894531226415094 0.619140625 0.4702148433962264 0.6171875 0.4790039066037736 0.611328125 0.5288085933962264 0.6162109375 0.536132812264151 0.7021484375 0.5566406245283019 0.7060546875 0.5566406245283019 0.708984375 0.5522460933962264 0.705078125 0.4790039066037736 0.701171875 0.4497070311320755 0.6923828125 0.4277343745283019
21 0.5791015625 0.2490234377358491 0.5869140625 0.2431640622641509 0.595703125 0.22998046886792453 0.634765625 0.15673828113207547 0.634765625 0.1538085933962264 0.6318359375 0.14941406226415094 0.5595703125 0.09960937547169811 0.5185546875 0.12597656226415094 0.513671875 0.13330078113207547 0.509765625 0.14794921886792453 0.5078125 0.1625976566037736 0.5078125 0.16845703113207547 0.509765625 0.1772460933962264 0.51953125 0.20654296886792453 0.5244140625 0.21386718773584906 0.5341796875 0.22558593773584906 0.5576171875 0.2490234377358491 0.5791015625 0.2490234377358491
21 0.515625 0.5815429688679246 0.5107421875 0.57421875 0.4462890625 0.524414062264151 0.4150390625 0.5449218754716981 0.412109375 0.5493164066037736 0.400390625 0.6137695311320754 0.390625 0.6782226566037736 0.390625 0.6840820311320754 0.3916015625 0.6855468754716981 0.4697265625 0.653320312264151 0.4736328125 0.6503906245283019 0.5126953125 0.6152343754716981 0.515625 0.6108398433962264 0.515625 0.5815429688679246