26 0.677734375 0.16845703113207547 0.6767578125 0.16699218773584906 0.610151985 0.1311058603773585 0.5945265587499999 0.10735805660377358 0.579317804375 0.1029834641509434 0.5759843931249999 0.13766775283018867 0.580078125 0.14794921886792453 0.587890625 0.20654296886792453 0.6103515625 0.22265625 0.632860943125 0.24234556603773585 0.6689453125 0.18164062452830187 0.6748046875 0.17578125 0.677734375 0.17138671886792453 0.677734375 0.16845703113207547
26 0.4306640625 0.10839843773584906 0.427734375 0.11572265660377358 0.404296875 0.21533203113207547 0.404296875 0.21826171886792453 0.4072265625 0.22265625 0.4306640625 0.23144531226415094 0.453125 0.2006835933962264 0.43359375 0.10986328113207547 0.4326171875 0.10839843773584906 0.4306640625 0.10839843773584906
26 0.603515625 0.5170898433962264 0.591796875 0.48486328113207544 0.587890625 0.4760742188679245 0.578125 0.4584960933962264 0.5673828125 0.44238281226415094 0.5537109375 0.43359375 0.5322265625 0.43652343773584906 0.5166015625 0.4453125 0.5126953125 0.44824218773584906 0.498046875 0.4672851566037736 0.494140625 0.49951171886792456 0.494140625 0.5346679688679246 0.4951171875 0.536132812264151 0.5673828125 0.5566406245283019 0.5830078125 0.55078125 0.5869140625 0.547851562264151 0.603515625 0.5200195311320754 0.603515625 0.5170898433962264
26 0.703125 0.7924804688679246 0.6962890625 0.782226562264151 0.6689453125 0.7675781245283019 0.6552734375 0.76171875 0.6416015625 0.758789062264151 0.6318359375 0.758789062264151 0.630859375 0.7602539066037736 0.6318359375 0.76171875 0.6806640625 0.805664062264151 0.6865234375 0.80859375 0.6962890625 0.80859375 0.69921875 0.8041992188679246 0.703125 0.7954101566037736 0.703125 0.7924804688679246
26 0.658203125 0.7250976566037736 0.65625 0.7192382811320754 0.6171875 0.6401367188679246 0.6162109375 0.6386718754716981 0.6142578125 0.6386718754716981 0.61328125 0.6401367188679246 0.59375 0.6958007811320754 0.59375 0.6987304688679246 0.6064453125 0.717773437735849 0.6259765625 0.735351562264151 0.6435546875 0.73828125 0.6513671875 0.73828125 0.658203125 0.7280273433962264 0.658203125 0.7250976566037736
26 0.591796875 0.7104492188679246 0.5791015625 0.694335937735849 0.5087890625 0.682617187735849 0.5078125 0.6840820311320754 0.5205078125 0.706054687735849 0.5615234375 0.752929687735849 0.5673828125 0.752929687735849 0.5830078125 0.73828125 0.58984375 0.7280273433962264 0.591796875 0.7221679688679246 0.591796875 0.7104492188679246
26 0.259765625 0.5581054688679246 0.259765625 0.5493164066037736 0.25390625 0.4643554688679245 0.2529296875 0.4628906245283019 0.25 0.4672851566037736 0.24609375 0.4790039066037736 0.240234375 0.5053710933962264 0.23828125 0.5170898433962264 0.23828125 0.5639648433962264 0.240234375 0.5903320311320754 0.2412109375 0.5917968754716981 0.2470703125 0.5917968754716981 0.2529296875 0.5859375 0.2578125 0.5786132811320754 0.259765625 0.5581054688679246
6 0.6005859375 0.62109375 0.6171875 0.5961914066037736 0.6162109375 0.594726562264151 0.5595703125 0.559570312264151 0.5478515625 0.553710937735849 0.5361328125 0.55078125 0.5322265625 0.55078125 0.5087890625 0.553710937735849 0.5048828125 0.5566406245283019 0.50390625 0.5581054688679246 0.50390625 0.5668945311320754 0.505859375 0.5727539066037736 0.5205078125 0.594726562264151 0.5458984375 0.618164062264151 0.5732421875 0.6328125 0.5888671875 0.6269531245283019 0.6005859375 0.62109375
3 0.416015625 0.3500976566037736 0.4150390625 0.34863281226415094 0.3349609375 0.37207031226415094 0.333984375 0.3735351566037736 0.330078125 0.3881835933962264 0.353515625 0.4584960933962264 0.3623046875 0.46582031226415094 0.3720703125 0.46582031226415094 0.3818359375 0.45996093773584906 0.38671875 0.4526367188679245 0.416015625 0.3588867188679245 0.416015625 0.3500976566037736
3 0.720703125 0.4672851566037736 0.720703125 0.4643554688679245 0.7021484375 0.4394531245283019 0.6982421875 0.43652343773584906 0.6650390625 0.43359375 0.65625 0.4467773433962264 0.65625 0.4526367188679245 0.671875 0.4936523433962264 0.6767578125 0.500976562264151 0.6865234375 0.5097656245283019 0.6923828125 0.5097656245283019 0.712890625 0.4907226566037736 0.720703125 0.4672851566037736
14 0.736328125 0.4702148433962264 0.732421875 0.4614257811320755 0.7294921875 0.45703125 0.7255859375 0.45703125 0.72265625 0.4614257811320755 0.72265625 0.4643554688679245 0.728515625 0.4790039066037736 0.7294921875 0.48046875 0.7314453125 0.48046875 0.7353515625 0.47753906226415094 0.736328125 0.4760742188679245 0.736328125 0.4702148433962264
14 0.45008090500000003 0.6956249603773584 0.4462890625 0.6972656245283019 0.4453125 0.6987304688679246 0.443359375 0.7045898433962264 0.44324706187499996 0.7148794481132075 0.445931788125 0.7197845858490567 0.4482421875 0.717773437735849 0.44921875 0.7163085933962264 0.451171875 0.7045898433962264 0.451171875 0.6987304688679246 0.45008090500000003 0.6956249603773584
11 0.5107421875 0.7441406245283019 0.509765625 0.7456054688679246 0.509765625 0.7514648433962264 0.5146484375 0.758789062264151 0.5224609375 0.758789062264151 0.5234375 0.7573242188679246 0.5234375 0.7514648433962264 0.5205078125 0.747070312264151 0.5107421875 0.7441406245283019
21 0.427734375 0.6752929688679246 0.4267578125 0.6738281245283019 0.4228515625 0.6738281245283019 0.3408203125 0.711914062264151 0.3291015625 0.717773437735849 0.326171875 0.7221679688679246 0.314453125 0.7631835933962264 0.314453125 0.7661132811320754 0.3447265625 0.8027343745283019 0.4091796875 0.78515625 0.412109375 0.7807617188679246 0.4140625 0.7749023433962264 0.421875 0.7338867188679246 0.427734375 0.6752929688679246
27 0.580078125 0.18310546886792453 0.576171875 0.16845703113207547 0.544921875 0.08349609339622642 0.5400390625 0.07617187547169811 0.5283203125 0.07617187547169811 0.5224609375 0.07910156226415094 0.51953125 0.08349609339622642 0.515625 0.09228515660377358 0.51171875 0.10693359339622642 0.51171875 0.10986328113207547 0.51953125 0.19482421886792453 0.5205078125 0.19628906226415094 0.5400390625 0.19628906226415094 0.5791015625 0.1875 0.580078125 0.1860351566037736 0.580078125 0.18310546886792453
27 0.515625 0.1772460933962264 0.513671875 0.17138671886792453 0.4716796875 0.08496093773584906 0.4677734375 0.08203125 0.4580078125 0.08203125 0.453125 0.08935546886792453 0.447265625 0.10107421886792453 0.4453125 0.10693359339622642 0.443359375 0.11572265660377358 0.443359375 0.12451171886792455 0.4609375 0.20654296886792453 0.4658203125 0.21386718773584906 0.4677734375 0.21386718773584906 0.5126953125 0.19335937547169813 0.515625 0.1889648433962264 0.515625 0.1772460933962264
27 0.728515625 0.2768554688679245 0.724609375 0.2563476566037736 0.7109375 0.2006835933962264 0.70703125 0.1889648433962264 0.7060546875 0.1875 0.7021484375 0.1875 0.6796875 0.20361328113207547 0.677734375 0.2094726566037736 0.677734375 0.2534179688679245 0.689453125 0.2856445311320755 0.6982421875 0.2988281245283019 0.7158203125 0.31347656226415094 0.7197265625 0.31347656226415094 0.728515625 0.2973632811320755 0.728515625 0.2768554688679245
27 0.6328125 0.3120117188679245 0.6298828125 0.30761718773584906 0.5849609375 0.2519531245283019 0.5791015625 0.24609375 0.5712890625 0.24023437452830187 0.5634765625 0.24023437452830187 0.537109375 0.2827148433962264 0.533203125 0.2944335933962264 0.533203125 0.2973632811320755 0.5458984375 0.3339843754716981 0.6083984375 0.3515625 0.6181640625 0.34863281226415094 0.6240234375 0.34277343773584906 0.6328125 0.3208007811320755 0.6328125 0.3120117188679245
13 0.7236328125 0.22851562452830187 0.7197265625 0.22558593773584906 0.7177734375 0.22558593773584906 0.71484375 0.22998046886792453 0.71484375 0.2329101566037736 0.7158203125 0.234375 0.7216796875 0.23730468773584906 0.724991639375 0.23964755283018868 0.726867274375 0.23800656132075473 0.7294462724999999 0.2324975471698113 0.7236328125 0.22851562452830187
20 0.548828125 0.3618164066037736 0.548828125 0.3530273433962264 0.5478515625 0.3515625 0.5283203125 0.33691406226415094 0.52734375 0.3383789066037736 0.498046875 0.3852539066037736 0.498046875 0.3940429688679245 0.5068359375 0.40722656226415094 0.5107421875 0.41015625 0.5126953125 0.41015625 0.5263671875 0.40136718773584906 0.546875 0.3676757811320755 0.548828125 0.3618164066037736
27 0.412109375 0.2416992188679245 0.41015625 0.2358398433962264 0.380859375 0.1655273433962264 0.3759765625 0.15820312452830187 0.3642578125 0.15234375 0.3623046875 0.15234375 0.341796875 0.18310546886792453 0.341796875 0.2006835933962264 0.35546875 0.2241210933962264 0.3798828125 0.26074218773584906 0.4033203125 0.2636718754716981 0.41015625 0.2534179688679245 0.412109375 0.2475585933962264 0.412109375 0.2416992188679245
27 0.39453125 0.3149414066037736 0.3681640625 0.2636718754716981 0.3466796875 0.2431640622641509 0.3388671875 0.23730468773584906 0.3251953125 0.23730468773584906 0.32421875 0.23876953113207547 0.31640625 0.2534179688679245 0.31640625 0.2739257811320755 0.345703125 0.3706054688679245 0.3505859375 0.37792968773584906 0.3525390625 0.37792968773584906 0.3876953125 0.328125 0.392578125 0.3208007811320755 0.39453125 0.3149414066037736
27 0.3271484375 0.33105468773584906 0.2880859375 0.27832031226415094 0.2841796875 0.2753906245283019 0.279296875 0.2827148433962264 0.25390625 0.3500976566037736 0.248046875 0.3735351566037736 0.24609375 0.3852539066037736 0.248046875 0.3969726566037736 0.2548828125 0.40722656226415094 0.2607421875 0.40722656226415094 0.3232421875 0.35449218773584906 0.330078125 0.3442382811320755 0.330078125 0.3383789066037736 0.3271484375 0.33105468773584906
27 0.333984375 0.4233398433962264 0.3291015625 0.41894531226415094 0.3193359375 0.4160156245283019 0.2744140625 0.41015625 0.2509765625 0.41015625 0.248046875 0.4145507811320755 0.24609375 0.4262695311320755 0.25390625 0.4584960933962264 0.2568359375 0.4628906245283019 0.3076171875 0.4863281245283018 0.3115234375 0.4863281245283018 0.3203125 0.4731445311320755 0.333984375 0.4497070311320755 0.333984375 0.4233398433962264
27 0.3642578125 0.5332031245283019 0.369140625 0.5258789066037736 0.369140625 0.5170898433962264 0.3583984375 0.500976562264151 0.3486328125 0.4921875 0.3369140625 0.4863281245283018 0.3193359375 0.4863281245283018 0.2900390625 0.4921875 0.2763671875 0.500976562264151 0.271484375 0.5083007811320754 0.26953125 0.5170898433962264 0.26953125 0.5229492188679246 0.271484375 0.5288085933962264 0.2744140625 0.5332031245283019 0.2822265625 0.541992187735849 0.3017578125 0.547851562264151 0.3525390625 0.541992187735849 0.3642578125 0.5332031245283019
27 0.505859375 0.4204101566037736 0.50390625 0.4145507811320755 0.5009765625 0.41015625 0.4365234375 0.3457031245283019 0.4345703125 0.3457031245283019 0.431640625 0.3500976566037736 0.42578125 0.3706054688679245 0.412455191875 0.41839165849056603 0.42331861375 0.4296099245283019 0.4736328125 0.45703125 0.4794921875 0.4628906245283019 0.4873046875 0.46582031226415094 0.5009765625 0.4511718745283019 0.505859375 0.4438476566037736 0.505859375 0.4204101566037736
27 0.50390625 0.3383789066037736 0.5078125 0.3149414066037736 0.501953125 0.2446289066037736 0.4990234375 0.24023437452830187 0.4931640625 0.24023437452830187 0.4326171875 0.27832031226415094 0.42578125 0.2885742188679245 0.42578125 0.2973632811320755 0.427734375 0.3032226566037736 0.4404296875 0.3222656245283019 0.4462890625 0.32519531226415094 0.4970703125 0.34277343773584906 0.5009765625 0.34277343773584906 0.50390625 0.3383789066037736
27 0.677734375 0.3911132811320755 0.6719139618750001 0.36369693679245285 0.6610144518750001 0.35913491037735845 0.6064453125 0.36035156226415094 0.5947265625 0.36035156226415094 0.5908203125 0.36328125 0.587890625 0.3676757811320755 0.583984375 0.4204101566037736 0.583984375 0.4321289066037736 0.5859375 0.4409179688679245 0.5869140625 0.44238281226415094 0.6552734375 0.43066406226415094 0.670139596875 0.4325074896226415 0.677734375 0.3940429688679245 0.677734375 0.3911132811320755
27 0.7890625 0.3881835933962264 0.7880859375 0.38671875 0.7314453125 0.31640625 0.720703125 0.3266601566037736 0.705078125 0.3647460933962264 0.7138671875 0.38378906226415094 0.7666015625 0.4394531245283019 0.7724609375 0.4394531245283019 0.7890625 0.4174804688679245 0.791015625 0.4116210933962264 0.791015625 0.3969726566037736 0.7890625 0.3881835933962264
27 0.7900390625 0.571289062264151 0.796875 0.5610351566037736 0.80078125 0.5493164066037736 0.80078125 0.5346679688679246 0.7783203125 0.4921875 0.7568359375 0.47167968773584906 0.7548828125 0.47167968773584906 0.7451171875 0.47753906226415094 0.7353515625 0.4863281245283018 0.732421875 0.4907226566037736 0.732421875 0.49951171886792456 0.7421875 0.5991210933962264 0.744140625 0.6079101566037736 0.7490234375 0.6152343754716981 0.7509765625 0.6152343754716981 0.7607421875 0.606445312264151 0.7900390625 0.571289062264151
27 0.7109375 0.5639648433962264 0.7109375 0.5493164066037736 0.708984375 0.5434570311320754 0.7021484375 0.5332031245283019 0.6982421875 0.530273437735849 0.6845703125 0.52734375 0.6416015625 0.536132812264151 0.6298828125 0.55078125 0.626953125 0.5551757811320754 0.626953125 0.6079101566037736 0.6376953125 0.62109375 0.6455078125 0.62109375 0.6572265625 0.612304687735849 0.6943359375 0.583007812264151 0.7041015625 0.57421875 0.7109375 0.5639648433962264
27 0.6298828125 0.553710937735849 0.62890625 0.5551757811320754 0.626953125 0.5639648433962264 0.6318359375 0.571289062264151 0.6455078125 0.5800781245283019 0.6552734375 0.577148437735849 0.65625 0.5756835933962264 0.65625 0.5639648433962264 0.6474609375 0.55078125 0.6298828125 0.553710937735849
27 0.74609375 0.7250976566037736 0.73828125 0.6284179688679246 0.736328125 0.6196289066037736 0.7294921875 0.609375 0.7275390625 0.609375 0.7138671875 0.612304687735849 0.6845703125 0.6269531245283019 0.681640625 0.6313476566037736 0.662109375 0.6723632811320754 0.662109375 0.6782226566037736 0.7119140625 0.741210937735849 0.7255859375 0.75 0.7353515625 0.75 0.7431640625 0.747070312264151 0.74609375 0.7426757811320754 0.74609375 0.7250976566037736
27 0.484375 0.7397460933962264 0.48828125 0.7280273433962264 0.49609375 0.6694335933962264 0.4638671875 0.624023437735849 0.4599609375 0.62109375 0.45703125 0.6254882811320754 0.452138405625 0.7010131575471698 0.4453125 0.7485351566037736 0.4482421875 0.752929687735849 0.4560546875 0.7558593754716981 0.4677734375 0.7558593754716981 0.4755859375 0.75 0.4814453125 0.7441406245283019 0.484375 0.7397460933962264
27 0.478515625 0.5522460933962264 0.4765625 0.5141601566037736 0.4345703125 0.45996093773584906 0.4326171875 0.45996093773584906 0.4287109375 0.4628906245283019 0.421875 0.4731445311320755 0.396484375 0.5258789066037736 0.396484375 0.5317382811320754 0.3984375 0.5375976566037736 0.4560546875 0.583007812264151 0.4677734375 0.583007812264151 0.4755859375 0.57421875 0.478515625 0.5668945311320754 0.478515625 0.5522460933962264
27 0.4296875 0.5727539066037736 0.4248046875 0.5683593754716981 0.4169921875 0.5683593754716981 0.3466796875 0.577148437735849 0.341796875 0.5844726566037736 0.34375 0.5961914066037736 0.35546875 0.6313476566037736 0.3857421875 0.688476562264151 0.43359375 0.6196289066037736 0.435546875 0.6108398433962264 0.435546875 0.5844726566037736 0.4296875 0.5727539066037736
27 0.345703125 0.6840820311320754 0.341796875 0.6752929688679246 0.3017578125 0.6035156245283019 0.2958984375 0.59765625 0.2861328125 0.59765625 0.2783203125 0.6035156245283019 0.275390625 0.6079101566037736 0.271484375 0.6166992188679246 0.271484375 0.6254882811320754 0.27734375 0.6459960933962264 0.3173828125 0.700195312264151 0.3251953125 0.7089843754716981 0.3291015625 0.711914062264151 0.3330078125 0.711914062264151 0.345703125 0.6840820311320754