21 0.4033203125 0.08496093773584906 0.3994140625 0.08203125 0.3935546875 0.08203125 0.3857421875 0.08789062452830189 0.3779296875 0.09667968773584906 0.369140625 0.10986328113207547 0.361328125 0.12451171886792455 0.353515625 0.14501953113207547 0.337890625 0.2094726566037736 0.3359375 0.2211914066037736 0.3388671875 0.22851562452830187 0.3837890625 0.22851562452830187 0.384765625 0.22705078113207547 0.40625 0.1743164066037736 0.41015625 0.10693359339622642 0.41015625 0.09521484339622642 0.4033203125 0.08496093773584906
13 0.580078125 0.1743164066037736 0.580078125 0.17138671886792453 0.57421875 0.1420898433962264 0.5693359375 0.13476562452830187 0.5224609375 0.10253906226415094 0.5068359375 0.10253906226415094 0.505859375 0.10400390660377358 0.505859375 0.11572265660377358 0.513671875 0.16845703113207547 0.5166015625 0.17285156226415094 0.5205078125 0.17578125 0.5341796875 0.18164062452830187 0.5771484375 0.17871093773584906 0.580078125 0.1743164066037736
13 0.7294921875 0.26953125 0.736328125 0.2592773433962264 0.736328125 0.2475585933962264 0.732421875 0.23876953113207547 0.7275390625 0.23144531226415094 0.6962890625 0.19921875 0.6708984375 0.1875 0.6689453125 0.1875 0.66796875 0.1889648433962264 0.662109375 0.2358398433962264 0.662109375 0.2416992188679245 0.6640625 0.2504882811320755 0.66796875 0.2592773433962264 0.6826171875 0.28125 0.6923828125 0.28125 0.7255859375 0.27246093773584906 0.7294921875 0.26953125
7 0.7841796875 0.4746093745283019 0.78515625 0.4731445311320755 0.7607421875 0.43359375 0.7451171875 0.4160156245283019 0.7353515625 0.40722656226415094 0.7236328125 0.3984375 0.6962890625 0.3984375 0.6953125 0.3999023433962264 0.69140625 0.4116210933962264 0.69140625 0.4145507811320755 0.7138671875 0.4453125 0.7451171875 0.47753906226415094 0.7548828125 0.483398437735849 0.7646484375 0.483398437735849 0.7783203125 0.47753906226415094 0.7841796875 0.4746093745283019
14 0.7587890625 0.59765625 0.7548828125 0.59765625 0.75 0.6049804688679246 0.751953125 0.6166992188679246 0.7568359375 0.62109375 0.7626953125 0.62109375 0.765625 0.6166992188679246 0.765625 0.6079101566037736 0.7626953125 0.600585937735849 0.7587890625 0.59765625
9 0.6806640625 0.489257812264151 0.6689453125 0.489257812264151 0.6650390625 0.4921875 0.6640625 0.4936523433962264 0.6640625 0.49658203113207544 0.6708984375 0.506835937735849 0.6767578125 0.506835937735849 0.6806640625 0.50390625 0.68359375 0.49658203113207544 0.68359375 0.4936523433962264 0.6806640625 0.489257812264151
9 0.6005859375 0.495117187735849 0.5986328125 0.495117187735849 0.5849609375 0.5097656245283019 0.583984375 0.5112304688679246 0.583984375 0.5141601566037736 0.5869140625 0.518554687735849 0.5947265625 0.518554687735849 0.599609375 0.5112304688679246 0.6015625 0.5024414066037736 0.6015625 0.49658203113207544 0.6005859375 0.495117187735849
13 0.50390625 0.7075195311320754 0.5029296875 0.706054687735849 0.4873046875 0.69140625 0.4775390625 0.688476562264151 0.4716796875 0.688476562264151 0.45703125 0.6987304688679246 0.455078125 0.7133789066037736 0.4716796875 0.7324218754716981 0.4814453125 0.735351562264151 0.4853515625 0.735351562264151 0.4892578125 0.7324218754716981 0.4970703125 0.723632812264151 0.50390625 0.7133789066037736 0.50390625 0.7075195311320754
9 0.4833984375 0.506835937735849 0.478515625 0.5141601566037736 0.478515625 0.5170898433962264 0.4794921875 0.518554687735849 0.4931640625 0.518554687735849 0.494140625 0.5170898433962264 0.494140625 0.5141601566037736 0.4892578125 0.506835937735849 0.4833984375 0.506835937735849
13 0.392578125 0.6108398433962264 0.39453125 0.6049804688679246 0.39453125 0.5903320311320754 0.384765625 0.5581054688679246 0.3603515625 0.52734375 0.3271484375 0.518554687735849 0.3154296875 0.518554687735849 0.314453125 0.5200195311320754 0.296875 0.6020507811320754 0.296875 0.6079101566037736 0.2998046875 0.612304687735849 0.3076171875 0.618164062264151 0.3173828125 0.62109375 0.3818359375 0.62109375 0.3896484375 0.6152343754716981 0.392578125 0.6108398433962264
9 0.4638671875 0.37207031226415094 0.4619140625 0.37207031226415094 0.453125 0.3852539066037736 0.44921875 0.3940429688679245 0.447265625 0.3999023433962264 0.447265625 0.4057617188679245 0.4482421875 0.40722656226415094 0.4541015625 0.40722656226415094 0.4609375 0.3969726566037736 0.466796875 0.3793945311320755 0.466796875 0.3764648433962264 0.4638671875 0.37207031226415094
24 0.3525390625 0.3691406245283019 0.349609375 0.3735351566037736 0.349609375 0.3764648433962264 0.3564453125 0.39550781226415094 0.375 0.3793945311320755 0.3720703125 0.375 0.3681640625 0.37207031226415094 0.3564453125 0.3691406245283019 0.3525390625 0.3691406245283019
9 0.298828125 0.3881835933962264 0.2958984375 0.38378906226415094 0.2919921875 0.38378906226415094 0.291015625 0.3852539066037736 0.2890625 0.3911132811320755 0.2890625 0.4116210933962264 0.291015625 0.4174804688679245 0.2919921875 0.41894531226415094 0.2939453125 0.41894531226415094 0.30078125 0.4086914066037736 0.30078125 0.3999023433962264 0.298828125 0.3881835933962264