21 0.5625 0.13330078113207547 0.5576171875 0.12597656226415094 0.5478515625 0.1171875 0.4873046875 0.08203125 0.4853515625 0.08203125 0.4609375 0.13330078113207547 0.45703125 0.1508789066037736 0.44140625 0.2241210933962264 0.44140625 0.22705078113207547 0.4423828125 0.22851562452830187 0.4482421875 0.23144531226415094 0.5107421875 0.23144531226415094 0.54296875 0.1772460933962264 0.5625 0.13623046886792453 0.5625 0.13330078113207547
18 0.7265625 0.7133789066037736 0.7265625 0.6987304688679246 0.7236328125 0.694335937735849 0.7177734375 0.69140625 0.7138671875 0.69140625 0.7041015625 0.694335937735849 0.6845703125 0.703125 0.666015625 0.7221679688679246 0.66015625 0.7338867188679246 0.66015625 0.7602539066037736 0.662109375 0.7661132811320754 0.66796875 0.7778320311320754 0.6708984375 0.782226562264151 0.6845703125 0.796875 0.724609375 0.7192382811320754 0.7265625 0.7133789066037736
18 0.3896484375 0.799804687735849 0.3974609375 0.793945312264151 0.400390625 0.7895507811320754 0.40234375 0.7836914066037736 0.40234375 0.7719726566037736 0.3984375 0.7631835933962264 0.3642578125 0.711914062264151 0.3583984375 0.706054687735849 0.3486328125 0.703125 0.3447265625 0.706054687735849 0.33984375 0.7133789066037736 0.337890625 0.7192382811320754 0.337890625 0.7309570311320754 0.341796875 0.7456054688679246 0.3515625 0.7719726566037736 0.3642578125 0.7910156245283019 0.3740234375 0.799804687735849 0.3837890625 0.8027343745283019 0.3896484375 0.799804687735849
18 0.4951171875 0.524414062264151 0.5029296875 0.518554687735849 0.509765625 0.5083007811320754 0.51171875 0.5024414066037736 0.51171875 0.4936523433962264 0.509765625 0.48779296886792456 0.5068359375 0.483398437735849 0.5029296875 0.48046875 0.4755859375 0.48046875 0.4404296875 0.4921875 0.4208984375 0.50390625 0.419921875 0.5053710933962264 0.419921875 0.5083007811320754 0.4345703125 0.530273437735849 0.4404296875 0.536132812264151 0.4501953125 0.5390625 0.4541015625 0.5390625 0.4833984375 0.530273437735849 0.4951171875 0.524414062264151
6 0.7138671875 0.3105468754716981 0.7060546875 0.30761718773584906 0.6826171875 0.31933593773584906 0.681640625 0.3208007811320755 0.662109375 0.4174804688679245 0.6728515625 0.43066406226415094 0.6845703125 0.44238281226415094 0.703125 0.4174804688679245 0.720703125 0.3647460933962264 0.7265625 0.3383789066037736 0.716796875 0.3149414066037736 0.7138671875 0.3105468754716981
6 0.712890625 0.5493164066037736 0.7109375 0.5434570311320754 0.6748046875 0.48046875 0.6572265625 0.48046875 0.65234375 0.48779296886792456 0.6484375 0.5053710933962264 0.6484375 0.5258789066037736 0.6826171875 0.5859375 0.6962890625 0.5917968754716981 0.7080078125 0.594726562264151 0.7109375 0.5874023433962264 0.712890625 0.5668945311320754 0.712890625 0.5493164066037736
6 0.3125 0.6225585933962264 0.30078125 0.5727539066037736 0.2958984375 0.565429687735849 0.2880859375 0.565429687735849 0.2666015625 0.5800781245283019 0.265625 0.5815429688679246 0.263671875 0.5991210933962264 0.2578125 0.6694335933962264 0.259765625 0.7016601566037736 0.26171875 0.7133789066037736 0.2666015625 0.7207031245283019 0.2724609375 0.7207031245283019 0.275390625 0.7163085933962264 0.29296875 0.6752929688679246 0.3125 0.6225585933962264
9 0.43359375 0.6958007811320754 0.4267578125 0.6855468754716981 0.4228515625 0.682617187735849 0.4169921875 0.682617187735849 0.41015625 0.6928710933962264 0.41015625 0.7075195311320754 0.4150390625 0.71484375 0.4287109375 0.7265625 0.4384765625 0.7265625 0.44140625 0.7221679688679246 0.44140625 0.7163085933962264 0.43359375 0.6958007811320754
9 0.583984375 0.6840820311320754 0.5810546875 0.6796875 0.5732421875 0.6738281245283019 0.5673828125 0.670898437735849 0.5498046875 0.665039062264151 0.5341796875 0.665039062264151 0.5283203125 0.66796875 0.51953125 0.6811523433962264 0.51953125 0.6870117188679246 0.5263671875 0.6972656245283019 0.5830078125 0.729492187735849 0.5927734375 0.729492187735849 0.595703125 0.7250976566037736 0.595703125 0.7192382811320754 0.583984375 0.6840820311320754
27 0.4013671875 0.20214843773584906 0.3857421875 0.20214843773584906 0.3427734375 0.21679687452830187 0.3369140625 0.21972656226415094 0.328125 0.22705078113207547 0.326171875 0.2329101566037736 0.326171875 0.2651367188679245 0.3349609375 0.27246093773584906 0.4072265625 0.26953125 0.416015625 0.2622070311320755 0.41015625 0.2124023433962264 0.4052734375 0.20507812452830187 0.4013671875 0.20214843773584906
27 0.2734375 0.3706054688679245 0.271484375 0.3471679688679245 0.26953125 0.3383789066037736 0.2666015625 0.3339843754716981 0.2333984375 0.328125 0.23046875 0.3354492188679245 0.2265625 0.3530273433962264 0.224609375 0.3676757811320755 0.22265625 0.4350585933962264 0.228515625 0.4526367188679245 0.2314453125 0.45703125 0.2392578125 0.45703125 0.2470703125 0.45410156226415094 0.2509765625 0.4511718745283019 0.255859375 0.4438476566037736 0.2734375 0.3706054688679245
27 0.369140625 0.4233398433962264 0.34375 0.3676757811320755 0.3271484375 0.34277343773584906 0.3232421875 0.34277343773584906 0.3173828125 0.3457031245283019 0.3115234375 0.3515625 0.302734375 0.3647460933962264 0.30078125 0.3706054688679245 0.30078125 0.3793945311320755 0.3125 0.4702148433962264 0.314453125 0.4790039066037736 0.3193359375 0.4863281245283018 0.3349609375 0.48046875 0.37109375 0.4291992188679245 0.369140625 0.4233398433962264
27 0.4541015625 0.375 0.45703125 0.3706054688679245 0.45703125 0.3618164066037736 0.4521484375 0.35449218773584906 0.3837890625 0.31933593773584906 0.3779296875 0.31933593773584906 0.3701171875 0.3222656245283019 0.3603515625 0.328125 0.353515625 0.3383789066037736 0.353515625 0.3413085933962264 0.373046875 0.4116210933962264 0.3896484375 0.42480468773584906 0.3935546875 0.42480468773584906 0.4013671875 0.421875 0.4091796875 0.4160156245283019 0.4541015625 0.375
27 0.55078125 0.3500976566037736 0.5078125 0.2534179688679245 0.5029296875 0.24609375 0.49609375 0.2563476566037736 0.47265625 0.3354492188679245 0.478515625 0.4409179688679245 0.4833984375 0.44824218773584906 0.4853515625 0.44824218773584906 0.5380859375 0.3808593754716981 0.546875 0.3676757811320755 0.55078125 0.3559570311320755 0.55078125 0.3500976566037736
27 0.6328125 0.2651367188679245 0.6298828125 0.26074218773584906 0.5712890625 0.1875 0.5673828125 0.18457031226415094 0.5654296875 0.18457031226415094 0.560546875 0.19189453113207547 0.55859375 0.2827148433962264 0.578125 0.3793945311320755 0.5791015625 0.3808593754716981 0.583984375 0.3735351566037736 0.6328125 0.2856445311320755 0.634765625 0.2797851566037736 0.634765625 0.2709960933962264 0.6328125 0.2651367188679245
27 0.62109375 0.4497070311320755 0.6201171875 0.44824218773584906 0.5517578125 0.4160156245283019 0.5478515625 0.4160156245283019 0.5439453125 0.41894531226415094 0.541015625 0.4233398433962264 0.53515625 0.4438476566037736 0.533203125 0.4584960933962264 0.53515625 0.4672851566037736 0.5419921875 0.47753906226415094 0.5947265625 0.530273437735849 0.6005859375 0.530273437735849 0.603515625 0.5258789066037736 0.62109375 0.4643554688679245 0.62109375 0.4497070311320755
27 0.412109375 0.6137695311320754 0.4091796875 0.609375 0.3427734375 0.55078125 0.3388671875 0.55078125 0.3349609375 0.553710937735849 0.33203125 0.5581054688679246 0.326171875 0.5727539066037736 0.322265625 0.5844726566037736 0.322265625 0.6547851566037736 0.3271484375 0.6621093754716981 0.3388671875 0.665039062264151 0.3486328125 0.6621093754716981 0.4072265625 0.6328125 0.412109375 0.6254882811320754 0.412109375 0.6137695311320754
27 0.48828125 0.6547851566037736 0.482421875 0.6284179688679246 0.4658203125 0.5917968754716981 0.4443359375 0.571289062264151 0.4404296875 0.571289062264151 0.4169921875 0.59765625 0.416015625 0.5991210933962264 0.416015625 0.6020507811320754 0.4609375 0.6928710933962264 0.4658203125 0.700195312264151 0.4814453125 0.700195312264151 0.486328125 0.6928710933962264 0.48828125 0.6665039066037736 0.48828125 0.6547851566037736
27 0.5654296875 0.5390625 0.5634765625 0.5390625 0.5625 0.5405273433962264 0.544921875 0.5756835933962264 0.544921875 0.5844726566037736 0.59375 0.6723632811320754 0.6005859375 0.6796875 0.6025390625 0.6796875 0.607421875 0.6723632811320754 0.62109375 0.6079101566037736 0.5654296875 0.5390625