6 0.359375 0.1889648433962264 0.357421875 0.18310546886792453 0.3525390625 0.17578125 0.3349609375 0.15527343773584906 0.3330078125 0.15527343773584906 0.330078125 0.15966796886792453 0.3125 0.19482421886792453 0.296875 0.2592773433962264 0.296875 0.3090820311320755 0.298828125 0.3149414066037736 0.3017578125 0.31933593773584906 0.3095703125 0.32519531226415094 0.3115234375 0.32519531226415094 0.34765625 0.2739257811320755 0.359375 0.1889648433962264
21 0.58984375 0.2094726566037736 0.58984375 0.19189453113207547 0.5859375 0.1655273433962264 0.5830078125 0.16113281226415094 0.5205078125 0.10839843773584906 0.4462890625 0.13476562452830187 0.4453125 0.13623046886792453 0.4453125 0.1420898433962264 0.466796875 0.23876953113207547 0.4716796875 0.24609375 0.5673828125 0.2519531245283019 0.5859375 0.2241210933962264 0.587890625 0.21826171886792453 0.58984375 0.2094726566037736
6 0.71484375 0.3002929688679245 0.712890625 0.2739257811320755 0.7109375 0.2680664066037736 0.70703125 0.2592773433962264 0.7041015625 0.25488281226415094 0.6962890625 0.24609375 0.6865234375 0.23730468773584906 0.6591796875 0.21679687452830187 0.6513671875 0.21386718773584906 0.6337890625 0.21386718773584906 0.6279296875 0.21679687452830187 0.6240234375 0.21972656226415094 0.615234375 0.2329101566037736 0.611328125 0.2446289066037736 0.611328125 0.2475585933962264 0.6123046875 0.2490234377358491 0.6689453125 0.29296875 0.7060546875 0.31640625 0.7080078125 0.31640625 0.712890625 0.3120117188679245 0.71484375 0.3002929688679245
9 0.583984375 0.3852539066037736 0.583984375 0.3676757811320755 0.580078125 0.3471679688679245 0.57421875 0.3295898433962264 0.5703125 0.3208007811320755 0.5556640625 0.29589843773584906 0.5517578125 0.29296875 0.5322265625 0.29003906226415094 0.5302734375 0.29003906226415094 0.529296875 0.2915039066037736 0.5234375 0.3090820311320755 0.5234375 0.3178710933962264 0.546875 0.3823242188679245 0.5498046875 0.38671875 0.5673828125 0.40136718773584906 0.5771484375 0.40136718773584906 0.58203125 0.3940429688679245 0.583984375 0.3852539066037736
20 0.4169921875 0.36035156226415094 0.4072265625 0.36035156226415094 0.3896484375 0.36621093773584906 0.384765625 0.3735351566037736 0.3828125 0.3823242188679245 0.373046875 0.4291992188679245 0.3798828125 0.4511718745283019 0.3818359375 0.4511718745283019 0.3857421875 0.44824218773584906 0.4140625 0.4174804688679245 0.419921875 0.3793945311320755 0.419921875 0.3647460933962264 0.4169921875 0.36035156226415094
6 0.27734375 0.5668945311320754 0.310546875 0.5024414066037736 0.314453125 0.4584960933962264 0.314453125 0.4350585933962264 0.3125 0.4291992188679245 0.3076171875 0.421875 0.3037109375 0.41894531226415094 0.3017578125 0.41894531226415094 0.2705078125 0.45703125 0.251953125 0.5112304688679246 0.25 0.5522460933962264 0.25 0.5581054688679246 0.251953125 0.5668945311320754 0.25390625 0.5727539066037736 0.2587890625 0.577148437735849 0.2666015625 0.577148437735849 0.2724609375 0.57421875 0.27734375 0.5668945311320754
18 0.4384765625 0.62109375 0.4462890625 0.618164062264151 0.4521484375 0.612304687735849 0.458984375 0.6020507811320754 0.462890625 0.5844726566037736 0.462890625 0.5786132811320754 0.455078125 0.5551757811320754 0.4423828125 0.5390625 0.4306640625 0.530273437735849 0.3916015625 0.506835937735849 0.3798828125 0.50390625 0.3583984375 0.50390625 0.3525390625 0.506835937735849 0.34375 0.5200195311320754 0.341796875 0.5258789066037736 0.337890625 0.5434570311320754 0.337890625 0.5551757811320754 0.33984375 0.5639648433962264 0.341796875 0.5698242188679246 0.3466796875 0.577148437735849 0.3583984375 0.588867187735849 0.4287109375 0.62109375 0.4384765625 0.62109375
21 0.3154296875 0.612304687735849 0.3115234375 0.612304687735849 0.30859375 0.6166992188679246 0.28515625 0.6870117188679246 0.28515625 0.7016601566037736 0.3056640625 0.7675781245283019 0.4501953125 0.75 0.455078125 0.7426757811320754 0.455078125 0.7397460933962264 0.4541015625 0.73828125 0.3154296875 0.612304687735849
18 0.546875 0.5668945311320754 0.560546875 0.5258789066037736 0.5625 0.5170898433962264 0.5625 0.5083007811320754 0.55859375 0.48779296886792456 0.5517578125 0.47753906226415094 0.5478515625 0.4746093745283019 0.5341796875 0.47753906226415094 0.5302734375 0.48046875 0.525390625 0.4907226566037736 0.513671875 0.5493164066037736 0.513671875 0.5668945311320754 0.515625 0.5727539066037736 0.5205078125 0.5800781245283019 0.5244140625 0.583007812264151 0.5361328125 0.583007812264151 0.5400390625 0.5800781245283019 0.546875 0.5668945311320754
18 0.71484375 0.4819335933962264 0.716796875 0.4702148433962264 0.716796875 0.4614257811320755 0.71484375 0.4497070311320755 0.708984375 0.4350585933962264 0.6982421875 0.41894531226415094 0.6923828125 0.41308593773584906 0.6787109375 0.4042968745283019 0.6474609375 0.4042968745283019 0.6416015625 0.40722656226415094 0.6298828125 0.4160156245283019 0.62109375 0.4291992188679245 0.6171875 0.4379882811320755 0.61328125 0.4526367188679245 0.611328125 0.4643554688679245 0.615234375 0.48486328113207544 0.6259765625 0.500976562264151 0.6318359375 0.50390625 0.7060546875 0.495117187735849 0.7099609375 0.4921875 0.712890625 0.48779296886792456 0.71484375 0.4819335933962264
6 0.69140625 0.6665039066037736 0.689453125 0.6606445311320754 0.6845703125 0.653320312264151 0.6708984375 0.653320312264151 0.5888671875 0.6738281245283019 0.5654296875 0.6855468754716981 0.5615234375 0.688476562264151 0.5546875 0.6987304688679246 0.5546875 0.7045898433962264 0.5576171875 0.7089843754716981 0.5654296875 0.71484375 0.6044921875 0.73828125 0.6376953125 0.7558593754716981 0.69140625 0.6694335933962264 0.69140625 0.6665039066037736