21 0.693359375 0.2827148433962264 0.693359375 0.2651367188679245 0.69140625 0.2534179688679245 0.689453125 0.2475585933962264 0.6806640625 0.23144531226415094 0.6728515625 0.22265625 0.6533203125 0.22265625 0.6318359375 0.22558593773584906 0.630859375 0.22705078113207547 0.625 0.2416992188679245 0.630859375 0.3002929688679245 0.6328125 0.3061523433962264 0.6455078125 0.3339843754716981 0.6474609375 0.3339843754716981 0.6845703125 0.3046875 0.689453125 0.2973632811320755 0.693359375 0.2827148433962264
21 0.7158203125 0.6269531245283019 0.755859375 0.5756835933962264 0.755859375 0.5668945311320754 0.685546875 0.4291992188679245 0.6806640625 0.421875 0.6767578125 0.41894531226415094 0.6494140625 0.44238281226415094 0.646484375 0.4467773433962264 0.64453125 0.4555664066037736 0.642578125 0.4702148433962264 0.642578125 0.4907226566037736 0.6484375 0.5581054688679246 0.654296875 0.5786132811320754 0.671875 0.6196289066037736 0.6748046875 0.624023437735849 0.6806640625 0.6269531245283019 0.7158203125 0.6269531245283019
21 0.513671875 0.4145507811320755 0.5126953125 0.41308593773584906 0.4736328125 0.41308593773584906 0.470703125 0.4174804688679245 0.447265625 0.4731445311320755 0.447265625 0.4790039066037736 0.4736328125 0.5214843754716981 0.4853515625 0.5332031245283019 0.48828125 0.5288085933962264 0.49609375 0.5053710933962264 0.513671875 0.4174804688679245 0.513671875 0.4145507811320755
21 0.37890625 0.2768554688679245 0.3701171875 0.2636718754716981 0.3525390625 0.26074218773584906 0.3134765625 0.27832031226415094 0.310546875 0.2827148433962264 0.310546875 0.3208007811320755 0.3134765625 0.32519531226415094 0.3330078125 0.33105468773584906 0.3623046875 0.33105468773584906 0.384765625 0.3032226566037736 0.3828125 0.2885742188679245 0.37890625 0.2768554688679245
21 0.349609375 0.4497070311320755 0.3369140625 0.4277343745283019 0.3115234375 0.43066406226415094 0.2998046875 0.4394531245283019 0.296875 0.4438476566037736 0.279296875 0.4731445311320755 0.2734375 0.48779296886792456 0.271484375 0.49658203113207544 0.259765625 0.5610351566037736 0.259765625 0.5874023433962264 0.2607421875 0.588867187735849 0.2626953125 0.588867187735849 0.3505859375 0.46875 0.3515625 0.4672851566037736 0.3515625 0.4555664066037736 0.349609375 0.4497070311320755
27 0.537109375 0.2709960933962264 0.5390625 0.2592773433962264 0.5390625 0.2534179688679245 0.517578125 0.19482421886792453 0.509765625 0.1772460933962264 0.5029296875 0.16699218773584906 0.4775390625 0.16992187547169813 0.474609375 0.1743164066037736 0.47265625 0.18017578113207547 0.47265625 0.1977539066037736 0.4921875 0.2680664066037736 0.5029296875 0.29003906226415094 0.5166015625 0.2988281245283019 0.5244140625 0.2988281245283019 0.53125 0.2885742188679245 0.537109375 0.2709960933962264
17 0.37109375 0.5991210933962264 0.3447265625 0.565429687735849 0.3427734375 0.565429687735849 0.341796875 0.5668945311320754 0.341796875 0.6166992188679246 0.34375 0.6254882811320754 0.3466796875 0.629882812264151 0.3505859375 0.629882812264151 0.3701171875 0.618164062264151 0.373046875 0.6108398433962264 0.37109375 0.5991210933962264
17 0.6181640625 0.641601562264151 0.61328125 0.6489257811320754 0.587890625 0.6958007811320754 0.6123046875 0.729492187735849 0.6142578125 0.729492187735849 0.6328125 0.6987304688679246 0.6328125 0.6782226566037736 0.630859375 0.6665039066037736 0.62109375 0.6459960933962264 0.6181640625 0.641601562264151
20 0.6142578125 0.571289062264151 0.5908203125 0.5625 0.5732421875 0.565429687735849 0.5693359375 0.5683593754716981 0.56640625 0.5727539066037736 0.564453125 0.5786132811320754 0.568359375 0.6108398433962264 0.5751953125 0.618164062264151 0.5888671875 0.624023437735849 0.5927734375 0.62109375 0.611328125 0.5932617188679246 0.619140625 0.5756835933962264 0.6142578125 0.571289062264151
3 0.55078125 0.6459960933962264 0.5283203125 0.624023437735849 0.5224609375 0.62109375 0.5107421875 0.62109375 0.4755859375 0.64453125 0.46484375 0.6606445311320754 0.44921875 0.6899414066037736 0.447265625 0.6958007811320754 0.447265625 0.7045898433962264 0.4609375 0.7280273433962264 0.4736328125 0.73828125 0.4794921875 0.73828125 0.5380859375 0.6972656245283019 0.5390625 0.6958007811320754 0.55078125 0.6459960933962264
3 0.37890625 0.6958007811320754 0.37890625 0.6928710933962264 0.3740234375 0.688476562264151 0.3564453125 0.6796875 0.3466796875 0.6796875 0.341796875 0.6870117188679246 0.33984375 0.7133789066037736 0.33984375 0.7221679688679246 0.34375 0.7309570311320754 0.3466796875 0.735351562264151 0.3505859375 0.735351562264151 0.3662109375 0.723632812264151 0.375 0.7075195311320754 0.37890625 0.6958007811320754