27 0.4375 0.1772460933962264 0.439453125 0.16845703113207547 0.439453125 0.1625976566037736 0.4375 0.1538085933962264 0.427734375 0.12451171886792455 0.4228515625 0.1171875 0.4150390625 0.11132812452830189 0.4111328125 0.11132812452830189 0.3505859375 0.14648437547169813 0.3427734375 0.15234375 0.33984375 0.15673828113207547 0.33984375 0.1625976566037736 0.35546875 0.20654296886792453 0.3603515625 0.21386718773584906 0.3662109375 0.21386718773584906 0.3798828125 0.2109375 0.4365234375 0.17871093773584906 0.4375 0.1772460933962264
27 0.6201171875 0.22265625 0.62109375 0.2211914066037736 0.603515625 0.09228515660377358 0.6005859375 0.08789062452830189 0.5986328125 0.08789062452830189 0.5908203125 0.09667968773584906 0.5478515625 0.14941406226415094 0.541015625 0.15966796886792453 0.541015625 0.1772460933962264 0.54296875 0.18310546886792453 0.5517578125 0.19335937547169813 0.5634765625 0.20214843773584906 0.5947265625 0.21679687452830187 0.6123046875 0.22265625 0.6201171875 0.22265625
27 0.7158203125 0.28417968773584906 0.6689453125 0.21972656226415094 0.6572265625 0.21386718773584906 0.6552734375 0.21386718773584906 0.654296875 0.21533203113207547 0.650390625 0.2885742188679245 0.677734375 0.3823242188679245 0.6826171875 0.38964843773584906 0.685546875 0.3852539066037736 0.71484375 0.3090820311320755 0.716796875 0.3032226566037736 0.71875 0.2915039066037736 0.7158203125 0.28417968773584906
27 0.533203125 0.2856445311320755 0.53515625 0.2651367188679245 0.53515625 0.2534179688679245 0.5283203125 0.2431640622641509 0.5205078125 0.23730468773584906 0.4931640625 0.22265625 0.4599609375 0.21972656226415094 0.4423828125 0.22851562452830187 0.44140625 0.22998046886792453 0.44140625 0.2534179688679245 0.4453125 0.2680664066037736 0.4462890625 0.26953125 0.5185546875 0.29296875 0.5263671875 0.29296875 0.5302734375 0.29003906226415094 0.533203125 0.2856445311320755
27 0.291015625 0.3823242188679245 0.291015625 0.3793945311320755 0.2890625 0.3706054688679245 0.2861328125 0.36328125 0.2490234375 0.34863281226415094 0.24609375 0.3559570311320755 0.2421875 0.3735351566037736 0.232421875 0.4614257811320755 0.232421875 0.4731445311320755 0.2412109375 0.4863281245283018 0.2451171875 0.489257812264151 0.2548828125 0.489257812264151 0.259765625 0.4819335933962264 0.27734375 0.4291992188679245 0.291015625 0.3823242188679245
27 0.4111328125 0.3808593754716981 0.3564453125 0.3574218754716981 0.3447265625 0.3574218754716981 0.3388671875 0.36035156226415094 0.330078125 0.3735351566037736 0.330078125 0.3764648433962264 0.33203125 0.3852539066037736 0.3720703125 0.5097656245283019 0.41796875 0.3969726566037736 0.419921875 0.3911132811320755 0.419921875 0.3881835933962264 0.4111328125 0.3808593754716981
27 0.5078125 0.3852539066037736 0.5078125 0.3823242188679245 0.5 0.3559570311320755 0.4951171875 0.3515625 0.4931640625 0.3515625 0.4833984375 0.35449218773584906 0.4443359375 0.375 0.4248046875 0.38964843773584906 0.419921875 0.3969726566037736 0.419921875 0.4086914066037736 0.421875 0.4321289066037736 0.4228515625 0.43359375 0.4345703125 0.43359375 0.4853515625 0.41015625 0.4970703125 0.40136718773584906 0.5078125 0.3852539066037736
27 0.642578125 0.48779296886792456 0.642578125 0.48486328113207544 0.60546875 0.4233398433962264 0.6005859375 0.4160156245283019 0.5869140625 0.40722656226415094 0.5673828125 0.41308593773584906 0.564453125 0.4174804688679245 0.564453125 0.4233398433962264 0.568359375 0.4350585933962264 0.607421875 0.5170898433962264 0.6103515625 0.5214843754716981 0.6201171875 0.5214843754716981 0.6298828125 0.512695312264151 0.642578125 0.48779296886792456
27 0.740234375 0.4555664066037736 0.716796875 0.4086914066037736 0.7138671875 0.4042968745283019 0.7080078125 0.40136718773584906 0.7041015625 0.40136718773584906 0.6962890625 0.4042968745283019 0.6875 0.4116210933962264 0.685546875 0.4174804688679245 0.685546875 0.4526367188679245 0.703125 0.5288085933962264 0.70703125 0.5405273433962264 0.7119140625 0.5449218754716981 0.71484375 0.5405273433962264 0.736328125 0.4936523433962264 0.740234375 0.4555664066037736
27 0.611328125 0.5786132811320754 0.6025390625 0.565429687735849 0.5966796875 0.565429687735849 0.578125 0.5815429688679246 0.5703125 0.6928710933962264 0.5703125 0.6987304688679246 0.5712890625 0.700195312264151 0.6220703125 0.682617187735849 0.6455078125 0.670898437735849 0.646484375 0.6694335933962264 0.646484375 0.6459960933962264 0.611328125 0.5786132811320754
27 0.544921875 0.6196289066037736 0.529296875 0.5258789066037736 0.5205078125 0.512695312264151 0.5087890625 0.512695312264151 0.5048828125 0.515625 0.5 0.5229492188679246 0.49609375 0.6108398433962264 0.49609375 0.6284179688679246 0.5 0.6459960933962264 0.5009765625 0.647460937735849 0.5048828125 0.647460937735849 0.5439453125 0.64453125 0.544921875 0.6430664066037736 0.544921875 0.6196289066037736
27 0.44140625 0.5991210933962264 0.439453125 0.5932617188679246 0.4326171875 0.583007812264151 0.4287109375 0.5800781245283019 0.4130859375 0.577148437735849 0.4052734375 0.577148437735849 0.400390625 0.5815429688679246 0.396484375 0.6079101566037736 0.388671875 0.6811523433962264 0.388671875 0.6987304688679246 0.390625 0.7045898433962264 0.3935546875 0.7089843754716981 0.4248046875 0.706054687735849 0.427734375 0.7016601566037736 0.4296875 0.6928710933962264 0.44140625 0.5991210933962264
27 0.3984375 0.5405273433962264 0.3984375 0.5258789066037736 0.39453125 0.5141601566037736 0.3916015625 0.5097656245283019 0.3818359375 0.5097656245283019 0.3212890625 0.524414062264151 0.3076171875 0.530273437735849 0.306640625 0.5317382811320754 0.306640625 0.5405273433962264 0.3095703125 0.5449218754716981 0.3525390625 0.594726562264151 0.3583984375 0.594726562264151 0.3876953125 0.5800781245283019 0.396484375 0.5522460933962264 0.3984375 0.5405273433962264
27 0.373046875 0.7016601566037736 0.37109375 0.6928710933962264 0.3671875 0.6840820311320754 0.3583984375 0.670898437735849 0.3544921875 0.66796875 0.3505859375 0.66796875 0.3134765625 0.7089843754716981 0.30859375 0.7163085933962264 0.298828125 0.7368164066037736 0.298828125 0.7456054688679246 0.3056640625 0.7675781245283019 0.3115234375 0.7675781245283019 0.3544921875 0.7324218754716981 0.3701171875 0.717773437735849 0.373046875 0.7133789066037736 0.373046875 0.7016601566037736
27 0.529296875 0.7661132811320754 0.533203125 0.7573242188679246 0.546875 0.6811523433962264 0.546875 0.6606445311320754 0.544921875 0.6518554688679246 0.5439453125 0.6503906245283019 0.4970703125 0.6503906245283019 0.4873046875 0.653320312264151 0.484375 0.6577148433962264 0.49609375 0.7485351566037736 0.5 0.7719726566037736 0.5029296875 0.776367187735849 0.5087890625 0.782226562264151 0.5126953125 0.782226562264151 0.5224609375 0.776367187735849 0.529296875 0.7661132811320754
27 0.720703125 0.7690429688679246 0.720703125 0.7573242188679246 0.6953125 0.6665039066037736 0.6943359375 0.665039062264151 0.6591796875 0.665039062264151 0.6455078125 0.682617187735849 0.64453125 0.6840820311320754 0.64453125 0.6899414066037736 0.6796875 0.7749023433962264 0.6865234375 0.78515625 0.6923828125 0.78515625 0.7080078125 0.7792968754716981 0.7177734375 0.7734375 0.720703125 0.7690429688679246
14 0.369140625 0.2885742188679245 0.3662109375 0.28417968773584906 0.3642578125 0.28417968773584906 0.357421875 0.2973632811320755 0.35546875 0.3032226566037736 0.353515625 0.3178710933962264 0.353515625 0.3237304688679245 0.3544921875 0.32519531226415094 0.3642578125 0.31933593773584906 0.365234375 0.3178710933962264 0.3671875 0.3120117188679245 0.369140625 0.3002929688679245 0.369140625 0.2885742188679245