21 0.6083984375 0.69140625 0.6162109375 0.69140625 0.6689453125 0.66796875 0.67578125 0.6577148433962264 0.71484375 0.5786132811320754 0.716796875 0.5727539066037736 0.716796875 0.5668945311320754 0.6455078125 0.4453125 0.6337890625 0.4453125 0.6259765625 0.44824218773584906 0.6142578125 0.45996093773584906 0.6044921875 0.47167968773584906 0.591796875 0.4907226566037736 0.57421875 0.5258789066037736 0.564453125 0.5551757811320754 0.5625 0.5668945311320754 0.560546875 0.5844726566037736 0.5625 0.6166992188679246 0.564453125 0.6313476566037736 0.5703125 0.6547851566037736 0.57421875 0.6635742188679246 0.5869140625 0.682617187735849 0.5966796875 0.688476562264151 0.6083984375 0.69140625
21 0.505859375 0.14501953113207547 0.5029296875 0.140625 0.4267578125 0.11425781226415094 0.4169921875 0.11425781226415094 0.416015625 0.11572265660377358 0.416015625 0.11865234339622642 0.447265625 0.2651367188679245 0.4853515625 0.29296875 0.5146484375 0.30175781226415094 0.515625 0.3002929688679245 0.515625 0.2563476566037736 0.505859375 0.14501953113207547
21 0.3359375 0.6723632811320754 0.341796875 0.6489257811320754 0.341796875 0.6401367188679246 0.33984375 0.6313476566037736 0.3330078125 0.62109375 0.3251953125 0.6152343754716981 0.3173828125 0.612304687735849 0.30859375 0.6254882811320754 0.30859375 0.6430664066037736 0.310546875 0.6518554688679246 0.3125 0.6577148433962264 0.3154296875 0.6621093754716981 0.3330078125 0.6738281245283019 0.3349609375 0.6738281245283019 0.3359375 0.6723632811320754
21 0.3994140625 0.66796875 0.3857421875 0.66796875 0.384765625 0.6694335933962264 0.3828125 0.6840820311320754 0.3828125 0.6987304688679246 0.3916015625 0.71484375 0.4013671875 0.71484375 0.40234375 0.7133789066037736 0.404296875 0.6987304688679246 0.40234375 0.6723632811320754 0.3994140625 0.66796875
21 0.634765625 0.3500976566037736 0.630859375 0.3266601566037736 0.6298828125 0.32519531226415094 0.6162109375 0.32519531226415094 0.61328125 0.3295898433962264 0.61328125 0.3500976566037736 0.615234375 0.3588867188679245 0.6201171875 0.36328125 0.6298828125 0.3691406245283019 0.6337890625 0.3691406245283019 0.634765625 0.3676757811320755 0.634765625 0.3500976566037736
21 0.4931640625 0.518554687735849 0.4873046875 0.518554687735849 0.4716796875 0.52734375 0.470703125 0.5288085933962264 0.498046875 0.5815429688679246 0.4990234375 0.583007812264151 0.5009765625 0.583007812264151 0.501953125 0.5815429688679246 0.5078125 0.5288085933962264 0.5048828125 0.524414062264151 0.4931640625 0.518554687735849
13 0.2373046875 0.682617187735849 0.2294921875 0.676757812264151 0.2275390625 0.676757812264151 0.22265625 0.6840820311320754 0.21875 0.6928710933962264 0.216796875 0.7045898433962264 0.212890625 0.7661132811320754 0.2158203125 0.770507812264151 0.2470703125 0.776367187735849 0.25 0.7719726566037736 0.251953125 0.7631835933962264 0.251953125 0.7573242188679246 0.240234375 0.6870117188679246 0.2373046875 0.682617187735849
13 0.4208984375 0.45996093773584906 0.4169921875 0.45996093773584906 0.4140625 0.4643554688679245 0.4140625 0.4731445311320755 0.421875 0.4907226566037736 0.4248046875 0.495117187735849 0.435546875 0.4819335933962264 0.4375 0.4702148433962264 0.4345703125 0.46582031226415094 0.4208984375 0.45996093773584906
17 0.4658203125 0.688476562264151 0.4619140625 0.688476562264151 0.4609375 0.6899414066037736 0.4609375 0.6928710933962264 0.462890625 0.7045898433962264 0.4638671875 0.706054687735849 0.4658203125 0.706054687735849 0.4697265625 0.703125 0.47265625 0.6987304688679246 0.4658203125 0.688476562264151
1 0.642578125 0.2563476566037736 0.64453125 0.2504882811320755 0.64453125 0.2329101566037736 0.640625 0.2241210933962264 0.6376953125 0.21972656226415094 0.6123046875 0.21972656226415094 0.609375 0.2241210933962264 0.609375 0.2358398433962264 0.61328125 0.2504882811320755 0.6201171875 0.26074218773584906 0.6279296875 0.26660156226415094 0.6337890625 0.26660156226415094 0.6376953125 0.2636718754716981 0.642578125 0.2563476566037736
24 0.3525390625 0.2490234377358491 0.337890625 0.2739257811320755 0.322265625 0.3061523433962264 0.3232421875 0.30761718773584906 0.3291015625 0.30761718773584906 0.3466796875 0.29589843773584906 0.359375 0.2856445311320755 0.359375 0.2797851566037736 0.353515625 0.2504882811320755 0.3525390625 0.2490234377358491
9 0.3935546875 0.3222656245283019 0.40234375 0.3002929688679245 0.40234375 0.2973632811320755 0.4013671875 0.29589843773584906 0.3994140625 0.29589843773584906 0.3681640625 0.2988281245283019 0.3505859375 0.30175781226415094 0.3388671875 0.3105468754716981 0.337890625 0.3120117188679245 0.337890625 0.3149414066037736 0.3427734375 0.3222656245283019 0.3486328125 0.32519531226415094 0.3642578125 0.328125 0.3818359375 0.328125 0.3896484375 0.32519531226415094 0.3935546875 0.3222656245283019
9 0.248046875 0.4819335933962264 0.251953125 0.4672851566037736 0.23828125 0.4204101566037736 0.232421875 0.4057617188679245 0.2275390625 0.40136718773584906 0.2255859375 0.40136718773584906 0.21875 0.4116210933962264 0.216796875 0.4174804688679245 0.216796875 0.4555664066037736 0.21875 0.4936523433962264 0.2314453125 0.5097656245283019 0.2333984375 0.5097656245283019 0.2373046875 0.506835937735849 0.240234375 0.5024414066037736 0.248046875 0.4819335933962264
7 0.3837890625 0.547851562264151 0.390625 0.5375976566037736 0.392578125 0.5229492188679246 0.392578125 0.49658203113207544 0.384765625 0.4497070311320755 0.3828125 0.4409179688679245 0.37890625 0.4291992188679245 0.3720703125 0.41894531226415094 0.3681640625 0.4160156245283019 0.3544921875 0.41308593773584906 0.3486328125 0.41308593773584906 0.34765625 0.4145507811320755 0.326171875 0.5493164066037736 0.326171875 0.5610351566037736 0.3291015625 0.565429687735849 0.3330078125 0.5683593754716981 0.3486328125 0.5683593754716981 0.3583984375 0.565429687735849 0.3681640625 0.559570312264151 0.3837890625 0.547851562264151