18 0.474609375 0.2504882811320755 0.47265625 0.23876953113207547 0.453125 0.1977539066037736 0.4501953125 0.19335937547169813 0.4482421875 0.19335937547169813 0.4453125 0.2006835933962264 0.443359375 0.2124023433962264 0.443359375 0.22705078113207547 0.4453125 0.23876953113207547 0.4521484375 0.2490234377358491 0.4560546875 0.2519531245283019 0.4736328125 0.26074218773584906 0.474609375 0.2592773433962264 0.474609375 0.2504882811320755
9 0.564453125 0.2211914066037736 0.5595703125 0.21679687452830187 0.5556640625 0.21679687452830187 0.5517578125 0.21972656226415094 0.546875 0.22705078113207547 0.544921875 0.2329101566037736 0.544921875 0.2592773433962264 0.546875 0.2651367188679245 0.5478515625 0.26660156226415094 0.5498046875 0.26660156226415094 0.552734375 0.2622070311320755 0.564453125 0.22705078113207547 0.564453125 0.2211914066037736
9 0.3505859375 0.6328125 0.357421875 0.6225585933962264 0.359375 0.6108398433962264 0.31640625 0.5200195311320754 0.3134765625 0.515625 0.3095703125 0.515625 0.2880859375 0.536132812264151 0.28515625 0.5405273433962264 0.28515625 0.5493164066037736 0.29296875 0.5903320311320754 0.2978515625 0.6035156245283019 0.3134765625 0.62109375 0.3310546875 0.635742187735849 0.3447265625 0.635742187735849 0.3505859375 0.6328125
9 0.5361328125 0.6269531245283019 0.5283203125 0.618164062264151 0.5205078125 0.618164062264151 0.51953125 0.6196289066037736 0.51953125 0.6313476566037736 0.525390625 0.6430664066037736 0.5302734375 0.6503906245283019 0.5400390625 0.653320312264151 0.541015625 0.6518554688679246 0.541015625 0.6342773433962264 0.5361328125 0.6269531245283019
21 0.431640625 0.3793945311320755 0.431640625 0.3618164066037736 0.4296875 0.3530273433962264 0.416015625 0.3208007811320755 0.4130859375 0.31640625 0.3740234375 0.30175781226415094 0.3623046875 0.2988281245283019 0.3447265625 0.30175781226415094 0.3310546875 0.30761718773584906 0.3193359375 0.31640625 0.30859375 0.3325195311320755 0.318359375 0.3764648433962264 0.3193359375 0.37792968773584906 0.4091796875 0.4042968745283019 0.4130859375 0.4042968745283019 0.4228515625 0.3984375 0.4296875 0.3881835933962264 0.431640625 0.3793945311320755
21 0.7734375 0.4643554688679245 0.7705078125 0.45703125 0.7646484375 0.45410156226415094 0.7607421875 0.45703125 0.755859375 0.4643554688679245 0.658203125 0.6811523433962264 0.642578125 0.7368164066037736 0.642578125 0.7426757811320754 0.6669921875 0.776367187735849 0.6689453125 0.776367187735849 0.6884765625 0.752929687735849 0.728515625 0.7016601566037736 0.771484375 0.5463867188679246 0.7734375 0.4643554688679245
21 0.6044921875 0.7265625 0.5634765625 0.694335937735849 0.5615234375 0.694335937735849 0.5458984375 0.703125 0.5380859375 0.7089843754716981 0.529296875 0.7221679688679246 0.529296875 0.7543945311320754 0.5341796875 0.76171875 0.5498046875 0.776367187735849 0.5654296875 0.788085937735849 0.5673828125 0.788085937735849 0.607421875 0.7309570311320754 0.6044921875 0.7265625
3 0.3857421875 0.43066406226415094 0.376953125 0.4409179688679245 0.373046875 0.4584960933962264 0.3896484375 0.512695312264151 0.3935546875 0.512695312264151 0.4208984375 0.506835937735849 0.439453125 0.4760742188679245 0.3974609375 0.43359375 0.3935546875 0.43066406226415094 0.3857421875 0.43066406226415094
20 0.513671875 0.5727539066037736 0.505859375 0.5522460933962264 0.5029296875 0.547851562264151 0.4951171875 0.541992187735849 0.4814453125 0.541992187735849 0.4775390625 0.5449218754716981 0.474609375 0.5522460933962264 0.466796875 0.5815429688679246 0.466796875 0.5844726566037736 0.4755859375 0.59765625 0.4794921875 0.600585937735849 0.4873046875 0.6035156245283019 0.5009765625 0.6035156245283019 0.513671875 0.5786132811320754 0.513671875 0.5727539066037736
20 0.587890625 0.4438476566037736 0.587890625 0.4379882811320755 0.5869140625 0.43652343773584906 0.5419921875 0.41015625 0.537109375 0.4174804688679245 0.529296875 0.4409179688679245 0.53125 0.4614257811320755 0.5341796875 0.46582031226415094 0.5439453125 0.46875 0.5634765625 0.46875 0.5693359375 0.46582031226415094 0.5771484375 0.45996093773584906 0.587890625 0.4438476566037736
3 0.634765625 0.5288085933962264 0.6279296875 0.515625 0.6044921875 0.495117187735849 0.603515625 0.49658203113207544 0.59375 0.5346679688679246 0.599609375 0.5786132811320754 0.6337890625 0.618164062264151 0.6435546875 0.609375 0.6484375 0.5991210933962264 0.6484375 0.5815429688679246 0.640625 0.5434570311320754 0.634765625 0.5288085933962264
1 0.69921875 0.4204101566037736 0.693359375 0.4057617188679245 0.6904296875 0.40136718773584906 0.6826171875 0.39550781226415094 0.6748046875 0.39550781226415094 0.6708984375 0.3984375 0.666015625 0.4057617188679245 0.6640625 0.4116210933962264 0.662109375 0.4233398433962264 0.662109375 0.4291992188679245 0.6767578125 0.4453125 0.6806640625 0.44824218773584906 0.6904296875 0.44824218773584906 0.6962890625 0.44238281226415094 0.69921875 0.4379882811320755 0.69921875 0.4204101566037736
9 0.5302734375 0.37207031226415094 0.529296875 0.3735351566037736 0.529296875 0.3793945311320755 0.5341796875 0.38378906226415094 0.5361328125 0.38378906226415094 0.541015625 0.3793945311320755 0.541015625 0.3764648433962264 0.5380859375 0.37207031226415094 0.5302734375 0.37207031226415094