21 0.3544921875 0.22265625 0.365234375 0.20361328113207547 0.365234375 0.1889648433962264 0.36328125 0.18017578113207547 0.359375 0.16845703113207547 0.35546875 0.15966796886792453 0.3525390625 0.15527343773584906 0.3447265625 0.14941406226415094 0.3310546875 0.14941406226415094 0.2900390625 0.19335937547169813 0.2890625 0.19482421886792453 0.2890625 0.1977539066037736 0.2919921875 0.20214843773584906 0.3271484375 0.22851562452830187 0.3349609375 0.23144531226415094 0.3427734375 0.23144531226415094 0.3486328125 0.22851562452830187 0.3544921875 0.22265625
21 0.607421875 0.5522460933962264 0.6064453125 0.55078125 0.5341796875 0.629882812264151 0.515625 0.6606445311320754 0.513671875 0.6665039066037736 0.513671875 0.6694335933962264 0.5576171875 0.735351562264151 0.5869140625 0.7558593754716981 0.5908203125 0.7558593754716981 0.630859375 0.7221679688679246 0.630859375 0.7163085933962264 0.607421875 0.5522460933962264
21 0.4765625 0.6079101566037736 0.482421875 0.5961914066037736 0.486328125 0.5727539066037736 0.484375 0.5668945311320754 0.4794921875 0.559570312264151 0.4638671875 0.5390625 0.4619140625 0.5390625 0.4013671875 0.59765625 0.3984375 0.6020507811320754 0.39453125 0.6108398433962264 0.39453125 0.6137695311320754 0.4189453125 0.647460937735849 0.4228515625 0.6503906245283019 0.4248046875 0.6503906245283019 0.4482421875 0.6386718754716981 0.4638671875 0.6269531245283019 0.4765625 0.6079101566037736
27 0.7138671875 0.6386718754716981 0.7177734375 0.635742187735849 0.720703125 0.6313476566037736 0.7265625 0.5844726566037736 0.7265625 0.5698242188679246 0.7236328125 0.565429687735849 0.6943359375 0.536132812264151 0.6904296875 0.5332031245283019 0.6455078125 0.518554687735849 0.64453125 0.5200195311320754 0.64453125 0.5434570311320754 0.646484375 0.5610351566037736 0.6484375 0.5756835933962264 0.654296875 0.5903320311320754 0.6591796875 0.59765625 0.7119140625 0.6386718754716981 0.7138671875 0.6386718754716981
27 0.62890625 0.4321289066037736 0.6279296875 0.43066406226415094 0.5693359375 0.41308593773584906 0.5615234375 0.41308593773584906 0.5576171875 0.4160156245283019 0.5546875 0.4204101566037736 0.552734375 0.4291992188679245 0.5390625 0.5434570311320754 0.5390625 0.5581054688679246 0.5419921875 0.5625 0.5439453125 0.5625 0.6025390625 0.515625 0.60546875 0.5112304688679246 0.62890625 0.4409179688679245 0.62890625 0.4321289066037736
27 0.6572265625 0.3984375 0.66015625 0.3940429688679245 0.66015625 0.3911132811320755 0.638671875 0.3471679688679245 0.6064453125 0.30175781226415094 0.5576171875 0.34863281226415094 0.552734375 0.3559570311320755 0.552734375 0.3618164066037736 0.5537109375 0.36328125 0.6259765625 0.41308593773584906 0.6357421875 0.41308593773584906 0.6416015625 0.41015625 0.6513671875 0.4042968745283019 0.6572265625 0.3984375
27 0.560546875 0.3295898433962264 0.560546875 0.3120117188679245 0.552734375 0.2915039066037736 0.5419921875 0.26953125 0.5380859375 0.26660156226415094 0.4912109375 0.24609375 0.4873046875 0.24609375 0.484375 0.2534179688679245 0.47265625 0.3090820311320755 0.47265625 0.3149414066037736 0.474609375 0.3237304688679245 0.4755859375 0.32519531226415094 0.4794921875 0.328125 0.5458984375 0.33691406226415094 0.5556640625 0.33691406226415094 0.560546875 0.3295898433962264
20 0.7236328125 0.34277343773584906 0.6884765625 0.37207031226415094 0.6875 0.3735351566037736 0.689453125 0.3911132811320755 0.7119140625 0.4277343745283019 0.7216796875 0.42480468773584906 0.732421875 0.4086914066037736 0.732421875 0.3793945311320755 0.724609375 0.3442382811320755 0.7236328125 0.34277343773584906
20 0.3427734375 0.5332031245283019 0.3310546875 0.5332031245283019 0.3251953125 0.536132812264151 0.30859375 0.5639648433962264 0.306640625 0.5698242188679246 0.3046875 0.5786132811320754 0.3056640625 0.5800781245283019 0.3427734375 0.5917968754716981 0.3564453125 0.588867187735849 0.357421875 0.5874023433962264 0.349609375 0.5434570311320754 0.34765625 0.5375976566037736 0.3427734375 0.5332031245283019
20 0.578125 0.22705078113207547 0.58984375 0.2006835933962264 0.5888671875 0.19921875 0.5576171875 0.17871093773584906 0.5517578125 0.17871093773584906 0.5400390625 0.18164062452830187 0.5263671875 0.1875 0.525390625 0.1889648433962264 0.525390625 0.19189453113207547 0.52734375 0.1977539066037736 0.5302734375 0.20214843773584906 0.5537109375 0.22265625 0.5751953125 0.22851562452830187 0.5771484375 0.22851562452830187 0.578125 0.22705078113207547
13 0.68359375 0.21826171886792453 0.6767578125 0.20800781226415094 0.6376953125 0.1875 0.6298828125 0.18457031226415094 0.6201171875 0.1875 0.619140625 0.1889648433962264 0.619140625 0.2534179688679245 0.6220703125 0.2578125 0.6357421875 0.2578125 0.6474609375 0.25488281226415094 0.6787109375 0.23730468773584906 0.68359375 0.22998046886792453 0.68359375 0.21826171886792453
7 0.333984375 0.6958007811320754 0.333984375 0.6782226566037736 0.33203125 0.6665039066037736 0.3291015625 0.6621093754716981 0.3251953125 0.659179687735849 0.3232421875 0.659179687735849 0.318359375 0.6635742188679246 0.298828125 0.7309570311320754 0.302734375 0.7924804688679246 0.3037109375 0.793945312264151 0.3056640625 0.793945312264151 0.30859375 0.7895507811320754 0.3125 0.7807617188679246 0.31640625 0.7690429688679246 0.333984375 0.6958007811320754
7 0.2626953125 0.506835937735849 0.2255859375 0.4921875 0.205078125 0.5229492188679246 0.203125 0.5346679688679246 0.203125 0.5551757811320754 0.224609375 0.6606445311320754 0.2392578125 0.6796875 0.2421875 0.6752929688679246 0.244140625 0.6665039066037736 0.263671875 0.5083007811320754 0.2626953125 0.506835937735849
1 0.6943359375 0.6738281245283019 0.6923828125 0.6738281245283019 0.669921875 0.6899414066037736 0.640625 0.7485351566037736 0.6533203125 0.7675781245283019 0.6650390625 0.7675781245283019 0.6708984375 0.764648437735849 0.681640625 0.7485351566037736 0.685546875 0.7338867188679246 0.6953125 0.6752929688679246 0.6943359375 0.6738281245283019
1 0.474609375 0.3881835933962264 0.46875 0.3706054688679245 0.4599609375 0.3574218754716981 0.4541015625 0.3515625 0.4482421875 0.34863281226415094 0.4423828125 0.3515625 0.435546875 0.3618164066037736 0.435546875 0.3793945311320755 0.443359375 0.4321289066037736 0.453125 0.4497070311320755 0.4541015625 0.4511718745283019 0.4560546875 0.4511718745283019 0.474609375 0.4057617188679245 0.474609375 0.3881835933962264
21 0.388671875 0.3266601566037736 0.3876953125 0.32519531226415094 0.3525390625 0.33105468773584906 0.345703125 0.3500976566037736 0.34375 0.3676757811320755 0.3525390625 0.39550781226415094 0.3818359375 0.421875 0.3955078125 0.421875 0.414134775 0.42130694150943393 0.39453125 0.3588867188679245 0.392578125 0.3442382811320755 0.388671875 0.3266601566037736
21 0.4833984375 0.12304687547169811 0.4814453125 0.12304687547169811 0.4462890625 0.140625 0.4453125 0.1420898433962264 0.439453125 0.19482421886792453 0.439453125 0.20361328113207547 0.4404296875 0.20507812452830187 0.4853515625 0.20214843773584906 0.486328125 0.2006835933962264 0.490234375 0.1889648433962264 0.49609375 0.1420898433962264 0.4833984375 0.12304687547169811
3 0.263671875 0.3735351566037736 0.2607421875 0.36621093773584906 0.2412109375 0.34863281226415094 0.2373046875 0.34863281226415094 0.2333984375 0.3515625 0.21875 0.3735351566037736 0.216796875 0.3999023433962264 0.2197265625 0.4042968745283019 0.2236328125 0.40722656226415094 0.2255859375 0.40722656226415094 0.2490234375 0.39550781226415094 0.2587890625 0.38671875 0.263671875 0.3793945311320755 0.263671875 0.3735351566037736
12 0.5087890625 0.42480468773584906 0.5048828125 0.42480468773584906 0.4951171875 0.43359375 0.48828125 0.4438476566037736 0.486328125 0.4497070311320755 0.484375 0.4614257811320755 0.486328125 0.4731445311320755 0.4970703125 0.489257812264151 0.5009765625 0.4921875 0.5146484375 0.4921875 0.51953125 0.48486328113207544 0.509765625 0.4262695311320755 0.5087890625 0.42480468773584906