9 0.51953125 0.1977539066037736 0.517578125 0.19189453113207547 0.5126953125 0.18457031226415094 0.5068359375 0.18164062452830187 0.5048828125 0.18164062452830187 0.5009765625 0.18457031226415094 0.49609375 0.19189453113207547 0.482421875 0.21826171886792453 0.4833984375 0.21972656226415094 0.4931640625 0.22558593773584906 0.4990234375 0.22851562452830187 0.5029296875 0.22851562452830187 0.515625 0.21533203113207547 0.51953125 0.20361328113207547 0.51953125 0.1977539066037736
9 0.474609375 0.2534179688679245 0.4638671875 0.23144531226415094 0.4521484375 0.23144531226415094 0.4453125 0.2416992188679245 0.44921875 0.2680664066037736 0.4619140625 0.27832031226415094 0.4638671875 0.27832031226415094 0.4677734375 0.2753906245283019 0.470703125 0.2709960933962264 0.47265625 0.2651367188679245 0.474609375 0.2534179688679245
9 0.32421875 0.2680664066037736 0.322265625 0.2622070311320755 0.3134765625 0.2490234377358491 0.3115234375 0.2490234377358491 0.306640625 0.2534179688679245 0.302734375 0.2622070311320755 0.302734375 0.2797851566037736 0.306640625 0.2944335933962264 0.3095703125 0.2988281245283019 0.3173828125 0.2988281245283019 0.3212890625 0.29589843773584906 0.32421875 0.2915039066037736 0.32421875 0.2680664066037736
9 0.474609375 0.4350585933962264 0.47265625 0.4291992188679245 0.4560546875 0.4042968745283019 0.4501953125 0.40136718773584906 0.4443359375 0.4042968745283019 0.44140625 0.4086914066037736 0.439453125 0.4145507811320755 0.439453125 0.4233398433962264 0.44140625 0.4291992188679245 0.4462890625 0.43652343773584906 0.4619140625 0.44824218773584906 0.4677734375 0.44824218773584906 0.47265625 0.4409179688679245 0.474609375 0.4350585933962264
9 0.4189453125 0.618164062264151 0.4130859375 0.612304687735849 0.4091796875 0.612304687735849 0.400390625 0.6254882811320754 0.3984375 0.6342773433962264 0.408203125 0.6606445311320754 0.4111328125 0.665039062264151 0.4189453125 0.665039062264151 0.42578125 0.6547851566037736 0.423828125 0.6284179688679246 0.421875 0.6225585933962264 0.4189453125 0.618164062264151
9 0.291015625 0.6811523433962264 0.291015625 0.6723632811320754 0.2802734375 0.65625 0.2744140625 0.65625 0.271484375 0.6606445311320754 0.26953125 0.6665039066037736 0.26953125 0.6723632811320754 0.271484375 0.6840820311320754 0.2734375 0.6899414066037736 0.2783203125 0.6972656245283019 0.2822265625 0.6972656245283019 0.2861328125 0.694335937735849 0.291015625 0.6811523433962264
12 0.6181640625 0.653320312264151 0.6240234375 0.6503906245283019 0.6318359375 0.64453125 0.634765625 0.6401367188679246 0.638671875 0.6313476566037736 0.638671875 0.5991210933962264 0.634765625 0.5844726566037736 0.6279296875 0.57421875 0.6123046875 0.57421875 0.5712890625 0.59765625 0.56640625 0.6049804688679246 0.56640625 0.6108398433962264 0.568359375 0.6254882811320754 0.5703125 0.6313476566037736 0.5771484375 0.641601562264151 0.5869140625 0.647460937735849 0.6044921875 0.653320312264151 0.6181640625 0.653320312264151
20 0.666015625 0.4057617188679245 0.6591796875 0.39550781226415094 0.6376953125 0.38964843773584906 0.6318359375 0.38964843773584906 0.6201171875 0.3984375 0.6171875 0.4028320311320755 0.6259765625 0.41894531226415094 0.6396484375 0.4277343745283019 0.6513671875 0.43359375 0.6552734375 0.43359375 0.6640625 0.4204101566037736 0.666015625 0.4145507811320755 0.666015625 0.4057617188679245
21 0.302734375 0.5581054688679246 0.275390625 0.5024414066037736 0.2646484375 0.4863281245283018 0.2529296875 0.47167968773584906 0.2451171875 0.4628906245283019 0.2412109375 0.45996093773584906 0.2373046875 0.45996093773584906 0.2294921875 0.4628906245283019 0.2177734375 0.46875 0.21484375 0.4731445311320755 0.212890625 0.4819335933962264 0.212890625 0.49951171886792456 0.228515625 0.5463867188679246 0.255859375 0.5991210933962264 0.2587890625 0.6035156245283019 0.2978515625 0.6035156245283019 0.30078125 0.5991210933962264 0.302734375 0.5581054688679246
6 0.525390625 0.6459960933962264 0.525390625 0.6430664066037736 0.51953125 0.5903320311320754 0.515625 0.5815429688679246 0.4951171875 0.547851562264151 0.4697265625 0.524414062264151 0.4599609375 0.518554687735849 0.4580078125 0.518554687735849 0.45703125 0.5200195311320754 0.45703125 0.5375976566037736 0.4609375 0.5786132811320754 0.490234375 0.6372070311320754 0.4970703125 0.647460937735849 0.5107421875 0.65625 0.5205078125 0.65625 0.525390625 0.6459960933962264
1 0.5595703125 0.43652343773584906 0.5517578125 0.43359375 0.5439453125 0.43359375 0.537109375 0.4409179688679245 0.533203125 0.4497070311320755 0.533203125 0.4672851566037736 0.537109375 0.4819335933962264 0.5439453125 0.4921875 0.5703125 0.4555664066037736 0.5703125 0.4497070311320755 0.5634765625 0.4394531245283019 0.5595703125 0.43652343773584906
9 0.5732421875 0.43652343773584906 0.572265625 0.4379882811320755 0.57421875 0.4438476566037736 0.5771484375 0.44824218773584906 0.5810546875 0.44824218773584906 0.591796875 0.4321289066037736 0.591796875 0.4291992188679245 0.5908203125 0.4277343745283019 0.5732421875 0.43652343773584906