9 0.423828125 0.3090820311320755 0.421875 0.3032226566037736 0.4091796875 0.28417968773584906 0.4033203125 0.27832031226415094 0.3837890625 0.26953125 0.3701171875 0.26953125 0.3583984375 0.27832031226415094 0.349609375 0.2915039066037736 0.349609375 0.3002929688679245 0.3740234375 0.33105468773584906 0.4072265625 0.3515625 0.4111328125 0.3515625 0.419921875 0.3442382811320755 0.423828125 0.3266601566037736 0.423828125 0.3090820311320755
9 0.376953125 0.7631835933962264 0.380859375 0.7514648433962264 0.380859375 0.7045898433962264 0.37890625 0.6899414066037736 0.376953125 0.6840820311320754 0.3623046875 0.6621093754716981 0.3583984375 0.659179687735849 0.3408203125 0.659179687735849 0.3359375 0.6665039066037736 0.330078125 0.6958007811320754 0.328125 0.7104492188679246 0.328125 0.7192382811320754 0.330078125 0.7250976566037736 0.3388671875 0.73828125 0.3642578125 0.770507812264151 0.3701171875 0.770507812264151 0.3740234375 0.7675781245283019 0.376953125 0.7631835933962264
9 0.494140625 0.2651367188679245 0.490234375 0.2534179688679245 0.4814453125 0.24023437452830187 0.4775390625 0.23730468773584906 0.4716796875 0.24023437452830187 0.466796875 0.2475585933962264 0.466796875 0.2563476566037736 0.46875 0.2651367188679245 0.4775390625 0.28125 0.4833984375 0.2871093754716981 0.4853515625 0.2871093754716981 0.494140625 0.2768554688679245 0.494140625 0.2651367188679245
9 0.671875 0.3881835933962264 0.6650390625 0.37792968773584906 0.6591796875 0.375 0.6572265625 0.375 0.6416015625 0.38671875 0.638671875 0.3911132811320755 0.638671875 0.4028320311320755 0.6474609375 0.41015625 0.6630859375 0.41015625 0.6669921875 0.40722656226415094 0.669921875 0.4028320311320755 0.671875 0.3969726566037736 0.671875 0.3881835933962264
9 0.453125 0.49951171886792456 0.4482421875 0.4921875 0.4443359375 0.489257812264151 0.4365234375 0.489257812264151 0.4267578125 0.4921875 0.423828125 0.49658203113207544 0.421875 0.5024414066037736 0.423828125 0.5141601566037736 0.4287109375 0.518554687735849 0.4384765625 0.524414062264151 0.4462890625 0.5214843754716981 0.451171875 0.5141601566037736 0.453125 0.5083007811320754 0.453125 0.49951171886792456
9 0.47265625 0.6811523433962264 0.470703125 0.6752929688679246 0.4619140625 0.66796875 0.4482421875 0.66796875 0.4423828125 0.670898437735849 0.4375 0.6782226566037736 0.435546875 0.6870117188679246 0.4375 0.6928710933962264 0.4423828125 0.700195312264151 0.4462890625 0.703125 0.4521484375 0.703125 0.4658203125 0.700195312264151 0.47265625 0.6840820311320754 0.47265625 0.6811523433962264
9 0.5234375 0.6870117188679246 0.5234375 0.6752929688679246 0.521484375 0.6694335933962264 0.5166015625 0.6621093754716981 0.5087890625 0.65625 0.4970703125 0.65625 0.4921875 0.6635742188679246 0.4921875 0.6694335933962264 0.494140625 0.6752929688679246 0.5048828125 0.69140625 0.5087890625 0.694335937735849 0.5166015625 0.694335937735849 0.5205078125 0.69140625 0.5234375 0.6870117188679246
9 0.58203125 0.6518554688679246 0.58203125 0.6372070311320754 0.5791015625 0.6328125 0.5751953125 0.6328125 0.5537109375 0.641601562264151 0.548828125 0.6489257811320754 0.548828125 0.6665039066037736 0.5537109375 0.6738281245283019 0.5576171875 0.676757812264151 0.5595703125 0.676757812264151 0.5673828125 0.670898437735849 0.5771484375 0.659179687735849 0.58203125 0.6518554688679246
9 0.654296875 0.6459960933962264 0.6494140625 0.6386718754716981 0.6416015625 0.6386718754716981 0.6298828125 0.641601562264151 0.6259765625 0.64453125 0.62109375 0.6518554688679246 0.619140625 0.6577148433962264 0.619140625 0.6635742188679246 0.62109375 0.6694335933962264 0.6259765625 0.676757812264151 0.6376953125 0.676757812264151 0.65234375 0.6547851566037736 0.654296875 0.6489257811320754 0.654296875 0.6459960933962264
9 0.6533203125 0.553710937735849 0.6494140625 0.55078125 0.6396484375 0.55078125 0.6328125 0.5610351566037736 0.62890625 0.5698242188679246 0.62890625 0.5815429688679246 0.6337890625 0.588867187735849 0.6416015625 0.588867187735849 0.6494140625 0.583007812264151 0.65625 0.5727539066037736 0.65625 0.5581054688679246 0.6533203125 0.553710937735849
9 0.703125 0.6079101566037736 0.693359375 0.5756835933962264 0.6884765625 0.571289062264151 0.6806640625 0.571289062264151 0.673828125 0.5815429688679246 0.673828125 0.5961914066037736 0.6806640625 0.606445312264151 0.6865234375 0.612304687735849 0.6943359375 0.618164062264151 0.6982421875 0.618164062264151 0.703125 0.6108398433962264 0.703125 0.6079101566037736
6 0.59375 0.4116210933962264 0.583984375 0.3764648433962264 0.5830078125 0.375 0.5380859375 0.34863281226415094 0.5009765625 0.3339843754716981 0.4951171875 0.3339843754716981 0.4921875 0.3383789066037736 0.4921875 0.3500976566037736 0.501953125 0.3969726566037736 0.5029296875 0.3984375 0.5537109375 0.43652343773584906 0.5888671875 0.4277343745283019 0.59375 0.4204101566037736 0.59375 0.4116210933962264
21 0.3779296875 0.495117187735849 0.3037109375 0.46875 0.291015625 0.49951171886792456 0.2890625 0.5112304688679246 0.296875 0.5639648433962264 0.3525390625 0.609375 0.3564453125 0.612304687735849 0.3583984375 0.612304687735849 0.375 0.5727539066037736 0.37890625 0.49658203113207544 0.3779296875 0.495117187735849
20 0.548828125 0.5141601566037736 0.548828125 0.49951171886792456 0.5458984375 0.495117187735849 0.5361328125 0.495117187735849 0.5302734375 0.4980468754716982 0.5224609375 0.50390625 0.5146484375 0.512695312264151 0.51171875 0.5170898433962264 0.51171875 0.5288085933962264 0.513671875 0.5375976566037736 0.5146484375 0.5390625 0.5166015625 0.5390625 0.5283203125 0.536132812264151 0.5380859375 0.530273437735849 0.548828125 0.5141601566037736
20 0.703125 0.4584960933962264 0.69921875 0.4350585933962264 0.6962890625 0.43066406226415094 0.6923828125 0.4277343745283019 0.6884765625 0.4277343745283019 0.68359375 0.4321289066037736 0.681640625 0.4379882811320755 0.681640625 0.4614257811320755 0.68359375 0.4702148433962264 0.6962890625 0.489257812264151 0.6982421875 0.489257812264151 0.701171875 0.48486328113207544 0.703125 0.4672851566037736 0.703125 0.4584960933962264
18 0.67578125 0.3266601566037736 0.67578125 0.3002929688679245 0.673828125 0.2944335933962264 0.6533203125 0.26074218773584906 0.6337890625 0.24023437452830187 0.6259765625 0.234375 0.6103515625 0.22558593773584906 0.5947265625 0.22558593773584906 0.5849609375 0.23144531226415094 0.576171875 0.2446289066037736 0.572265625 0.2563476566037736 0.572265625 0.2651367188679245 0.578125 0.2797851566037736 0.5947265625 0.30175781226415094 0.6455078125 0.34863281226415094 0.6650390625 0.34863281226415094 0.673828125 0.3354492188679245 0.67578125 0.3266601566037736