9 0.4189453125 0.22558593773584906 0.4248046875 0.22265625 0.4287109375 0.21972656226415094 0.431640625 0.21533203113207547 0.431640625 0.20361328113207547 0.3896484375 0.15234375 0.3779296875 0.15234375 0.3681640625 0.15820312452830187 0.36328125 0.1655273433962264 0.36328125 0.1743164066037736 0.3671875 0.1860351566037736 0.3759765625 0.19921875 0.3876953125 0.2109375 0.4013671875 0.21972656226415094 0.4130859375 0.22558593773584906 0.4189453125 0.22558593773584906
9 0.3740234375 0.25488281226415094 0.37109375 0.2592773433962264 0.37109375 0.2768554688679245 0.3740234375 0.28417968773584906 0.3779296875 0.28417968773584906 0.380859375 0.2797851566037736 0.380859375 0.2709960933962264 0.376953125 0.2592773433962264 0.3740234375 0.25488281226415094
9 0.576171875 0.3237304688679245 0.576171875 0.3178710933962264 0.57421875 0.3090820311320755 0.5712890625 0.30175781226415094 0.5556640625 0.29003906226415094 0.5302734375 0.2753906245283019 0.5068359375 0.27246093773584906 0.50390625 0.2768554688679245 0.50390625 0.2856445311320755 0.505859375 0.2915039066037736 0.5263671875 0.31933593773584906 0.5595703125 0.3339843754716981 0.5693359375 0.3339843754716981 0.57421875 0.3295898433962264 0.576171875 0.3237304688679245
9 0.578125 0.5112304688679246 0.580078125 0.5024414066037736 0.58203125 0.4819335933962264 0.58203125 0.4731445311320755 0.578125 0.4555664066037736 0.57421875 0.4467773433962264 0.5556640625 0.41894531226415094 0.5517578125 0.4160156245283019 0.5419921875 0.41894531226415094 0.5263671875 0.43652343773584906 0.525390625 0.4379882811320755 0.525390625 0.4409179688679245 0.537109375 0.49951171886792456 0.5458984375 0.506835937735849 0.5673828125 0.5214843754716981 0.5693359375 0.5214843754716981 0.5732421875 0.518554687735849 0.578125 0.5112304688679246
9 0.662109375 0.7309570311320754 0.666015625 0.7133789066037736 0.66796875 0.6987304688679246 0.66796875 0.6635742188679246 0.666015625 0.6547851566037736 0.6591796875 0.64453125 0.6513671875 0.64453125 0.64453125 0.6547851566037736 0.642578125 0.6606445311320754 0.640625 0.6723632811320754 0.63671875 0.7016601566037736 0.638671875 0.7397460933962264 0.6416015625 0.747070312264151 0.6455078125 0.75 0.6494140625 0.75 0.6533203125 0.747070312264151 0.658203125 0.7397460933962264 0.662109375 0.7309570311320754
9 0.30078125 0.5610351566037736 0.30078125 0.5551757811320754 0.2958984375 0.547851562264151 0.2861328125 0.5390625 0.2724609375 0.536132812264151 0.2470703125 0.536132812264151 0.2421875 0.5434570311320754 0.2421875 0.5463867188679246 0.2490234375 0.5566406245283019 0.2626953125 0.565429687735849 0.2724609375 0.5683593754716981 0.2880859375 0.5683593754716981 0.2978515625 0.565429687735849 0.30078125 0.5610351566037736
9 0.3271484375 0.506835937735849 0.3232421875 0.5097656245283019 0.322265625 0.5112304688679246 0.322265625 0.5141601566037736 0.3251953125 0.518554687735849 0.3349609375 0.518554687735849 0.33984375 0.5141601566037736 0.33984375 0.5112304688679246 0.3369140625 0.506835937735849 0.3271484375 0.506835937735849
1 0.33203125 0.3471679688679245 0.337890625 0.3002929688679245 0.337890625 0.2944335933962264 0.3310546875 0.28417968773584906 0.3232421875 0.28125 0.3154296875 0.28417968773584906 0.306640625 0.2973632811320755 0.3046875 0.3032226566037736 0.302734375 0.3120117188679245 0.302734375 0.3178710933962264 0.306640625 0.3325195311320755 0.310546875 0.3413085933962264 0.3134765625 0.3457031245283019 0.3271484375 0.3574218754716981 0.330078125 0.3530273433962264 0.33203125 0.3471679688679245
1 0.5966796875 0.6738281245283019 0.5771484375 0.670898437735849 0.564453125 0.6870117188679246 0.560546875 0.6958007811320754 0.560546875 0.6987304688679246 0.5810546875 0.71484375 0.5927734375 0.71484375 0.599609375 0.7045898433962264 0.6015625 0.6987304688679246 0.6015625 0.6811523433962264 0.5966796875 0.6738281245283019
7 0.65625 0.4116210933962264 0.66015625 0.3940429688679245 0.66015625 0.3793945311320755 0.6484375 0.3500976566037736 0.6455078125 0.3457031245283019 0.6416015625 0.34277343773584906 0.6396484375 0.34277343773584906 0.623046875 0.3676757811320755 0.623046875 0.3852539066037736 0.62890625 0.4086914066037736 0.634765625 0.4233398433962264 0.6396484375 0.4277343745283019 0.6455078125 0.4277343745283019 0.6513671875 0.42480468773584906 0.65625 0.4116210933962264
13 0.71875 0.4526367188679245 0.7099609375 0.4394531245283019 0.7001953125 0.4394531245283019 0.6455078125 0.48046875 0.640625 0.48779296886792456 0.640625 0.4936523433962264 0.654296875 0.5258789066037736 0.6552734375 0.52734375 0.6904296875 0.547851562264151 0.708984375 0.5346679688679246 0.724609375 0.4790039066037736 0.71875 0.4526367188679245
13 0.3447265625 0.6152343754716981 0.3427734375 0.6152343754716981 0.33984375 0.6196289066037736 0.33203125 0.6401367188679246 0.33203125 0.6782226566037736 0.3330078125 0.6796875 0.3349609375 0.6796875 0.353515625 0.6606445311320754 0.353515625 0.6518554688679246 0.345703125 0.6166992188679246 0.3447265625 0.6152343754716981
12 0.302734375 0.6870117188679246 0.2978515625 0.6796875 0.2900390625 0.6738281245283019 0.2822265625 0.670898437735849 0.2783203125 0.670898437735849 0.2744140625 0.6738281245283019 0.271484375 0.6782226566037736 0.271484375 0.6870117188679246 0.2724609375 0.688476562264151 0.2998046875 0.706054687735849 0.3037109375 0.706054687735849 0.3046875 0.7045898433962264 0.3046875 0.6928710933962264 0.302734375 0.6870117188679246
12 0.470703125 0.3823242188679245 0.474609375 0.3735351566037736 0.4765625 0.3647460933962264 0.4765625 0.3530273433962264 0.4736328125 0.34863281226415094 0.4716796875 0.34863281226415094 0.4248046875 0.3808593754716981 0.423828125 0.3823242188679245 0.423828125 0.3911132811320755 0.4306640625 0.40136718773584906 0.4345703125 0.4042968745283019 0.4462890625 0.4042968745283019 0.4619140625 0.3925781245283019 0.4677734375 0.38671875 0.470703125 0.3823242188679245
16 0.3779296875 0.624023437735849 0.375 0.6284179688679246 0.373046875 0.6372070311320754 0.373046875 0.6459960933962264 0.3759765625 0.6503906245283019 0.380859375 0.6459960933962264 0.384765625 0.6342773433962264 0.384765625 0.6254882811320754 0.3837890625 0.624023437735849 0.3779296875 0.624023437735849
21 0.509765625 0.6782226566037736 0.484375 0.6108398433962264 0.4345703125 0.4980468754716982 0.427734375 0.5083007811320754 0.42578125 0.5141601566037736 0.396484375 0.7192382811320754 0.3994140625 0.723632812264151 0.4306640625 0.735351562264151 0.4443359375 0.735351562264151 0.4521484375 0.7324218754716981 0.5087890625 0.6855468754716981 0.509765625 0.6840820311320754 0.509765625 0.6782226566037736