13 0.4580078125 0.62109375 0.4541015625 0.618164062264151 0.3896484375 0.618164062264151 0.3857421875 0.62109375 0.380859375 0.6284179688679246 0.376953125 0.6372070311320754 0.35546875 0.6987304688679246 0.353515625 0.7075195311320754 0.353515625 0.7250976566037736 0.3564453125 0.729492187735849 0.3623046875 0.729492187735849 0.4560546875 0.635742187735849 0.4609375 0.6284179688679246 0.4609375 0.6254882811320754 0.4580078125 0.62109375
10 0.5693359375 0.7207031245283019 0.572265625 0.7163085933962264 0.5634765625 0.703125 0.5576171875 0.6972656245283019 0.4853515625 0.6796875 0.48046875 0.6870117188679246 0.48046875 0.6899414066037736 0.4853515625 0.6972656245283019 0.5107421875 0.7207031245283019 0.5185546875 0.7265625 0.5244140625 0.729492187735849 0.5341796875 0.729492187735849 0.5693359375 0.7207031245283019
9 0.6728515625 0.659179687735849 0.666015625 0.6694335933962264 0.6640625 0.6752929688679246 0.6640625 0.6840820311320754 0.6669921875 0.688476562264151 0.6708984375 0.6855468754716981 0.673828125 0.6811523433962264 0.6796875 0.6635742188679246 0.6767578125 0.659179687735849 0.6728515625 0.659179687735849
18 0.5234375 0.6108398433962264 0.5224609375 0.609375 0.5205078125 0.609375 0.51953125 0.6108398433962264 0.51953125 0.6284179688679246 0.521484375 0.6342773433962264 0.5263671875 0.641601562264151 0.5322265625 0.64453125 0.5361328125 0.64453125 0.537109375 0.6430664066037736 0.5234375 0.6108398433962264
11 0.5126953125 0.52734375 0.5087890625 0.52734375 0.4912109375 0.5332031245283019 0.490234375 0.5346679688679246 0.490234375 0.5375976566037736 0.4931640625 0.541992187735849 0.5029296875 0.541992187735849 0.5087890625 0.5390625 0.513671875 0.5317382811320754 0.513671875 0.5288085933962264 0.5126953125 0.52734375
11 0.55859375 0.3500976566037736 0.5546875 0.3383789066037736 0.5517578125 0.3339843754716981 0.55078125 0.3354492188679245 0.55078125 0.3413085933962264 0.5546875 0.3735351566037736 0.5556640625 0.375 0.5595703125 0.375 0.5625 0.3706054688679245 0.5625 0.3676757811320755 0.55859375 0.3500976566037736
6 0.4697265625 0.3105468754716981 0.4736328125 0.30761718773584906 0.4765625 0.3032226566037736 0.478515625 0.2973632811320755 0.478515625 0.2885742188679245 0.4765625 0.2768554688679245 0.447265625 0.21533203113207547 0.4423828125 0.20800781226415094 0.3662109375 0.12890625 0.3642578125 0.12890625 0.3603515625 0.13183593773584906 0.357421875 0.13623046886792453 0.349609375 0.15966796886792453 0.349609375 0.1655273433962264 0.3515625 0.1772460933962264 0.373046875 0.22998046886792453 0.3955078125 0.2753906245283019 0.4541015625 0.30761718773584906 0.4658203125 0.3105468754716981 0.4697265625 0.3105468754716981
9 0.59375 0.2124023433962264 0.591796875 0.1889648433962264 0.58984375 0.18310546886792453 0.5830078125 0.17285156226415094 0.5791015625 0.16992187547169813 0.5751953125 0.16992187547169813 0.5712890625 0.17285156226415094 0.56640625 0.18017578113207547 0.564453125 0.1860351566037736 0.564453125 0.1977539066037736 0.57421875 0.2241210933962264 0.5771484375 0.22851562452830187 0.5830078125 0.23144531226415094 0.5888671875 0.23144531226415094 0.59375 0.2241210933962264 0.59375 0.2124023433962264
9 0.6953125 0.2973632811320755 0.69140625 0.2739257811320755 0.6875 0.2651367188679245 0.6845703125 0.26074218773584906 0.6806640625 0.2578125 0.6748046875 0.2578125 0.6708984375 0.26074218773584906 0.666015625 0.2680664066037736 0.6640625 0.2739257811320755 0.6640625 0.2856445311320755 0.666015625 0.2915039066037736 0.6787109375 0.3105468754716981 0.6845703125 0.31640625 0.6884765625 0.31640625 0.693359375 0.3090820311320755 0.6953125 0.2973632811320755
9 0.3056640625 0.35449218773584906 0.3037109375 0.35449218773584906 0.2802734375 0.36035156226415094 0.2734375 0.3676757811320755 0.271484375 0.3735351566037736 0.271484375 0.3881835933962264 0.2783203125 0.3984375 0.2900390625 0.3984375 0.2939453125 0.39550781226415094 0.310546875 0.3706054688679245 0.310546875 0.3618164066037736 0.3056640625 0.35449218773584906
4 0.3876953125 0.36621093773584906 0.3623046875 0.34277343773584906 0.3544921875 0.33984375 0.3486328125 0.33984375 0.34765625 0.3413085933962264 0.34765625 0.3442382811320755 0.3740234375 0.3984375 0.3798828125 0.3984375 0.3837890625 0.39550781226415094 0.390625 0.3852539066037736 0.390625 0.3706054688679245 0.3876953125 0.36621093773584906
18 0.3447265625 0.48046875 0.3408203125 0.48046875 0.3369140625 0.483398437735849 0.318359375 0.5024414066037736 0.31640625 0.5229492188679246 0.31640625 0.5317382811320754 0.3173828125 0.5332031245283019 0.3212890625 0.5332031245283019 0.3291015625 0.52734375 0.34375 0.5053710933962264 0.349609375 0.48779296886792456 0.3447265625 0.48046875
9 0.408203125 0.4584960933962264 0.4013671875 0.44824218773584906 0.3916015625 0.44824218773584906 0.3828125 0.4614257811320755 0.380859375 0.4672851566037736 0.37890625 0.4819335933962264 0.37890625 0.49951171886792456 0.3837890625 0.50390625 0.3876953125 0.50390625 0.3935546875 0.4980468754716982 0.408203125 0.4760742188679245 0.41015625 0.4643554688679245 0.408203125 0.4584960933962264
13 0.501953125 0.4204101566037736 0.498046875 0.4291992188679245 0.49609375 0.4350585933962264 0.49609375 0.4379882811320755 0.4970703125 0.4394531245283019 0.5078125 0.4233398433962264 0.5078125 0.4174804688679245 0.5068359375 0.4160156245283019 0.5048828125 0.4160156245283019 0.501953125 0.4204101566037736
11 0.5869140625 0.41308593773584906 0.5693359375 0.41015625 0.568359375 0.4116210933962264 0.568359375 0.4174804688679245 0.5712890625 0.421875 0.5751953125 0.42480468773584906 0.5830078125 0.42480468773584906 0.587890625 0.4204101566037736 0.587890625 0.4145507811320755 0.5869140625 0.41308593773584906
11 0.5986328125 0.4277343745283019 0.59375 0.4350585933962264 0.5947265625 0.43652343773584906 0.5986328125 0.43652343773584906 0.6025390625 0.43359375 0.607421875 0.4262695311320755 0.607421875 0.4204101566037736 0.6064453125 0.41894531226415094 0.5986328125 0.4277343745283019
9 0.302734375 0.6958007811320754 0.2998046875 0.69140625 0.2822265625 0.6796875 0.2705078125 0.6796875 0.2666015625 0.682617187735849 0.263671875 0.6870117188679246 0.26171875 0.6928710933962264 0.26171875 0.7075195311320754 0.2685546875 0.717773437735849 0.2724609375 0.7207031245283019 0.2919921875 0.717773437735849 0.2998046875 0.71484375 0.302734375 0.7104492188679246 0.302734375 0.6958007811320754
9 0.4609375 0.6987304688679246 0.458984375 0.6928710933962264 0.4560546875 0.688476562264151 0.4521484375 0.6855468754716981 0.4443359375 0.6855468754716981 0.4404296875 0.688476562264151 0.4248046875 0.7089843754716981 0.421875 0.7133789066037736 0.421875 0.7250976566037736 0.4267578125 0.7324218754716981 0.4384765625 0.735351562264151 0.4560546875 0.723632812264151 0.458984375 0.7192382811320754 0.4609375 0.7133789066037736 0.4609375 0.6987304688679246
11 0.484375 0.5083007811320754 0.486328125 0.5141601566037736 0.4912109375 0.518554687735849 0.5029296875 0.518554687735849 0.50390625 0.5170898433962264 0.4892578125 0.506835937735849 0.4853515625 0.506835937735849 0.484375 0.5083007811320754
9 0.560546875 0.5551757811320754 0.55859375 0.5288085933962264 0.5546875 0.5200195311320754 0.5517578125 0.515625 0.5439453125 0.515625 0.537109375 0.5346679688679246 0.533203125 0.5493164066037736 0.533203125 0.5581054688679246 0.53515625 0.5668945311320754 0.5439453125 0.5800781245283019 0.5478515625 0.5800781245283019 0.5546875 0.5727539066037736 0.55859375 0.5639648433962264 0.560546875 0.5551757811320754
11 0.6494140625 0.48046875 0.64453125 0.48779296886792456 0.64453125 0.5083007811320754 0.6474609375 0.512695312264151 0.6513671875 0.512695312264151 0.65234375 0.5112304688679246 0.654296875 0.5024414066037736 0.654296875 0.48779296886792456 0.6494140625 0.48046875
9 0.64453125 0.5815429688679246 0.6357421875 0.5683593754716981 0.6220703125 0.559570312264151 0.6103515625 0.5566406245283019 0.603515625 0.5668945311320754 0.603515625 0.5727539066037736 0.6201171875 0.6035156245283019 0.6240234375 0.606445312264151 0.6337890625 0.609375 0.6376953125 0.606445312264151 0.64453125 0.5961914066037736 0.64453125 0.5815429688679246
11 0.62109375 0.5463867188679246 0.6220703125 0.547851562264151 0.6328125 0.5317382811320754 0.6318359375 0.530273437735849 0.6279296875 0.530273437735849 0.62109375 0.5405273433962264 0.62109375 0.5463867188679246
9 0.6171875 0.6635742188679246 0.6171875 0.6518554688679246 0.6103515625 0.641601562264151 0.6064453125 0.6386718754716981 0.5888671875 0.647460937735849 0.5849609375 0.6503906245283019 0.578125 0.6606445311320754 0.576171875 0.6665039066037736 0.576171875 0.6723632811320754 0.578125 0.6811523433962264 0.5830078125 0.688476562264151 0.5869140625 0.69140625 0.5927734375 0.69140625 0.5986328125 0.688476562264151 0.6171875 0.6635742188679246
9 0.7646484375 0.688476562264151 0.7587890625 0.688476562264151 0.7509765625 0.69140625 0.7412109375 0.700195312264151 0.732421875 0.7133789066037736 0.732421875 0.7280273433962264 0.7412109375 0.741210937735849 0.7607421875 0.741210937735849 0.763671875 0.7368164066037736 0.767578125 0.7045898433962264 0.767578125 0.6928710933962264 0.7646484375 0.688476562264151
11 0.7138671875 0.57421875 0.712890625 0.5756835933962264 0.712890625 0.5874023433962264 0.7197265625 0.59765625 0.7294921875 0.59765625 0.732421875 0.5932617188679246 0.732421875 0.5903320311320754 0.7314453125 0.588867187735849 0.7138671875 0.57421875
14 0.810546875 0.5141601566037736 0.80859375 0.4936523433962264 0.8076171875 0.4921875 0.8037109375 0.489257812264151 0.7783203125 0.483398437735849 0.7744140625 0.483398437735849 0.771484375 0.48779296886792456 0.771484375 0.4936523433962264 0.7734375 0.49951171886792456 0.7802734375 0.5097656245283019 0.7880859375 0.515625 0.8017578125 0.518554687735849 0.8076171875 0.518554687735849 0.810546875 0.5141601566037736