6 0.634765625 0.2475585933962264 0.609375 0.20361328113207547 0.5986328125 0.1875 0.5908203125 0.18164062452830187 0.5458984375 0.15820312452830187 0.5419921875 0.15820312452830187 0.541015625 0.15966796886792453 0.5390625 0.20654296886792453 0.6123046875 0.3105468754716981 0.6337890625 0.3105468754716981 0.6396484375 0.3046875 0.642578125 0.3002929688679245 0.642578125 0.2739257811320755 0.640625 0.2651367188679245 0.634765625 0.2475585933962264
1 0.517578125 0.1625976566037736 0.517578125 0.1508789066037736 0.513671875 0.13623046886792453 0.5126953125 0.13476562452830187 0.5068359375 0.13183593773584906 0.5029296875 0.13183593773584906 0.4755859375 0.15527343773584906 0.474609375 0.15673828113207547 0.474609375 0.1625976566037736 0.478515625 0.1743164066037736 0.4814453125 0.17871093773584906 0.4912109375 0.1875 0.5048828125 0.1875 0.513671875 0.1743164066037736 0.517578125 0.1625976566037736
1 0.375 0.3237304688679245 0.373046875 0.3002929688679245 0.3720703125 0.2988281245283019 0.3447265625 0.28125 0.3427734375 0.28125 0.3388671875 0.28417968773584906 0.333984375 0.2915039066037736 0.33203125 0.2973632811320755 0.33203125 0.3208007811320755 0.3369140625 0.328125 0.3427734375 0.3339843754716981 0.3466796875 0.33691406226415094 0.3603515625 0.33691406226415094 0.3681640625 0.3339843754716981 0.375 0.3237304688679245
1 0.400390625 0.6928710933962264 0.39453125 0.6694335933962264 0.392578125 0.6635742188679246 0.3896484375 0.659179687735849 0.3818359375 0.65625 0.3720703125 0.6621093754716981 0.3671875 0.6694335933962264 0.365234375 0.6782226566037736 0.3671875 0.6928710933962264 0.37109375 0.7016601566037736 0.3759765625 0.7089843754716981 0.3798828125 0.711914062264151 0.3818359375 0.711914062264151 0.400390625 0.6958007811320754 0.400390625 0.6928710933962264
1 0.451171875 0.7133789066037736 0.451171875 0.7045898433962264 0.4345703125 0.6796875 0.4267578125 0.6738281245283019 0.4189453125 0.6738281245283019 0.4150390625 0.676757812264151 0.412109375 0.6811523433962264 0.41015625 0.6870117188679246 0.41015625 0.6899414066037736 0.419921875 0.7104492188679246 0.4248046875 0.717773437735849 0.4306640625 0.723632812264151 0.4482421875 0.723632812264151 0.44921875 0.7221679688679246 0.451171875 0.7133789066037736
1 0.509765625 0.6987304688679246 0.5048828125 0.688476562264151 0.4990234375 0.682617187735849 0.4873046875 0.682617187735849 0.48046875 0.6928710933962264 0.478515625 0.7016601566037736 0.478515625 0.7075195311320754 0.48046875 0.7221679688679246 0.4912109375 0.741210937735849 0.5087890625 0.729492187735849 0.51171875 0.7250976566037736 0.513671875 0.7133789066037736 0.509765625 0.6987304688679246
1 0.244140625 0.3764648433962264 0.2373046875 0.36621093773584906 0.2216796875 0.3515625 0.2138671875 0.34863281226415094 0.2080078125 0.34863281226415094 0.20703125 0.3500976566037736 0.1953125 0.3735351566037736 0.1953125 0.3764648433962264 0.2294921875 0.42480468773584906 0.2314453125 0.42480468773584906 0.244140625 0.4057617188679245 0.24609375 0.3969726566037736 0.24609375 0.3852539066037736 0.244140625 0.3764648433962264
27 0.2939453125 0.39550781226415094 0.302734375 0.3793945311320755 0.30859375 0.2592773433962264 0.3076171875 0.2578125 0.2646484375 0.2578125 0.25390625 0.2797851566037736 0.25 0.2915039066037736 0.25 0.3061523433962264 0.25390625 0.3647460933962264 0.255859375 0.3706054688679245 0.2607421875 0.37792968773584906 0.2705078125 0.38964843773584906 0.2783203125 0.39550781226415094 0.2939453125 0.39550781226415094
27 0.599609375 0.4584960933962264 0.6015625 0.4526367188679245 0.6015625 0.4291992188679245 0.578125 0.3442382811320755 0.5751953125 0.33984375 0.5673828125 0.33691406226415094 0.5634765625 0.33691406226415094 0.560546875 0.3413085933962264 0.5234375 0.4204101566037736 0.521484375 0.4262695311320755 0.521484375 0.4379882811320755 0.5234375 0.4526367188679245 0.52734375 0.4643554688679245 0.5322265625 0.47167968773584906 0.5380859375 0.4746093745283019 0.5966796875 0.4628906245283019 0.599609375 0.4584960933962264
21 0.6767578125 0.38671875 0.6455078125 0.38671875 0.638671875 0.3940429688679245 0.609502620625 0.4270682330188679 0.61470759625 0.4934316688679245 0.6313635175000001 0.4934316688679245 0.6689453125 0.47753906226415094 0.671875 0.4731445311320755 0.6953125 0.4086914066037736 0.6923828125 0.4042968745283019 0.6767578125 0.38671875
21 0.4921875 0.4262695311320755 0.482421875 0.3793945311320755 0.478515625 0.3676757811320755 0.4736328125 0.36035156226415094 0.4638671875 0.3515625 0.4541015625 0.3457031245283019 0.4404296875 0.34277343773584906 0.4306640625 0.34863281226415094 0.42578125 0.3559570311320755 0.423828125 0.3618164066037736 0.419921875 0.3764648433962264 0.419921875 0.3823242188679245 0.427734375 0.4438476566037736 0.4580078125 0.4746093745283019 0.4833984375 0.483398437735849 0.4873046875 0.483398437735849 0.48828125 0.4819335933962264 0.4921875 0.4262695311320755
21 0.5 0.6020507811320754 0.51171875 0.5698242188679246 0.513671875 0.5581054688679246 0.4814453125 0.512695312264151 0.4716796875 0.50390625 0.4677734375 0.500976562264151 0.4541015625 0.495117187735849 0.4501953125 0.4980468754716982 0.447265625 0.5053710933962264 0.4453125 0.5170898433962264 0.4453125 0.5346679688679246 0.447265625 0.5522460933962264 0.453125 0.5698242188679246 0.4619140625 0.583007812264151 0.4912109375 0.606445312264151 0.4970703125 0.606445312264151 0.5 0.6020507811320754
14 0.7021484375 0.500976562264151 0.6884765625 0.4921875 0.6787109375 0.4921875 0.677734375 0.4936523433962264 0.677734375 0.5053710933962264 0.6845703125 0.515625 0.6923828125 0.518554687735849 0.7041015625 0.515625 0.705078125 0.5141601566037736 0.705078125 0.5053710933962264 0.7021484375 0.500976562264151
14 0.5986328125 0.5214843754716981 0.5927734375 0.5214843754716981 0.591796875 0.5229492188679246 0.583984375 0.5493164066037736 0.583984375 0.5551757811320754 0.5849609375 0.5566406245283019 0.5869140625 0.5566406245283019 0.5947265625 0.547851562264151 0.603515625 0.5317382811320754 0.603515625 0.5288085933962264 0.5986328125 0.5214843754716981
14 0.6103515625 0.66796875 0.6064453125 0.670898437735849 0.6015625 0.6782226566037736 0.59765625 0.6899414066037736 0.59765625 0.6958007811320754 0.6015625 0.7045898433962264 0.6044921875 0.7089843754716981 0.6064453125 0.7089843754716981 0.61328125 0.6928710933962264 0.61328125 0.6723632811320754 0.6103515625 0.66796875
14 0.4873046875 0.624023437735849 0.482421875 0.6313476566037736 0.4765625 0.6430664066037736 0.4765625 0.6547851566037736 0.4794921875 0.659179687735849 0.4892578125 0.659179687735849 0.5 0.6342773433962264 0.5 0.6313476566037736 0.4951171875 0.624023437735849 0.4873046875 0.624023437735849
14 0.4462890625 0.612304687735849 0.4423828125 0.612304687735849 0.4287109375 0.629882812264151 0.421875 0.6401367188679246 0.4248046875 0.64453125 0.4287109375 0.64453125 0.4345703125 0.641601562264151 0.4482421875 0.6269531245283019 0.451171875 0.6225585933962264 0.451171875 0.6166992188679246 0.4462890625 0.612304687735849
14 0.326171875 0.7543945311320754 0.3212890625 0.747070312264151 0.3173828125 0.747070312264151 0.31640625 0.7485351566037736 0.3125 0.7602539066037736 0.3125 0.7631835933962264 0.3203125 0.7895507811320754 0.3212890625 0.7910156245283019 0.3271484375 0.7910156245283019 0.3349609375 0.78515625 0.3359375 0.7836914066037736 0.326171875 0.7543945311320754
14 0.404296875 0.5346679688679246 0.4033203125 0.5332031245283019 0.4013671875 0.5332031245283019 0.396484375 0.5405273433962264 0.392578125 0.5493164066037736 0.392578125 0.5522460933962264 0.39453125 0.5581054688679246 0.3974609375 0.5625 0.4013671875 0.5625 0.40234375 0.5610351566037736 0.404296875 0.5463867188679246 0.404296875 0.5346679688679246
14 0.337890625 0.5053710933962264 0.3427734375 0.5097656245283019 0.353515625 0.49658203113207544 0.353515625 0.4907226566037736 0.3466796875 0.48046875 0.337890625 0.4936523433962264 0.337890625 0.5053710933962264
14 0.2734375 0.4086914066037736 0.2705078125 0.4042968745283019 0.267578125 0.4086914066037736 0.267578125 0.4145507811320755 0.2734375 0.4467773433962264 0.2763671875 0.4511718745283019 0.28125 0.4467773433962264 0.283203125 0.4379882811320755 0.283203125 0.4291992188679245 0.2734375 0.4086914066037736
14 0.4052734375 0.34863281226415094 0.3857421875 0.33984375 0.3818359375 0.33984375 0.380859375 0.3413085933962264 0.37890625 0.3530273433962264 0.3818359375 0.3574218754716981 0.3955078125 0.36621093773584906 0.3994140625 0.36621093773584906 0.4052734375 0.36035156226415094 0.408203125 0.3559570311320755 0.408203125 0.3530273433962264 0.4052734375 0.34863281226415094
14 0.34765625 0.2709960933962264 0.34765625 0.2651367188679245 0.3466796875 0.2636718754716981 0.3447265625 0.2636718754716981 0.3251953125 0.26953125 0.3173828125 0.2753906245283019 0.31640625 0.2768554688679245 0.31640625 0.2797851566037736 0.318359375 0.2856445311320755 0.3212890625 0.29003906226415094 0.3232421875 0.29003906226415094 0.3369140625 0.28417968773584906 0.3408203125 0.28125 0.34765625 0.2709960933962264
14 0.3544921875 0.16113281226415094 0.3466796875 0.16992187547169813 0.345703125 0.17138671886792453 0.345703125 0.18310546886792453 0.3623046875 0.19628906226415094 0.3642578125 0.19628906226415094 0.37109375 0.1860351566037736 0.37109375 0.18310546886792453 0.3583984375 0.16113281226415094 0.3544921875 0.16113281226415094
14 0.369140625 0.2329101566037736 0.3642578125 0.22558593773584906 0.3603515625 0.22265625 0.3583984375 0.22265625 0.3544921875 0.22558593773584906 0.349609375 0.2329101566037736 0.349609375 0.2446289066037736 0.35546875 0.2592773433962264 0.3564453125 0.26074218773584906 0.3603515625 0.26074218773584906 0.3701171875 0.2578125 0.373046875 0.2534179688679245 0.369140625 0.2329101566037736
14 0.443359375 0.2592773433962264 0.44140625 0.2680664066037736 0.439453125 0.3002929688679245 0.44140625 0.3061523433962264 0.4443359375 0.3105468754716981 0.4462890625 0.3105468754716981 0.44921875 0.3061523433962264 0.44921875 0.2592773433962264 0.4462890625 0.25488281226415094 0.443359375 0.2592773433962264
14 0.4775390625 0.2871093754716981 0.47265625 0.2944335933962264 0.474609375 0.3178710933962264 0.4794921875 0.32519531226415094 0.4853515625 0.32519531226415094 0.490234375 0.3149414066037736 0.490234375 0.3002929688679245 0.4794921875 0.2871093754716981 0.4775390625 0.2871093754716981
14 0.6298828125 0.3457031245283019 0.6259765625 0.3457031245283019 0.62109375 0.3530273433962264 0.62109375 0.3618164066037736 0.6337890625 0.3808593754716981 0.6416015625 0.3808593754716981 0.64453125 0.3764648433962264 0.64453125 0.3735351566037736 0.630859375 0.3471679688679245 0.6298828125 0.3457031245283019
20 0.529296875 0.2475585933962264 0.529296875 0.2416992188679245 0.5166015625 0.21679687452830187 0.4970703125 0.2109375 0.4697265625 0.21679687452830187 0.46875 0.21826171886792453 0.46875 0.22705078113207547 0.47265625 0.23876953113207547 0.482421875 0.2622070311320755 0.4853515625 0.26660156226415094 0.4931640625 0.26660156226415094 0.5283203125 0.2490234377358491 0.529296875 0.2475585933962264
20 0.5517578125 0.3105468754716981 0.5478515625 0.30761718773584906 0.5205078125 0.3046875 0.4912109375 0.31347656226415094 0.490234375 0.3149414066037736 0.5205078125 0.3574218754716981 0.5263671875 0.3574218754716981 0.5458984375 0.34277343773584906 0.552734375 0.3325195311320755 0.5546875 0.3266601566037736 0.5546875 0.3149414066037736 0.5517578125 0.3105468754716981
18 0.28125 0.7456054688679246 0.29296875 0.7221679688679246 0.296875 0.7075195311320754 0.296875 0.7016601566037736 0.29296875 0.6840820311320754 0.2919921875 0.682617187735849 0.2841796875 0.6738281245283019 0.2763671875 0.6738281245283019 0.267578125 0.6811523433962264 0.25390625 0.7104492188679246 0.248046875 0.7250976566037736 0.248046875 0.7426757811320754 0.25 0.7485351566037736 0.2529296875 0.752929687735849 0.2607421875 0.758789062264151 0.2685546875 0.758789062264151 0.2763671875 0.752929687735849 0.28125 0.7456054688679246
5 0.326171875 0.6137695311320754 0.326171875 0.6108398433962264 0.322265625 0.5698242188679246 0.302734375 0.5024414066037736 0.3017578125 0.500976562264151 0.2802734375 0.524414062264151 0.22265625 0.6108398433962264 0.220703125 0.6196289066037736 0.220703125 0.6313476566037736 0.2275390625 0.641601562264151 0.2587890625 0.66796875 0.2607421875 0.66796875 0.3017578125 0.64453125 0.3251953125 0.6152343754716981 0.326171875 0.6137695311320754
10 0.3955078125 0.40136718773584906 0.400390625 0.3940429688679245 0.400390625 0.3852539066037736 0.3994140625 0.38378906226415094 0.3955078125 0.38378906226415094 0.3896484375 0.38671875 0.3408203125 0.41894531226415094 0.2998046875 0.44824218773584906 0.298828125 0.4497070311320755 0.298828125 0.4555664066037736 0.2998046875 0.45703125 0.3095703125 0.45996093773584906 0.3193359375 0.45703125 0.3349609375 0.44824218773584906 0.3681640625 0.42480468773584906 0.3955078125 0.40136718773584906
12 0.3642578125 0.6035156245283019 0.369140625 0.5961914066037736 0.369140625 0.5932617188679246 0.3662109375 0.588867187735849 0.3408203125 0.5683593754716981 0.3369140625 0.5683593754716981 0.3330078125 0.571289062264151 0.330078125 0.5756835933962264 0.328125 0.5844726566037736 0.328125 0.5903320311320754 0.33203125 0.6020507811320754 0.3349609375 0.606445312264151 0.3388671875 0.609375 0.3447265625 0.612304687735849 0.3544921875 0.612304687735849 0.3642578125 0.6035156245283019
13 0.403126658125 0.6120125556603774 0.40030040375 0.617408133018868 0.39644642062499996 0.6270430915094339 0.39952960750000005 0.6320532688679245 0.4111328125 0.629882812264151 0.41417474374999996 0.6285846839622641 0.418542591875 0.6058461820754717 0.40646677750000004 0.6089293688679246 0.403126658125 0.6120125556603774
4 0.60546875 0.7514648433962264 0.60546875 0.7397460933962264 0.603515625 0.7338867188679246 0.5712890625 0.694335937735849 0.5673828125 0.6972656245283019 0.564453125 0.7016601566037736 0.560546875 0.7133789066037736 0.560546875 0.7250976566037736 0.56640625 0.7426757811320754 0.5751953125 0.7558593754716981 0.5830078125 0.76171875 0.5888671875 0.764648437735849 0.5966796875 0.764648437735849 0.60546875 0.7514648433962264