11 0.6474609375 0.606445312264151 0.6455078125 0.606445312264151 0.64453125 0.6079101566037736 0.64453125 0.6108398433962264 0.6494140625 0.618164062264151 0.6533203125 0.62109375 0.6650390625 0.62109375 0.666015625 0.6196289066037736 0.6611328125 0.6152343754716981 0.6474609375 0.606445312264151
11 0.6259765625 0.647460937735849 0.625 0.6489257811320754 0.6259765625 0.6503906245283019 0.6376953125 0.6621093754716981 0.638671875 0.6606445311320754 0.638671875 0.6518554688679246 0.6376953125 0.6503906245283019 0.6337890625 0.647460937735849 0.6259765625 0.647460937735849
11 0.296875 0.2768554688679245 0.2998046875 0.28125 0.3076171875 0.28125 0.3125 0.2768554688679245 0.3125 0.2709960933962264 0.3115234375 0.26953125 0.2978515625 0.2753906245283019 0.296875 0.2768554688679245
9 0.3388671875 0.23730468773584906 0.369140625 0.18017578113207547 0.37890625 0.11572265660377358 0.37890625 0.10986328113207547 0.3720703125 0.09960937547169811 0.3681640625 0.09667968773584906 0.3544921875 0.09667968773584906 0.3388671875 0.11132812452830189 0.3291015625 0.12304687547169811 0.30859375 0.1538085933962264 0.306640625 0.15966796886792453 0.306640625 0.18310546886792453 0.310546875 0.2006835933962264 0.314453125 0.2124023433962264 0.3232421875 0.22558593773584906 0.3291015625 0.23144531226415094 0.3369140625 0.23730468773584906 0.3388671875 0.23730468773584906
9 0.494140625 0.10693359339622642 0.494140625 0.10107421886792453 0.4853515625 0.08789062452830189 0.4736328125 0.08789062452830189 0.4697265625 0.09082031226415094 0.458984375 0.10400390660377358 0.455078125 0.11279296886792453 0.455078125 0.12451171886792455 0.4599609375 0.13183593773584906 0.4638671875 0.13183593773584906 0.4794921875 0.12597656226415094 0.4873046875 0.12011718773584906 0.4921875 0.11279296886792453 0.494140625 0.10693359339622642
1 0.587890625 0.11572265660377358 0.58984375 0.10693359339622642 0.591796875 0.08935546886792453 0.58984375 0.08056640660377358 0.5849609375 0.07324218773584906 0.5732421875 0.0703125 0.5673828125 0.0703125 0.564453125 0.07470703113207547 0.533203125 0.1391601566037736 0.533203125 0.1420898433962264 0.5380859375 0.14941406226415094 0.5458984375 0.15527343773584906 0.5537109375 0.15527343773584906 0.5693359375 0.14648437547169813 0.58203125 0.1274414066037736 0.587890625 0.11572265660377358
1 0.662109375 0.1860351566037736 0.66796875 0.15673828113207547 0.66796875 0.1391601566037736 0.6650390625 0.13476562452830187 0.6591796875 0.12890625 0.6533203125 0.12597656226415094 0.6357421875 0.12597656226415094 0.6279296875 0.13183593773584906 0.62109375 0.1420898433962264 0.619140625 0.14794921886792453 0.619140625 0.1743164066037736 0.623046875 0.18310546886792453 0.6318359375 0.19628906226415094 0.6376953125 0.19921875 0.6513671875 0.19921875 0.6552734375 0.19628906226415094 0.662109375 0.1860351566037736
9 0.720703125 0.20361328113207547 0.7138671875 0.19335937547169813 0.7021484375 0.19335937547169813 0.6982421875 0.19628906226415094 0.6875 0.2124023433962264 0.68359375 0.22705078113207547 0.68359375 0.2358398433962264 0.6865234375 0.24023437452830187 0.6962890625 0.23730468773584906 0.7158203125 0.22265625 0.71875 0.21826171886792453 0.720703125 0.2124023433962264 0.720703125 0.20361328113207547
9 0.740234375 0.2885742188679245 0.740234375 0.2768554688679245 0.73828125 0.2709960933962264 0.7353515625 0.26660156226415094 0.7314453125 0.2636718754716981 0.7216796875 0.26074218773584906 0.7080078125 0.2636718754716981 0.705078125 0.2680664066037736 0.69921875 0.2797851566037736 0.69921875 0.2856445311320755 0.7021484375 0.29003906226415094 0.7080078125 0.29589843773584906 0.7216796875 0.30175781226415094 0.7294921875 0.30175781226415094 0.7373046875 0.29589843773584906 0.740234375 0.2885742188679245
9 0.67578125 0.3090820311320755 0.673828125 0.3002929688679245 0.6630859375 0.27832031226415094 0.6513671875 0.26660156226415094 0.6455078125 0.26660156226415094 0.642578125 0.2709960933962264 0.640625 0.2768554688679245 0.638671875 0.2856445311320755 0.638671875 0.2944335933962264 0.640625 0.3002929688679245 0.6474609375 0.3105468754716981 0.6630859375 0.31933593773584906 0.6708984375 0.31933593773584906 0.67578125 0.3149414066037736 0.67578125 0.3090820311320755
14 0.462890625 0.19482421886792453 0.4599609375 0.1875 0.4501953125 0.1875 0.4365234375 0.19042968773584906 0.431640625 0.1977539066037736 0.4296875 0.20361328113207547 0.4296875 0.2124023433962264 0.4326171875 0.21679687452830187 0.4365234375 0.21972656226415094 0.4560546875 0.2109375 0.4599609375 0.20800781226415094 0.462890625 0.20361328113207547 0.462890625 0.19482421886792453
14 0.4794921875 0.23144531226415094 0.4677734375 0.23144531226415094 0.462890625 0.23876953113207547 0.462890625 0.2504882811320755 0.4697265625 0.26074218773584906 0.4833984375 0.26074218773584906 0.486328125 0.2563476566037736 0.486328125 0.2446289066037736 0.48046875 0.2329101566037736 0.4794921875 0.23144531226415094
14 0.5439453125 0.26660156226415094 0.5361328125 0.26660156226415094 0.533203125 0.2709960933962264 0.521484375 0.3032226566037736 0.5263671875 0.3105468754716981 0.5322265625 0.3105468754716981 0.5361328125 0.30761718773584906 0.541015625 0.3002929688679245 0.544921875 0.2915039066037736 0.544921875 0.2680664066037736 0.5439453125 0.26660156226415094
9 0.4013671875 0.27246093773584906 0.3955078125 0.27246093773584906 0.39453125 0.2739257811320755 0.400390625 0.2915039066037736 0.4033203125 0.29589843773584906 0.4052734375 0.29589843773584906 0.408203125 0.2915039066037736 0.408203125 0.2827148433962264 0.40625 0.2768554688679245 0.4013671875 0.27246093773584906
9 0.287109375 0.3266601566037736 0.287109375 0.3120117188679245 0.2822265625 0.30761718773584906 0.2666015625 0.2988281245283019 0.2509765625 0.30175781226415094 0.244140625 0.3120117188679245 0.244140625 0.3208007811320755 0.248046875 0.3325195311320755 0.2529296875 0.33691406226415094 0.2587890625 0.33984375 0.2763671875 0.33691406226415094 0.2841796875 0.33105468773584906 0.287109375 0.3266601566037736
4 0.310546875 0.3588867188679245 0.310546875 0.3559570311320755 0.3095703125 0.35449218773584906 0.3056640625 0.3574218754716981 0.28125 0.3823242188679245 0.25390625 0.4321289066037736 0.25390625 0.4379882811320755 0.2568359375 0.44238281226415094 0.2646484375 0.44238281226415094 0.2763671875 0.43359375 0.279296875 0.4291992188679245 0.30859375 0.3647460933962264 0.310546875 0.3588867188679245
9 0.412109375 0.3911132811320755 0.412109375 0.3852539066037736 0.4033203125 0.37207031226415094 0.3837890625 0.36328125 0.3759765625 0.36621093773584906 0.369140625 0.3764648433962264 0.3671875 0.3852539066037736 0.369140625 0.3940429688679245 0.3740234375 0.40136718773584906 0.3857421875 0.40722656226415094 0.3935546875 0.40722656226415094 0.4013671875 0.4042968745283019 0.4091796875 0.3984375 0.412109375 0.3911132811320755
20 0.4765625 0.4379882811320755 0.4765625 0.4291992188679245 0.4658203125 0.39550781226415094 0.439453125 0.4291992188679245 0.43359375 0.4731445311320755 0.435546875 0.4790039066037736 0.4384765625 0.483398437735849 0.4482421875 0.489257812264151 0.4521484375 0.489257812264151 0.4619140625 0.48046875 0.46484375 0.4760742188679245 0.4765625 0.4379882811320755
14 0.5615234375 0.34277343773584906 0.5576171875 0.33984375 0.5517578125 0.33984375 0.5458984375 0.34277343773584906 0.5380859375 0.34863281226415094 0.53125 0.3618164066037736 0.529296875 0.3676757811320755 0.52734375 0.3793945311320755 0.52734375 0.3852539066037736 0.5283203125 0.38671875 0.5322265625 0.38671875 0.5615234375 0.36328125 0.564453125 0.3588867188679245 0.564453125 0.3500976566037736 0.5615234375 0.34277343773584906
9 0.560546875 0.4438476566037736 0.560546875 0.4350585933962264 0.5546875 0.4116210933962264 0.548828125 0.3999023433962264 0.5458984375 0.39550781226415094 0.5400390625 0.39550781226415094 0.537109375 0.3999023433962264 0.533203125 0.4204101566037736 0.533203125 0.4497070311320755 0.5380859375 0.45703125 0.5419921875 0.45996093773584906 0.5498046875 0.45996093773584906 0.5537109375 0.45703125 0.55859375 0.4497070311320755 0.560546875 0.4438476566037736
9 0.646484375 0.4526367188679245 0.6484375 0.4467773433962264 0.6484375 0.4350585933962264 0.646484375 0.4291992188679245 0.6435546875 0.42480468773584906 0.6396484375 0.421875 0.6318359375 0.421875 0.6279296875 0.42480468773584906 0.611328125 0.4467773433962264 0.609375 0.4526367188679245 0.609375 0.4584960933962264 0.6142578125 0.46582031226415094 0.6181640625 0.46875 0.6220703125 0.46875 0.6357421875 0.4628906245283019 0.6435546875 0.45703125 0.646484375 0.4526367188679245
9 0.7109375 0.4291992188679245 0.7021484375 0.4160156245283019 0.6982421875 0.41308593773584906 0.6884765625 0.40722656226415094 0.6787109375 0.40722656226415094 0.671875 0.4174804688679245 0.673828125 0.4321289066037736 0.6923828125 0.45410156226415094 0.6962890625 0.45703125 0.7041015625 0.45703125 0.708984375 0.4497070311320755 0.7109375 0.4438476566037736 0.7109375 0.4291992188679245
9 0.77734375 0.4438476566037736 0.7744140625 0.4394531245283019 0.7490234375 0.4394531245283019 0.7431640625 0.44238281226415094 0.73828125 0.4497070311320755 0.736328125 0.4584960933962264 0.73828125 0.4672851566037736 0.7421875 0.4760742188679245 0.7431640625 0.47753906226415094 0.7568359375 0.47753906226415094 0.7705078125 0.4628906245283019 0.77734375 0.4526367188679245 0.77734375 0.4438476566037736
20 0.7998046875 0.512695312264151 0.794921875 0.5200195311320754 0.791015625 0.5346679688679246 0.78515625 0.5844726566037736 0.7939453125 0.59765625 0.8134765625 0.600585937735849 0.81640625 0.5932617188679246 0.8203125 0.5346679688679246 0.8203125 0.5083007811320754 0.8193359375 0.506835937735849 0.7998046875 0.512695312264151
9 0.767578125 0.6723632811320754 0.76953125 0.6665039066037736 0.76953125 0.6518554688679246 0.76171875 0.6313476566037736 0.7568359375 0.62109375 0.7490234375 0.62109375 0.74609375 0.6254882811320754 0.7421875 0.6342773433962264 0.7421875 0.6665039066037736 0.744140625 0.6723632811320754 0.7490234375 0.6796875 0.7529296875 0.682617187735849 0.7587890625 0.682617187735849 0.7626953125 0.6796875 0.767578125 0.6723632811320754
9 0.748046875 0.5727539066037736 0.744140625 0.5463867188679246 0.7421875 0.5405273433962264 0.7353515625 0.530273437735849 0.7236328125 0.530273437735849 0.720703125 0.5346679688679246 0.716796875 0.5463867188679246 0.716796875 0.5522460933962264 0.71875 0.5581054688679246 0.728515625 0.5815429688679246 0.7353515625 0.588867187735849 0.7392578125 0.588867187735849 0.744140625 0.5815429688679246 0.748046875 0.5727539066037736
9 0.7265625 0.6313476566037736 0.7265625 0.6137695311320754 0.7216796875 0.606445312264151 0.7041015625 0.606445312264151 0.6923828125 0.612304687735849 0.685546875 0.6225585933962264 0.685546875 0.6313476566037736 0.6904296875 0.6386718754716981 0.6943359375 0.641601562264151 0.7080078125 0.64453125 0.7158203125 0.64453125 0.7197265625 0.641601562264151 0.7265625 0.6313476566037736
14 0.5859375 0.6899414066037736 0.5849609375 0.688476562264151 0.5537109375 0.688476562264151 0.552734375 0.6899414066037736 0.55078125 0.6958007811320754 0.55078125 0.6987304688679246 0.552734375 0.7045898433962264 0.5556640625 0.7089843754716981 0.5615234375 0.711914062264151 0.5771484375 0.711914062264151 0.5859375 0.6987304688679246 0.5859375 0.6899414066037736
9 0.607421875 0.6401367188679246 0.5986328125 0.6269531245283019 0.5751953125 0.6269531245283019 0.5712890625 0.629882812264151 0.568359375 0.6342773433962264 0.56640625 0.6401367188679246 0.56640625 0.6518554688679246 0.568359375 0.6577148433962264 0.5732421875 0.665039062264151 0.5849609375 0.665039062264151 0.6025390625 0.65625 0.607421875 0.6459960933962264 0.607421875 0.6401367188679246
9 0.5224609375 0.6152343754716981 0.5185546875 0.6152343754716981 0.517578125 0.6166992188679246 0.515625 0.6254882811320754 0.515625 0.6372070311320754 0.5166015625 0.6386718754716981 0.5224609375 0.6386718754716981 0.52734375 0.6313476566037736 0.52734375 0.6254882811320754 0.525390625 0.6196289066037736 0.5224609375 0.6152343754716981
9 0.5654296875 0.583007812264151 0.5595703125 0.583007812264151 0.5556640625 0.5859375 0.5546875 0.5874023433962264 0.5546875 0.5903320311320754 0.5595703125 0.59765625 0.5654296875 0.6035156245283019 0.5673828125 0.6035156245283019 0.5703125 0.5991210933962264 0.5703125 0.5903320311320754 0.5654296875 0.583007812264151
9 0.486328125 0.5581054688679246 0.482421875 0.5434570311320754 0.4775390625 0.5390625 0.4736328125 0.5390625 0.4658203125 0.5449218754716981 0.45703125 0.5610351566037736 0.451171875 0.5727539066037736 0.451171875 0.5815429688679246 0.455078125 0.5932617188679246 0.4638671875 0.600585937735849 0.4716796875 0.600585937735849 0.478515625 0.5903320311320754 0.48046875 0.5844726566037736 0.486328125 0.5581054688679246
9 0.47265625 0.7163085933962264 0.47265625 0.7104492188679246 0.470703125 0.7045898433962264 0.4677734375 0.700195312264151 0.4501953125 0.694335937735849 0.4423828125 0.694335937735849 0.4365234375 0.6972656245283019 0.431640625 0.7045898433962264 0.4296875 0.7104492188679246 0.4296875 0.7221679688679246 0.4365234375 0.7324218754716981 0.4423828125 0.735351562264151 0.4482421875 0.735351562264151 0.4658203125 0.729492187735849 0.470703125 0.7221679688679246 0.47265625 0.7163085933962264
14 0.4326171875 0.7675781245283019 0.4228515625 0.7675781245283019 0.421875 0.7690429688679246 0.416015625 0.8071289066037736 0.4189453125 0.8144531245283019 0.4267578125 0.8144531245283019 0.431640625 0.8071289066037736 0.4375 0.7895507811320754 0.4375 0.7778320311320754 0.435546875 0.7719726566037736 0.4326171875 0.7675781245283019
9 0.4052734375 0.665039062264151 0.400390625 0.6723632811320754 0.400390625 0.6840820311320754 0.4033203125 0.688476562264151 0.4072265625 0.69140625 0.41015625 0.6840820311320754 0.412109375 0.6665039066037736 0.4111328125 0.665039062264151 0.4052734375 0.665039062264151
9 0.4248046875 0.5683593754716981 0.4150390625 0.5625 0.4052734375 0.559570312264151 0.3974609375 0.559570312264151 0.3896484375 0.565429687735849 0.38671875 0.5698242188679246 0.38671875 0.5874023433962264 0.3935546875 0.59765625 0.4072265625 0.59765625 0.4189453125 0.5917968754716981 0.427734375 0.5786132811320754 0.427734375 0.5756835933962264 0.4248046875 0.5683593754716981
20 0.3623046875 0.44824218773584906 0.3310546875 0.4453125 0.3193359375 0.4453125 0.3154296875 0.44824218773584906 0.310546875 0.4555664066037736 0.310546875 0.4672851566037736 0.314453125 0.48779296886792456 0.3154296875 0.489257812264151 0.3173828125 0.489257812264151 0.3603515625 0.45410156226415094 0.36328125 0.4497070311320755 0.3623046875 0.44824218773584906
11 0.2802734375 0.4746093745283019 0.2744140625 0.47753906226415094 0.267578125 0.48779296886792456 0.267578125 0.4907226566037736 0.2685546875 0.4921875 0.2880859375 0.489257812264151 0.2890625 0.48779296886792456 0.2890625 0.4819335933962264 0.2861328125 0.4746093745283019 0.2802734375 0.4746093745283019
20 0.2724609375 0.59765625 0.26953125 0.6020507811320754 0.26953125 0.6108398433962264 0.2744140625 0.618164062264151 0.2880859375 0.618164062264151 0.291015625 0.6137695311320754 0.291015625 0.5991210933962264 0.2900390625 0.59765625 0.2724609375 0.59765625
7 0.3349609375 0.7675781245283019 0.3359375 0.7661132811320754 0.3359375 0.7631835933962264 0.3291015625 0.752929687735849 0.2998046875 0.735351562264151 0.298828125 0.7368164066037736 0.298828125 0.7397460933962264 0.30078125 0.7485351566037736 0.3095703125 0.76171875 0.3173828125 0.7675781245283019 0.3232421875 0.770507812264151 0.3291015625 0.770507812264151 0.3349609375 0.7675781245283019