3 0.390625 0.1655273433962264 0.3896484375 0.1640625 0.3603515625 0.17871093773584906 0.34375 0.20361328113207547 0.3359375 0.2211914066037736 0.3359375 0.2416992188679245 0.3427734375 0.2519531245283019 0.3759765625 0.26074218773584906 0.3818359375 0.26074218773584906 0.38671875 0.2534179688679245 0.390625 0.2446289066037736 0.390625 0.1655273433962264
12 0.494140625 0.20654296886792453 0.4921875 0.19189453113207547 0.486328125 0.1772460933962264 0.474609375 0.1538085933962264 0.4716796875 0.14941406226415094 0.4560546875 0.13183593773584906 0.4521484375 0.12890625 0.4365234375 0.12890625 0.4326171875 0.13183593773584906 0.42578125 0.1420898433962264 0.423828125 0.14794921886792453 0.423828125 0.1655273433962264 0.4287109375 0.17285156226415094 0.4853515625 0.23144531226415094 0.4892578125 0.23144531226415094 0.4921875 0.22705078113207547 0.494140625 0.2124023433962264 0.494140625 0.20654296886792453
12 0.34375 0.5961914066037736 0.34375 0.5874023433962264 0.341796875 0.5756835933962264 0.3330078125 0.5625 0.3271484375 0.5566406245283019 0.3193359375 0.553710937735849 0.3095703125 0.559570312264151 0.3046875 0.5668945311320754 0.30078125 0.5756835933962264 0.30078125 0.5815429688679246 0.30859375 0.6313476566037736 0.3251953125 0.64453125 0.3271484375 0.64453125 0.333984375 0.6342773433962264 0.341796875 0.6108398433962264 0.34375 0.5961914066037736
21 0.525390625 0.2944335933962264 0.5244140625 0.29296875 0.4775390625 0.28125 0.4736328125 0.28125 0.47265625 0.2827148433962264 0.455078125 0.3588867188679245 0.455078125 0.3647460933962264 0.4560546875 0.36621093773584906 0.4833984375 0.3808593754716981 0.5283203125 0.38378906226415094 0.529296875 0.3823242188679245 0.53125 0.3090820311320755 0.525390625 0.2944335933962264
21 0.595703125 0.3383789066037736 0.580078125 0.3764648433962264 0.59765625 0.4233398433962264 0.6025390625 0.43066406226415094 0.634765625 0.3852539066037736 0.6279296875 0.375 0.5986328125 0.33691406226415094 0.5966796875 0.33691406226415094 0.595703125 0.3383789066037736
21 0.484375 0.6459960933962264 0.48046875 0.6342773433962264 0.4775390625 0.629882812264151 0.4716796875 0.6269531245283019 0.4619140625 0.6269531245283019 0.4462890625 0.647460937735849 0.443359375 0.6518554688679246 0.443359375 0.6547851566037736 0.4638671875 0.688476562264151 0.4833984375 0.7089843754716981 0.4853515625 0.7089843754716981 0.48828125 0.7045898433962264 0.486328125 0.6547851566037736 0.484375 0.6459960933962264
14 0.6044921875 0.23144531226415094 0.5810546875 0.23144531226415094 0.5693359375 0.234375 0.568359375 0.2358398433962264 0.568359375 0.2416992188679245 0.5732421875 0.2490234377358491 0.5791015625 0.2519531245283019 0.5869140625 0.2519531245283019 0.5966796875 0.2490234377358491 0.60546875 0.2329101566037736 0.6044921875 0.23144531226415094
14 0.357421875 0.3500976566037736 0.3525390625 0.34277343773584906 0.3486328125 0.34277343773584906 0.34765625 0.3442382811320755 0.33203125 0.3823242188679245 0.3349609375 0.38671875 0.3447265625 0.38671875 0.3486328125 0.38378906226415094 0.353515625 0.3764648433962264 0.35546875 0.3706054688679245 0.357421875 0.3618164066037736 0.357421875 0.3500976566037736
14 0.421875 0.5756835933962264 0.4189453125 0.571289062264151 0.4150390625 0.57421875 0.412109375 0.5786132811320754 0.408203125 0.5874023433962264 0.408203125 0.5932617188679246 0.416015625 0.6196289066037736 0.4169921875 0.62109375 0.4208984375 0.62109375 0.4267578125 0.618164062264151 0.431640625 0.6108398433962264 0.421875 0.5756835933962264
14 0.4873046875 0.59765625 0.486328125 0.5991210933962264 0.48046875 0.6137695311320754 0.4912109375 0.629882812264151 0.4931640625 0.629882812264151 0.5009765625 0.624023437735849 0.50390625 0.6196289066037736 0.4931640625 0.600585937735849 0.4892578125 0.59765625 0.4873046875 0.59765625
14 0.5791015625 0.500976562264151 0.57421875 0.5083007811320754 0.57421875 0.5170898433962264 0.5771484375 0.5214843754716981 0.5986328125 0.5390625 0.603515625 0.5258789066037736 0.603515625 0.5200195311320754 0.5927734375 0.500976562264151 0.5791015625 0.500976562264151
14 0.6259765625 0.5800781245283019 0.6181640625 0.5800781245283019 0.611328125 0.5903320311320754 0.607421875 0.6020507811320754 0.607421875 0.6137695311320754 0.6103515625 0.618164062264151 0.6220703125 0.618164062264151 0.623046875 0.6166992188679246 0.626953125 0.5874023433962264 0.626953125 0.5815429688679246 0.6259765625 0.5800781245283019
14 0.6767578125 0.57421875 0.6728515625 0.57421875 0.671875 0.5756835933962264 0.669921875 0.6196289066037736 0.6708984375 0.62109375 0.6748046875 0.62109375 0.681640625 0.6108398433962264 0.68359375 0.6049804688679246 0.68359375 0.5991210933962264 0.681640625 0.5815429688679246 0.6767578125 0.57421875
20 0.708984375 0.4086914066037736 0.708984375 0.3999023433962264 0.7080078125 0.3984375 0.6865234375 0.40136718773584906 0.6826171875 0.4042968745283019 0.6796875 0.4086914066037736 0.673828125 0.4262695311320755 0.673828125 0.4291992188679245 0.6796875 0.4526367188679245 0.6865234375 0.4628906245283019 0.6943359375 0.45996093773584906 0.69921875 0.4526367188679245 0.705078125 0.4350585933962264 0.708984375 0.4086914066037736
20 0.388671875 0.4321289066037736 0.3876953125 0.43066406226415094 0.3583984375 0.40136718773584906 0.3544921875 0.40136718773584906 0.3505859375 0.4042968745283019 0.345703125 0.4116210933962264 0.345703125 0.4233398433962264 0.3486328125 0.43066406226415094 0.3623046875 0.44238281226415094 0.3759765625 0.44824218773584906 0.3779296875 0.44824218773584906 0.38671875 0.4409179688679245 0.388671875 0.4321289066037736
20 0.4541015625 0.530273437735849 0.453125 0.5317382811320754 0.4775390625 0.57421875 0.478515625 0.5727539066037736 0.482421875 0.5258789066037736 0.4736328125 0.518554687735849 0.4697265625 0.518554687735849 0.4638671875 0.5214843754716981 0.4541015625 0.530273437735849
18 0.3642578125 0.71484375 0.3779296875 0.6972656245283019 0.384765625 0.6870117188679246 0.38671875 0.6811523433962264 0.38671875 0.6635742188679246 0.3779296875 0.6503906245283019 0.3681640625 0.6503906245283019 0.3603515625 0.65625 0.3466796875 0.670898437735849 0.337890625 0.6870117188679246 0.3359375 0.6958007811320754 0.3359375 0.7045898433962264 0.33984375 0.7133789066037736 0.3427734375 0.717773437735849 0.3486328125 0.7207031245283019 0.3525390625 0.7207031245283019 0.3603515625 0.717773437735849 0.3642578125 0.71484375
18 0.439453125 0.5083007811320754 0.4365234375 0.50390625 0.4326171875 0.500976562264151 0.4287109375 0.500976562264151 0.4111328125 0.5097656245283019 0.3994140625 0.518554687735849 0.396484375 0.5229492188679246 0.396484375 0.5375976566037736 0.4013671875 0.5449218754716981 0.4169921875 0.5449218754716981 0.4365234375 0.536132812264151 0.44140625 0.5288085933962264 0.44140625 0.5170898433962264 0.439453125 0.5083007811320754
18 0.521484375 0.5053710933962264 0.521484375 0.4936523433962264 0.51953125 0.48486328113207544 0.513671875 0.4731445311320755 0.5009765625 0.45410156226415094 0.4931640625 0.44824218773584906 0.4873046875 0.4511718745283019 0.482421875 0.4584960933962264 0.48046875 0.4643554688679245 0.48046875 0.4672851566037736 0.494140625 0.49951171886792456 0.5009765625 0.5097656245283019 0.5068359375 0.515625 0.5107421875 0.518554687735849 0.5126953125 0.518554687735849 0.521484375 0.5053710933962264
18 0.55859375 0.7045898433962264 0.55078125 0.6870117188679246 0.5458984375 0.6796875 0.5400390625 0.6738281245283019 0.5341796875 0.670898437735849 0.5302734375 0.670898437735849 0.525390625 0.6752929688679246 0.5234375 0.6811523433962264 0.5234375 0.6928710933962264 0.525390625 0.6987304688679246 0.5419921875 0.723632812264151 0.5458984375 0.7265625 0.5517578125 0.7265625 0.55859375 0.7163085933962264 0.55859375 0.7045898433962264
18 0.60546875 0.7163085933962264 0.603515625 0.7075195311320754 0.59375 0.6752929688679246 0.5869140625 0.665039062264151 0.5810546875 0.665039062264151 0.576171875 0.6723632811320754 0.57421875 0.6782226566037736 0.57421875 0.6958007811320754 0.580078125 0.7133789066037736 0.5908203125 0.729492187735849 0.5986328125 0.735351562264151 0.6005859375 0.735351562264151 0.60546875 0.7280273433962264 0.60546875 0.7163085933962264
18 0.650390625 0.6958007811320754 0.6474609375 0.69140625 0.6435546875 0.688476562264151 0.6376953125 0.6855468754716981 0.6259765625 0.682617187735849 0.6240234375 0.682617187735849 0.6201171875 0.6855468754716981 0.6171875 0.6899414066037736 0.6171875 0.7075195311320754 0.6220703125 0.71484375 0.6298828125 0.717773437735849 0.6435546875 0.717773437735849 0.650390625 0.7075195311320754 0.65234375 0.7016601566037736 0.650390625 0.6958007811320754
18 0.72265625 0.6372070311320754 0.724609375 0.6313476566037736 0.7265625 0.6196289066037736 0.724609375 0.6108398433962264 0.7197265625 0.6035156245283019 0.7158203125 0.600585937735849 0.7080078125 0.600585937735849 0.7041015625 0.6035156245283019 0.6875 0.6284179688679246 0.681640625 0.6401367188679246 0.6796875 0.6489257811320754 0.6796875 0.6665039066037736 0.68359375 0.6752929688679246 0.6865234375 0.6796875 0.6982421875 0.6796875 0.7041015625 0.6738281245283019 0.70703125 0.6694335933962264 0.72265625 0.6372070311320754
1 0.69921875 0.2739257811320755 0.6943359375 0.26660156226415094 0.6806640625 0.2636718754716981 0.6767578125 0.2636718754716981 0.67578125 0.2651367188679245 0.66796875 0.2827148433962264 0.66796875 0.2944335933962264 0.6708984375 0.2988281245283019 0.6748046875 0.30175781226415094 0.6826171875 0.30175781226415094 0.6904296875 0.29589843773584906 0.69921875 0.2827148433962264 0.69921875 0.2739257811320755
9 0.677734375 0.7514648433962264 0.6728515625 0.7441406245283019 0.6689453125 0.741210937735849 0.6611328125 0.741210937735849 0.65234375 0.7543945311320754 0.650390625 0.7602539066037736 0.646484375 0.7778320311320754 0.646484375 0.7866210933962264 0.6513671875 0.793945312264151 0.6533203125 0.793945312264151 0.6572265625 0.7910156245283019 0.67578125 0.7661132811320754 0.677734375 0.7602539066037736 0.677734375 0.7514648433962264
9 0.4208984375 0.3984375 0.4169921875 0.3984375 0.416015625 0.3999023433962264 0.4267578125 0.41894531226415094 0.4326171875 0.421875 0.435546875 0.4174804688679245 0.435546875 0.4116210933962264 0.4326171875 0.4042968745283019 0.4287109375 0.40136718773584906 0.4208984375 0.3984375
9 0.47265625 0.4057617188679245 0.4853515625 0.42480468773584906 0.486328125 0.4233398433962264 0.486328125 0.4174804688679245 0.484375 0.4086914066037736 0.4794921875 0.40136718773584906 0.4755859375 0.40136718773584906 0.47265625 0.4057617188679245
9 0.5693359375 0.4042968745283019 0.568359375 0.4057617188679245 0.568359375 0.4145507811320755 0.5712890625 0.41894531226415094 0.5830078125 0.41894531226415094 0.5859375 0.4145507811320755 0.5859375 0.4057617188679245 0.5849609375 0.4042968745283019 0.5693359375 0.4042968745283019
9 0.5703125 0.3090820311320755 0.5732421875 0.31347656226415094 0.5771484375 0.31347656226415094 0.587890625 0.2973632811320755 0.5849609375 0.29296875 0.5771484375 0.29296875 0.57421875 0.2973632811320755 0.5703125 0.3090820311320755
9 0.7314453125 0.37792968773584906 0.7275390625 0.37792968773584906 0.7197265625 0.3808593754716981 0.7158203125 0.38378906226415094 0.712890625 0.3881835933962264 0.712890625 0.3911132811320755 0.7158203125 0.39550781226415094 0.7255859375 0.39550781226415094 0.7294921875 0.3925781245283019 0.732421875 0.3881835933962264 0.734375 0.3823242188679245 0.7314453125 0.37792968773584906
18 0.708984375 0.48486328113207544 0.70703125 0.4731445311320755 0.7041015625 0.46875 0.6884765625 0.46875 0.6796875 0.4819335933962264 0.677734375 0.48779296886792456 0.677734375 0.5112304688679246 0.6796875 0.5170898433962264 0.6845703125 0.524414062264151 0.6962890625 0.524414062264151 0.7001953125 0.5214843754716981 0.703125 0.5141601566037736 0.708984375 0.48486328113207544
14 0.65234375 0.6811523433962264 0.65234375 0.6928710933962264 0.6552734375 0.6972656245283019 0.66015625 0.6899414066037736 0.66015625 0.6811523433962264 0.6572265625 0.676757812264151 0.6552734375 0.676757812264151 0.65234375 0.6811523433962264
11 0.6005859375 0.583007812264151 0.599609375 0.5844726566037736 0.599609375 0.5961914066037736 0.6025390625 0.600585937735849 0.60546875 0.5932617188679246 0.60546875 0.5903320311320754 0.603515625 0.5844726566037736 0.6025390625 0.583007812264151 0.6005859375 0.583007812264151