15 0.4638671875 0.26953125 0.4775390625 0.26074218773584906 0.4853515625 0.2519531245283019 0.490234375 0.2446289066037736 0.494140625 0.2358398433962264 0.498046875 0.2211914066037736 0.5 0.2094726566037736 0.5 0.2006835933962264 0.48828125 0.13330078113207547 0.486328125 0.12451171886792455 0.48046875 0.11279296886792453 0.4755859375 0.10546875 0.4697265625 0.09960937547169811 0.4658203125 0.09667968773584906 0.4482421875 0.09667968773584906 0.4423828125 0.09960937547169811 0.4306640625 0.11132812452830189 0.4140625 0.13623046886792453 0.41015625 0.14501953113207547 0.40625 0.15966796886792453 0.404296875 0.1772460933962264 0.404296875 0.19482421886792453 0.408203125 0.2211914066037736 0.4140625 0.2358398433962264 0.4306640625 0.26074218773584906 0.4384765625 0.26660156226415094 0.4443359375 0.26953125 0.4638671875 0.26953125
21 0.2373046875 0.2519531245283019 0.2314453125 0.25488281226415094 0.22265625 0.2680664066037736 0.216796875 0.2856445311320755 0.205078125 0.3618164066037736 0.205078125 0.3676757811320755 0.2060546875 0.3691406245283019 0.2607421875 0.3691406245283019 0.29296875 0.3061523433962264 0.29296875 0.3002929688679245 0.2744140625 0.24609375 0.2373046875 0.2519531245283019
18 0.30078125 0.7104492188679246 0.30078125 0.6987304688679246 0.296875 0.6752929688679246 0.29296875 0.6606445311320754 0.2861328125 0.6503906245283019 0.2783203125 0.6503906245283019 0.27734375 0.6518554688679246 0.2734375 0.6606445311320754 0.2734375 0.6840820311320754 0.27734375 0.7133789066037736 0.279296875 0.7192382811320754 0.2861328125 0.729492187735849 0.2919921875 0.7324218754716981 0.296875 0.7250976566037736 0.30078125 0.7104492188679246
20 0.353515625 0.6870117188679246 0.3525390625 0.6855468754716981 0.3369140625 0.6855468754716981 0.3330078125 0.688476562264151 0.330078125 0.6928710933962264 0.328125 0.6987304688679246 0.328125 0.7045898433962264 0.3359375 0.7221679688679246 0.3427734375 0.7324218754716981 0.3662109375 0.75 0.369140625 0.7456054688679246 0.369140625 0.7426757811320754 0.353515625 0.6870117188679246
20 0.4658203125 0.3984375 0.46484375 0.3999023433962264 0.455078125 0.4379882811320755 0.453125 0.4526367188679245 0.453125 0.4643554688679245 0.455078125 0.4702148433962264 0.4599609375 0.47753906226415094 0.4677734375 0.47753906226415094 0.474609375 0.4672851566037736 0.474609375 0.4233398433962264 0.4658203125 0.3984375
3 0.326171875 0.7133789066037736 0.3232421875 0.7089843754716981 0.3203125 0.7133789066037736 0.3203125 0.7250976566037736 0.322265625 0.7309570311320754 0.3232421875 0.7324218754716981 0.3251953125 0.7324218754716981 0.328125 0.7280273433962264 0.328125 0.7221679688679246 0.326171875 0.7133789066037736
27 0.37109375 0.2211914066037736 0.37109375 0.20654296886792453 0.3291015625 0.14355468773584906 0.3251953125 0.14355468773584906 0.3115234375 0.15527343773584906 0.306640625 0.1625976566037736 0.306640625 0.1743164066037736 0.328125 0.2768554688679245 0.330078125 0.2827148433962264 0.3310546875 0.28417968773584906 0.3330078125 0.28417968773584906 0.359375 0.2592773433962264 0.37109375 0.2211914066037736
27 0.412109375 0.3442382811320755 0.412109375 0.3325195311320755 0.39453125 0.22998046886792453 0.3935546875 0.22851562452830187 0.3720703125 0.25488281226415094 0.3671875 0.2651367188679245 0.365234375 0.2709960933962264 0.365234375 0.2797851566037736 0.380859375 0.3471679688679245 0.3837890625 0.3515625 0.3916015625 0.35449218773584906 0.4013671875 0.35449218773584906 0.4072265625 0.3515625 0.412109375 0.3442382811320755
27 0.587890625 0.2446289066037736 0.587890625 0.2358398433962264 0.5625 0.1625976566037736 0.5537109375 0.15527343773584906 0.5517578125 0.15527343773584906 0.544921875 0.1655273433962264 0.505859375 0.2534179688679245 0.505859375 0.2563476566037736 0.5068359375 0.2578125 0.5595703125 0.2753906245283019 0.5654296875 0.2753906245283019 0.5751953125 0.26660156226415094 0.580078125 0.2592773433962264 0.587890625 0.2446289066037736
27 0.529296875 0.3178710933962264 0.529296875 0.3149414066037736 0.5244140625 0.3105468754716981 0.4814453125 0.28417968773584906 0.4755859375 0.28417968773584906 0.46875 0.2944335933962264 0.447265625 0.3500976566037736 0.4453125 0.3559570311320755 0.4453125 0.3764648433962264 0.447265625 0.3823242188679245 0.4501953125 0.38671875 0.4580078125 0.3925781245283019 0.4658203125 0.38671875 0.5224609375 0.328125 0.529296875 0.3178710933962264
27 0.65234375 0.3764648433962264 0.65234375 0.3706054688679245 0.642578125 0.3032226566037736 0.63671875 0.2739257811320755 0.6337890625 0.26953125 0.6298828125 0.26660156226415094 0.6220703125 0.27246093773584906 0.6123046875 0.28417968773584906 0.607421875 0.2915039066037736 0.607421875 0.3237304688679245 0.609375 0.4204101566037736 0.6123046875 0.42480468773584906 0.6181640625 0.42480468773584906 0.6416015625 0.3984375 0.650390625 0.3852539066037736 0.65234375 0.3764648433962264
27 0.60546875 0.4643554688679245 0.60546875 0.4614257811320755 0.5703125 0.3706054688679245 0.56640625 0.3618164066037736 0.5634765625 0.3574218754716981 0.5595703125 0.35449218773584906 0.5361328125 0.34277343773584906 0.5322265625 0.34277343773584906 0.529296875 0.3471679688679245 0.52734375 0.3530273433962264 0.505859375 0.4409179688679245 0.5078125 0.4467773433962264 0.5126953125 0.45410156226415094 0.5244140625 0.46875 0.5341796875 0.4746093745283019 0.5986328125 0.47167968773584906 0.6025390625 0.46875 0.60546875 0.4643554688679245
27 0.6875 0.5317382811320754 0.6875 0.5200195311320754 0.685546875 0.4907226566037736 0.68359375 0.4760742188679245 0.6796875 0.4584960933962264 0.6630859375 0.43359375 0.6591796875 0.43066406226415094 0.6533203125 0.4277343745283019 0.6455078125 0.43066406226415094 0.642578125 0.4350585933962264 0.609375 0.4907226566037736 0.6142578125 0.500976562264151 0.6552734375 0.553710937735849 0.6611328125 0.559570312264151 0.6689453125 0.5625 0.6728515625 0.5625 0.677734375 0.5581054688679246 0.6875 0.5317382811320754
27 0.658203125 0.5668945311320754 0.658203125 0.5610351566037736 0.6572265625 0.559570312264151 0.5849609375 0.524414062264151 0.5732421875 0.524414062264151 0.5478515625 0.530273437735849 0.546875 0.5317382811320754 0.546875 0.5405273433962264 0.55078125 0.5522460933962264 0.583984375 0.6372070311320754 0.5908203125 0.647460937735849 0.6005859375 0.647460937735849 0.6103515625 0.641601562264151 0.658203125 0.5668945311320754
27 0.51953125 0.4907226566037736 0.5166015625 0.483398437735849 0.5068359375 0.483398437735849 0.4501953125 0.515625 0.44921875 0.5170898433962264 0.447265625 0.5258789066037736 0.447265625 0.5317382811320754 0.5087890625 0.612304687735849 0.5224609375 0.612304687735849 0.5361328125 0.59765625 0.5390625 0.5932617188679246 0.5390625 0.5874023433962264 0.51953125 0.4907226566037736
27 0.5078125 0.6284179688679246 0.5078125 0.6225585933962264 0.4697265625 0.5214843754716981 0.4677734375 0.5214843754716981 0.4423828125 0.5449218754716981 0.4033203125 0.588867187735849 0.40234375 0.5903320311320754 0.40234375 0.5961914066037736 0.4072265625 0.6035156245283019 0.4775390625 0.647460937735849 0.4833984375 0.647460937735849 0.4912109375 0.64453125 0.5029296875 0.635742187735849 0.5078125 0.6284179688679246
27 0.611328125 0.7163085933962264 0.6083984375 0.7089843754716981 0.5458984375 0.6503906245283019 0.5439453125 0.6503906245283019 0.53515625 0.6606445311320754 0.51953125 0.7426757811320754 0.51953125 0.7631835933962264 0.5205078125 0.764648437735849 0.5908203125 0.7558593754716981 0.6025390625 0.747070312264151 0.609375 0.7368164066037736 0.611328125 0.7221679688679246 0.611328125 0.7163085933962264
27 0.48828125 0.7426757811320754 0.490234375 0.7368164066037736 0.494140625 0.7192382811320754 0.494140625 0.7163085933962264 0.4658203125 0.676757812264151 0.4365234375 0.6386718754716981 0.4326171875 0.635742187735849 0.4306640625 0.635742187735849 0.4189453125 0.6503906245283019 0.416015625 0.6577148433962264 0.4140625 0.6665039066037736 0.4140625 0.6752929688679246 0.419921875 0.7045898433962264 0.4345703125 0.723632812264151 0.4619140625 0.7441406245283019 0.4716796875 0.747070312264151 0.4833984375 0.747070312264151 0.48828125 0.7426757811320754
27 0.4296875 0.4350585933962264 0.4248046875 0.43066406226415094 0.4072265625 0.43066406226415094 0.3974609375 0.43652343773584906 0.390625 0.4526367188679245 0.375 0.5317382811320754 0.375 0.5551757811320754 0.3759765625 0.5566406245283019 0.3994140625 0.5683593754716981 0.4033203125 0.5683593754716981 0.408203125 0.5610351566037736 0.416015625 0.5434570311320754 0.4296875 0.4350585933962264
27 0.35546875 0.5083007811320754 0.35546875 0.4790039066037736 0.322265625 0.4057617188679245 0.3193359375 0.40136718773584906 0.3173828125 0.40136718773584906 0.3115234375 0.40722656226415094 0.2734375 0.4643554688679245 0.2734375 0.4731445311320755 0.2783203125 0.48046875 0.3369140625 0.52734375 0.3408203125 0.530273437735849 0.3447265625 0.530273437735849 0.3515625 0.5200195311320754 0.35546875 0.5083007811320754
27 0.24609375 0.4086914066037736 0.2431640625 0.4042968745283019 0.2392578125 0.40136718773584906 0.2236328125 0.40136718773584906 0.21875 0.4057617188679245 0.216796875 0.5141601566037736 0.2236328125 0.5214843754716981 0.2490234375 0.5332031245283019 0.2548828125 0.52734375 0.259765625 0.5200195311320754 0.259765625 0.5024414066037736 0.248046875 0.4145507811320755 0.24609375 0.4086914066037736
27 0.2177734375 0.515625 0.2119140625 0.515625 0.1923828125 0.530273437735849 0.189453125 0.5346679688679246 0.216796875 0.6459960933962264 0.2177734375 0.647460937735849 0.2255859375 0.6503906245283019 0.26343808625000004 0.6338784405660378 0.27319347437499997 0.6250996537735849 0.27007173 0.6081273509433962 0.2177734375 0.515625
27 0.375 0.6430664066037736 0.375 0.6372070311320754 0.357421875 0.5258789066037736 0.3564453125 0.524414062264151 0.3017578125 0.594726562264151 0.296875 0.6020507811320754 0.296875 0.6079101566037736 0.3427734375 0.66796875 0.3544921875 0.6738281245283019 0.3583984375 0.6738281245283019 0.3623046875 0.670898437735849 0.37109375 0.6577148433962264 0.375 0.6430664066037736