11 0.6865234375 0.5566406245283019 0.6845703125 0.5566406245283019 0.6689453125 0.5683593754716981 0.666015625 0.5727539066037736 0.6689453125 0.577148437735849 0.6748046875 0.577148437735849 0.6806640625 0.57421875 0.6845703125 0.571289062264151 0.6875 0.5668945311320754 0.6875 0.5581054688679246 0.6865234375 0.5566406245283019
11 0.6318359375 0.5800781245283019 0.6279296875 0.5800781245283019 0.626953125 0.5815429688679246 0.62109375 0.6049804688679246 0.62109375 0.6079101566037736 0.6240234375 0.612304687735849 0.6279296875 0.612304687735849 0.630859375 0.6079101566037736 0.634765625 0.5991210933962264 0.634765625 0.5844726566037736 0.6318359375 0.5800781245283019
11 0.5556640625 0.6796875 0.5517578125 0.676757812264151 0.5419921875 0.676757812264151 0.541015625 0.6782226566037736 0.541015625 0.6811523433962264 0.5439453125 0.6855468754716981 0.5576171875 0.694335937735849 0.5615234375 0.694335937735849 0.5625 0.6928710933962264 0.5625 0.6899414066037736 0.5556640625 0.6796875
11 0.4150390625 0.530273437735849 0.4130859375 0.530273437735849 0.3916015625 0.536132812264151 0.390625 0.5375976566037736 0.390625 0.5405273433962264 0.3955078125 0.5449218754716981 0.4091796875 0.5449218754716981 0.4130859375 0.541992187735849 0.416015625 0.5375976566037736 0.416015625 0.5317382811320754 0.4150390625 0.530273437735849
9 0.55078125 0.2358398433962264 0.55078125 0.2241210933962264 0.548828125 0.20654296886792453 0.546875 0.1977539066037736 0.5458984375 0.19628906226415094 0.5244140625 0.22265625 0.515625 0.2358398433962264 0.515625 0.2416992188679245 0.5224609375 0.2519531245283019 0.5263671875 0.25488281226415094 0.5361328125 0.25488281226415094 0.5439453125 0.2490234377358491 0.548828125 0.2416992188679245 0.55078125 0.2358398433962264
9 0.37109375 0.3618164066037736 0.37109375 0.3559570311320755 0.3681640625 0.3515625 0.3623046875 0.3515625 0.3349609375 0.3574218754716981 0.333984375 0.3588867188679245 0.333984375 0.3676757811320755 0.3359375 0.3735351566037736 0.3408203125 0.3808593754716981 0.3486328125 0.38671875 0.3603515625 0.38671875 0.3671875 0.3764648433962264 0.37109375 0.3618164066037736
9 0.478515625 0.6430664066037736 0.48828125 0.6225585933962264 0.490234375 0.6137695311320754 0.48828125 0.6079101566037736 0.4853515625 0.6035156245283019 0.4794921875 0.59765625 0.4775390625 0.59765625 0.4599609375 0.612304687735849 0.455078125 0.6196289066037736 0.453125 0.6254882811320754 0.453125 0.6313476566037736 0.455078125 0.6401367188679246 0.4599609375 0.647460937735849 0.4638671875 0.6503906245283019 0.4697265625 0.6503906245283019 0.4755859375 0.647460937735849 0.478515625 0.6430664066037736
20 0.376953125 0.6284179688679246 0.349609375 0.5551757811320754 0.3466796875 0.55078125 0.3388671875 0.547851562264151 0.3310546875 0.547851562264151 0.32421875 0.5581054688679246 0.32421875 0.5727539066037736 0.333984375 0.5991210933962264 0.3603515625 0.647460937735849 0.3720703125 0.6503906245283019 0.3818359375 0.647460937735849 0.3828125 0.6459960933962264 0.376953125 0.6284179688679246
18 0.765625 0.3500976566037736 0.765625 0.3442382811320755 0.763671875 0.3383789066037736 0.7529296875 0.3222656245283019 0.7333984375 0.30761718773584906 0.7158203125 0.2988281245283019 0.7060546875 0.29589843773584906 0.7021484375 0.29589843773584906 0.6962890625 0.2988281245283019 0.6923828125 0.30175781226415094 0.6875 0.3090820311320755 0.685546875 0.3149414066037736 0.68359375 0.3266601566037736 0.6875 0.3383789066037736 0.6982421875 0.35449218773584906 0.7060546875 0.36035156226415094 0.7353515625 0.37792968773584906 0.7509765625 0.37792968773584906 0.759765625 0.3647460933962264 0.765625 0.3500976566037736
1 0.591796875 0.3413085933962264 0.591796875 0.3178710933962264 0.587890625 0.3032226566037736 0.5849609375 0.2988281245283019 0.5810546875 0.29589843773584906 0.5791015625 0.29589843773584906 0.5751953125 0.2988281245283019 0.5625 0.3178710933962264 0.55078125 0.3413085933962264 0.552734375 0.3471679688679245 0.5556640625 0.3515625 0.5615234375 0.3574218754716981 0.5673828125 0.36035156226415094 0.5771484375 0.36035156226415094 0.587890625 0.3500976566037736 0.591796875 0.3413085933962264
1 0.5615234375 0.59765625 0.5703125 0.5815429688679246 0.5703125 0.5698242188679246 0.55859375 0.5493164066037736 0.5478515625 0.5332031245283019 0.5439453125 0.530273437735849 0.5400390625 0.530273437735849 0.5361328125 0.5332031245283019 0.53125 0.5405273433962264 0.52734375 0.5522460933962264 0.525390625 0.5610351566037736 0.525390625 0.5698242188679246 0.52734375 0.5815429688679246 0.529296875 0.5874023433962264 0.5361328125 0.59765625 0.5400390625 0.600585937735849 0.5498046875 0.6035156245283019 0.5615234375 0.59765625
1 0.41015625 0.2651367188679245 0.408203125 0.21826171886792453 0.4072265625 0.21679687452830187 0.4013671875 0.21386718773584906 0.3916015625 0.21386718773584906 0.3828125 0.22705078113207547 0.380859375 0.2358398433962264 0.380859375 0.2592773433962264 0.384765625 0.2680664066037736 0.3876953125 0.27246093773584906 0.3955078125 0.27832031226415094 0.4052734375 0.27832031226415094 0.408203125 0.2739257811320755 0.41015625 0.2651367188679245