18 0.7060546875 0.703125 0.708984375 0.6987304688679246 0.712890625 0.6899414066037736 0.716796875 0.6723632811320754 0.716796875 0.6606445311320754 0.7109375 0.5493164066037736 0.708984375 0.5434570311320754 0.7041015625 0.536132812264151 0.6943359375 0.530273437735849 0.6728515625 0.530273437735849 0.6650390625 0.536132812264151 0.66015625 0.5493164066037736 0.658203125 0.5639648433962264 0.658203125 0.6313476566037736 0.662109375 0.6635742188679246 0.669921875 0.6870117188679246 0.6826171875 0.706054687735849 0.6865234375 0.7089843754716981 0.6982421875 0.7089843754716981 0.7060546875 0.703125
18 0.2861328125 0.747070312264151 0.2900390625 0.7441406245283019 0.29296875 0.7397460933962264 0.296875 0.7250976566037736 0.296875 0.7104492188679246 0.291015625 0.6811523433962264 0.287109375 0.6723632811320754 0.2822265625 0.665039062264151 0.2666015625 0.665039062264151 0.2626953125 0.66796875 0.255859375 0.6782226566037736 0.25390625 0.6840820311320754 0.25390625 0.6987304688679246 0.255859375 0.7133789066037736 0.259765625 0.7280273433962264 0.265625 0.7397460933962264 0.2685546875 0.7441406245283019 0.2744140625 0.747070312264151 0.2861328125 0.747070312264151
18 0.39453125 0.7045898433962264 0.3896484375 0.6972656245283019 0.3798828125 0.69140625 0.3642578125 0.69140625 0.3564453125 0.6972656245283019 0.353515625 0.7016601566037736 0.3515625 0.7075195311320754 0.3515625 0.7280273433962264 0.35546875 0.7368164066037736 0.3642578125 0.75 0.3701171875 0.752929687735849 0.3857421875 0.752929687735849 0.39453125 0.7280273433962264 0.39453125 0.7045898433962264
18 0.6171875 0.6899414066037736 0.615234375 0.6606445311320754 0.609375 0.6430664066037736 0.6044921875 0.6386718754716981 0.5908203125 0.6328125 0.5849609375 0.635742187735849 0.5751953125 0.641601562264151 0.5625 0.6606445311320754 0.560546875 0.6694335933962264 0.560546875 0.6870117188679246 0.564453125 0.7016601566037736 0.5693359375 0.7089843754716981 0.5771484375 0.717773437735849 0.5849609375 0.723632812264151 0.6142578125 0.6972656245283019 0.6171875 0.6899414066037736
18 0.6123046875 0.26074218773584906 0.623046875 0.2475585933962264 0.623046875 0.2416992188679245 0.6201171875 0.234375 0.5771484375 0.19921875 0.5732421875 0.19628906226415094 0.568359375 0.20361328113207547 0.56640625 0.2124023433962264 0.56640625 0.22998046886792453 0.5703125 0.23876953113207547 0.5771484375 0.2490234377358491 0.5869140625 0.26074218773584906 0.5927734375 0.2636718754716981 0.6064453125 0.2636718754716981 0.6123046875 0.26074218773584906
6 0.318359375 0.4936523433962264 0.341796875 0.4116210933962264 0.3408203125 0.41015625 0.2626953125 0.3691406245283019 0.2568359375 0.37207031226415094 0.2509765625 0.37792968773584906 0.25 0.3793945311320755 0.25 0.3940429688679245 0.25390625 0.4116210933962264 0.271484375 0.4584960933962264 0.2919921875 0.489257812264151 0.2978515625 0.4921875 0.3173828125 0.495117187735849 0.318359375 0.4936523433962264
6 0.3037109375 0.588867187735849 0.3212890625 0.5800781245283019 0.326171875 0.5727539066037736 0.341796875 0.5434570311320754 0.341796875 0.5405273433962264 0.3408203125 0.5390625 0.2607421875 0.4863281245283018 0.251953125 0.49951171886792456 0.251953125 0.5317382811320754 0.25390625 0.5405273433962264 0.2578125 0.5522460933962264 0.263671875 0.5639648433962264 0.2685546875 0.571289062264151 0.2978515625 0.588867187735849 0.3037109375 0.588867187735849
9 0.359375 0.3061523433962264 0.3623046875 0.31347656226415094 0.3662109375 0.31347656226415094 0.37109375 0.3032226566037736 0.37109375 0.2915039066037736 0.3681640625 0.28417968773584906 0.361328125 0.2944335933962264 0.359375 0.3061523433962264
9 0.408203125 0.6254882811320754 0.408203125 0.6225585933962264 0.40625 0.6166992188679246 0.4013671875 0.612304687735849 0.3935546875 0.6152343754716981 0.3857421875 0.62109375 0.380859375 0.6284179688679246 0.380859375 0.6372070311320754 0.3837890625 0.641601562264151 0.3876953125 0.64453125 0.3935546875 0.64453125 0.3994140625 0.641601562264151 0.40625 0.6342773433962264 0.408203125 0.6254882811320754
9 0.505859375 0.6606445311320754 0.5009765625 0.647460937735849 0.4873046875 0.64453125 0.4755859375 0.64453125 0.4716796875 0.647460937735849 0.46875 0.6518554688679246 0.46875 0.6694335933962264 0.4755859375 0.6796875 0.4853515625 0.6796875 0.4970703125 0.676757812264151 0.5009765625 0.6738281245283019 0.505859375 0.6665039066037736 0.505859375 0.6606445311320754
9 0.509765625 0.5815429688679246 0.505859375 0.5727539066037736 0.4990234375 0.5625 0.490234375 0.5756835933962264 0.490234375 0.5874023433962264 0.494140625 0.5991210933962264 0.4970703125 0.6035156245283019 0.5009765625 0.606445312264151 0.5068359375 0.606445312264151 0.509765625 0.5991210933962264 0.509765625 0.5815429688679246
3 0.37109375 0.4233398433962264 0.3701171875 0.421875 0.3662109375 0.421875 0.3525390625 0.43066406226415094 0.3447265625 0.43652343773584906 0.3388671875 0.44238281226415094 0.337890625 0.4438476566037736 0.353515625 0.49658203113207544 0.3544921875 0.4980468754716982 0.3642578125 0.4980468754716982 0.373046875 0.48486328113207544 0.375 0.4672851566037736 0.375 0.4584960933962264 0.37109375 0.4233398433962264
21 0.609375 0.4672851566037736 0.6025390625 0.45703125 0.5908203125 0.44824218773584906 0.5693359375 0.44824218773584906 0.560546875 0.4584960933962264 0.55859375 0.4643554688679245 0.55859375 0.48486328113207544 0.564453125 0.5639648433962264 0.5673828125 0.5683593754716981 0.6142578125 0.52734375 0.6171875 0.5229492188679246 0.6171875 0.5200195311320754 0.609375 0.4672851566037736
1 0.44921875 0.3559570311320755 0.4453125 0.3442382811320755 0.4384765625 0.3339843754716981 0.4306640625 0.328125 0.4267578125 0.328125 0.4228515625 0.33105468773584906 0.419921875 0.3354492188679245 0.416015625 0.3852539066037736 0.4208984375 0.3925781245283019 0.4248046875 0.39550781226415094 0.4326171875 0.3925781245283019 0.4404296875 0.38671875 0.4453125 0.3793945311320755 0.44921875 0.3706054688679245 0.44921875 0.3559570311320755
2 0.41796875 0.20654296886792453 0.4033203125 0.18457031226415094 0.3955078125 0.17871093773584906 0.3857421875 0.17578125 0.3720703125 0.17578125 0.3603515625 0.17871093773584906 0.3525390625 0.18457031226415094 0.3330078125 0.20214843773584906 0.326171875 0.2124023433962264 0.302734375 0.2739257811320755 0.302734375 0.2856445311320755 0.3056640625 0.29003906226415094 0.3115234375 0.29003906226415094 0.4228515625 0.23144531226415094 0.423828125 0.22998046886792453 0.423828125 0.2241210933962264 0.41796875 0.20654296886792453