3 0.373046875 0.6665039066037736 0.37109375 0.6577148433962264 0.34375 0.5844726566037736 0.3349609375 0.571289062264151 0.3232421875 0.559570312264151 0.3154296875 0.5566406245283019 0.3017578125 0.5566406245283019 0.2958984375 0.559570312264151 0.294921875 0.5610351566037736 0.287109375 0.5932617188679246 0.283203125 0.6137695311320754 0.28125 0.6254882811320754 0.28125 0.6313476566037736 0.3125 0.7368164066037736 0.3134765625 0.73828125 0.3447265625 0.73828125 0.369140625 0.6928710933962264 0.373046875 0.6782226566037736 0.373046875 0.6665039066037736
21 0.4248046875 0.711914062264151 0.4501953125 0.69140625 0.453125 0.6870117188679246 0.455078125 0.6665039066037736 0.455078125 0.6459960933962264 0.427734375 0.5258789066037736 0.4267578125 0.524414062264151 0.42578125 0.5258789066037736 0.373046875 0.6196289066037736 0.373046875 0.6225585933962264 0.38671875 0.6782226566037736 0.392578125 0.6958007811320754 0.4013671875 0.706054687735849 0.4072265625 0.7089843754716981 0.4208984375 0.711914062264151 0.4248046875 0.711914062264151
21 0.677734375 0.3149414066037736 0.6767578125 0.31347656226415094 0.6259765625 0.26953125 0.5615234375 0.26660156226415094 0.5537109375 0.27246093773584906 0.55078125 0.2768554688679245 0.5703125 0.4291992188679245 0.5712890625 0.43066406226415094 0.5771484375 0.43652343773584906 0.6630859375 0.41015625 0.666015625 0.4057617188679245 0.677734375 0.3208007811320755 0.677734375 0.3149414066037736
18 0.68359375 0.7602539066037736 0.6875 0.7456054688679246 0.68359375 0.7309570311320754 0.6787109375 0.723632812264151 0.6552734375 0.700195312264151 0.6435546875 0.700195312264151 0.634765625 0.7133789066037736 0.6328125 0.7221679688679246 0.6328125 0.7280273433962264 0.634765625 0.7368164066037736 0.6416015625 0.747070312264151 0.6474609375 0.752929687735849 0.6689453125 0.7675781245283019 0.6748046875 0.7675781245283019 0.68359375 0.7602539066037736
18 0.7314453125 0.57421875 0.736328125 0.5668945311320754 0.736328125 0.5463867188679246 0.7294921875 0.536132812264151 0.7255859375 0.5332031245283019 0.7099609375 0.524414062264151 0.7021484375 0.524414062264151 0.6943359375 0.530273437735849 0.69140625 0.5346679688679246 0.689453125 0.5405273433962264 0.689453125 0.5522460933962264 0.69140625 0.5581054688679246 0.6962890625 0.565429687735849 0.7001953125 0.5683593754716981 0.7197265625 0.577148437735849 0.7255859375 0.577148437735849 0.7314453125 0.57421875
18 0.744140625 0.4233398433962264 0.744140625 0.4116210933962264 0.7431640625 0.41015625 0.7099609375 0.3984375 0.708984375 0.3999023433962264 0.705078125 0.4116210933962264 0.705078125 0.4291992188679245 0.7119140625 0.4394531245283019 0.7158203125 0.44238281226415094 0.7275390625 0.44238281226415094 0.7373046875 0.43652343773584906 0.7421875 0.4291992188679245 0.744140625 0.4233398433962264
1 0.5654296875 0.735351562264151 0.5693359375 0.7324218754716981 0.580078125 0.7163085933962264 0.58203125 0.7104492188679246 0.587890625 0.6840820311320754 0.587890625 0.6811523433962264 0.5849609375 0.676757812264151 0.5771484375 0.676757812264151 0.5263671875 0.682617187735849 0.51953125 0.6928710933962264 0.517578125 0.7016601566037736 0.517578125 0.7133789066037736 0.51953125 0.7221679688679246 0.5263671875 0.7324218754716981 0.5341796875 0.73828125 0.5439453125 0.741210937735849 0.5478515625 0.741210937735849 0.5654296875 0.735351562264151
1 0.51171875 0.6899414066037736 0.51171875 0.6782226566037736 0.509765625 0.6723632811320754 0.5048828125 0.665039062264151 0.4970703125 0.659179687735849 0.4853515625 0.659179687735849 0.48046875 0.6665039066037736 0.48046875 0.6840820311320754 0.482421875 0.6899414066037736 0.4873046875 0.6972656245283019 0.4912109375 0.700195312264151 0.4990234375 0.700195312264151 0.5087890625 0.694335937735849 0.51171875 0.6899414066037736
1 0.6484375 0.6225585933962264 0.6416015625 0.612304687735849 0.6318359375 0.612304687735849 0.626953125 0.6196289066037736 0.626953125 0.6225585933962264 0.6328125 0.6547851566037736 0.6396484375 0.665039062264151 0.6474609375 0.6621093754716981 0.654296875 0.6518554688679246 0.654296875 0.6372070311320754 0.6484375 0.6225585933962264
14 0.2802734375 0.4277343745283019 0.2744140625 0.4277343745283019 0.2587890625 0.43359375 0.251953125 0.4438476566037736 0.251953125 0.4555664066037736 0.2529296875 0.45703125 0.2548828125 0.45703125 0.2744140625 0.44824218773584906 0.283203125 0.4350585933962264 0.283203125 0.4321289066037736 0.2802734375 0.4277343745283019
14 0.3466796875 0.21679687452830187 0.3427734375 0.21679687452830187 0.337890625 0.2241210933962264 0.3564453125 0.25488281226415094 0.3603515625 0.25488281226415094 0.365234375 0.2475585933962264 0.36328125 0.2416992188679245 0.357421875 0.22998046886792453 0.3505859375 0.21972656226415094 0.3466796875 0.21679687452830187
14 0.6298828125 0.7324218754716981 0.6181640625 0.741210937735849 0.6171875 0.7426757811320754 0.6171875 0.7456054688679246 0.6201171875 0.75 0.6298828125 0.752929687735849 0.630859375 0.7514648433962264 0.634765625 0.7368164066037736 0.6318359375 0.7324218754716981 0.6298828125 0.7324218754716981
20 0.67578125 0.4467773433962264 0.6748046875 0.4453125 0.6689453125 0.44824218773584906 0.6552734375 0.4628906245283019 0.650390625 0.4702148433962264 0.6484375 0.4790039066037736 0.6484375 0.49658203113207544 0.6533203125 0.50390625 0.6630859375 0.50390625 0.6669921875 0.500976562264151 0.673828125 0.4819335933962264 0.67578125 0.4584960933962264 0.67578125 0.4467773433962264
20 0.70703125 0.3061523433962264 0.70703125 0.2885742188679245 0.705078125 0.2768554688679245 0.701171875 0.2622070311320755 0.6962890625 0.2578125 0.6923828125 0.2578125 0.6767578125 0.26953125 0.67578125 0.2709960933962264 0.685546875 0.3061523433962264 0.6904296875 0.31347656226415094 0.6962890625 0.31933593773584906 0.6982421875 0.31933593773584906 0.7021484375 0.31640625 0.705078125 0.3120117188679245 0.70703125 0.3061523433962264
20 0.505859375 0.21826171886792453 0.50390625 0.1860351566037736 0.4892578125 0.16113281226415094 0.48046875 0.17138671886792453 0.4765625 0.18310546886792453 0.478515625 0.20361328113207547 0.482421875 0.2241210933962264 0.486328125 0.2358398433962264 0.4990234375 0.2636718754716981 0.5 0.2622070311320755 0.505859375 0.2329101566037736 0.505859375 0.21826171886792453
20 0.44140625 0.1538085933962264 0.4384765625 0.14941406226415094 0.4306640625 0.14941406226415094 0.42578125 0.15673828113207547 0.421875 0.16845703113207547 0.419921875 0.1772460933962264 0.416015625 0.1977539066037736 0.421875 0.2358398433962264 0.4228515625 0.23730468773584906 0.4267578125 0.23730468773584906 0.435546875 0.2241210933962264 0.443359375 0.20361328113207547 0.443359375 0.15966796886792453 0.44140625 0.1538085933962264
14 0.470703125 0.4936523433962264 0.46875 0.5229492188679246 0.4716796875 0.530273437735849 0.474609375 0.5258789066037736 0.48828125 0.48486328113207544 0.4873046875 0.483398437735849 0.4814453125 0.48046875 0.4775390625 0.48046875 0.470703125 0.4936523433962264
14 0.2607421875 0.506835937735849 0.2587890625 0.506835937735849 0.2578125 0.5083007811320754 0.255859375 0.5141601566037736 0.255859375 0.5229492188679246 0.2626953125 0.536132812264151 0.2705078125 0.541992187735849 0.2724609375 0.541992187735849 0.275390625 0.5375976566037736 0.271484375 0.5200195311320754 0.2607421875 0.506835937735849
12 0.5869140625 0.1640625 0.5791015625 0.16992187547169813 0.5654296875 0.1875 0.560546875 0.1977539066037736 0.556640625 0.2094726566037736 0.556640625 0.2241210933962264 0.55859375 0.2416992188679245 0.5654296875 0.2578125 0.609375 0.17138671886792453 0.609375 0.1655273433962264 0.6083984375 0.1640625 0.5869140625 0.1640625
7 0.6875 0.6606445311320754 0.693359375 0.6489257811320754 0.693359375 0.6284179688679246 0.6513671875 0.530273437735849 0.6455078125 0.530273437735849 0.6396484375 0.5332031245283019 0.6328125 0.5434570311320754 0.630859375 0.5522460933962264 0.630859375 0.5698242188679246 0.650390625 0.6899414066037736 0.6513671875 0.69140625 0.6650390625 0.688476562264151 0.6689453125 0.6855468754716981 0.6826171875 0.66796875 0.6875 0.6606445311320754
7 0.5625 0.5932617188679246 0.5625 0.5874023433962264 0.5390625 0.4702148433962264 0.5341796875 0.45703125 0.5146484375 0.4453125 0.5087890625 0.44238281226415094 0.5078125 0.4438476566037736 0.505859375 0.5844726566037736 0.5078125 0.5903320311320754 0.5107421875 0.594726562264151 0.5322265625 0.612304687735849 0.5478515625 0.612304687735849 0.5576171875 0.6035156245283019 0.560546875 0.5991210933962264 0.5625 0.5932617188679246
9 0.306640625 0.3647460933962264 0.3017578125 0.3574218754716981 0.2978515625 0.35449218773584906 0.2939453125 0.35449218773584906 0.2880859375 0.3574218754716981 0.287109375 0.3588867188679245 0.287109375 0.3823242188679245 0.294921875 0.3969726566037736 0.3017578125 0.40722656226415094 0.3056640625 0.40722656226415094 0.310546875 0.3999023433962264 0.310546875 0.3881835933962264 0.306640625 0.3647460933962264
2 0.3798828125 0.5683593754716981 0.3974609375 0.559570312264151 0.4111328125 0.5449218754716981 0.423828125 0.5288085933962264 0.435546875 0.49951171886792456 0.44921875 0.4467773433962264 0.44921875 0.4233398433962264 0.4462890625 0.41894531226415094 0.4404296875 0.41894531226415094 0.3232421875 0.44824218773584906 0.3173828125 0.4511718745283019 0.31640625 0.4526367188679245 0.314453125 0.4584960933962264 0.314453125 0.4760742188679245 0.31640625 0.5112304688679246 0.326171875 0.5434570311320754 0.3369140625 0.559570312264151 0.3466796875 0.565429687735849 0.3544921875 0.5683593754716981 0.3798828125 0.5683593754716981
12 0.3720703125 0.2871093754716981 0.3623046875 0.2871093754716981 0.3544921875 0.29003906226415094 0.3505859375 0.29296875 0.34765625 0.2973632811320755 0.34375 0.3090820311320755 0.341796875 0.3178710933962264 0.34375 0.3354492188679245 0.3505859375 0.3457031245283019 0.3544921875 0.34277343773584906 0.380859375 0.3032226566037736 0.380859375 0.2973632811320755 0.3759765625 0.29003906226415094 0.3720703125 0.2871093754716981