4 0.30859375 0.5903320311320754 0.298828125 0.5141601566037736 0.2978515625 0.512695312264151 0.2841796875 0.512695312264151 0.2763671875 0.518554687735849 0.263671875 0.5317382811320754 0.259765625 0.5434570311320754 0.259765625 0.5493164066037736 0.26171875 0.5610351566037736 0.2734375 0.5903320311320754 0.2841796875 0.609375 0.2919921875 0.609375 0.2958984375 0.606445312264151 0.30859375 0.5903320311320754
1 0.359375 0.6782226566037736 0.361328125 0.6694335933962264 0.361328125 0.6430664066037736 0.3564453125 0.635742187735849 0.3525390625 0.635742187735849 0.3330078125 0.653320312264151 0.33203125 0.6547851566037736 0.33203125 0.6635742188679246 0.3359375 0.6752929688679246 0.3427734375 0.6855468754716981 0.3466796875 0.688476562264151 0.3486328125 0.688476562264151 0.3564453125 0.682617187735849 0.359375 0.6782226566037736
1 0.662109375 0.2329101566037736 0.6640625 0.2241210933962264 0.6640625 0.2094726566037736 0.662109375 0.2006835933962264 0.6474609375 0.17871093773584906 0.6416015625 0.17285156226415094 0.6298828125 0.17285156226415094 0.623046875 0.18310546886792453 0.623046875 0.1860351566037736 0.630859375 0.22998046886792453 0.6416015625 0.24023437452830187 0.6474609375 0.2431640622641509 0.6533203125 0.2431640622641509 0.6572265625 0.24023437452830187 0.662109375 0.2329101566037736
1 0.5712890625 0.32519531226415094 0.5595703125 0.32519531226415094 0.5556640625 0.328125 0.548828125 0.3383789066037736 0.546875 0.3530273433962264 0.548828125 0.3618164066037736 0.5517578125 0.36621093773584906 0.5634765625 0.36621093773584906 0.580078125 0.3383789066037736 0.578125 0.3325195311320755 0.5751953125 0.328125 0.5712890625 0.32519531226415094
1 0.7421875 0.4233398433962264 0.7421875 0.4116210933962264 0.7373046875 0.40722656226415094 0.7041015625 0.41015625 0.69921875 0.4174804688679245 0.69921875 0.4204101566037736 0.7080078125 0.43359375 0.7158203125 0.44238281226415094 0.7197265625 0.4453125 0.7314453125 0.4453125 0.73828125 0.4350585933962264 0.7421875 0.4233398433962264
1 0.7421875 0.3911132811320755 0.7392578125 0.38671875 0.7314453125 0.3808593754716981 0.7197265625 0.3808593754716981 0.716796875 0.3852539066037736 0.716796875 0.3881835933962264 0.72265625 0.4116210933962264 0.7236328125 0.41308593773584906 0.7431640625 0.41308593773584906 0.74609375 0.4086914066037736 0.74609375 0.4028320311320755 0.7421875 0.3911132811320755
1 0.7578125 0.5288085933962264 0.759765625 0.5141601566037736 0.759765625 0.5053710933962264 0.7578125 0.49658203113207544 0.7529296875 0.489257812264151 0.7412109375 0.483398437735849 0.740234375 0.48486328113207544 0.7265625 0.5463867188679246 0.7265625 0.5493164066037736 0.7294921875 0.553710937735849 0.7333984375 0.5566406245283019 0.7431640625 0.5566406245283019 0.7470703125 0.553710937735849 0.751953125 0.5463867188679246 0.7578125 0.5288085933962264
1 0.6259765625 0.4394531245283019 0.6240234375 0.4394531245283019 0.6201171875 0.44238281226415094 0.61328125 0.4526367188679245 0.611328125 0.4584960933962264 0.609375 0.4672851566037736 0.609375 0.4731445311320755 0.61328125 0.48486328113207544 0.6142578125 0.4863281245283018 0.6181640625 0.4863281245283018 0.630859375 0.4584960933962264 0.630859375 0.4438476566037736 0.6259765625 0.4394531245283019
1 0.693359375 0.7045898433962264 0.69140625 0.6987304688679246 0.6845703125 0.688476562264151 0.6806640625 0.6855468754716981 0.6669921875 0.6855468754716981 0.6630859375 0.688476562264151 0.65625 0.6987304688679246 0.654296875 0.7045898433962264 0.654296875 0.7280273433962264 0.6572265625 0.7324218754716981 0.6630859375 0.7324218754716981 0.6865234375 0.717773437735849 0.6904296875 0.71484375 0.693359375 0.7075195311320754 0.693359375 0.7045898433962264
1 0.666015625 0.7807617188679246 0.6640625 0.7719726566037736 0.6552734375 0.758789062264151 0.6474609375 0.758789062264151 0.646484375 0.7602539066037736 0.6484375 0.8071289066037736 0.6513671875 0.811523437735849 0.6572265625 0.811523437735849 0.662109375 0.8041992188679246 0.6640625 0.7983398433962264 0.666015625 0.7895507811320754 0.666015625 0.7807617188679246
1 0.6826171875 0.688476562264151 0.6669921875 0.688476562264151 0.658203125 0.6958007811320754 0.654296875 0.7075195311320754 0.654296875 0.7192382811320754 0.6591796875 0.7324218754716981 0.6865234375 0.71484375 0.69140625 0.7075195311320754 0.69140625 0.6987304688679246 0.6884765625 0.694335937735849 0.6826171875 0.688476562264151
1 0.603515625 0.7602539066037736 0.60546875 0.7456054688679246 0.5947265625 0.711914062264151 0.5751953125 0.711914062264151 0.568359375 0.7221679688679246 0.56640625 0.7309570311320754 0.56640625 0.7368164066037736 0.568359375 0.7485351566037736 0.5751953125 0.758789062264151 0.5908203125 0.7675781245283019 0.5966796875 0.7675781245283019 0.6005859375 0.764648437735849 0.603515625 0.7602539066037736
1 0.498046875 0.7602539066037736 0.4921875 0.7250976566037736 0.4892578125 0.7207031245283019 0.4833984375 0.717773437735849 0.4755859375 0.717773437735849 0.4697265625 0.723632812264151 0.466796875 0.7309570311320754 0.46484375 0.7543945311320754 0.470703125 0.7690429688679246 0.4755859375 0.776367187735849 0.4833984375 0.782226562264151 0.4853515625 0.782226562264151 0.4892578125 0.7792968754716981 0.498046875 0.7661132811320754 0.498046875 0.7602539066037736
1 0.421875 0.6811523433962264 0.4150390625 0.670898437735849 0.4091796875 0.66796875 0.40625 0.6723632811320754 0.40625 0.6752929688679246 0.41015625 0.7045898433962264 0.4130859375 0.7089843754716981 0.4150390625 0.7089843754716981 0.419921875 0.7016601566037736 0.421875 0.6958007811320754 0.421875 0.6811523433962264
1 0.712890625 0.5493164066037736 0.7080078125 0.541992187735849 0.705078125 0.5463867188679246 0.705078125 0.5581054688679246 0.70703125 0.5727539066037736 0.7099609375 0.577148437735849 0.7119140625 0.577148437735849 0.716796875 0.5698242188679246 0.716796875 0.5581054688679246 0.712890625 0.5493164066037736
18 0.7294921875 0.670898437735849 0.732421875 0.6635742188679246 0.732421875 0.6430664066037736 0.71875 0.6137695311320754 0.7138671875 0.606445312264151 0.7041015625 0.59765625 0.6982421875 0.59765625 0.689453125 0.6049804688679246 0.685546875 0.6137695311320754 0.685546875 0.6225585933962264 0.689453125 0.6372070311320754 0.69921875 0.6547851566037736 0.7099609375 0.670898437735849 0.7138671875 0.6738281245283019 0.7197265625 0.676757812264151 0.7294921875 0.670898437735849
18 0.609375 0.6635742188679246 0.611328125 0.6489257811320754 0.611328125 0.6284179688679246 0.6083984375 0.624023437735849 0.6044921875 0.62109375 0.6005859375 0.62109375 0.591796875 0.6284179688679246 0.587890625 0.6459960933962264 0.5859375 0.6577148433962264 0.5859375 0.6694335933962264 0.587890625 0.6782226566037736 0.5908203125 0.682617187735849 0.6005859375 0.682617187735849 0.6044921875 0.6796875 0.607421875 0.6752929688679246 0.609375 0.6635742188679246
18 0.4951171875 0.6328125 0.4873046875 0.624023437735849 0.4833984375 0.62109375 0.4697265625 0.62109375 0.46484375 0.6284179688679246 0.46484375 0.6401367188679246 0.4755859375 0.65625 0.4873046875 0.665039062264151 0.4990234375 0.665039062264151 0.50390625 0.6577148433962264 0.501953125 0.6430664066037736 0.4951171875 0.6328125
20 0.2900390625 0.30175781226415094 0.2822265625 0.29589843773584906 0.275390625 0.3178710933962264 0.271484375 0.3500976566037736 0.27734375 0.3706054688679245 0.2841796875 0.3808593754716981 0.3017578125 0.39550781226415094 0.302734375 0.3940429688679245 0.30859375 0.3559570311320755 0.296875 0.3120117188679245 0.2900390625 0.30175781226415094
20 0.3720703125 0.24609375 0.3408203125 0.25488281226415094 0.33984375 0.2563476566037736 0.341796875 0.2915039066037736 0.3427734375 0.29296875 0.4013671875 0.30175781226415094 0.40234375 0.3002929688679245 0.408203125 0.2416992188679245 0.4072265625 0.24023437452830187 0.3720703125 0.24609375
20 0.494140625 0.15966796886792453 0.486328125 0.12451171886792455 0.4833984375 0.12011718773584906 0.4814453125 0.12011718773584906 0.4462890625 0.140625 0.4453125 0.1420898433962264 0.4453125 0.1508789066037736 0.44921875 0.1860351566037736 0.451171875 0.19189453113207547 0.4873046875 0.2490234377358491 0.48828125 0.2475585933962264 0.498046875 0.19189453113207547 0.494140625 0.15966796886792453
3 0.48046875 0.5053710933962264 0.486328125 0.48486328113207544 0.486328125 0.4819335933962264 0.45703125 0.4204101566037736 0.4228515625 0.3691406245283019 0.3740234375 0.43359375 0.373046875 0.4350585933962264 0.373046875 0.4379882811320755 0.375 0.5317382811320754 0.3798828125 0.5390625 0.4111328125 0.5566406245283019 0.4130859375 0.5566406245283019 0.4755859375 0.512695312264151 0.48046875 0.5053710933962264
14 0.35546875 0.1860351566037736 0.35546875 0.18310546886792453 0.3544921875 0.18164062452830187 0.3486328125 0.17871093773584906 0.3447265625 0.17871093773584906 0.333984375 0.19189453113207547 0.328125 0.21533203113207547 0.328125 0.2211914066037736 0.3291015625 0.22265625 0.3369140625 0.22265625 0.3427734375 0.21679687452830187 0.345703125 0.2124023433962264 0.353515625 0.19189453113207547 0.35546875 0.1860351566037736
14 0.490234375 0.07763671886792453 0.48828125 0.10107421886792453 0.5009765625 0.1171875 0.5048828125 0.1171875 0.51171875 0.10693359339622642 0.513671875 0.08056640660377358 0.5126953125 0.07910156226415094 0.4912109375 0.07617187547169811 0.490234375 0.07763671886792453
14 0.56640625 0.1508789066037736 0.5625 0.13330078113207547 0.5615234375 0.13183593773584906 0.5556640625 0.12890625 0.5517578125 0.12890625 0.548828125 0.13330078113207547 0.548828125 0.1391601566037736 0.55078125 0.14794921886792453 0.55859375 0.16845703113207547 0.5615234375 0.17285156226415094 0.5634765625 0.17285156226415094 0.564453125 0.17138671886792453 0.56640625 0.1508789066037736
14 0.6044921875 0.26074218773584906 0.5986328125 0.25488281226415094 0.5869140625 0.2578125 0.5810546875 0.2636718754716981 0.578125 0.2680664066037736 0.578125 0.2709960933962264 0.5849609375 0.27832031226415094 0.6083984375 0.29003906226415094 0.61328125 0.2827148433962264 0.61328125 0.2768554688679245 0.611328125 0.2709960933962264 0.6044921875 0.26074218773584906
14 0.4384765625 0.26660156226415094 0.4306640625 0.26660156226415094 0.4296875 0.2680664066037736 0.435546875 0.3061523433962264 0.4365234375 0.30761718773584906 0.4404296875 0.30761718773584906 0.4453125 0.3032226566037736 0.4453125 0.2797851566037736 0.44140625 0.2709960933962264 0.4384765625 0.26660156226415094
14 0.51953125 0.3793945311320755 0.5185546875 0.37792968773584906 0.5146484375 0.37792968773584906 0.51171875 0.3823242188679245 0.51171875 0.3940429688679245 0.513671875 0.3999023433962264 0.5263671875 0.41894531226415094 0.5283203125 0.41894531226415094 0.533203125 0.4116210933962264 0.533203125 0.4057617188679245 0.51953125 0.3793945311320755
14 0.5693359375 0.41894531226415094 0.5654296875 0.41894531226415094 0.55078125 0.4321289066037736 0.548828125 0.4379882811320755 0.560546875 0.4584960933962264 0.5673828125 0.46582031226415094 0.5712890625 0.46582031226415094 0.580078125 0.4497070311320755 0.580078125 0.4467773433962264 0.57421875 0.4262695311320755 0.5693359375 0.41894531226415094
14 0.7236328125 0.27832031226415094 0.716796875 0.2885742188679245 0.716796875 0.3032226566037736 0.7236328125 0.31933593773584906 0.7314453125 0.31933593773584906 0.734375 0.3149414066037736 0.728515625 0.2827148433962264 0.7255859375 0.27832031226415094 0.7236328125 0.27832031226415094
14 0.6787109375 0.4746093745283019 0.6748046875 0.47167968773584906 0.6591796875 0.47167968773584906 0.6552734375 0.4746093745283019 0.646484375 0.48779296886792456 0.646484375 0.4907226566037736 0.6494140625 0.4980468754716982 0.6533203125 0.4980468754716982 0.6806640625 0.4863281245283018 0.681640625 0.48486328113207544 0.681640625 0.4790039066037736 0.6787109375 0.4746093745283019
14 0.5625 0.5346679688679246 0.5625 0.5317382811320754 0.5595703125 0.52734375 0.5341796875 0.5332031245283019 0.533203125 0.5346679688679246 0.533203125 0.5434570311320754 0.5380859375 0.55078125 0.5419921875 0.553710937735849 0.5439453125 0.553710937735849 0.5556640625 0.547851562264151 0.560546875 0.5405273433962264 0.5625 0.5346679688679246
14 0.546875 0.6225585933962264 0.541015625 0.5991210933962264 0.5380859375 0.594726562264151 0.5361328125 0.594726562264151 0.5322265625 0.59765625 0.529296875 0.6020507811320754 0.529296875 0.6166992188679246 0.53125 0.6284179688679246 0.533203125 0.6342773433962264 0.5361328125 0.6386718754716981 0.5380859375 0.6386718754716981 0.54296875 0.6342773433962264 0.546875 0.6225585933962264
14 0.6181640625 0.559570312264151 0.6044921875 0.5566406245283019 0.5966796875 0.5566406245283019 0.591796875 0.5639648433962264 0.591796875 0.5698242188679246 0.5947265625 0.57421875 0.6201171875 0.577148437735849 0.625 0.5698242188679246 0.625 0.5668945311320754 0.6220703125 0.5625 0.6181640625 0.559570312264151
9 0.5166015625 0.32519531226415094 0.5126953125 0.3222656245283019 0.5078125 0.3295898433962264 0.509765625 0.3383789066037736 0.5166015625 0.34863281226415094 0.5224609375 0.34863281226415094 0.5234375 0.3471679688679245 0.5234375 0.3413085933962264 0.51953125 0.3295898433962264 0.5166015625 0.32519531226415094
9 0.6650390625 0.38964843773584906 0.66796875 0.3852539066037736 0.669921875 0.3764648433962264 0.66796875 0.3676757811320755 0.6630859375 0.36035156226415094 0.6533203125 0.3515625 0.6474609375 0.34863281226415094 0.6396484375 0.34863281226415094 0.63671875 0.3530273433962264 0.63671875 0.3647460933962264 0.638671875 0.3706054688679245 0.64453125 0.3823242188679245 0.6494140625 0.38964843773584906 0.6533203125 0.3925781245283019 0.6611328125 0.3925781245283019 0.6650390625 0.38964843773584906
13 0.6943359375 0.41894531226415094 0.6923828125 0.41894531226415094 0.69140625 0.4204101566037736 0.69140625 0.4233398433962264 0.693359375 0.4321289066037736 0.6943359375 0.43359375 0.6962890625 0.43359375 0.697265625 0.4321289066037736 0.697265625 0.4233398433962264 0.6943359375 0.41894531226415094
9 0.3544921875 0.46582031226415094 0.3515625 0.4702148433962264 0.3515625 0.4760742188679245 0.3544921875 0.48046875 0.3564453125 0.48046875 0.359375 0.4760742188679245 0.359375 0.4702148433962264 0.3564453125 0.46582031226415094 0.3544921875 0.46582031226415094