6 0.361328125 0.2592773433962264 0.3408203125 0.23144531226415094 0.3037109375 0.22851562452830187 0.2919921875 0.23144531226415094 0.2607421875 0.26074218773584906 0.2490234375 0.2753906245283019 0.24609375 0.2797851566037736 0.24609375 0.2827148433962264 0.2509765625 0.29003906226415094 0.2841796875 0.31347656226415094 0.3251953125 0.31347656226415094 0.3505859375 0.2871093754716981 0.361328125 0.2709960933962264 0.361328125 0.2592773433962264
21 0.5322265625 0.21972656226415094 0.5380859375 0.21679687452830187 0.5458984375 0.2109375 0.5517578125 0.20507812452830187 0.560546875 0.19189453113207547 0.564453125 0.18310546886792453 0.580078125 0.08642578113207547 0.580078125 0.08349609339622642 0.5771484375 0.07910156226415094 0.4775390625 0.05273437452830189 0.4736328125 0.055664062264150944 0.46484375 0.06884765660377358 0.462890625 0.08056640660377358 0.46484375 0.09814453113207547 0.46875 0.11865234339622642 0.484375 0.18017578113207547 0.48828125 0.19189453113207547 0.5009765625 0.21972656226415094 0.5048828125 0.22265625 0.5322265625 0.21972656226415094
14 0.6396484375 0.17285156226415094 0.6318359375 0.17285156226415094 0.62890625 0.1772460933962264 0.625 0.2211914066037736 0.6298828125 0.22558593773584906 0.6357421875 0.22558593773584906 0.638671875 0.2211914066037736 0.6484375 0.2006835933962264 0.6484375 0.19482421886792453 0.64453125 0.18017578113207547 0.6396484375 0.17285156226415094
14 0.6767578125 0.26660156226415094 0.6689453125 0.26660156226415094 0.666015625 0.2709960933962264 0.666015625 0.2768554688679245 0.6845703125 0.30761718773584906 0.6904296875 0.30761718773584906 0.693359375 0.3032226566037736 0.693359375 0.2973632811320755 0.689453125 0.2856445311320755 0.6767578125 0.26660156226415094
1 0.7578125 0.3530273433962264 0.751953125 0.3354492188679245 0.7431640625 0.3222656245283019 0.7373046875 0.31933593773584906 0.7275390625 0.31933593773584906 0.7177734375 0.32519531226415094 0.7109375 0.3354492188679245 0.708984375 0.3413085933962264 0.708984375 0.3559570311320755 0.712890625 0.3676757811320755 0.7177734375 0.375 0.7548828125 0.40136718773584906 0.7568359375 0.40136718773584906 0.76171875 0.3940429688679245 0.7578125 0.3530273433962264
4 0.7900390625 0.4394531245283019 0.7802734375 0.4394531245283019 0.7724609375 0.44238281226415094 0.7685546875 0.4453125 0.76171875 0.4555664066037736 0.759765625 0.4614257811320755 0.759765625 0.4819335933962264 0.76171875 0.48779296886792456 0.7646484375 0.4921875 0.7666015625 0.4921875 0.814453125 0.4526367188679245 0.8134765625 0.4511718745283019 0.7900390625 0.4394531245283019
9 0.7568359375 0.524414062264151 0.751953125 0.5317382811320754 0.751953125 0.5434570311320754 0.7548828125 0.547851562264151 0.7578125 0.5434570311320754 0.759765625 0.5375976566037736 0.759765625 0.5258789066037736 0.7587890625 0.524414062264151 0.7568359375 0.524414062264151
12 0.77734375 0.6372070311320754 0.775390625 0.6313476566037736 0.7685546875 0.62109375 0.7568359375 0.62109375 0.7509765625 0.6269531245283019 0.748046875 0.6313476566037736 0.744140625 0.6430664066037736 0.744140625 0.6577148433962264 0.74609375 0.6635742188679246 0.7509765625 0.66796875 0.7548828125 0.66796875 0.7724609375 0.659179687735849 0.77734375 0.6518554688679246 0.77734375 0.6372070311320754
9 0.7021484375 0.6621093754716981 0.6943359375 0.65625 0.6923828125 0.65625 0.69140625 0.6577148433962264 0.689453125 0.6635742188679246 0.689453125 0.6752929688679246 0.693359375 0.6870117188679246 0.6982421875 0.694335937735849 0.7041015625 0.700195312264151 0.708984375 0.6928710933962264 0.705078125 0.6694335933962264 0.7021484375 0.6621093754716981
14 0.734375 0.7631835933962264 0.7333984375 0.76171875 0.7275390625 0.76171875 0.720703125 0.7719726566037736 0.720703125 0.8100585933962264 0.7236328125 0.8144531245283019 0.7255859375 0.8144531245283019 0.7265625 0.8129882811320754 0.73046875 0.7954101566037736 0.734375 0.7690429688679246 0.734375 0.7631835933962264
11 0.4951171875 0.35449218773584906 0.4912109375 0.35449218773584906 0.486328125 0.3618164066037736 0.482421875 0.3706054688679245 0.48046875 0.3764648433962264 0.48046875 0.3793945311320755 0.4814453125 0.3808593754716981 0.4853515625 0.3808593754716981 0.4921875 0.3706054688679245 0.49609375 0.3618164066037736 0.49609375 0.3559570311320755 0.4951171875 0.35449218773584906
13 0.4775390625 0.500976562264151 0.474609375 0.5053710933962264 0.474609375 0.5141601566037736 0.4765625 0.5229492188679246 0.4814453125 0.530273437735849 0.484375 0.5258789066037736 0.482421875 0.5053710933962264 0.4794921875 0.500976562264151 0.4775390625 0.500976562264151
1 0.431640625 0.6079101566037736 0.4267578125 0.600585937735849 0.4052734375 0.588867187735849 0.4013671875 0.588867187735849 0.396484375 0.5961914066037736 0.396484375 0.6108398433962264 0.3984375 0.6166992188679246 0.4052734375 0.6269531245283019 0.4091796875 0.629882812264151 0.4228515625 0.629882812264151 0.4296875 0.6196289066037736 0.431640625 0.6079101566037736