21 0.7255859375 0.518554687735849 0.6904296875 0.4921875 0.6357421875 0.48046875 0.6298828125 0.48046875 0.626953125 0.48486328113207544 0.58203125 0.5756835933962264 0.58203125 0.5786132811320754 0.599609375 0.6665039066037736 0.6376953125 0.747070312264151 0.7041015625 0.729492187735849 0.70703125 0.7250976566037736 0.73046875 0.5258789066037736 0.7255859375 0.518554687735849
21 0.498046875 0.6372070311320754 0.490234375 0.6225585933962264 0.4833984375 0.612304687735849 0.4736328125 0.6035156245283019 0.4560546875 0.612304687735849 0.4404296875 0.6269531245283019 0.4375 0.6313476566037736 0.439453125 0.6811523433962264 0.4404296875 0.682617187735849 0.4970703125 0.723632812264151 0.4990234375 0.723632812264151 0.517578125 0.7075195311320754 0.51953125 0.6811523433962264 0.498046875 0.6372070311320754
20 0.44921875 0.8041992188679246 0.4326171875 0.75 0.4052734375 0.758789062264151 0.396484375 0.7719726566037736 0.404296875 0.7895507811320754 0.4150390625 0.80859375 0.4326171875 0.823242187735849 0.4443359375 0.829101562264151 0.4482421875 0.829101562264151 0.453125 0.8217773433962264 0.44921875 0.8041992188679246
20 0.580078125 0.3090820311320755 0.5732421875 0.29296875 0.5537109375 0.27832031226415094 0.5517578125 0.27832031226415094 0.5478515625 0.28125 0.544921875 0.2856445311320755 0.54296875 0.2915039066037736 0.54296875 0.2973632811320755 0.544921875 0.3032226566037736 0.5615234375 0.328125 0.5673828125 0.33105468773584906 0.5791015625 0.32519531226415094 0.580078125 0.3237304688679245 0.580078125 0.3090820311320755
18 0.72265625 0.4028320311320755 0.716796875 0.3735351566037736 0.7099609375 0.36328125 0.7060546875 0.36035156226415094 0.6982421875 0.36035156226415094 0.697265625 0.3618164066037736 0.6953125 0.3706054688679245 0.693359375 0.3823242188679245 0.6953125 0.3940429688679245 0.701171875 0.4204101566037736 0.703125 0.4262695311320755 0.7080078125 0.43359375 0.7177734375 0.43359375 0.72265625 0.4262695311320755 0.72265625 0.4028320311320755
18 0.544921875 0.18017578113207547 0.5439453125 0.17871093773584906 0.5380859375 0.17871093773584906 0.5068359375 0.1875 0.5029296875 0.19042968773584906 0.498046875 0.1977539066037736 0.498046875 0.2006835933962264 0.5107421875 0.21679687452830187 0.5263671875 0.21679687452830187 0.5341796875 0.2109375 0.54296875 0.1977539066037736 0.544921875 0.19189453113207547 0.544921875 0.18017578113207547
18 0.341796875 0.3442382811320755 0.341796875 0.3354492188679245 0.3271484375 0.29296875 0.3173828125 0.29296875 0.3134765625 0.29589843773584906 0.310546875 0.3002929688679245 0.306640625 0.3120117188679245 0.306640625 0.3266601566037736 0.310546875 0.3442382811320755 0.3134765625 0.3515625 0.3193359375 0.3574218754716981 0.3232421875 0.3574218754716981 0.3310546875 0.35449218773584906 0.341796875 0.3442382811320755
18 0.265625 0.3969726566037736 0.271484375 0.3793945311320755 0.275390625 0.3588867188679245 0.275390625 0.3500976566037736 0.2685546875 0.33984375 0.2587890625 0.33984375 0.248046875 0.3559570311320755 0.232421875 0.3940429688679245 0.228515625 0.4057617188679245 0.228515625 0.4174804688679245 0.23046875 0.4233398433962264 0.2333984375 0.4277343745283019 0.2451171875 0.4277343745283019 0.2529296875 0.421875 0.2578125 0.4145507811320755 0.265625 0.3969726566037736
18 0.255859375 0.49658203113207544 0.25 0.4672851566037736 0.240234375 0.4409179688679245 0.2373046875 0.43652343773584906 0.2353515625 0.43652343773584906 0.23046875 0.4438476566037736 0.228515625 0.4497070311320755 0.228515625 0.4643554688679245 0.232421875 0.5200195311320754 0.2392578125 0.530273437735849 0.2451171875 0.524414062264151 0.25390625 0.5112304688679246 0.255859375 0.5053710933962264 0.255859375 0.49658203113207544
18 0.283203125 0.5170898433962264 0.28125 0.5024414066037736 0.2783203125 0.4980468754716982 0.2587890625 0.50390625 0.25390625 0.5083007811320754 0.25 0.5200195311320754 0.25 0.5434570311320754 0.2587890625 0.5566406245283019 0.2705078125 0.5566406245283019 0.2744140625 0.553710937735849 0.279296875 0.5463867188679246 0.283203125 0.5288085933962264 0.283203125 0.5170898433962264
18 0.353515625 0.6020507811320754 0.353515625 0.5698242188679246 0.3515625 0.5610351566037736 0.349609375 0.5551757811320754 0.3466796875 0.55078125 0.3408203125 0.55078125 0.333984375 0.5610351566037736 0.33203125 0.5756835933962264 0.33203125 0.5844726566037736 0.333984375 0.6020507811320754 0.3359375 0.6079101566037736 0.3408203125 0.6152343754716981 0.3466796875 0.6152343754716981 0.3515625 0.6079101566037736 0.353515625 0.6020507811320754
18 0.255859375 0.6254882811320754 0.255859375 0.6079101566037736 0.25390625 0.6020507811320754 0.2509765625 0.59765625 0.2470703125 0.594726562264151 0.2333984375 0.594726562264151 0.2294921875 0.59765625 0.2265625 0.6020507811320754 0.2265625 0.6196289066037736 0.23046875 0.6313476566037736 0.2333984375 0.635742187735849 0.2373046875 0.6386718754716981 0.2490234375 0.6386718754716981 0.25390625 0.6313476566037736 0.255859375 0.6254882811320754
18 0.3662109375 0.31933593773584906 0.3671875 0.3178710933962264 0.3671875 0.3120117188679245 0.3505859375 0.2753906245283019 0.3447265625 0.2753906245283019 0.3408203125 0.27832031226415094 0.3359375 0.2856445311320755 0.333984375 0.2915039066037736 0.333984375 0.2973632811320755 0.3359375 0.3061523433962264 0.3388671875 0.31347656226415094 0.3447265625 0.31933593773584906 0.3505859375 0.3222656245283019 0.3603515625 0.3222656245283019 0.3662109375 0.31933593773584906
18 0.375 0.7602539066037736 0.369140625 0.7426757811320754 0.3642578125 0.735351562264151 0.3603515625 0.7324218754716981 0.3486328125 0.7324218754716981 0.3291015625 0.75 0.328125 0.7514648433962264 0.328125 0.7543945311320754 0.3291015625 0.7558593754716981 0.3681640625 0.7910156245283019 0.3701171875 0.7910156245283019 0.37109375 0.7895507811320754 0.375 0.7778320311320754 0.375 0.7602539066037736
9 0.3505859375 0.8496093745283019 0.3564453125 0.84375 0.359375 0.8393554688679246 0.359375 0.8305664066037736 0.357421875 0.8071289066037736 0.3515625 0.7895507811320754 0.3173828125 0.735351562264151 0.3134765625 0.7324218754716981 0.3095703125 0.7324218754716981 0.3056640625 0.735351562264151 0.30078125 0.7426757811320754 0.298828125 0.7485351566037736 0.296875 0.7661132811320754 0.296875 0.7719726566037736 0.302734375 0.8012695311320754 0.30859375 0.8247070311320754 0.3173828125 0.8378906245283019 0.3232421875 0.84375 0.3349609375 0.8496093745283019 0.3505859375 0.8496093745283019
9 0.494140625 0.7397460933962264 0.4921875 0.7338867188679246 0.4892578125 0.729492187735849 0.4794921875 0.729492187735849 0.474609375 0.7368164066037736 0.474609375 0.7514648433962264 0.478515625 0.7661132811320754 0.4814453125 0.770507812264151 0.4892578125 0.770507812264151 0.4921875 0.7661132811320754 0.494140625 0.7602539066037736 0.494140625 0.7397460933962264
9 0.609375 0.7543945311320754 0.607421875 0.7485351566037736 0.6044921875 0.7441406245283019 0.5908203125 0.7324218754716981 0.5849609375 0.7324218754716981 0.58203125 0.7368164066037736 0.58203125 0.7426757811320754 0.583984375 0.7514648433962264 0.58984375 0.7690429688679246 0.5966796875 0.776367187735849 0.6025390625 0.776367187735849 0.609375 0.7661132811320754 0.609375 0.7543945311320754
9 0.4091796875 0.14648437547169813 0.4052734375 0.14648437547169813 0.3984375 0.15673828113207547 0.3984375 0.1625976566037736 0.4111328125 0.19042968773584906 0.4248046875 0.19335937547169813 0.427734375 0.1860351566037736 0.427734375 0.1655273433962264 0.42578125 0.15966796886792453 0.4091796875 0.14648437547169813
9 0.45703125 0.3061523433962264 0.458984375 0.3002929688679245 0.453125 0.2709960933962264 0.451171875 0.2651367188679245 0.4482421875 0.26074218773584906 0.4404296875 0.26074218773584906 0.435546875 0.2651367188679245 0.43359375 0.2709960933962264 0.43359375 0.2856445311320755 0.435546875 0.2915039066037736 0.44140625 0.3032226566037736 0.4482421875 0.31347656226415094 0.4501953125 0.31347656226415094 0.4541015625 0.3105468754716981 0.45703125 0.3061523433962264
9 0.3046875 0.3120117188679245 0.2998046875 0.3046875 0.2900390625 0.3046875 0.2783203125 0.30761718773584906 0.2724609375 0.31347656226415094 0.26953125 0.3178710933962264 0.26953125 0.3208007811320755 0.2724609375 0.32519531226415094 0.2783203125 0.33105468773584906 0.2900390625 0.3339843754716981 0.2978515625 0.3339843754716981 0.3046875 0.3237304688679245 0.3046875 0.3120117188679245
9 0.38671875 0.4497070311320755 0.3818359375 0.44238281226415094 0.3779296875 0.4394531245283019 0.3701171875 0.44238281226415094 0.365234375 0.4497070311320755 0.359375 0.4672851566037736 0.359375 0.4819335933962264 0.3623046875 0.4863281245283018 0.3662109375 0.4863281245283018 0.3720703125 0.483398437735849 0.384765625 0.4643554688679245 0.38671875 0.4584960933962264 0.38671875 0.4497070311320755
9 0.572265625 0.21826171886792453 0.572265625 0.2124023433962264 0.5703125 0.20654296886792453 0.5673828125 0.20214843773584906 0.5576171875 0.19921875 0.5458984375 0.20507812452830187 0.541015625 0.2124023433962264 0.541015625 0.2211914066037736 0.5439453125 0.22558593773584906 0.5478515625 0.22851562452830187 0.5556640625 0.23144531226415094 0.5654296875 0.23144531226415094 0.5703125 0.2241210933962264 0.572265625 0.21826171886792453
1 0.4716796875 0.14355468773584906 0.4697265625 0.14355468773584906 0.4560546875 0.14941406226415094 0.4443359375 0.15820312452830187 0.439453125 0.1655273433962264 0.4375 0.17138671886792453 0.435546875 0.18310546886792453 0.4375 0.19189453113207547 0.4404296875 0.19921875 0.4541015625 0.2109375 0.4677734375 0.21679687452830187 0.4716796875 0.21679687452830187 0.48828125 0.16845703113207547 0.4716796875 0.14355468773584906
1 0.615234375 0.20654296886792453 0.6123046875 0.20214843773584906 0.6083984375 0.19921875 0.6025390625 0.19921875 0.5966796875 0.20214843773584906 0.59375 0.20654296886792453 0.591796875 0.2124023433962264 0.58984375 0.2241210933962264 0.58984375 0.22705078113207547 0.591796875 0.2329101566037736 0.6064453125 0.2431640622641509 0.6083984375 0.2431640622641509 0.61328125 0.22998046886792453 0.615234375 0.2211914066037736 0.615234375 0.20654296886792453
1 0.431640625 0.3413085933962264 0.4287109375 0.33691406226415094 0.3974609375 0.33691406226415094 0.396484375 0.3383789066037736 0.396484375 0.3559570311320755 0.4013671875 0.36621093773584906 0.4091796875 0.37207031226415094 0.4228515625 0.37207031226415094 0.4296875 0.3618164066037736 0.431640625 0.3559570311320755 0.431640625 0.3413085933962264
1 0.31640625 0.4350585933962264 0.306640625 0.3969726566037736 0.2998046875 0.38964843773584906 0.2939453125 0.38964843773584906 0.28515625 0.3969726566037736 0.283203125 0.4028320311320755 0.283203125 0.4204101566037736 0.287109375 0.4321289066037736 0.2919921875 0.4394531245283019 0.3017578125 0.44824218773584906 0.3134765625 0.44824218773584906 0.31640625 0.4438476566037736 0.31640625 0.4350585933962264
1 0.3671875 0.7163085933962264 0.3671875 0.6987304688679246 0.365234375 0.6928710933962264 0.3525390625 0.6738281245283019 0.3447265625 0.670898437735849 0.3349609375 0.6738281245283019 0.330078125 0.6811523433962264 0.330078125 0.6899414066037736 0.3359375 0.7045898433962264 0.3486328125 0.7207031245283019 0.3564453125 0.7265625 0.3603515625 0.7265625 0.3642578125 0.723632812264151 0.3671875 0.7163085933962264
1 0.419921875 0.5346679688679246 0.427734375 0.5200195311320754 0.4296875 0.5141601566037736 0.4296875 0.5024414066037736 0.4267578125 0.495117187735849 0.4189453125 0.495117187735849 0.3896484375 0.5214843754716981 0.38671875 0.5258789066037736 0.388671875 0.5434570311320754 0.3916015625 0.547851562264151 0.3955078125 0.55078125 0.4033203125 0.55078125 0.4091796875 0.547851562264151 0.4150390625 0.541992187735849 0.419921875 0.5346679688679246
21 0.5185546875 0.27832031226415094 0.5107421875 0.2753906245283019 0.5009765625 0.2753906245283019 0.4931640625 0.27832031226415094 0.4921875 0.2797851566037736 0.48828125 0.2944335933962264 0.48828125 0.3383789066037736 0.4970703125 0.3457031245283019 0.5029296875 0.3457031245283019 0.5205078125 0.33105468773584906 0.525390625 0.3237304688679245 0.525390625 0.2973632811320755 0.5185546875 0.27832031226415094
20 0.56640625 0.3940429688679245 0.56640625 0.3911132811320755 0.5556640625 0.37207031226415094 0.5419921875 0.36035156226415094 0.5361328125 0.36035156226415094 0.529296875 0.3676757811320755 0.52734375 0.3735351566037736 0.52734375 0.3764648433962264 0.529296875 0.3852539066037736 0.5341796875 0.3925781245283019 0.5556640625 0.40722656226415094 0.5615234375 0.40722656226415094 0.5625 0.4057617188679245 0.56640625 0.3940429688679245
9 0.640625 0.2416992188679245 0.6376953125 0.23730468773584906 0.6240234375 0.23144531226415094 0.6201171875 0.23144531226415094 0.61328125 0.2416992188679245 0.61328125 0.2446289066037736 0.615234375 0.2504882811320755 0.6279296875 0.26660156226415094 0.6376953125 0.26660156226415094 0.640625 0.2622070311320755 0.642578125 0.2563476566037736 0.640625 0.2416992188679245
13 0.6337890625 0.7558593754716981 0.6181640625 0.776367187735849 0.615234375 0.7807617188679246 0.6181640625 0.78515625 0.6318359375 0.799804687735849 0.6376953125 0.799804687735849 0.638671875 0.7983398433962264 0.640625 0.7602539066037736 0.6376953125 0.7558593754716981 0.6337890625 0.7558593754716981
18 0.3603515625 0.41894531226415094 0.36328125 0.4116210933962264 0.36328125 0.4028320311320755 0.3603515625 0.3984375 0.3564453125 0.39550781226415094 0.3466796875 0.39550781226415094 0.3173828125 0.4042968745283019 0.3134765625 0.40722656226415094 0.30859375 0.4145507811320755 0.30859375 0.4233398433962264 0.310546875 0.4291992188679245 0.3134765625 0.43359375 0.3193359375 0.4394531245283019 0.3330078125 0.4394531245283019 0.3544921875 0.42480468773584906 0.3603515625 0.41894531226415094
14 0.29296875 0.5610351566037736 0.2861328125 0.547851562264151 0.2822265625 0.5449218754716981 0.2783203125 0.547851562264151 0.2734375 0.5551757811320754 0.2734375 0.5581054688679246 0.28515625 0.5903320311320754 0.2861328125 0.5917968754716981 0.2900390625 0.5917968754716981 0.294921875 0.5844726566037736 0.294921875 0.5668945311320754 0.29296875 0.5610351566037736
14 0.3525390625 0.512695312264151 0.3427734375 0.500976562264151 0.3349609375 0.500976562264151 0.33203125 0.5053710933962264 0.33203125 0.5200195311320754 0.3369140625 0.52734375 0.3408203125 0.530273437735849 0.3525390625 0.530273437735849 0.35546875 0.5258789066037736 0.35546875 0.5170898433962264 0.3525390625 0.512695312264151
14 0.4501953125 0.577148437735849 0.4306640625 0.583007812264151 0.42578125 0.5903320311320754 0.42578125 0.5961914066037736 0.4306640625 0.6035156245283019 0.4423828125 0.6035156245283019 0.4501953125 0.59765625 0.455078125 0.5903320311320754 0.455078125 0.5844726566037736 0.4501953125 0.577148437735849
14 0.4130859375 0.688476562264151 0.4111328125 0.688476562264151 0.41015625 0.6899414066037736 0.41015625 0.6987304688679246 0.4189453125 0.7207031245283019 0.4267578125 0.717773437735849 0.431640625 0.7104492188679246 0.431640625 0.7045898433962264 0.4248046875 0.694335937735849 0.4130859375 0.688476562264151
14 0.5400390625 0.73828125 0.5166015625 0.741210937735849 0.515625 0.7426757811320754 0.515625 0.7543945311320754 0.5205078125 0.76171875 0.5361328125 0.76171875 0.5419921875 0.7558593754716981 0.544921875 0.7485351566037736 0.54296875 0.7426757811320754 0.5400390625 0.73828125
14 0.6689453125 0.30761718773584906 0.6630859375 0.31347656226415094 0.658203125 0.3208007811320755 0.65625 0.3413085933962264 0.65625 0.3559570311320755 0.6572265625 0.3574218754716981 0.6591796875 0.3574218754716981 0.6640625 0.3500976566037736 0.669921875 0.3295898433962264 0.669921875 0.3090820311320755 0.6689453125 0.30761718773584906
14 0.6455078125 0.3457031245283019 0.6396484375 0.34277343773584906 0.6337890625 0.34277343773584906 0.630859375 0.3471679688679245 0.630859375 0.3618164066037736 0.6337890625 0.36621093773584906 0.6396484375 0.36621093773584906 0.6435546875 0.36328125 0.6484375 0.3559570311320755 0.6484375 0.3500976566037736 0.6455078125 0.3457031245283019
14 0.4931640625 0.3457031245283019 0.4912109375 0.3457031245283019 0.486328125 0.3530273433962264 0.486328125 0.3588867188679245 0.5048828125 0.38378906226415094 0.5068359375 0.38378906226415094 0.5078125 0.3823242188679245 0.5078125 0.3735351566037736 0.50390625 0.3618164066037736 0.4931640625 0.3457031245283019
13 0.3583984375 0.26074218773584906 0.3544921875 0.26074218773584906 0.353515625 0.2622070311320755 0.3515625 0.2680664066037736 0.3515625 0.2944335933962264 0.3544921875 0.30175781226415094 0.3583984375 0.30175781226415094 0.365234375 0.2885742188679245 0.3671875 0.2827148433962264 0.3671875 0.2768554688679245 0.3583984375 0.26074218773584906
27 0.3583984375 0.1875 0.3525390625 0.1875 0.33203125 0.2124023433962264 0.330078125 0.2709960933962264 0.3310546875 0.27246093773584906 0.4052734375 0.28125 0.4091796875 0.27832031226415094 0.412109375 0.2739257811320755 0.421875 0.2504882811320755 0.4189453125 0.24609375 0.3583984375 0.1875
27 0.6650390625 0.4160156245283019 0.66796875 0.4116210933962264 0.66796875 0.3940429688679245 0.662109375 0.3735351566037736 0.6591796875 0.3691406245283019 0.5927734375 0.3339843754716981 0.5908203125 0.3339843754716981 0.5859375 0.3413085933962264 0.58203125 0.3530273433962264 0.58203125 0.3588867188679245 0.587890625 0.4321289066037736 0.58984375 0.4526367188679245 0.5908203125 0.45410156226415094 0.5986328125 0.45410156226415094 0.6611328125 0.41894531226415094 0.6650390625 0.4160156245283019
9 0.57421875 0.7133789066037736 0.5771484375 0.717773437735849 0.5830078125 0.717773437735849 0.5859375 0.7133789066037736 0.5859375 0.7104492188679246 0.5810546875 0.706054687735849 0.5771484375 0.7089843754716981 0.57421875 0.7133789066037736
7 0.5771484375 0.7089843754716981 0.5830078125 0.703125 0.591796875 0.6899414066037736 0.59375 0.6840820311320754 0.59375 0.6723632811320754 0.5859375 0.6108398433962264 0.5732421875 0.5859375 0.5634765625 0.577148437735849 0.5537109375 0.577148437735849 0.5361328125 0.583007812264151 0.5283203125 0.588867187735849 0.5205078125 0.59765625 0.517578125 0.6020507811320754 0.515625 0.6079101566037736 0.505859375 0.7192382811320754 0.505859375 0.7221679688679246 0.5107421875 0.729492187735849 0.5146484375 0.7324218754716981 0.5361328125 0.7324218754716981 0.5478515625 0.729492187735849 0.5576171875 0.723632812264151 0.5771484375 0.7089843754716981
7 0.5341796875 0.5449218754716981 0.541015625 0.5346679688679246 0.568359375 0.4438476566037736 0.56640625 0.4379882811320755 0.5595703125 0.4277343745283019 0.5537109375 0.421875 0.5361328125 0.421875 0.5283203125 0.42480468773584906 0.5244140625 0.4277343745283019 0.4580078125 0.515625 0.45703125 0.5170898433962264 0.45703125 0.5258789066037736 0.458984375 0.5346679688679246 0.4716796875 0.553710937735849 0.4873046875 0.559570312264151 0.4990234375 0.559570312264151 0.5302734375 0.547851562264151 0.5341796875 0.5449218754716981
7 0.4658203125 0.483398437735849 0.470703125 0.4760742188679245 0.47265625 0.4555664066037736 0.46484375 0.4116210933962264 0.4599609375 0.4042968745283019 0.4521484375 0.3984375 0.4287109375 0.38964843773584906 0.4208984375 0.38964843773584906 0.4111328125 0.3925781245283019 0.4072265625 0.39550781226415094 0.404296875 0.4028320311320755 0.396484375 0.4438476566037736 0.396484375 0.4643554688679245 0.4013671875 0.47167968773584906 0.4208984375 0.4921875 0.4267578125 0.495117187735849 0.4501953125 0.495117187735849 0.4560546875 0.4921875 0.4658203125 0.483398437735849
1 0.5859375 0.4204101566037736 0.5771484375 0.41308593773584906 0.5673828125 0.41894531226415094 0.564453125 0.4233398433962264 0.564453125 0.4379882811320755 0.5859375 0.4907226566037736 0.5927734375 0.500976562264151 0.5986328125 0.50390625 0.6025390625 0.50390625 0.603515625 0.5024414066037736 0.5859375 0.4204101566037736
0 0.5029296875 0.7558593754716981 0.5 0.7602539066037736 0.5 0.7631835933962264 0.5009765625 0.764648437735849 0.5048828125 0.764648437735849 0.5078125 0.7602539066037736 0.5078125 0.7573242188679246 0.5068359375 0.7558593754716981 0.5029296875 0.7558593754716981