18 0.3740234375 0.2988281245283019 0.376953125 0.2944335933962264 0.37890625 0.2885742188679245 0.37890625 0.2739257811320755 0.369140625 0.2446289066037736 0.361328125 0.22705078113207547 0.3505859375 0.2109375 0.3447265625 0.20800781226415094 0.3408203125 0.20800781226415094 0.3369140625 0.2109375 0.33203125 0.21826171886792453 0.330078125 0.2241210933962264 0.330078125 0.2416992188679245 0.333984375 0.2534179688679245 0.3515625 0.2885742188679245 0.3583984375 0.2988281245283019 0.3642578125 0.30175781226415094 0.3701171875 0.30175781226415094 0.3740234375 0.2988281245283019
18 0.6591796875 0.38964843773584906 0.6630859375 0.38671875 0.66796875 0.3793945311320755 0.671875 0.3676757811320755 0.671875 0.3559570311320755 0.6591796875 0.33691406226415094 0.6513671875 0.328125 0.6416015625 0.31933593773584906 0.6337890625 0.31933593773584906 0.6298828125 0.3222656245283019 0.625 0.3295898433962264 0.623046875 0.3354492188679245 0.623046875 0.3442382811320755 0.625 0.3500976566037736 0.62890625 0.3588867188679245 0.6376953125 0.37207031226415094 0.6494140625 0.38671875 0.6533203125 0.38964843773584906 0.6591796875 0.38964843773584906
18 0.6328125 0.4702148433962264 0.638671875 0.4379882811320755 0.63671875 0.4233398433962264 0.6279296875 0.41015625 0.6162109375 0.41015625 0.60546875 0.4262695311320755 0.591796875 0.4614257811320755 0.58984375 0.5024414066037736 0.5908203125 0.50390625 0.6005859375 0.5097656245283019 0.6103515625 0.506835937735849 0.6181640625 0.500976562264151 0.625 0.4907226566037736 0.62890625 0.4819335933962264 0.6328125 0.4702148433962264
18 0.716796875 0.6079101566037736 0.708984375 0.5815429688679246 0.703125 0.5698242188679246 0.6982421875 0.565429687735849 0.6923828125 0.565429687735849 0.6884765625 0.5683593754716981 0.68359375 0.5756835933962264 0.68359375 0.5903320311320754 0.689453125 0.6108398433962264 0.6953125 0.6254882811320754 0.7021484375 0.635742187735849 0.7119140625 0.635742187735849 0.716796875 0.6284179688679246 0.716796875 0.6079101566037736
18 0.439453125 0.3032226566037736 0.439453125 0.2885742188679245 0.435546875 0.2768554688679245 0.4287109375 0.26660156226415094 0.4248046875 0.2636718754716981 0.4150390625 0.2636718754716981 0.4091796875 0.26660156226415094 0.40625 0.2709960933962264 0.40625 0.2768554688679245 0.412109375 0.3266601566037736 0.4150390625 0.3339843754716981 0.4208984375 0.3339843754716981 0.4287109375 0.328125 0.435546875 0.3178710933962264 0.439453125 0.3032226566037736
18 0.3427734375 0.42480468773584906 0.353515625 0.4116210933962264 0.3427734375 0.3925781245283019 0.3232421875 0.3925781245283019 0.3115234375 0.39550781226415094 0.3046875 0.4028320311320755 0.302734375 0.4086914066037736 0.302734375 0.4174804688679245 0.3046875 0.4233398433962264 0.3076171875 0.4277343745283019 0.3115234375 0.43066406226415094 0.3251953125 0.43066406226415094 0.3388671875 0.4277343745283019 0.3427734375 0.42480468773584906
18 0.2939453125 0.421875 0.30078125 0.4116210933962264 0.30078125 0.3969726566037736 0.2978515625 0.3925781245283019 0.2919921875 0.38964843773584906 0.2705078125 0.40136718773584906 0.2666015625 0.4042968745283019 0.26171875 0.4116210933962264 0.259765625 0.4174804688679245 0.259765625 0.4262695311320755 0.26171875 0.4321289066037736 0.2666015625 0.43652343773584906 0.2744140625 0.43652343773584906 0.2802734375 0.43359375 0.2880859375 0.4277343745283019 0.2939453125 0.421875
18 0.4013671875 0.635742187735849 0.40234375 0.6342773433962264 0.404296875 0.6225585933962264 0.404296875 0.6137695311320754 0.40234375 0.6020507811320754 0.3984375 0.5903320311320754 0.392578125 0.5786132811320754 0.3759765625 0.553710937735849 0.3701171875 0.55078125 0.3603515625 0.55078125 0.35546875 0.5581054688679246 0.353515625 0.5639648433962264 0.353515625 0.5698242188679246 0.35546875 0.5786132811320754 0.359375 0.5903320311320754 0.375 0.6225585933962264 0.3818359375 0.6328125 0.3896484375 0.6386718754716981 0.4013671875 0.635742187735849
18 0.27734375 0.5317382811320754 0.2685546875 0.5214843754716981 0.2646484375 0.518554687735849 0.2568359375 0.515625 0.2548828125 0.515625 0.2451171875 0.5214843754716981 0.2421875 0.5258789066037736 0.2421875 0.5375976566037736 0.2685546875 0.57421875 0.2724609375 0.57421875 0.28125 0.5610351566037736 0.283203125 0.5522460933962264 0.283203125 0.5463867188679246 0.27734375 0.5317382811320754
18 0.357421875 0.6928710933962264 0.357421875 0.6870117188679246 0.35546875 0.6782226566037736 0.349609375 0.6606445311320754 0.3466796875 0.65625 0.3427734375 0.653320312264151 0.3330078125 0.653320312264151 0.330078125 0.6577148433962264 0.328125 0.6635742188679246 0.328125 0.6782226566037736 0.33203125 0.6870117188679246 0.3388671875 0.700195312264151 0.3427734375 0.703125 0.3525390625 0.703125 0.35546875 0.6987304688679246 0.357421875 0.6928710933962264
18 0.431640625 0.6987304688679246 0.4267578125 0.69140625 0.4150390625 0.682617187735849 0.4052734375 0.682617187735849 0.4013671875 0.6855468754716981 0.396484375 0.6928710933962264 0.39453125 0.6987304688679246 0.39453125 0.7163085933962264 0.396484375 0.7221679688679246 0.4052734375 0.7324218754716981 0.4228515625 0.7324218754716981 0.4296875 0.7221679688679246 0.431640625 0.7163085933962264 0.431640625 0.6987304688679246
18 0.501953125 0.7104492188679246 0.501953125 0.6987304688679246 0.4990234375 0.694335937735849 0.4931640625 0.688476562264151 0.4794921875 0.688476562264151 0.4658203125 0.694335937735849 0.4580078125 0.700195312264151 0.451171875 0.7104492188679246 0.451171875 0.7250976566037736 0.4541015625 0.7324218754716981 0.4619140625 0.73828125 0.4677734375 0.73828125 0.4912109375 0.729492187735849 0.5 0.7163085933962264 0.501953125 0.7104492188679246
18 0.5927734375 0.7089843754716981 0.5869140625 0.7089843754716981 0.580078125 0.7163085933962264 0.57421875 0.7309570311320754 0.5703125 0.7426757811320754 0.5703125 0.7543945311320754 0.5732421875 0.76171875 0.5810546875 0.76171875 0.587890625 0.7514648433962264 0.59765625 0.7309570311320754 0.59765625 0.7133789066037736 0.5927734375 0.7089843754716981
18 0.6767578125 0.747070312264151 0.6796875 0.7397460933962264 0.6796875 0.7280273433962264 0.6650390625 0.706054687735849 0.6513671875 0.688476562264151 0.6474609375 0.6855468754716981 0.6396484375 0.6855468754716981 0.6328125 0.6958007811320754 0.6328125 0.7016601566037736 0.638671875 0.7163085933962264 0.6455078125 0.7265625 0.6630859375 0.747070312264151 0.6669921875 0.75 0.6728515625 0.75 0.6767578125 0.747070312264151
18 0.5029296875 0.47167968773584906 0.5078125 0.4643554688679245 0.509765625 0.4584960933962264 0.509765625 0.4438476566037736 0.5078125 0.4379882811320755 0.4990234375 0.42480468773584906 0.4931640625 0.41894531226415094 0.4833984375 0.41308593773584906 0.4794921875 0.41308593773584906 0.4736328125 0.4160156245283019 0.46875 0.4233398433962264 0.466796875 0.4291992188679245 0.466796875 0.4379882811320755 0.46875 0.4438476566037736 0.4755859375 0.45410156226415094 0.4892578125 0.47167968773584906 0.4951171875 0.4746093745283019 0.4990234375 0.4746093745283019 0.5029296875 0.47167968773584906
18 0.513671875 0.5170898433962264 0.513671875 0.49951171886792456 0.5087890625 0.4921875 0.5009765625 0.4863281245283018 0.4892578125 0.4863281245283018 0.4833984375 0.489257812264151 0.48046875 0.4936523433962264 0.478515625 0.49951171886792456 0.478515625 0.5112304688679246 0.48046875 0.5229492188679246 0.4912109375 0.5390625 0.4951171875 0.5390625 0.5048828125 0.5332031245283019 0.51171875 0.5229492188679246 0.513671875 0.5170898433962264
18 0.623046875 0.3090820311320755 0.6328125 0.2856445311320755 0.63671875 0.2651367188679245 0.63671875 0.2475585933962264 0.6328125 0.2329101566037736 0.5966796875 0.18164062452830187 0.5908203125 0.17871093773584906 0.5810546875 0.17871093773584906 0.5693359375 0.1875 0.5634765625 0.19335937547169813 0.5546875 0.2094726566037736 0.544921875 0.2446289066037736 0.54296875 0.2651367188679245 0.541015625 0.2973632811320755 0.5419921875 0.2988281245283019 0.5595703125 0.31933593773584906 0.5693359375 0.328125 0.5751953125 0.33105468773584906 0.5966796875 0.33105468773584906 0.6162109375 0.31933593773584906 0.623046875 0.3090820311320755
1 0.328125 0.3559570311320755 0.328125 0.3530273433962264 0.3271484375 0.3515625 0.3037109375 0.3222656245283019 0.2958984375 0.31640625 0.2939453125 0.31640625 0.2822265625 0.32519531226415094 0.279296875 0.3295898433962264 0.27734375 0.3354492188679245 0.27734375 0.3383789066037736 0.28125 0.3559570311320755 0.2998046875 0.3808593754716981 0.3095703125 0.3808593754716981 0.3173828125 0.375 0.326171875 0.3618164066037736 0.328125 0.3559570311320755
1 0.4296875 0.2241210933962264 0.42578125 0.2094726566037736 0.4189453125 0.19921875 0.4150390625 0.19628906226415094 0.4072265625 0.19628906226415094 0.4033203125 0.19921875 0.400390625 0.20361328113207547 0.400390625 0.2124023433962264 0.4033203125 0.21679687452830187 0.4228515625 0.23730468773584906 0.4267578125 0.24023437452830187 0.4287109375 0.24023437452830187 0.4296875 0.23876953113207547 0.4296875 0.2241210933962264
1 0.576171875 0.5991210933962264 0.57421875 0.5727539066037736 0.572265625 0.5668945311320754 0.5615234375 0.55078125 0.5576171875 0.547851562264151 0.5517578125 0.5449218754716981 0.5478515625 0.5449218754716981 0.5439453125 0.547851562264151 0.53515625 0.5610351566037736 0.53515625 0.5756835933962264 0.5400390625 0.583007812264151 0.5517578125 0.594726562264151 0.5556640625 0.59765625 0.5751953125 0.606445312264151 0.576171875 0.6049804688679246 0.576171875 0.5991210933962264
1 0.6298828125 0.612304687735849 0.642578125 0.5961914066037736 0.630859375 0.5727539066037736 0.6279296875 0.5683593754716981 0.6142578125 0.553710937735849 0.6005859375 0.553710937735849 0.595703125 0.5610351566037736 0.59375 0.5668945311320754 0.59375 0.5874023433962264 0.59765625 0.5961914066037736 0.6044921875 0.606445312264151 0.6123046875 0.612304687735849 0.6201171875 0.6152343754716981 0.6259765625 0.6152343754716981 0.6298828125 0.612304687735849
1 0.7421875 0.4467773433962264 0.7421875 0.4262695311320755 0.740234375 0.4174804688679245 0.736328125 0.4057617188679245 0.7333984375 0.40136718773584906 0.7294921875 0.3984375 0.7001953125 0.3925781245283019 0.6943359375 0.3925781245283019 0.685546875 0.4057617188679245 0.673828125 0.4555664066037736 0.6748046875 0.45703125 0.7060546875 0.47753906226415094 0.7119140625 0.47753906226415094 0.7197265625 0.4746093745283019 0.7294921875 0.46875 0.740234375 0.4526367188679245 0.7421875 0.4467773433962264
14 0.6572265625 0.6386718754716981 0.6337890625 0.62109375 0.6318359375 0.62109375 0.626953125 0.6284179688679246 0.623046875 0.6547851566037736 0.6240234375 0.65625 0.6318359375 0.65625 0.6513671875 0.653320312264151 0.6552734375 0.6503906245283019 0.658203125 0.6459960933962264 0.658203125 0.6401367188679246 0.6572265625 0.6386718754716981
9 0.58203125 0.6782226566037736 0.58203125 0.6665039066037736 0.578125 0.6518554688679246 0.5712890625 0.641601562264151 0.5673828125 0.641601562264151 0.5625 0.6489257811320754 0.560546875 0.6577148433962264 0.560546875 0.6840820311320754 0.5634765625 0.688476562264151 0.5673828125 0.69140625 0.5732421875 0.69140625 0.5771484375 0.688476562264151 0.580078125 0.6840820311320754 0.58203125 0.6782226566037736
9 0.53515625 0.6518554688679246 0.533203125 0.6372070311320754 0.5224609375 0.62109375 0.5185546875 0.618164062264151 0.5146484375 0.618164062264151 0.5107421875 0.62109375 0.509765625 0.6225585933962264 0.509765625 0.6401367188679246 0.513671875 0.6547851566037736 0.5166015625 0.659179687735849 0.5205078125 0.6621093754716981 0.5263671875 0.6621093754716981 0.5302734375 0.659179687735849 0.53515625 0.6518554688679246
9 0.3515625 0.7719726566037736 0.3466796875 0.764648437735849 0.3427734375 0.76171875 0.3349609375 0.76171875 0.328125 0.7719726566037736 0.328125 0.7836914066037736 0.330078125 0.7895507811320754 0.3388671875 0.80859375 0.3505859375 0.811523437735849 0.35546875 0.8041992188679246 0.35546875 0.7895507811320754 0.3515625 0.7719726566037736
9 0.30078125 0.6459960933962264 0.2978515625 0.641601562264151 0.2880859375 0.635742187735849 0.2724609375 0.635742187735849 0.263671875 0.6489257811320754 0.263671875 0.6606445311320754 0.2666015625 0.665039062264151 0.2705078125 0.66796875 0.2802734375 0.66796875 0.2919921875 0.6621093754716981 0.30078125 0.6547851566037736 0.30078125 0.6459960933962264
9 0.326171875 0.4702148433962264 0.32421875 0.4643554688679245 0.3173828125 0.45410156226415094 0.3115234375 0.44824218773584906 0.3017578125 0.4453125 0.296875 0.4497070311320755 0.294921875 0.4584960933962264 0.3046875 0.4790039066037736 0.3095703125 0.4863281245283018 0.3154296875 0.4921875 0.3173828125 0.4921875 0.32421875 0.4819335933962264 0.326171875 0.4760742188679245 0.326171875 0.4702148433962264
9 0.4091796875 0.3691406245283019 0.4052734375 0.36621093773584906 0.3974609375 0.36621093773584906 0.3935546875 0.3691406245283019 0.388671875 0.3764648433962264 0.388671875 0.3823242188679245 0.3896484375 0.38378906226415094 0.4091796875 0.3984375 0.4111328125 0.3984375 0.416015625 0.3940429688679245 0.416015625 0.3793945311320755 0.4091796875 0.3691406245283019
9 0.666015625 0.2680664066037736 0.662109375 0.2797851566037736 0.662109375 0.2827148433962264 0.6669921875 0.29003906226415094 0.6689453125 0.29003906226415094 0.671875 0.2856445311320755 0.671875 0.2739257811320755 0.6669921875 0.26660156226415094 0.666015625 0.2680664066037736
17 0.546875 0.4057617188679245 0.544921875 0.3618164066037736 0.5146484375 0.29003906226415094 0.5087890625 0.29003906226415094 0.4970703125 0.2988281245283019 0.4912109375 0.3046875 0.482421875 0.3178710933962264 0.48046875 0.3237304688679245 0.48046875 0.3266601566037736 0.486328125 0.3500976566037736 0.4912109375 0.36035156226415094 0.5302734375 0.40722656226415094 0.5341796875 0.41015625 0.5458984375 0.40722656226415094 0.546875 0.4057617188679245
17 0.4990234375 0.5859375 0.5 0.5844726566037736 0.44921875 0.4643554688679245 0.4228515625 0.4277343745283019 0.4189453125 0.4277343745283019 0.41015625 0.4409179688679245 0.408203125 0.4467773433962264 0.40625 0.4584960933962264 0.404296875 0.4731445311320755 0.41015625 0.49951171886792456 0.431640625 0.5815429688679246 0.4404296875 0.594726562264151 0.4482421875 0.59765625 0.4716796875 0.59765625 0.4931640625 0.588867187735849 0.4990234375 0.5859375
0 0.5283203125 0.17871093773584906 0.525390625 0.18310546886792453 0.525390625 0.1889648433962264 0.5283203125 0.19628906226415094 0.5322265625 0.19628906226415094 0.53515625 0.19189453113207547 0.53515625 0.18017578113207547 0.5341796875 0.17871093773584906 0.5283203125 0.17871093773584906
17 0.4912109375 0.18457031226415094 0.4853515625 0.18457031226415094 0.484375 0.1860351566037736 0.484375 0.19189453113207547 0.4951171875 0.2109375 0.4990234375 0.2109375 0.501953125 0.20654296886792453 0.501953125 0.20361328113207547 0.5 0.1977539066037736 0.4912109375 0.18457031226415094