14 0.455078125 0.8393554688679246 0.4521484375 0.834960937735849 0.4208984375 0.8378906245283019 0.419921875 0.8393554688679246 0.419921875 0.8481445311320754 0.4228515625 0.852539062264151 0.4365234375 0.858398437735849 0.4443359375 0.85546875 0.4482421875 0.852539062264151 0.455078125 0.8422851566037736 0.455078125 0.8393554688679246
14 0.6884765625 0.530273437735849 0.6875 0.5317382811320754 0.68359375 0.5434570311320754 0.68359375 0.5493164066037736 0.6904296875 0.559570312264151 0.6923828125 0.559570312264151 0.69921875 0.5463867188679246 0.6953125 0.5317382811320754 0.6943359375 0.530273437735849 0.6884765625 0.530273437735849
14 0.642578125 0.5112304688679246 0.6396484375 0.506835937735849 0.6357421875 0.506835937735849 0.6328125 0.5112304688679246 0.630859375 0.5170898433962264 0.630859375 0.5200195311320754 0.6328125 0.5346679688679246 0.6337890625 0.536132812264151 0.6455078125 0.541992187735849 0.6494140625 0.541992187735849 0.654296875 0.5346679688679246 0.642578125 0.5112304688679246
14 0.462890625 0.6254882811320754 0.4599609375 0.618164062264151 0.4365234375 0.612304687735849 0.435546875 0.6137695311320754 0.435546875 0.6225585933962264 0.439453125 0.6372070311320754 0.4404296875 0.6386718754716981 0.4482421875 0.6386718754716981 0.4560546875 0.635742187735849 0.4599609375 0.6328125 0.462890625 0.6254882811320754
14 0.5302734375 0.66796875 0.5244140625 0.66796875 0.5126953125 0.676757812264151 0.505859375 0.6870117188679246 0.505859375 0.6958007811320754 0.5068359375 0.6972656245283019 0.5087890625 0.6972656245283019 0.5146484375 0.69140625 0.5244140625 0.6796875 0.53125 0.6694335933962264 0.5302734375 0.66796875
14 0.3193359375 0.747070312264151 0.2978515625 0.73828125 0.2939453125 0.73828125 0.291015625 0.7426757811320754 0.291015625 0.7456054688679246 0.2939453125 0.75 0.3037109375 0.758789062264151 0.3095703125 0.758789062264151 0.3193359375 0.7558593754716981 0.322265625 0.7514648433962264 0.3193359375 0.747070312264151
14 0.44921875 0.3061523433962264 0.4482421875 0.3046875 0.4306640625 0.29003906226415094 0.4267578125 0.29003906226415094 0.42578125 0.2915039066037736 0.423828125 0.2973632811320755 0.427734375 0.3090820311320755 0.4326171875 0.31640625 0.4404296875 0.3222656245283019 0.4423828125 0.3222656245283019 0.447265625 0.3149414066037736 0.44921875 0.3090820311320755 0.44921875 0.3061523433962264
14 0.4658203125 0.26953125 0.46484375 0.2709960933962264 0.44921875 0.2973632811320755 0.4501953125 0.2988281245283019 0.4560546875 0.2988281245283019 0.4658203125 0.2871093754716981 0.47265625 0.2768554688679245 0.47265625 0.2739257811320755 0.4697265625 0.26953125 0.4658203125 0.26953125
14 0.5791015625 0.14941406226415094 0.5537109375 0.14355468773584906 0.5498046875 0.14355468773584906 0.548828125 0.14501953113207547 0.548828125 0.1508789066037736 0.5537109375 0.15820312452830187 0.5712890625 0.16113281226415094 0.5771484375 0.15820312452830187 0.580078125 0.1538085933962264 0.580078125 0.1508789066037736 0.5791015625 0.14941406226415094
14 0.3837890625 0.6386718754716981 0.3701171875 0.6328125 0.3603515625 0.6328125 0.359375 0.6342773433962264 0.359375 0.6372070311320754 0.3623046875 0.641601562264151 0.3876953125 0.653320312264151 0.3935546875 0.653320312264151 0.39453125 0.6518554688679246 0.3876953125 0.641601562264151 0.3837890625 0.6386718754716981
3 0.626953125 0.7192382811320754 0.625 0.6811523433962264 0.623046875 0.6723632811320754 0.6162109375 0.6621093754716981 0.6044921875 0.6503906245283019 0.5947265625 0.64453125 0.5927734375 0.64453125 0.5498046875 0.65625 0.548828125 0.6577148433962264 0.548828125 0.6606445311320754 0.560546875 0.7045898433962264 0.5693359375 0.723632812264151 0.6181640625 0.7324218754716981 0.6240234375 0.7324218754716981 0.625 0.7309570311320754 0.626953125 0.7192382811320754
13 0.505859375 0.7368164066037736 0.505859375 0.7104492188679246 0.501953125 0.6987304688679246 0.482421875 0.6489257811320754 0.4716796875 0.6328125 0.4638671875 0.629882812264151 0.4541015625 0.635742187735849 0.453125 0.6372070311320754 0.423828125 0.7163085933962264 0.423828125 0.7192382811320754 0.4306640625 0.729492187735849 0.4404296875 0.73828125 0.4892578125 0.747070312264151 0.4970703125 0.747070312264151 0.5009765625 0.7441406245283019 0.505859375 0.7368164066037736
13 0.265625 0.6635742188679246 0.265625 0.6518554688679246 0.26171875 0.6430664066037736 0.2568359375 0.635742187735849 0.2294921875 0.606445312264151 0.2255859375 0.6035156245283019 0.2158203125 0.6035156245283019 0.2119140625 0.606445312264151 0.20703125 0.6137695311320754 0.205078125 0.6342773433962264 0.205078125 0.6459960933962264 0.20703125 0.6518554688679246 0.2197265625 0.670898437735849 0.2275390625 0.6738281245283019 0.2587890625 0.6738281245283019 0.263671875 0.6694335933962264 0.265625 0.6635742188679246
17 0.6875 0.48486328113207544 0.689453125 0.4790039066037736 0.689453125 0.4672851566037736 0.68359375 0.3823242188679245 0.681640625 0.3764648433962264 0.6748046875 0.36621093773584906 0.6708984375 0.36328125 0.6630859375 0.36328125 0.6591796875 0.36621093773584906 0.65234375 0.3764648433962264 0.6484375 0.3852539066037736 0.646484375 0.3911132811320755 0.646484375 0.3940429688679245 0.65234375 0.4497070311320755 0.654296875 0.4584960933962264 0.6640625 0.48486328113207544 0.6669921875 0.489257812264151 0.6845703125 0.489257812264151 0.6875 0.48486328113207544
20 0.685546875 0.6166992188679246 0.68359375 0.5991210933962264 0.681640625 0.5903320311320754 0.6689453125 0.57421875 0.6650390625 0.571289062264151 0.6572265625 0.571289062264151 0.65234375 0.5756835933962264 0.650390625 0.5815429688679246 0.650390625 0.5932617188679246 0.65234375 0.5991210933962264 0.6552734375 0.6035156245283019 0.6650390625 0.612304687735849 0.6748046875 0.618164062264151 0.6845703125 0.618164062264151 0.685546875 0.6166992188679246
20 0.3828125 0.3442382811320755 0.3828125 0.3325195311320755 0.380859375 0.3120117188679245 0.3701171875 0.29589843773584906 0.3662109375 0.29296875 0.3583984375 0.29296875 0.35546875 0.2973632811320755 0.35546875 0.3178710933962264 0.357421875 0.3325195311320755 0.3642578125 0.34277343773584906 0.3701171875 0.34863281226415094 0.3740234375 0.3515625 0.3779296875 0.3515625 0.3828125 0.3442382811320755
17 0.3681640625 0.5917968754716981 0.37109375 0.5874023433962264 0.375 0.5346679688679246 0.37109375 0.48779296886792456 0.3662109375 0.48046875 0.3330078125 0.44238281226415094 0.3271484375 0.4394531245283019 0.3154296875 0.4394531245283019 0.3125 0.4438476566037736 0.3125 0.49658203113207544 0.322265625 0.5551757811320754 0.328125 0.5668945311320754 0.3388671875 0.583007812264151 0.3505859375 0.5917968754716981 0.3583984375 0.594726562264151 0.3681640625 0.5917968754716981
1 0.263671875 0.5610351566037736 0.263671875 0.5522460933962264 0.26171875 0.5346679688679246 0.259765625 0.5288085933962264 0.2529296875 0.512695312264151 0.2353515625 0.495117187735849 0.232421875 0.49951171886792456 0.23046875 0.5053710933962264 0.2265625 0.5346679688679246 0.2265625 0.5493164066037736 0.23046875 0.5610351566037736 0.2373046875 0.571289062264151 0.2412109375 0.57421875 0.2509765625 0.57421875 0.2568359375 0.571289062264151 0.263671875 0.5610351566037736
1 0.2470703125 0.57421875 0.2392578125 0.583007812264151 0.23828125 0.5844726566037736 0.2470703125 0.594726562264151 0.2509765625 0.594726562264151 0.255859375 0.5874023433962264 0.255859375 0.5844726566037736 0.25390625 0.5786132811320754 0.2509765625 0.57421875 0.2470703125 0.57421875
5 0.2734375 0.4907226566037736 0.279296875 0.4291992188679245 0.2783203125 0.4277343745283019 0.2490234375 0.40722656226415094 0.2119140625 0.40722656226415094 0.2060546875 0.41015625 0.197265625 0.4174804688679245 0.1953125 0.4233398433962264 0.1953125 0.4350585933962264 0.205078125 0.4526367188679245 0.2119140625 0.4628906245283019 0.2412109375 0.4863281245283018 0.2646484375 0.4921875 0.2724609375 0.4921875 0.2734375 0.4907226566037736
5 0.419921875 0.1889648433962264 0.4375 0.1391601566037736 0.4150390625 0.12011718773584906 0.3818359375 0.1171875 0.3681640625 0.1171875 0.3564453125 0.12304687547169811 0.3515625 0.1303710933962264 0.3515625 0.1420898433962264 0.3623046875 0.15820312452830187 0.3701171875 0.16699218773584906 0.3837890625 0.17871093773584906 0.4169921875 0.19042968773584906 0.4189453125 0.19042968773584906 0.419921875 0.1889648433962264
21 0.4853515625 0.11425781226415094 0.47008765562500004 0.10400829150943397 0.47265625 0.1274414066037736 0.458158389375 0.17558389056603774 0.45666723124999997 0.1834124716981132 0.45368491437499997 0.20410229339622643 0.47083323499999996 0.2538697018867924 0.546875 0.14501953113207547 0.546875 0.1420898433962264 0.5439453125 0.13769531226415094 0.4853515625 0.11425781226415094
21 0.375 0.18017578113207547 0.3740234375 0.17871093773584906 0.3583984375 0.17871093773584906 0.3173828125 0.18457031226415094 0.2763671875 0.20507812452830187 0.26171875 0.2211914066037736 0.228515625 0.2768554688679245 0.228515625 0.2856445311320755 0.234375 0.3120117188679245 0.255859375 0.3969726566037736 0.2568359375 0.3984375 0.2587890625 0.3984375 0.26171875 0.3940429688679245 0.375 0.18017578113207547
21 0.3125 0.3530273433962264 0.3046875 0.3295898433962264 0.3017578125 0.32519531226415094 0.26953125 0.3823242188679245 0.263671875 0.3999023433962264 0.263671875 0.4028320311320755 0.2666015625 0.40722656226415094 0.2998046875 0.4277343745283019 0.3251953125 0.42480468773584906 0.326171875 0.4233398433962264 0.326171875 0.4028320311320755 0.3125 0.3530273433962264
21 0.4833984375 0.27246093773584906 0.4814453125 0.27246093773584906 0.4755859375 0.27832031226415094 0.46875 0.2885742188679245 0.44140625 0.3588867188679245 0.44140625 0.3618164066037736 0.45927675812499996 0.4272168547169812 0.48499923875 0.40596784905660377 0.555083679375 0.34278001603773584 0.5457639400000001 0.3187350877358491 0.52488772375 0.2902166849056604 0.4833984375 0.27246093773584906
21 0.650390625 0.5903320311320754 0.6357421875 0.571289062264151 0.6181640625 0.5683593754716981 0.5966796875 0.57421875 0.591796875 0.5815429688679246 0.587890625 0.5932617188679246 0.587890625 0.6049804688679246 0.6044921875 0.618164062264151 0.6220703125 0.624023437735849 0.6533203125 0.606445312264151 0.654296875 0.6049804688679246 0.654296875 0.6020507811320754 0.650390625 0.5903320311320754
21 0.5576171875 0.36328125 0.4638671875 0.44824218773584906 0.4609375 0.4526367188679245 0.458984375 0.4584960933962264 0.455078125 0.5346679688679246 0.453125 0.5932617188679246 0.4541015625 0.594726562264151 0.5498046875 0.59765625 0.56640625 0.5786132811320754 0.59765625 0.4702148433962264 0.59765625 0.4467773433962264 0.58984375 0.4291992188679245 0.5576171875 0.36328125
21 0.4580078125 0.45410156226415094 0.4150390625 0.4042968745283019 0.4111328125 0.4042968745283019 0.3916015625 0.41308593773584906 0.390625 0.4145507811320755 0.376953125 0.4379882811320755 0.388671875 0.4790039066037736 0.4619140625 0.588867187735849 0.4638671875 0.588867187735849 0.466796875 0.5844726566037736 0.466796875 0.5463867188679246 0.462890625 0.4614257811320755 0.4580078125 0.45410156226415094
21 0.353515625 0.7192382811320754 0.353515625 0.7133789066037736 0.326171875 0.6547851566037736 0.3203125 0.6430664066037736 0.3154296875 0.635742187735849 0.3037109375 0.635742187735849 0.2939453125 0.6386718754716981 0.2900390625 0.641601562264151 0.283203125 0.6518554688679246 0.279296875 0.6635742188679246 0.279296875 0.6723632811320754 0.28125 0.7309570311320754 0.283203125 0.7368164066037736 0.2861328125 0.741210937735849 0.3388671875 0.7324218754716981 0.3505859375 0.723632812264151 0.353515625 0.7192382811320754