3 0.435546875 0.5815429688679246 0.43359375 0.5756835933962264 0.4228515625 0.559570312264151 0.3955078125 0.5566406245283019 0.3525390625 0.5625 0.3466796875 0.565429687735849 0.3359375 0.5815429688679246 0.3203125 0.6313476566037736 0.318359375 0.6459960933962264 0.3203125 0.6694335933962264 0.3232421875 0.6738281245283019 0.3330078125 0.6796875 0.3955078125 0.6972656245283019 0.40234375 0.6870117188679246 0.435546875 0.5903320311320754 0.435546875 0.5815429688679246
6 0.4892578125 0.547851562264151 0.4931640625 0.547851562264151 0.498046875 0.5405273433962264 0.498046875 0.5346679688679246 0.484375 0.4790039066037736 0.4287109375 0.40722656226415094 0.427734375 0.4086914066037736 0.41796875 0.4379882811320755 0.41796875 0.4467773433962264 0.419921875 0.4614257811320755 0.421875 0.4702148433962264 0.42578125 0.4819335933962264 0.435546875 0.5024414066037736 0.4541015625 0.536132812264151 0.4892578125 0.547851562264151
18 0.654296875 0.3735351566037736 0.658203125 0.3618164066037736 0.654296875 0.3471679688679245 0.6337890625 0.31640625 0.6240234375 0.30761718773584906 0.6142578125 0.30761718773584906 0.609375 0.3149414066037736 0.607421875 0.3208007811320755 0.609375 0.3325195311320755 0.615234375 0.3442382811320755 0.6298828125 0.36621093773584906 0.6357421875 0.37207031226415094 0.6416015625 0.375 0.6533203125 0.375 0.654296875 0.3735351566037736
20 0.623046875 0.20361328113207547 0.6220703125 0.20214843773584906 0.5927734375 0.18457031226415094 0.5771484375 0.18457031226415094 0.576171875 0.1860351566037736 0.595703125 0.2504882811320755 0.5966796875 0.2519531245283019 0.6044921875 0.25488281226415094 0.6083984375 0.25488281226415094 0.6171875 0.23876953113207547 0.62109375 0.22705078113207547 0.623046875 0.20361328113207547
20 0.63671875 0.6928710933962264 0.63671875 0.6899414066037736 0.6328125 0.6225585933962264 0.6318359375 0.62109375 0.6279296875 0.62109375 0.5888671875 0.6328125 0.587890625 0.6342773433962264 0.587890625 0.6547851566037736 0.59765625 0.6723632811320754 0.6064453125 0.6855468754716981 0.6162109375 0.694335937735849 0.6337890625 0.700195312264151 0.634765625 0.6987304688679246 0.63671875 0.6928710933962264
18 0.71875 0.6752929688679246 0.7158203125 0.670898437735849 0.7119140625 0.66796875 0.7041015625 0.66796875 0.6982421875 0.670898437735849 0.6953125 0.6752929688679246 0.69140625 0.6840820311320754 0.69140625 0.6870117188679246 0.697265625 0.7075195311320754 0.6982421875 0.7089843754716981 0.7099609375 0.7089843754716981 0.716796875 0.6987304688679246 0.71875 0.6928710933962264 0.71875 0.6752929688679246
1 0.759765625 0.5786132811320754 0.76171875 0.5434570311320754 0.76171875 0.5375976566037736 0.759765625 0.5288085933962264 0.7587890625 0.52734375 0.720703125 0.5581054688679246 0.716796875 0.5698242188679246 0.716796875 0.5815429688679246 0.7255859375 0.5917968754716981 0.7333984375 0.59765625 0.7470703125 0.59765625 0.7529296875 0.5917968754716981 0.755859375 0.5874023433962264 0.759765625 0.5786132811320754
1 0.7578125 0.4702148433962264 0.76171875 0.4614257811320755 0.76171875 0.4526367188679245 0.7607421875 0.4511718745283019 0.7314453125 0.43359375 0.7255859375 0.43359375 0.720703125 0.4409179688679245 0.71875 0.4467773433962264 0.720703125 0.4614257811320755 0.72265625 0.4672851566037736 0.7294921875 0.47753906226415094 0.7333984375 0.48046875 0.7490234375 0.48046875 0.7529296875 0.47753906226415094 0.7578125 0.4702148433962264
20 0.6689453125 0.515625 0.6787109375 0.506835937735849 0.685546875 0.49658203113207544 0.6640625 0.4555664066037736 0.6591796875 0.44824218773584906 0.6494140625 0.44824218773584906 0.64453125 0.4555664066037736 0.640625 0.4819335933962264 0.640625 0.4907226566037736 0.642578125 0.49658203113207544 0.6455078125 0.500976562264151 0.6513671875 0.506835937735849 0.6591796875 0.512695312264151 0.6650390625 0.515625 0.6689453125 0.515625
14 0.5810546875 0.4394531245283019 0.57421875 0.4497070311320755 0.57421875 0.4760742188679245 0.5751953125 0.47753906226415094 0.5830078125 0.4746093745283019 0.595703125 0.4526367188679245 0.595703125 0.4467773433962264 0.5908203125 0.4394531245283019 0.5810546875 0.4394531245283019
14 0.7490234375 0.43359375 0.7412109375 0.4277343745283019 0.7294921875 0.43652343773584906 0.728515625 0.4379882811320755 0.728515625 0.4467773433962264 0.7333984375 0.45703125 0.7470703125 0.45703125 0.7509765625 0.45410156226415094 0.75390625 0.4497070311320755 0.75390625 0.4409179688679245 0.7490234375 0.43359375