3 0.650390625 0.1743164066037736 0.6494140625 0.17285156226415094 0.5283203125 0.15234375 0.5205078125 0.15527343773584906 0.4873046875 0.18164062452830187 0.48046875 0.19189453113207547 0.4765625 0.20361328113207547 0.47265625 0.21826171886792453 0.47265625 0.22705078113207547 0.46875 0.2632211537735849 0.606570513125 0.4026442311320755 0.62890625 0.3413085933962264 0.63671875 0.3266601566037736 0.638671875 0.3208007811320755 0.650390625 0.1743164066037736
20 0.484375 0.6079101566037736 0.4814453125 0.6035156245283019 0.4775390625 0.600585937735849 0.4677734375 0.600585937735849 0.4619140625 0.606445312264151 0.455078125 0.6196289066037736 0.447265625 0.6430664066037736 0.447265625 0.6459960933962264 0.44921875 0.6518554688679246 0.4521484375 0.65625 0.4560546875 0.65625 0.4697265625 0.647460937735849 0.484375 0.6254882811320754 0.484375 0.6079101566037736
1 0.6416015625 0.565429687735849 0.64453125 0.5581054688679246 0.64453125 0.5522460933962264 0.6396484375 0.541992187735849 0.6162109375 0.5390625 0.6064453125 0.5390625 0.60546875 0.5405273433962264 0.6015625 0.5522460933962264 0.6015625 0.5581054688679246 0.6044921875 0.565429687735849 0.6103515625 0.571289062264151 0.6162109375 0.57421875 0.6279296875 0.57421875 0.6337890625 0.571289062264151 0.6416015625 0.565429687735849
15 0.3427734375 0.606445312264151 0.3349609375 0.606445312264151 0.33203125 0.6108398433962264 0.330078125 0.6166992188679246 0.33203125 0.6254882811320754 0.3330078125 0.6269531245283019 0.3427734375 0.6269531245283019 0.34765625 0.6196289066037736 0.34765625 0.6166992188679246 0.345703125 0.6108398433962264 0.3427734375 0.606445312264151
9 0.283203125 0.4262695311320755 0.2802734375 0.421875 0.2763671875 0.421875 0.271484375 0.4291992188679245 0.271484375 0.4409179688679245 0.2734375 0.4467773433962264 0.2763671875 0.4511718745283019 0.2841796875 0.4511718745283019 0.287109375 0.4467773433962264 0.287109375 0.4350585933962264 0.283203125 0.4262695311320755
9 0.3388671875 0.37792968773584906 0.3349609375 0.375 0.3251953125 0.3808593754716981 0.3203125 0.3881835933962264 0.3203125 0.3911132811320755 0.3251953125 0.3984375 0.3349609375 0.3984375 0.3388671875 0.39550781226415094 0.341796875 0.3911132811320755 0.341796875 0.3823242188679245 0.3388671875 0.37792968773584906
9 0.3515625 0.2856445311320755 0.3486328125 0.27832031226415094 0.3388671875 0.27832031226415094 0.3359375 0.2827148433962264 0.3359375 0.2944335933962264 0.337890625 0.3061523433962264 0.3427734375 0.3105468754716981 0.3447265625 0.3105468754716981 0.349609375 0.3032226566037736 0.3515625 0.2915039066037736 0.3515625 0.2856445311320755
9 0.435546875 0.4731445311320755 0.4306640625 0.46582031226415094 0.4150390625 0.45410156226415094 0.412109375 0.4584960933962264 0.4140625 0.4907226566037736 0.4169921875 0.4980468754716982 0.4208984375 0.500976562264151 0.4228515625 0.500976562264151 0.4267578125 0.4980468754716982 0.435546875 0.48486328113207544 0.435546875 0.4731445311320755
9 0.4423828125 0.594726562264151 0.4326171875 0.594726562264151 0.4287109375 0.59765625 0.423828125 0.6049804688679246 0.423828125 0.6108398433962264 0.4287109375 0.6152343754716981 0.4384765625 0.6152343754716981 0.4423828125 0.612304687735849 0.4453125 0.6049804688679246 0.4453125 0.5991210933962264 0.4423828125 0.594726562264151
9 0.5166015625 0.594726562264151 0.513671875 0.5991210933962264 0.513671875 0.6079101566037736 0.5166015625 0.612304687735849 0.5263671875 0.62109375 0.53125 0.6137695311320754 0.53125 0.6049804688679246 0.5244140625 0.594726562264151 0.5166015625 0.594726562264151
9 0.564453125 0.49951171886792456 0.564453125 0.48779296886792456 0.5595703125 0.48046875 0.5556640625 0.47753906226415094 0.5478515625 0.47753906226415094 0.5322265625 0.489257812264151 0.529296875 0.4936523433962264 0.529296875 0.49951171886792456 0.5341796875 0.506835937735849 0.5380859375 0.5097656245283019 0.5498046875 0.512695312264151 0.5576171875 0.5097656245283019 0.5615234375 0.506835937735849 0.564453125 0.49951171886792456
9 0.66796875 0.4526367188679245 0.6630859375 0.4453125 0.6591796875 0.4453125 0.6513671875 0.45410156226415094 0.646484375 0.4614257811320755 0.646484375 0.4672851566037736 0.6484375 0.4731445311320755 0.6513671875 0.47753906226415094 0.6572265625 0.47753906226415094 0.6640625 0.4672851566037736 0.66796875 0.4584960933962264 0.66796875 0.4526367188679245
9 0.7294921875 0.506835937735849 0.7255859375 0.506835937735849 0.7216796875 0.5097656245283019 0.71875 0.5141601566037736 0.71875 0.5258789066037736 0.72265625 0.5346679688679246 0.7275390625 0.541992187735849 0.7314453125 0.541992187735849 0.734375 0.5346679688679246 0.732421875 0.5112304688679246 0.7294921875 0.506835937735849
9 0.6845703125 0.57421875 0.6767578125 0.577148437735849 0.673828125 0.5815429688679246 0.673828125 0.5874023433962264 0.6767578125 0.594726562264151 0.6923828125 0.594726562264151 0.697265625 0.5874023433962264 0.697265625 0.5815429688679246 0.6923828125 0.57421875 0.6845703125 0.57421875
9 0.640625 0.6489257811320754 0.638671875 0.6430664066037736 0.6318359375 0.6328125 0.6279296875 0.6328125 0.623046875 0.6401367188679246 0.625 0.6547851566037736 0.626953125 0.6635742188679246 0.6279296875 0.665039062264151 0.6318359375 0.66796875 0.6357421875 0.66796875 0.640625 0.6606445311320754 0.640625 0.6489257811320754
9 0.5986328125 0.659179687735849 0.5927734375 0.65625 0.5888671875 0.65625 0.5859375 0.6606445311320754 0.5859375 0.6840820311320754 0.5908203125 0.69140625 0.5966796875 0.69140625 0.6015625 0.6840820311320754 0.6015625 0.6782226566037736 0.599609375 0.6606445311320754 0.5986328125 0.659179687735849