27 0.744140625 0.6284179688679246 0.744140625 0.6225585933962264 0.7421875 0.6166992188679246 0.6982421875 0.553710937735849 0.6943359375 0.55078125 0.6826171875 0.55078125 0.6748046875 0.5566406245283019 0.66796875 0.5668945311320754 0.66796875 0.5786132811320754 0.69921875 0.6694335933962264 0.703125 0.6782226566037736 0.7080078125 0.6855468754716981 0.7099609375 0.6855468754716981 0.73828125 0.6547851566037736 0.744140625 0.6284179688679246
27 0.583984375 0.4672851566037736 0.619140625 0.3588867188679245 0.619140625 0.3471679688679245 0.6181640625 0.3457031245283019 0.6064453125 0.3457031245283019 0.5458984375 0.36328125 0.4970703125 0.43066406226415094 0.49609375 0.4321289066037736 0.49609375 0.4350585933962264 0.4990234375 0.4394531245283019 0.5498046875 0.47753906226415094 0.5751953125 0.48046875 0.5791015625 0.47753906226415094 0.58203125 0.4731445311320755 0.583984375 0.4672851566037736
6 0.533203125 0.5610351566037736 0.5 0.4819335933962264 0.4912109375 0.46875 0.4736328125 0.44824218773584906 0.4716796875 0.44824218773584906 0.45703125 0.4672851566037736 0.451171875 0.4907226566037736 0.451171875 0.4936523433962264 0.48046875 0.5932617188679246 0.4814453125 0.594726562264151 0.5205078125 0.594726562264151 0.525390625 0.5874023433962264 0.533203125 0.5639648433962264 0.533203125 0.5610351566037736
21 0.59765625 0.2475585933962264 0.603515625 0.22998046886792453 0.60546875 0.21826171886792453 0.60546875 0.1889648433962264 0.603515625 0.1743164066037736 0.599609375 0.15966796886792453 0.5966796875 0.15527343773584906 0.5888671875 0.14941406226415094 0.5732421875 0.14941406226415094 0.5283203125 0.15820312452830187 0.52734375 0.15966796886792453 0.52734375 0.1625976566037736 0.568359375 0.2827148433962264 0.5693359375 0.28417968773584906 0.5712890625 0.28417968773584906 0.5751953125 0.28125 0.5849609375 0.26953125 0.59765625 0.2475585933962264
21 0.6875 0.2563476566037736 0.68359375 0.2416992188679245 0.6767578125 0.22265625 0.6708984375 0.21679687452830187 0.6513671875 0.20800781226415094 0.6494140625 0.20800781226415094 0.638671875 0.2211914066037736 0.63671875 0.2358398433962264 0.63671875 0.23876953113207547 0.6376953125 0.24023437452830187 0.6669921875 0.26660156226415094 0.6845703125 0.2753906245283019 0.6865234375 0.2753906245283019 0.6875 0.2739257811320755 0.6875 0.2563476566037736
21 0.3203125 0.3793945311320755 0.3193359375 0.37792968773584906 0.3173828125 0.37792968773584906 0.287109375 0.4204101566037736 0.28125 0.4379882811320755 0.28125 0.4497070311320755 0.28515625 0.4760742188679245 0.3017578125 0.4980468754716982 0.3056640625 0.500976562264151 0.3271484375 0.4980468754716982 0.328125 0.49658203113207544 0.3203125 0.3793945311320755
21 0.5771484375 0.5859375 0.548828125 0.6342773433962264 0.546875 0.6459960933962264 0.55078125 0.6606445311320754 0.5810546875 0.6972656245283019 0.5927734375 0.6972656245283019 0.5966796875 0.694335937735849 0.599609375 0.6899414066037736 0.6015625 0.6372070311320754 0.5771484375 0.5859375
20 0.5087890625 0.31640625 0.5029296875 0.31347656226415094 0.4912109375 0.31347656226415094 0.466796875 0.3500976566037736 0.4833984375 0.36621093773584906 0.4873046875 0.36621093773584906 0.5068359375 0.34863281226415094 0.513671875 0.3383789066037736 0.513671875 0.3295898433962264 0.51171875 0.3208007811320755 0.5087890625 0.31640625
20 0.759765625 0.3793945311320755 0.7578125 0.3735351566037736 0.7548828125 0.3691406245283019 0.7451171875 0.36035156226415094 0.7431640625 0.36035156226415094 0.7373046875 0.36328125 0.71484375 0.3793945311320755 0.712890625 0.3881835933962264 0.7158203125 0.3925781245283019 0.7548828125 0.43359375 0.7587890625 0.43652343773584906 0.759765625 0.4350585933962264 0.76171875 0.4233398433962264 0.76171875 0.4057617188679245 0.759765625 0.3793945311320755
20 0.7080078125 0.47167968773584906 0.7041015625 0.46875 0.6962890625 0.46875 0.69140625 0.4760742188679245 0.689453125 0.4819335933962264 0.689453125 0.5083007811320754 0.6904296875 0.5097656245283019 0.7158203125 0.518554687735849 0.716796875 0.5170898433962264 0.716796875 0.4907226566037736 0.71484375 0.4819335933962264 0.7080078125 0.47167968773584906
13 0.53515625 0.4790039066037736 0.529296875 0.4936523433962264 0.5322265625 0.4980468754716982 0.5419921875 0.50390625 0.544921875 0.49951171886792456 0.544921875 0.48486328113207544 0.5400390625 0.4746093745283019 0.5380859375 0.4746093745283019 0.53515625 0.4790039066037736
13 0.2880859375 0.653320312264151 0.287109375 0.6547851566037736 0.287109375 0.6635742188679246 0.2919921875 0.66796875 0.3056640625 0.6621093754716981 0.306640625 0.6606445311320754 0.306640625 0.6518554688679246 0.3037109375 0.647460937735849 0.2880859375 0.653320312264151
19 0.4296875 0.6342773433962264 0.421875 0.6489257811320754 0.4228515625 0.6503906245283019 0.4248046875 0.6503906245283019 0.435546875 0.6342773433962264 0.4375 0.6284179688679246 0.4375 0.6254882811320754 0.4365234375 0.624023437735849 0.4296875 0.6342773433962264
19 0.439453125 0.6225585933962264 0.443359375 0.5991210933962264 0.443359375 0.5932617188679246 0.4365234375 0.583007812264151 0.4248046875 0.5683593754716981 0.4130859375 0.565429687735849 0.4091796875 0.565429687735849 0.3994140625 0.5683593754716981 0.3466796875 0.6035156245283019 0.3212890625 0.624023437735849 0.3134765625 0.6328125 0.306640625 0.6430664066037736 0.306640625 0.6577148433962264 0.30859375 0.6635742188679246 0.341796875 0.7368164066037736 0.349609375 0.7514648433962264 0.3505859375 0.752929687735849 0.3583984375 0.752929687735849 0.439453125 0.6225585933962264
20 0.384765625 0.3295898433962264 0.390625 0.3178710933962264 0.392578125 0.3061523433962264 0.3876953125 0.2988281245283019 0.3798828125 0.2988281245283019 0.3701171875 0.3046875 0.3603515625 0.31347656226415094 0.357421875 0.3178710933962264 0.35546875 0.3237304688679245 0.35546875 0.3295898433962264 0.357421875 0.3354492188679245 0.3603515625 0.33984375 0.3642578125 0.34277343773584906 0.3701171875 0.34277343773584906 0.3818359375 0.3339843754716981 0.384765625 0.3295898433962264