18 0.3125 0.5405273433962264 0.3037109375 0.52734375 0.2998046875 0.524414062264151 0.2822265625 0.515625 0.2705078125 0.512695312264151 0.2626953125 0.512695312264151 0.2587890625 0.515625 0.25390625 0.5229492188679246 0.251953125 0.5317382811320754 0.25390625 0.5434570311320754 0.2607421875 0.553710937735849 0.2685546875 0.559570312264151 0.2861328125 0.5683593754716981 0.3017578125 0.5683593754716981 0.3125 0.5551757811320754 0.3125 0.5405273433962264
18 0.6875 0.4731445311320755 0.6875 0.4584960933962264 0.68359375 0.4467773433962264 0.671875 0.4204101566037736 0.6689453125 0.4160156245283019 0.6611328125 0.41015625 0.6533203125 0.41015625 0.6484375 0.4174804688679245 0.6484375 0.4291992188679245 0.650390625 0.4379882811320755 0.65625 0.4526367188679245 0.6689453125 0.47753906226415094 0.6728515625 0.48046875 0.6826171875 0.48046875 0.6875 0.4731445311320755
18 0.4541015625 0.421875 0.4462890625 0.421875 0.44140625 0.4291992188679245 0.435546875 0.4643554688679245 0.435546875 0.4760742188679245 0.4404296875 0.483398437735849 0.4443359375 0.483398437735849 0.4501953125 0.47753906226415094 0.458984375 0.4614257811320755 0.4609375 0.4379882811320755 0.4541015625 0.421875
18 0.564453125 0.22998046886792453 0.548828125 0.2006835933962264 0.5419921875 0.19042968773584906 0.5380859375 0.1875 0.5361328125 0.1875 0.5322265625 0.19042968773584906 0.52734375 0.1977539066037736 0.525390625 0.20361328113207547 0.525390625 0.22705078113207547 0.5498046875 0.26660156226415094 0.5576171875 0.27246093773584906 0.564453125 0.2592773433962264 0.56640625 0.2534179688679245 0.56640625 0.2358398433962264 0.564453125 0.22998046886792453
9 0.3505859375 0.8144531245283019 0.353515625 0.8100585933962264 0.353515625 0.7983398433962264 0.3515625 0.7924804688679246 0.3466796875 0.78515625 0.3330078125 0.7734375 0.3271484375 0.7734375 0.32421875 0.7778320311320754 0.32421875 0.7866210933962264 0.326171875 0.7954101566037736 0.330078125 0.8041992188679246 0.3369140625 0.8144531245283019 0.3427734375 0.817382812264151 0.3466796875 0.817382812264151 0.3505859375 0.8144531245283019
9 0.705078125 0.7280273433962264 0.703125 0.7221679688679246 0.6884765625 0.700195312264151 0.6806640625 0.700195312264151 0.673828125 0.7104492188679246 0.673828125 0.7250976566037736 0.6787109375 0.7324218754716981 0.6826171875 0.735351562264151 0.6943359375 0.741210937735849 0.7021484375 0.741210937735849 0.705078125 0.7368164066037736 0.705078125 0.7280273433962264
20 0.353515625 0.6899414066037736 0.357421875 0.6665039066037736 0.3544921875 0.6621093754716981 0.3447265625 0.6621093754716981 0.3232421875 0.676757812264151 0.3125 0.6899414066037736 0.310546875 0.7016601566037736 0.310546875 0.7075195311320754 0.3125 0.7133789066037736 0.3154296875 0.717773437735849 0.3251953125 0.717773437735849 0.3310546875 0.71484375 0.3505859375 0.694335937735849 0.353515625 0.6899414066037736
20 0.421875 0.5932617188679246 0.41796875 0.5844726566037736 0.4150390625 0.5800781245283019 0.4052734375 0.5800781245283019 0.3916015625 0.588867187735849 0.3857421875 0.594726562264151 0.3740234375 0.609375 0.373046875 0.6108398433962264 0.373046875 0.6137695311320754 0.376953125 0.6401367188679246 0.3779296875 0.641601562264151 0.3916015625 0.64453125 0.419921875 0.6079101566037736 0.421875 0.5991210933962264 0.421875 0.5932617188679246
20 0.646484375 0.6459960933962264 0.646484375 0.6313476566037736 0.6435546875 0.6269531245283019 0.6396484375 0.624023437735849 0.6376953125 0.624023437735849 0.6083984375 0.6328125 0.599609375 0.6430664066037736 0.59765625 0.6635742188679246 0.59765625 0.6723632811320754 0.5986328125 0.6738281245283019 0.6083984375 0.6738281245283019 0.6337890625 0.665039062264151 0.6396484375 0.659179687735849 0.642578125 0.6547851566037736 0.646484375 0.6459960933962264
20 0.59375 0.4350585933962264 0.5888671875 0.43066406226415094 0.5830078125 0.43066406226415094 0.576171875 0.4409179688679245 0.57421875 0.4526367188679245 0.57421875 0.4643554688679245 0.5810546875 0.4746093745283019 0.5927734375 0.4746093745283019 0.595703125 0.4702148433962264 0.59765625 0.4614257811320755 0.595703125 0.4409179688679245 0.59375 0.4350585933962264
20 0.5703125 0.3354492188679245 0.5693359375 0.3339843754716981 0.5537109375 0.328125 0.5185546875 0.32519531226415094 0.5126953125 0.328125 0.51171875 0.3295898433962264 0.50390625 0.3500976566037736 0.501953125 0.3559570311320755 0.50390625 0.3618164066037736 0.5087890625 0.3691406245283019 0.5341796875 0.375 0.5400390625 0.375 0.5556640625 0.37207031226415094 0.560546875 0.3618164066037736 0.5703125 0.3354492188679245
20 0.31640625 0.3706054688679245 0.3134765625 0.36621093773584906 0.3017578125 0.36621093773584906 0.294921875 0.3764648433962264 0.29296875 0.3823242188679245 0.291015625 0.3999023433962264 0.291015625 0.4262695311320755 0.2939453125 0.43066406226415094 0.3017578125 0.42480468773584906 0.3125 0.4086914066037736 0.318359375 0.3911132811320755 0.318359375 0.3764648433962264 0.31640625 0.3706054688679245
21 0.416015625 0.2358398433962264 0.416015625 0.21533203113207547 0.4150390625 0.21386718773584906 0.3349609375 0.2490234377358491 0.3291015625 0.2519531245283019 0.3193359375 0.26074218773584906 0.318359375 0.2622070311320755 0.318359375 0.2651367188679245 0.337890625 0.3354492188679245 0.3779296875 0.38671875 0.3818359375 0.38671875 0.4091796875 0.37207031226415094 0.412109375 0.3676757811320755 0.416015625 0.2358398433962264
3 0.685546875 0.5434570311320754 0.681640625 0.5083007811320754 0.6806640625 0.506835937735849 0.6796875 0.5083007811320754 0.654296875 0.5551757811320754 0.658203125 0.5815429688679246 0.662109375 0.5903320311320754 0.6767578125 0.6035156245283019 0.6787109375 0.6035156245283019 0.6875 0.5903320311320754 0.6875 0.5727539066037736 0.685546875 0.5434570311320754
1 0.68359375 0.2739257811320755 0.6806640625 0.26953125 0.6767578125 0.26660156226415094 0.6689453125 0.26660156226415094 0.6572265625 0.2753906245283019 0.65234375 0.2827148433962264 0.650390625 0.2885742188679245 0.650390625 0.3178710933962264 0.654296875 0.3325195311320755 0.6572265625 0.33984375 0.66796875 0.3295898433962264 0.685546875 0.2973632811320755 0.685546875 0.2944335933962264 0.68359375 0.2739257811320755