13 0.70703125 0.2534179688679245 0.6826171875 0.22265625 0.6767578125 0.21679687452830187 0.6572265625 0.20214843773584906 0.6474609375 0.19628906226415094 0.6435546875 0.19628906226415094 0.6357421875 0.20214843773584906 0.623046875 0.2211914066037736 0.623046875 0.2241210933962264 0.6748046875 0.30175781226415094 0.6806640625 0.3046875 0.6845703125 0.3046875 0.693359375 0.2885742188679245 0.70703125 0.2563476566037736 0.70703125 0.2534179688679245
20 0.5927734375 0.33691406226415094 0.591796875 0.3383789066037736 0.580078125 0.3588867188679245 0.5869140625 0.3691406245283019 0.5966796875 0.37207031226415094 0.6162109375 0.36621093773584906 0.623046875 0.3559570311320755 0.623046875 0.3413085933962264 0.6142578125 0.328125 0.5927734375 0.33691406226415094
20 0.4697265625 0.4160156245283019 0.4423828125 0.4042968745283019 0.4404296875 0.4042968745283019 0.431640625 0.4174804688679245 0.4296875 0.4409179688679245 0.43359375 0.4702148433962264 0.443359375 0.49658203113207544 0.4443359375 0.4980468754716982 0.4697265625 0.500976562264151 0.470703125 0.49951171886792456 0.47265625 0.4204101566037736 0.4697265625 0.4160156245283019
3 0.431640625 0.3559570311320755 0.4296875 0.3413085933962264 0.4150390625 0.31933593773584906 0.4111328125 0.31640625 0.4013671875 0.31640625 0.396484375 0.3237304688679245 0.392578125 0.3383789066037736 0.392578125 0.3442382811320755 0.39453125 0.3530273433962264 0.4033203125 0.36621093773584906 0.4248046875 0.38964843773584906 0.4267578125 0.38964843773584906 0.427734375 0.3881835933962264 0.431640625 0.3559570311320755
3 0.341796875 0.5551757811320754 0.3154296875 0.524414062264151 0.2978515625 0.547851562264151 0.296875 0.5493164066037736 0.298828125 0.5639648433962264 0.318359375 0.6372070311320754 0.3193359375 0.6386718754716981 0.326171875 0.6254882811320754 0.33203125 0.6079101566037736 0.341796875 0.5610351566037736 0.341796875 0.5551757811320754
21 0.517578125 0.6430664066037736 0.517578125 0.6401367188679246 0.5166015625 0.6386718754716981 0.4677734375 0.577148437735849 0.4580078125 0.577148437735849 0.4541015625 0.5800781245283019 0.4306640625 0.606445312264151 0.423828125 0.6166992188679246 0.421875 0.6225585933962264 0.421875 0.6430664066037736 0.42578125 0.6547851566037736 0.443359375 0.6987304688679246 0.4462890625 0.703125 0.4501953125 0.703125 0.4912109375 0.670898437735849 0.517578125 0.6430664066037736
21 0.2939453125 0.6152343754716981 0.248046875 0.6489257811320754 0.24609375 0.6840820311320754 0.248046875 0.6928710933962264 0.251953125 0.7045898433962264 0.2685546875 0.7324218754716981 0.302734375 0.6811523433962264 0.302734375 0.6665039066037736 0.294921875 0.6166992188679246 0.2939453125 0.6152343754716981
21 0.3955078125 0.52734375 0.3837890625 0.52734375 0.373046875 0.5434570311320754 0.36328125 0.5668945311320754 0.36328125 0.5932617188679246 0.369140625 0.6196289066037736 0.3701171875 0.62109375 0.3740234375 0.62109375 0.38671875 0.5991210933962264 0.40625 0.5463867188679246 0.3955078125 0.52734375
18 0.3876953125 0.234375 0.3896484375 0.234375 0.390625 0.2329101566037736 0.3896484375 0.23144531226415094 0.3876953125 0.23144531226415094 0.38671875 0.2329101566037736 0.3876953125 0.234375
18 0.40234375 0.2124023433962264 0.40234375 0.2094726566037736 0.3828125 0.1508789066037736 0.3798828125 0.14648437547169813 0.3759765625 0.14648437547169813 0.3662109375 0.15527343773584906 0.359375 0.1655273433962264 0.359375 0.16845703113207547 0.365234375 0.19482421886792453 0.369140625 0.20654296886792453 0.3779296875 0.21972656226415094 0.3916015625 0.23144531226415094 0.3935546875 0.23144531226415094 0.40234375 0.2124023433962264
18 0.6953125 0.5903320311320754 0.6953125 0.5756835933962264 0.69140625 0.5639648433962264 0.6875 0.5551757811320754 0.6845703125 0.55078125 0.6806640625 0.547851562264151 0.67578125 0.5522460933962264 0.673828125 0.5581054688679246 0.673828125 0.5668945311320754 0.6796875 0.5844726566037736 0.6845703125 0.5917968754716981 0.6884765625 0.594726562264151 0.6904296875 0.594726562264151 0.6943359375 0.5917968754716981 0.6953125 0.5903320311320754
1 0.3427734375 0.776367187735849 0.3369140625 0.7734375 0.3271484375 0.7734375 0.3232421875 0.776367187735849 0.3203125 0.7807617188679246 0.3203125 0.7895507811320754 0.3369140625 0.8144531245283019 0.3466796875 0.8144531245283019 0.3515625 0.8041992188679246 0.3515625 0.7924804688679246 0.349609375 0.7866210933962264 0.3427734375 0.776367187735849
1 0.3154296875 0.41015625 0.3095703125 0.41015625 0.302734375 0.4204101566037736 0.298828125 0.4291992188679245 0.296875 0.4379882811320755 0.296875 0.4526367188679245 0.30078125 0.4614257811320755 0.3017578125 0.4628906245283019 0.3212890625 0.47167968773584906 0.322265625 0.4702148433962264 0.330078125 0.4291992188679245 0.3154296875 0.41015625
9 0.5 0.7309570311320754 0.498046875 0.7250976566037736 0.4951171875 0.7207031245283019 0.4912109375 0.717773437735849 0.4853515625 0.717773437735849 0.48046875 0.7221679688679246 0.478515625 0.7280273433962264 0.478515625 0.7543945311320754 0.482421875 0.7661132811320754 0.4833984375 0.7675781245283019 0.4892578125 0.770507812264151 0.494140625 0.7661132811320754 0.5 0.7426757811320754 0.5 0.7309570311320754
9 0.412109375 0.7397460933962264 0.4091796875 0.735351562264151 0.4072265625 0.735351562264151 0.3935546875 0.741210937735849 0.38671875 0.7514648433962264 0.38671875 0.7602539066037736 0.3916015625 0.770507812264151 0.3994140625 0.7734375 0.4033203125 0.7734375 0.4140625 0.7573242188679246 0.4140625 0.7485351566037736 0.412109375 0.7397460933962264
9 0.2646484375 0.5566406245283019 0.2548828125 0.55078125 0.2431640625 0.55078125 0.23828125 0.5581054688679246 0.236328125 0.5639648433962264 0.236328125 0.5668945311320754 0.23828125 0.5727539066037736 0.2451171875 0.583007812264151 0.2626953125 0.583007812264151 0.267578125 0.5756835933962264 0.267578125 0.5610351566037736 0.2646484375 0.5566406245283019
9 0.23828125 0.4438476566037736 0.234375 0.4321289066037736 0.2294921875 0.42480468773584906 0.2255859375 0.421875 0.2216796875 0.421875 0.2177734375 0.42480468773584906 0.216796875 0.4262695311320755 0.216796875 0.4467773433962264 0.21875 0.4584960933962264 0.2236328125 0.46582031226415094 0.2294921875 0.46582031226415094 0.2333984375 0.4628906245283019 0.23828125 0.4555664066037736 0.23828125 0.4438476566037736
9 0.2841796875 0.328125 0.2763671875 0.3222656245283019 0.2607421875 0.33984375 0.255859375 0.3471679688679245 0.255859375 0.3530273433962264 0.2607421875 0.36035156226415094 0.2744140625 0.36035156226415094 0.2802734375 0.3574218754716981 0.287109375 0.3500976566037736 0.287109375 0.3325195311320755 0.2841796875 0.328125
9 0.419921875 0.4526367188679245 0.419921875 0.4497070311320755 0.416015625 0.4409179688679245 0.4130859375 0.43652343773584906 0.4013671875 0.42480468773584906 0.3896484375 0.42480468773584906 0.384765625 0.4321289066037736 0.384765625 0.4409179688679245 0.38671875 0.4467773433962264 0.3916015625 0.45410156226415094 0.3955078125 0.45703125 0.4052734375 0.45996093773584906 0.4150390625 0.45996093773584906 0.419921875 0.4526367188679245
9 0.3701171875 0.2988281245283019 0.3623046875 0.2988281245283019 0.359375 0.3061523433962264 0.357421875 0.3237304688679245 0.357421875 0.3383789066037736 0.3642578125 0.34863281226415094 0.3720703125 0.34863281226415094 0.376953125 0.3413085933962264 0.376953125 0.3208007811320755 0.375 0.3090820311320755 0.3701171875 0.2988281245283019
9 0.3486328125 0.28417968773584906 0.3427734375 0.28125 0.3369140625 0.28125 0.333984375 0.2856445311320755 0.333984375 0.2885742188679245 0.337890625 0.2973632811320755 0.3427734375 0.3046875 0.3486328125 0.30761718773584906 0.353515625 0.3032226566037736 0.353515625 0.2915039066037736 0.3486328125 0.28417968773584906
9 0.48828125 0.12158203113207545 0.4873046875 0.12011718773584906 0.486328125 0.12158203113207545 0.48046875 0.1420898433962264 0.48046875 0.1538085933962264 0.486328125 0.1655273433962264 0.4951171875 0.17871093773584906 0.4990234375 0.17871093773584906 0.5 0.1772460933962264 0.5 0.1743164066037736 0.48828125 0.12158203113207545
9 0.5888671875 0.1875 0.5791015625 0.1875 0.572265625 0.1977539066037736 0.572265625 0.20361328113207547 0.576171875 0.2124023433962264 0.5888671875 0.22851562452830187 0.595703125 0.21826171886792453 0.59765625 0.2124023433962264 0.59375 0.1977539066037736 0.5888671875 0.1875
9 0.658203125 0.4438476566037736 0.6533203125 0.43359375 0.6376953125 0.42480468773584906 0.6279296875 0.42480468773584906 0.623046875 0.4291992188679245 0.62109375 0.4438476566037736 0.623046875 0.4497070311320755 0.6279296875 0.45703125 0.6318359375 0.45996093773584906 0.6513671875 0.45996093773584906 0.6552734375 0.45703125 0.658203125 0.4526367188679245 0.658203125 0.4438476566037736
9 0.564453125 0.5639648433962264 0.560546875 0.5493164066037736 0.5576171875 0.5449218754716981 0.5498046875 0.5390625 0.5419921875 0.5390625 0.537109375 0.5463867188679246 0.53515625 0.5522460933962264 0.53515625 0.5610351566037736 0.5439453125 0.57421875 0.5517578125 0.5800781245283019 0.5576171875 0.583007812264151 0.5595703125 0.583007812264151 0.564453125 0.5756835933962264 0.564453125 0.5639648433962264
9 0.517578125 0.5991210933962264 0.515625 0.5932617188679246 0.5048828125 0.5800781245283019 0.5009765625 0.577148437735849 0.4951171875 0.577148437735849 0.490234375 0.5815429688679246 0.486328125 0.5932617188679246 0.486328125 0.5961914066037736 0.48828125 0.6020507811320754 0.4951171875 0.612304687735849 0.4990234375 0.6152343754716981 0.5107421875 0.6152343754716981 0.517578125 0.6049804688679246 0.517578125 0.5991210933962264
9 0.73046875 0.6284179688679246 0.728515625 0.6225585933962264 0.7236328125 0.618164062264151 0.7177734375 0.618164062264151 0.712890625 0.6225585933962264 0.70703125 0.6401367188679246 0.70703125 0.6459960933962264 0.7099609375 0.6503906245283019 0.7158203125 0.6503906245283019 0.7255859375 0.641601562264151 0.728515625 0.6372070311320754 0.73046875 0.6313476566037736 0.73046875 0.6284179688679246
25 0.634765625 0.6987304688679246 0.626953125 0.6665039066037736 0.6259765625 0.665039062264151 0.5771484375 0.694335937735849 0.576171875 0.6958007811320754 0.576171875 0.7016601566037736 0.578125 0.7104492188679246 0.5810546875 0.71484375 0.6025390625 0.723632812264151 0.6123046875 0.723632812264151 0.6298828125 0.706054687735849 0.634765625 0.6987304688679246
9 0.5517578125 0.47167968773584906 0.560546875 0.4584960933962264 0.560546875 0.4555664066037736 0.5546875 0.4409179688679245 0.53515625 0.4057617188679245 0.5283203125 0.39550781226415094 0.5009765625 0.39550781226415094 0.49609375 0.4028320311320755 0.49609375 0.4262695311320755 0.5 0.4379882811320755 0.50390625 0.4467773433962264 0.5185546875 0.46875 0.5302734375 0.47753906226415094 0.5439453125 0.47753906226415094 0.5517578125 0.47167968773584906