3 0.7783203125 0.38671875 0.7744140625 0.38378906226415094 0.7412109375 0.36621093773584906 0.7333984375 0.36621093773584906 0.6953125 0.4204101566037736 0.693359375 0.4321289066037736 0.689453125 0.4614257811320755 0.689453125 0.4672851566037736 0.6904296875 0.46875 0.7880859375 0.42480468773584906 0.7890625 0.4233398433962264 0.7890625 0.4086914066037736 0.783203125 0.3940429688679245 0.7783203125 0.38671875
1 0.724609375 0.3266601566037736 0.7216796875 0.3222656245283019 0.7060546875 0.31640625 0.6962890625 0.31640625 0.69140625 0.3208007811320755 0.689453125 0.3266601566037736 0.689453125 0.3295898433962264 0.693359375 0.3413085933962264 0.7001953125 0.34863281226415094 0.7158203125 0.34863281226415094 0.7197265625 0.3457031245283019 0.724609375 0.3383789066037736 0.724609375 0.3266601566037736
18 0.6572265625 0.688476562264151 0.6552734375 0.688476562264151 0.654296875 0.6899414066037736 0.65234375 0.6958007811320754 0.662109375 0.7338867188679246 0.6708984375 0.747070312264151 0.6806640625 0.747070312264151 0.6845703125 0.7441406245283019 0.6875 0.7397460933962264 0.6875 0.7309570311320754 0.6572265625 0.688476562264151
9 0.6884765625 0.612304687735849 0.6845703125 0.612304687735849 0.681640625 0.6166992188679246 0.681640625 0.6254882811320754 0.68359375 0.6313476566037736 0.6845703125 0.6328125 0.6865234375 0.6328125 0.69140625 0.6254882811320754 0.69140625 0.6196289066037736 0.6884765625 0.612304687735849
9 0.5927734375 0.618164062264151 0.5830078125 0.624023437735849 0.580078125 0.6284179688679246 0.580078125 0.6430664066037736 0.5849609375 0.653320312264151 0.5908203125 0.653320312264151 0.591796875 0.6518554688679246 0.595703125 0.6284179688679246 0.595703125 0.6225585933962264 0.5927734375 0.618164062264151
9 0.583984375 0.5024414066037736 0.58203125 0.48779296886792456 0.580078125 0.4819335933962264 0.5771484375 0.47753906226415094 0.5693359375 0.47753906226415094 0.564453125 0.48486328113207544 0.564453125 0.49658203113207544 0.568359375 0.5053710933962264 0.5751953125 0.515625 0.5771484375 0.515625 0.5810546875 0.512695312264151 0.583984375 0.5083007811320754 0.583984375 0.5024414066037736
9 0.4150390625 0.2988281245283019 0.4091796875 0.2988281245283019 0.40234375 0.3090820311320755 0.40234375 0.3120117188679245 0.4091796875 0.3222656245283019 0.4267578125 0.3222656245283019 0.4296875 0.3178710933962264 0.4296875 0.3090820311320755 0.4287109375 0.30761718773584906 0.4150390625 0.2988281245283019
9 0.5654296875 0.27246093773584906 0.5556640625 0.27246093773584906 0.5478515625 0.27832031226415094 0.541015625 0.2885742188679245 0.541015625 0.2915039066037736 0.5439453125 0.29589843773584906 0.5478515625 0.2988281245283019 0.5634765625 0.29589843773584906 0.568359375 0.2885742188679245 0.568359375 0.2768554688679245 0.5654296875 0.27246093773584906
9 0.7099609375 0.12597656226415094 0.7041015625 0.12597656226415094 0.7001953125 0.12890625 0.6953125 0.13623046886792453 0.693359375 0.1420898433962264 0.693359375 0.14794921886792453 0.6962890625 0.15527343773584906 0.7021484375 0.15527343773584906 0.7080078125 0.14941406226415094 0.712890625 0.1420898433962264 0.712890625 0.13330078113207547 0.7099609375 0.12597656226415094
9 0.5185546875 0.3574218754716981 0.5087890625 0.3574218754716981 0.5078125 0.3588867188679245 0.505859375 0.3647460933962264 0.505859375 0.3706054688679245 0.5107421875 0.37792968773584906 0.5146484375 0.3808593754716981 0.5263671875 0.3808593754716981 0.529296875 0.3764648433962264 0.529296875 0.3706054688679245 0.5185546875 0.3574218754716981
9 0.72265625 0.20361328113207547 0.71875 0.19482421886792453 0.7158203125 0.19042968773584906 0.7080078125 0.19042968773584906 0.705078125 0.19482421886792453 0.705078125 0.20654296886792453 0.708984375 0.21826171886792453 0.7099609375 0.21972656226415094 0.7158203125 0.21972656226415094 0.7197265625 0.21679687452830187 0.72265625 0.2124023433962264 0.72265625 0.20361328113207547
9 0.654296875 0.2592773433962264 0.65234375 0.2504882811320755 0.6494140625 0.24609375 0.6416015625 0.24609375 0.640625 0.2475585933962264 0.638671875 0.2534179688679245 0.638671875 0.2768554688679245 0.640625 0.2827148433962264 0.6435546875 0.2871093754716981 0.6474609375 0.2871093754716981 0.6513671875 0.28417968773584906 0.654296875 0.2797851566037736 0.654296875 0.2592773433962264
9 0.6025390625 0.15527343773584906 0.5888671875 0.15527343773584906 0.5849609375 0.15820312452830187 0.58203125 0.1625976566037736 0.58203125 0.17138671886792453 0.5869140625 0.17871093773584906 0.5947265625 0.17871093773584906 0.6005859375 0.17285156226415094 0.60546875 0.1655273433962264 0.60546875 0.15966796886792453 0.6025390625 0.15527343773584906
9 0.462890625 0.19482421886792453 0.4609375 0.1860351566037736 0.4580078125 0.17871093773584906 0.4482421875 0.17871093773584906 0.4404296875 0.1875 0.435546875 0.19482421886792453 0.43359375 0.2094726566037736 0.43359375 0.2241210933962264 0.4345703125 0.22558593773584906 0.4384765625 0.22558593773584906 0.4462890625 0.22265625 0.4501953125 0.21972656226415094 0.458984375 0.20654296886792453 0.462890625 0.19482421886792453
9 0.5517578125 0.700195312264151 0.541015625 0.7104492188679246 0.5390625 0.7163085933962264 0.5390625 0.7250976566037736 0.5419921875 0.729492187735849 0.5478515625 0.729492187735849 0.560546875 0.7192382811320754 0.560546875 0.7075195311320754 0.5556640625 0.700195312264151 0.5517578125 0.700195312264151
21 0.439453125 0.48779296886792456 0.4375 0.4819335933962264 0.4365234375 0.48046875 0.3896484375 0.515625 0.3798828125 0.524414062264151 0.3720703125 0.5332031245283019 0.3515625 0.5639648433962264 0.333984375 0.5991210933962264 0.33203125 0.6049804688679246 0.3203125 0.6489257811320754 0.3203125 0.6577148433962264 0.33203125 0.6870117188679246 0.3779296875 0.776367187735849 0.3837890625 0.776367187735849 0.4033203125 0.7675781245283019 0.4453125 0.6870117188679246 0.439453125 0.48779296886792456
9 0.455078125 0.5698242188679246 0.455078125 0.5639648433962264 0.4501953125 0.5566406245283019 0.4326171875 0.5449218754716981 0.4248046875 0.5449218754716981 0.423828125 0.5463867188679246 0.423828125 0.5639648433962264 0.42578125 0.5698242188679246 0.4326171875 0.5800781245283019 0.4365234375 0.583007812264151 0.4482421875 0.583007812264151 0.453125 0.5756835933962264 0.455078125 0.5698242188679246
9 0.728515625 0.5024414066037736 0.7275390625 0.500976562264151 0.7255859375 0.500976562264151 0.6923828125 0.5097656245283019 0.69140625 0.5112304688679246 0.69140625 0.5200195311320754 0.7001953125 0.536132812264151 0.7041015625 0.5390625 0.7138671875 0.5390625 0.7265625 0.5200195311320754 0.728515625 0.5112304688679246 0.728515625 0.5024414066037736
9 0.7685546875 0.583007812264151 0.7646484375 0.583007812264151 0.7568359375 0.5859375 0.7529296875 0.588867187735849 0.75 0.5932617188679246 0.75 0.6020507811320754 0.7529296875 0.606445312264151 0.7626953125 0.609375 0.7705078125 0.609375 0.775390625 0.6020507811320754 0.775390625 0.5932617188679246 0.7685546875 0.583007812264151
9 0.8125 0.5405273433962264 0.8076171875 0.5332031245283019 0.8037109375 0.5332031245283019 0.7998046875 0.536132812264151 0.798828125 0.5375976566037736 0.798828125 0.5463867188679246 0.802734375 0.5610351566037736 0.8056640625 0.565429687735849 0.8134765625 0.565429687735849 0.81640625 0.5610351566037736 0.81640625 0.5493164066037736 0.8125 0.5405273433962264
9 0.787109375 0.6840820311320754 0.7724609375 0.665039062264151 0.7646484375 0.659179687735849 0.7548828125 0.653320312264151 0.7529296875 0.653320312264151 0.75 0.6577148433962264 0.74609375 0.6752929688679246 0.74609375 0.6840820311320754 0.75 0.6958007811320754 0.7646484375 0.717773437735849 0.7685546875 0.7207031245283019 0.7861328125 0.729492187735849 0.791015625 0.7192382811320754 0.787109375 0.6840820311320754
1 0.638671875 0.5756835933962264 0.638671875 0.5522460933962264 0.63671875 0.5463867188679246 0.6298828125 0.536132812264151 0.6220703125 0.536132812264151 0.611328125 0.5522460933962264 0.609375 0.5581054688679246 0.609375 0.5698242188679246 0.615234375 0.6079101566037736 0.6162109375 0.609375 0.6279296875 0.600585937735849 0.6328125 0.5932617188679246 0.63671875 0.5844726566037736 0.638671875 0.5756835933962264
1 0.515625 0.6518554688679246 0.5126953125 0.647460937735849 0.5048828125 0.641601562264151 0.4970703125 0.641601562264151 0.490234375 0.6489257811320754 0.4765625 0.6782226566037736 0.5009765625 0.706054687735849 0.5068359375 0.706054687735849 0.5146484375 0.700195312264151 0.517578125 0.6928710933962264 0.51953125 0.6694335933962264 0.51953125 0.6635742188679246 0.515625 0.6518554688679246
14 0.509765625 0.4350585933962264 0.5068359375 0.43066406226415094 0.5009765625 0.43066406226415094 0.5 0.4321289066037736 0.498046875 0.4379882811320755 0.498046875 0.4438476566037736 0.509765625 0.4702148433962264 0.5126953125 0.4746093745283019 0.5166015625 0.4746093745283019 0.517578125 0.4731445311320755 0.517578125 0.4614257811320755 0.509765625 0.4350585933962264