18 0.515625 0.2622070311320755 0.5107421875 0.25488281226415094 0.5048828125 0.2519531245283019 0.4951171875 0.2519531245283019 0.4892578125 0.25488281226415094 0.48046875 0.2680664066037736 0.4765625 0.2797851566037736 0.4765625 0.2944335933962264 0.4794921875 0.30175781226415094 0.4833984375 0.30175781226415094 0.5166015625 0.28417968773584906 0.51953125 0.2797851566037736 0.51953125 0.2739257811320755 0.515625 0.2622070311320755
18 0.5869140625 0.1875 0.5830078125 0.18457031226415094 0.5732421875 0.18164062452830187 0.5615234375 0.18457031226415094 0.55859375 0.1889648433962264 0.55859375 0.20361328113207547 0.5673828125 0.21679687452830187 0.5810546875 0.21679687452830187 0.587890625 0.2094726566037736 0.58984375 0.2006835933962264 0.587890625 0.1889648433962264 0.5869140625 0.1875
9 0.40625 0.2768554688679245 0.4033203125 0.27246093773584906 0.3994140625 0.27246093773584906 0.396484375 0.2768554688679245 0.392578125 0.2973632811320755 0.39453125 0.3090820311320755 0.3974609375 0.31347656226415094 0.4052734375 0.31347656226415094 0.41015625 0.3090820311320755 0.41015625 0.2915039066037736 0.408203125 0.2827148433962264 0.40625 0.2768554688679245
6 0.732421875 0.1889648433962264 0.7314453125 0.1875 0.7236328125 0.1875 0.66796875 0.22705078113207547 0.640625 0.2973632811320755 0.642578125 0.3295898433962264 0.6630859375 0.34863281226415094 0.6669921875 0.34863281226415094 0.6962890625 0.31640625 0.7265625 0.2768554688679245 0.732421875 0.20361328113207547 0.732421875 0.1889648433962264
3 0.416015625 0.4379882811320755 0.40625 0.3999023433962264 0.4052734375 0.3984375 0.3916015625 0.41308593773584906 0.388671875 0.4174804688679245 0.38671875 0.4262695311320755 0.38671875 0.4409179688679245 0.400390625 0.4819335933962264 0.4033203125 0.4863281245283018 0.4111328125 0.4863281245283018 0.4140625 0.4819335933962264 0.416015625 0.4760742188679245 0.416015625 0.4379882811320755
6 0.337890625 0.6254882811320754 0.333984375 0.5961914066037736 0.328125 0.5668945311320754 0.32421875 0.5522460933962264 0.314453125 0.5346679688679246 0.2763671875 0.48046875 0.2626953125 0.48046875 0.2587890625 0.483398437735849 0.255859375 0.48779296886792456 0.23828125 0.5903320311320754 0.236328125 0.6020507811320754 0.236328125 0.6254882811320754 0.240234375 0.6372070311320754 0.2841796875 0.706054687735849 0.2978515625 0.717773437735849 0.3037109375 0.717773437735849 0.31640625 0.6987304688679246 0.337890625 0.6254882811320754
13 0.5703125 0.4526367188679245 0.5703125 0.4497070311320755 0.5654296875 0.44238281226415094 0.5283203125 0.43359375 0.5263671875 0.43359375 0.525390625 0.4350585933962264 0.521484375 0.4467773433962264 0.521484375 0.4584960933962264 0.525390625 0.48486328113207544 0.529296875 0.4936523433962264 0.5361328125 0.50390625 0.5419921875 0.5097656245283019 0.5498046875 0.5097656245283019 0.5703125 0.4526367188679245
9 0.4130859375 0.594726562264151 0.4091796875 0.594726562264151 0.404296875 0.6020507811320754 0.40234375 0.6137695311320754 0.40234375 0.6225585933962264 0.4072265625 0.629882812264151 0.4130859375 0.629882812264151 0.41796875 0.6225585933962264 0.41796875 0.6137695311320754 0.416015625 0.5991210933962264 0.4130859375 0.594726562264151
9 0.455078125 0.5405273433962264 0.4501953125 0.536132812264151 0.4482421875 0.536132812264151 0.4443359375 0.5390625 0.439453125 0.5463867188679246 0.439453125 0.5551757811320754 0.44140625 0.5668945311320754 0.4462890625 0.57421875 0.4482421875 0.57421875 0.4521484375 0.571289062264151 0.455078125 0.5668945311320754 0.455078125 0.5405273433962264
9 0.541015625 0.5639648433962264 0.544921875 0.5551757811320754 0.544921875 0.5493164066037736 0.5419921875 0.5449218754716981 0.5341796875 0.541992187735849 0.5302734375 0.541992187735849 0.5126953125 0.55078125 0.5087890625 0.553710937735849 0.505859375 0.5581054688679246 0.50390625 0.5639648433962264 0.50390625 0.5756835933962264 0.505859375 0.5815429688679246 0.5107421875 0.5859375 0.5224609375 0.5859375 0.5263671875 0.583007812264151 0.5361328125 0.571289062264151 0.541015625 0.5639648433962264
9 0.6376953125 0.5097656245283019 0.6337890625 0.506835937735849 0.6259765625 0.50390625 0.6181640625 0.506835937735849 0.615234375 0.5112304688679246 0.615234375 0.5229492188679246 0.6201171875 0.530273437735849 0.6337890625 0.530273437735849 0.6396484375 0.52734375 0.642578125 0.5200195311320754 0.642578125 0.5170898433962264 0.6376953125 0.5097656245283019
9 0.615234375 0.6518554688679246 0.615234375 0.6489257811320754 0.6103515625 0.641601562264151 0.6044921875 0.635742187735849 0.5927734375 0.6328125 0.5908203125 0.6328125 0.583984375 0.6459960933962264 0.564453125 0.7045898433962264 0.5771484375 0.729492187735849 0.5849609375 0.729492187735849 0.5888671875 0.7265625 0.59375 0.7192382811320754 0.603515625 0.6958007811320754 0.611328125 0.6694335933962264 0.615234375 0.6518554688679246
9 0.74609375 0.8041992188679246 0.744140625 0.7983398433962264 0.7412109375 0.793945312264151 0.7373046875 0.7910156245283019 0.7314453125 0.788085937735849 0.7255859375 0.788085937735849 0.72265625 0.7924804688679246 0.72265625 0.7983398433962264 0.728515625 0.8129882811320754 0.7333984375 0.8203125 0.7392578125 0.823242187735849 0.7431640625 0.8203125 0.74609375 0.8159179688679246 0.74609375 0.8041992188679246
1 0.771484375 0.5844726566037736 0.771484375 0.5698242188679246 0.76953125 0.5639648433962264 0.7607421875 0.55078125 0.7548828125 0.5449218754716981 0.7451171875 0.5449218754716981 0.744140625 0.5463867188679246 0.73828125 0.5903320311320754 0.740234375 0.5961914066037736 0.7431640625 0.600585937735849 0.7490234375 0.606445312264151 0.7587890625 0.606445312264151 0.7646484375 0.600585937735849 0.767578125 0.5961914066037736 0.771484375 0.5844726566037736