6 0.45961538437500005 0.15048076886792452 0.465705128125 0.07019230754716982 0.464262820625 0.048798077358490566 0.45897435875 0.0375 0.4548076925 0.03533653867924528 0.44551282062500003 0.04302884622641509 0.404326923125 0.09206730754716981 0.35849359 0.1766826924528302 0.359134615625 0.1795673075471698 0.36121794875 0.1826923075471698 0.371794871875 0.18894230754716979 0.376923076875 0.19038461509433963 0.40384615375000005 0.18173076886792452 0.45496794875 0.1608173075471698 0.45721153875 0.1588942311320755 0.45961538437500005 0.15048076886792452
1 0.61121794875 0.13076923113207548 0.605929486875 0.11923076886792452 0.599519230625 0.11009615377358489 0.5956730768749999 0.10745192264150943 0.590865384375 0.1072115386792453 0.576121795 0.11923076886792452 0.5681089743750001 0.1326923075471698 0.56778846125 0.14278846132075473 0.569070513125 0.15024038490566038 0.5951923075 0.1711538462264151 0.606891025625 0.17283653867924528 0.61121794875 0.17139423113207547 0.61233974375 0.16610576886792452 0.613301281875 0.14639423113207548 0.61121794875 0.13076923113207548
6 0.7189102562499999 0.18557692264150943 0.7150641025 0.16971153867924527 0.712820513125 0.16586538490566038 0.7088141025 0.1641826924528302 0.64647435875 0.20216346132075472 0.6258012818750001 0.24759615377358493 0.621794871875 0.2584134613207547 0.621634615625 0.26754807735849057 0.623237179375 0.2711538462264151 0.6258012818750001 0.2752403849056604 0.6349358975 0.284375 0.6467948718750001 0.284375 0.69022435875 0.2709134613207547 0.691666666875 0.26875 0.7189102562499999 0.18557692264150943
1 0.55400641 0.2747596150943396 0.55721153875 0.2668269226415095 0.5576923075 0.2555288462264151 0.556570513125 0.23245192264150943 0.526923076875 0.17379807735849057 0.517628205 0.16682692264150942 0.514423076875 0.16899038490566037 0.511378205 0.17764423113207548 0.509294871875 0.1923076924528302 0.5094551281249999 0.22379807735849058 0.5125 0.24807692264150946 0.516826923125 0.25985576886792455 0.52099359 0.26754807735849057 0.525480769375 0.2735576924528302 0.53621794875 0.28317307735849057 0.549358974375 0.28317307735849057 0.55400641 0.2747596150943396
1 0.44455128187500004 0.2555288462264151 0.436698718125 0.23221153867924527 0.41971153875 0.22475961509433962 0.4173076925 0.22860576886792452 0.41522435874999997 0.24302884622641507 0.41506410250000003 0.24807692264150946 0.41939102562499997 0.26658653867924526 0.430128205 0.2848557688679245 0.431891025625 0.2865384613207547 0.435576923125 0.2867788462264151 0.44182692312500005 0.28028846132075474 0.44375 0.2716346150943396 0.44455128187500004 0.2555288462264151
6 0.29727564125 0.29639423113207547 0.3125 0.28389423113207546 0.3264423075 0.26370192264150943 0.32916666687499996 0.253125 0.329647435625 0.215625 0.32900641 0.20456730754716979 0.32628205125 0.2004807688679245 0.306570513125 0.1987980773584906 0.245833333125 0.22067307735849057 0.21426282062500002 0.2836538462264151 0.21378205125000002 0.28701923113207545 0.21907051312499998 0.29735576886792453 0.22884615375 0.3045673075471698 0.232371795 0.3064903849056604 0.251762820625 0.31033653867924527 0.255929486875 0.31033653867924527 0.2900641025 0.3 0.29727564125 0.29639423113207547
1 0.35336538437500004 0.3552884613207547 0.36121794875 0.3514423075471698 0.365544871875 0.3478365386792453 0.38253205125 0.3141826924528302 0.37836538437500006 0.30961538490566043 0.32996794875 0.2860576924528302 0.318269230625 0.2836538462264151 0.30721153875 0.2913461537735849 0.299519230625 0.31033653867924527 0.298397435625 0.3192307688679245 0.298237179375 0.32235576886792455 0.30272435875 0.3353365386792453 0.310737179375 0.34591346132075473 0.318269230625 0.3528846150943396 0.32243589749999996 0.3560096150943396 0.325801281875 0.35673076886792454 0.34246794875 0.35721153867924527 0.35336538437500004 0.3552884613207547
6 0.24791666687500002 0.38317307735849054 0.20496794875 0.3663461537735849 0.203205128125 0.3670673075471698 0.19615384625 0.37451923113207547 0.19503205125 0.37692307735849057 0.19102564125000002 0.5096153849056604 0.267628205 0.5485576924528301 0.2713141025 0.5444711537735849 0.27227564125000003 0.5408653849056604 0.2724358975 0.5252403849056604 0.26153846125 0.42692307735849055 0.24871794875 0.3846153849056604 0.24791666687500002 0.38317307735849054
1 0.504487179375 0.42379807735849057 0.5099358975 0.4173076924528302 0.51233974375 0.40817307735849057 0.512179486875 0.38846153867924527 0.5019230768749999 0.37067307735849053 0.474519230625 0.34567307735849057 0.470512820625 0.34879807735849055 0.46650641 0.3581730773584905 0.46362179500000006 0.3689903849056604 0.46378205125 0.38485576886792455 0.46746794875 0.4079326924528302 0.470352564375 0.4139423075471698 0.478044871875 0.4235576924528302 0.49006410250000004 0.4290865386792453 0.500480769375 0.42692307735849055 0.504487179375 0.42379807735849057
1 0.7721153843749999 0.43966346132075473 0.77147435875 0.4302884613207547 0.76875 0.42379807735849057 0.762179486875 0.4158653849056604 0.755929486875 0.4117788462264151 0.750801281875 0.4115384613207547 0.738141025625 0.4139423075471698 0.7294871793750001 0.41923076886792454 0.723397435625 0.4278846150943396 0.7224358975 0.4314903849056604 0.7224358975 0.43557692264150943 0.7262820512499999 0.44182692264150947 0.747916666875 0.453125 0.755929486875 0.45576923113207546 0.75977564125 0.4564903849056604 0.77115384625 0.44326923113207545 0.7721153843749999 0.43966346132075473
6 0.7024038462500001 0.5370192311320754 0.70224359 0.45889423113207545 0.658333333125 0.3641826924528302 0.6548076924999999 0.3610576924528302 0.6512820512499999 0.36033653867924526 0.64358974375 0.3608173075471698 0.63974359 0.3629807688679245 0.638621795 0.3649038462264151 0.631730769375 0.40360576886792454 0.6235576925 0.46682692264150943 0.6512820512499999 0.5086538462264151 0.6799679487500001 0.5415865386792452 0.689423076875 0.5442307688679245 0.6945512818749999 0.5444711537735849 0.6966346156250001 0.5435096150943396 0.701762820625 0.5379807688679246 0.7024038462500001 0.5370192311320754
6 0.5956730768749999 0.41129807735849055 0.57596153875 0.4060096150943396 0.5368589743750001 0.4271634613207547 0.5001602562499999 0.46298076886792455 0.48541666687499996 0.5447115386792453 0.48621794875 0.5487980773584905 0.49022435875 0.5487980773584905 0.525320513125 0.534375 0.58125 0.5040865386792452 0.5826923075 0.5019230773584905 0.5956730768749999 0.4235576924528302 0.5956730768749999 0.41129807735849055
6 0.431570513125 0.45096153867924527 0.3900641025 0.4235576924528302 0.36314102562499995 0.41923076886792454 0.35833333312500004 0.41971153867924527 0.32628205125 0.43485576886792454 0.319230769375 0.4548076924528302 0.319230769375 0.4632211537735849 0.320833333125 0.4704326924528302 0.34615384624999995 0.5213942311320754 0.40400641 0.5521634613207548 0.44134615375 0.471875 0.443269230625 0.4627403849056604 0.44262820499999994 0.4598557688679245 0.431570513125 0.45096153867924527
9 0.39711538437500005 0.5591346150943396 0.39246794875 0.5634615386792453 0.387179486875 0.5721153849056604 0.38221153874999997 0.5915865386792453 0.38205128187500004 0.6033653849056604 0.384455128125 0.6074519226415095 0.38862179500000005 0.6069711537735849 0.39503205125 0.6007211537735849 0.40737179500000004 0.5800480773584905 0.40977564125 0.5564903849056604 0.40737179500000004 0.5552884613207547 0.39711538437500005 0.5591346150943396
1 0.35657051312500004 0.5663461537735849 0.3548076925 0.5444711537735849 0.35352564125 0.5425480773584905 0.345673076875 0.5401442311320754 0.338301281875 0.5423076924528302 0.328365384375 0.5564903849056604 0.32612179500000005 0.5646634613207547 0.319230769375 0.5954326924528301 0.319391025625 0.6033653849056604 0.32243589749999996 0.6076923075471699 0.32516025625 0.6098557688679246 0.332371795 0.6081730773584906 0.34759615375 0.5954326924528301 0.355448718125 0.5826923075471698 0.35657051312500004 0.5663461537735849
6 0.300480769375 0.6658653849056604 0.29134615375 0.6423076924528301 0.27147435875 0.6007211537735849 0.22884615375 0.590625 0.220352564375 0.590625 0.21650641 0.5939903849056604 0.209615384375 0.6108173075471699 0.209455128125 0.615625 0.21891025625000002 0.6658653849056604 0.26650641 0.7425480773584906 0.26746794875 0.7439903849056604 0.290865384375 0.7466346150943396 0.2974358975 0.7444711537735849 0.303044871875 0.7283653849056604 0.300480769375 0.6658653849056604
6 0.416666666875 0.771875 0.412179486875 0.7533653849056604 0.39711538437500005 0.7045673075471699 0.373076923125 0.6425480773584905 0.345512820625 0.6509615386792452 0.34166666687499997 0.6538461537735849 0.33942307687499995 0.6572115386792453 0.33766025624999996 0.6620192311320754 0.337019230625 0.6694711537735849 0.337179486875 0.6858173075471699 0.344551281875 0.7519230773584905 0.354166666875 0.7829326924528301 0.35737179500000005 0.7846153849056604 0.39631410250000004 0.7903846150943395 0.412179486875 0.7831730773584905 0.41586538437500004 0.7754807688679246 0.416666666875 0.771875
1 0.464102564375 0.7680288462264151 0.464262820625 0.7625 0.45961538437500005 0.6894230773584905 0.457051281875 0.6814903849056604 0.45528846125 0.6776442311320754 0.44711538437500004 0.6685096150943396 0.43541666687499997 0.6617788462264151 0.43141025624999996 0.6709134613207547 0.42868589749999997 0.6798076924528301 0.425801281875 0.6951923075471699 0.425480769375 0.7009615386792453 0.43028846125000003 0.7483173075471699 0.431570513125 0.7524038462264151 0.43862179500000004 0.7685096150943396 0.44391025624999997 0.7754807688679246 0.45496794875 0.7805288462264152 0.45865384625 0.7793269226415095 0.464102564375 0.7680288462264151
6 0.59246794875 0.5954326924528301 0.5881410256249999 0.5918269226415095 0.555769230625 0.5735576924528302 0.52147435875 0.5901442311320754 0.474198718125 0.6569711537735848 0.474519230625 0.6627403849056605 0.4764423075 0.6658653849056604 0.5014423075 0.6850961537735849 0.544871795 0.6872596150943396 0.5849358975 0.6502403849056604 0.5956730768749999 0.6117788462264151 0.594871795 0.5995192311320754 0.59246794875 0.5954326924528301
3 0.6698717949999999 0.7182692311320754 0.67371794875 0.7057692311320755 0.68141025625 0.6350961537735849 0.67852564125 0.5641826924528301 0.6657051281249999 0.5629807688679246 0.654326923125 0.5673076924528302 0.644391025625 0.5728365386792452 0.631891025625 0.5954326924528301 0.61474359 0.6377403849056604 0.61121794875 0.6502403849056604 0.6155448718750001 0.6983173075471698 0.61602564125 0.7012019226415095 0.623237179375 0.7168269226415095 0.630769230625 0.7264423075471699 0.637019230625 0.7283653849056604 0.654166666875 0.7240384613207548 0.6698717949999999 0.7182692311320754
1 0.58221153875 0.7790865386792453 0.584134615625 0.771875 0.585737179375 0.7516826924528301 0.5778846156249999 0.7278846150943395 0.5725961537500001 0.7242788462264151 0.56378205125 0.7254807688679246 0.559455128125 0.7319711537735849 0.555769230625 0.74375 0.555448718125 0.75 0.556570513125 0.7615384613207548 0.560416666875 0.7725961537735849 0.5625 0.7754807688679246 0.568269230625 0.7810096150943396 0.576121795 0.7838942311320755 0.58028846125 0.7814903849056604 0.58221153875 0.7790865386792453
1 0.651121795 0.7639423075471699 0.6506410256249999 0.7519230773584905 0.6483974356250001 0.7401442311320754 0.6459935900000001 0.7387019226415095 0.61778846125 0.7634615386792453 0.6176282049999999 0.7673076924528301 0.61891025625 0.7711538462264151 0.627083333125 0.7800480773584906 0.63028846125 0.78125 0.639423076875 0.7800480773584906 0.6471153843749999 0.7752403849056604 0.6491987181250001 0.7713942311320754 0.651121795 0.7639423075471699
6 0.730608974375 0.7372596150943396 0.73108974375 0.7237980773584906 0.728044871875 0.709375 0.7205128206249999 0.6889423075471699 0.716666666875 0.6862980773584906 0.712820513125 0.6889423075471699 0.67403846125 0.7322115386792453 0.6650641025 0.7680288462264151 0.655608974375 0.8115384613207547 0.6552884612500001 0.8163461537735849 0.65625 0.8228365386792452 0.662019230625 0.8295673075471699 0.689423076875 0.8355769226415094 0.693269230625 0.8329326924528302 0.712820513125 0.7944711537735849 0.7290064099999999 0.7487980773584906 0.730608974375 0.7372596150943396
1 0.780608974375 0.5961538462264151 0.77884615375 0.5855769226415094 0.77740384625 0.5824519226415095 0.775480769375 0.5807692311320755 0.7706730768750001 0.58125 0.76378205125 0.5831730773584906 0.73621794875 0.5949519226415094 0.73221153875 0.5975961537735849 0.726923076875 0.6036057688679246 0.72115384625 0.6194711537735849 0.720352564375 0.6230769226415095 0.7213141025 0.6259615386792453 0.725480769375 0.634375 0.72852564125 0.6377403849056604 0.7363782050000001 0.6403846150943396 0.74647435875 0.6346153849056604 0.7756410256249999 0.6110576924528301 0.780608974375 0.5961538462264151