3 0.560416666875 0.3350961537735849 0.49775641 0.403125 0.497115384375 0.4050480773584905 0.49791666687499997 0.409375 0.52852564125 0.45889423113207545 0.575801281875 0.49182692264150946 0.5963141025 0.4733173075471698 0.619070513125 0.42692307735849055 0.61971153875 0.42379807735849057 0.560416666875 0.3350961537735849
11 0.530608974375 0.31466346132075473 0.5302884612500001 0.31826923113207545 0.536378205 0.33389423113207545 0.53990384625 0.3377403849056604 0.5413461537500001 0.3377403849056604 0.54102564125 0.32764423113207547 0.538141025625 0.31826923113207545 0.53349359 0.3127403849056604 0.530608974375 0.31466346132075473
6 0.471634615625 0.04471153867924528 0.47147435875 0.04086538490566038 0.46266025624999996 0.029326922641509434 0.45128205125 0.025 0.43525641 0.02211538490566038 0.353205128125 0.06971153867924529 0.354326923125 0.09182692264150943 0.36233974375 0.10745192264150943 0.43541666687499997 0.15288461509433962 0.436698718125 0.15288461509433962 0.43733974375 0.15264423113207548 0.462980769375 0.08004807735849057 0.46923076937499997 0.06057692264150944 0.471634615625 0.04471153867924528
6 0.63108974375 0.14639423113207548 0.6298076925 0.14278846132075473 0.5838141025 0.09014423113207548 0.537019230625 0.0867788462264151 0.531891025625 0.09038461509433962 0.5296474356249999 0.09543269245283019 0.5125 0.18173076886792452 0.5125 0.18533653867924527 0.5927884612500001 0.21201923113207546 0.5956730768749999 0.2117788462264151 0.6076923075 0.20168269245283021 0.6288461537500001 0.18149038490566038 0.631730769375 0.17764423113207548 0.63108974375 0.14639423113207548
10 0.27628205125 0.23485576886792453 0.275320513125 0.2235576924528302 0.27227564125000003 0.2180288462264151 0.267147435625 0.2163461537735849 0.26346153875 0.21899038490566036 0.168429486875 0.4182692311320755 0.16826923062500002 0.4201923075471698 0.17115384625000002 0.43173076886792455 0.181730769375 0.4391826924528302 0.18541666687500002 0.44014423113207546 0.205128205 0.41201923113207545 0.228365384375 0.3605769226415095 0.2735576925 0.25192307735849057 0.27628205125 0.23485576886792453
21 0.373076923125 0.3733173075471698 0.38878205125 0.3661057688679245 0.40192307687499995 0.3579326924528302 0.42724359 0.3221153849056604 0.42740384625 0.3180288462264151 0.368429486875 0.20096153867924527 0.36522435875 0.19975961509433962 0.348397435625 0.22019230754716979 0.32211538437500004 0.2596153849056604 0.3201923075 0.30192307735849055 0.32147435874999997 0.3100961537735849 0.32996794875 0.33076923113207546 0.34775641 0.3610576924528302 0.35352564125 0.3673076924528302 0.3576923075 0.3701923075471698 0.369070513125 0.3737980773584905 0.373076923125 0.3733173075471698
6 0.470352564375 0.21899038490566036 0.467147435625 0.22019230754716979 0.455448718125 0.23557692264150942 0.431570513125 0.2766826924528302 0.42756410250000004 0.28701923113207545 0.42756410250000004 0.2944711537735849 0.45240384624999996 0.43822115377358495 0.45496794875 0.4391826924528302 0.486698718125 0.4158653849056604 0.50272435875 0.24014423113207548 0.5019230768749999 0.23846153867924527 0.476121795 0.2194711537735849 0.470352564375 0.21899038490566036
14 0.658173076875 0.2608173075471698 0.6544871793750001 0.259375 0.650320513125 0.25985576886792455 0.6413461537499999 0.26658653867924526 0.638621795 0.2711538462264151 0.638141025625 0.28413461509433957 0.6411858975 0.30264423113207545 0.6463141025 0.3060096150943396 0.65352564125 0.3036057688679245 0.65625 0.2983173075471698 0.6605769231249999 0.2673076924528302 0.660416666875 0.26346153867924527 0.658173076875 0.2608173075471698
14 0.662019230625 0.32620192264150943 0.6564102562499999 0.32908653867924526 0.6451923075 0.34182692264150943 0.64278846125 0.35432692264150945 0.6426282050000001 0.35745192264150943 0.64983974375 0.37283653867924527 0.65352564125 0.37692307735849057 0.662820513125 0.37764423113207546 0.6657051281249999 0.3766826924528302 0.6668269231249999 0.3735576924528302 0.666666666875 0.33389423113207545 0.662019230625 0.32620192264150943
18 0.7875 0.4391826924528302 0.78766025625 0.434375 0.785416666875 0.4050480773584905 0.7798076924999999 0.36875 0.7775641025 0.36033653867924526 0.7733974356250001 0.3502403849056604 0.7706730768750001 0.34663461509433957 0.75977564125 0.34278846132075474 0.753205128125 0.34375 0.7487179487500001 0.3471153849056604 0.7424679487500001 0.3545673075471698 0.738301281875 0.3646634613207547 0.734455128125 0.37764423113207546 0.73253205125 0.39254807735849057 0.731730769375 0.4122596150943396 0.740384615625 0.4545673075471698 0.74375 0.46490384622641506 0.75352564125 0.4721153849056604 0.7636217949999999 0.4735576924528302 0.77115384625 0.4701923075471698 0.7786858975 0.4627403849056604 0.7875 0.4391826924528302
1 0.682371795 0.459375 0.6860576924999999 0.44375 0.6860576924999999 0.4274038462264151 0.6834935900000001 0.41923076886792454 0.6775641025 0.40913461509433957 0.6722756412500001 0.4060096150943396 0.6698717949999999 0.40552884622641505 0.66522435875 0.40697115377358495 0.6572115387499999 0.41201923113207545 0.6540064099999999 0.41875 0.649519230625 0.43485576886792454 0.6487179487500001 0.45120192264150943 0.652083333125 0.46802884622641505 0.6540064099999999 0.47451923113207545 0.6560897437500001 0.478125 0.659615384375 0.4798076924528302 0.66602564125 0.48004807735849053 0.6735576925 0.4742788462264151 0.682371795 0.459375
18 0.7891025643749999 0.5370192311320754 0.7903846156250001 0.5298076924528301 0.79022435875 0.5165865386792453 0.782852564375 0.5045673075471698 0.779326923125 0.5014423075471699 0.7762820512499999 0.5004807688679246 0.759294871875 0.49783653867924527 0.747916666875 0.5045673075471698 0.73621794875 0.5182692311320755 0.729166666875 0.5331730773584905 0.725480769375 0.5427884613207548 0.722115384375 0.5550480773584906 0.717628205 0.571875 0.715384615625 0.5836538462264151 0.70897435875 0.6189903849056604 0.7096153843749999 0.6230769226415095 0.71266025625 0.6274038462264151 0.724519230625 0.6242788462264152 0.73028846125 0.6204326924528302 0.741826923125 0.6103365386792453 0.748397435625 0.6012019226415094 0.7891025643749999 0.5370192311320754
6 0.661378205 0.6504807688679246 0.665544871875 0.6350961537735849 0.6733974356250001 0.5956730773584905 0.674358974375 0.5838942311320754 0.6725961537499999 0.5442307688679245 0.668269230625 0.5252403849056604 0.662019230625 0.5240384613207547 0.649519230625 0.5370192311320754 0.621634615625 0.640625 0.618269230625 0.6543269226415095 0.61778846125 0.659375 0.61778846125 0.6658653849056604 0.61891025625 0.6723557688679246 0.624519230625 0.6824519226415094 0.638621795 0.6891826924528301 0.64246794875 0.6862980773584906 0.6463141025 0.68125 0.6544871793750001 0.6665865386792452 0.661378205 0.6504807688679246
1 0.694871795 0.7947115386792453 0.693269230625 0.7831730773584905 0.6852564099999999 0.771875 0.67772435875 0.7680288462264151 0.66233974375 0.7615384613207548 0.6576923075000001 0.7610576924528302 0.6487179487500001 0.7634615386792453 0.63733974375 0.7689903849056604 0.637179486875 0.7711538462264151 0.638621795 0.7747596150943395 0.6463141025 0.7870192311320754 0.662019230625 0.7961538462264152 0.6862179487500001 0.8052884613207547 0.689423076875 0.8043269226415094 0.69358974375 0.7985576924528301 0.694871795 0.7947115386792453
6 0.5921474356249999 0.7288461537735849 0.584455128125 0.7108173075471699 0.5775641025 0.7002403849056604 0.563141025625 0.6862980773584906 0.54102564125 0.6701923075471699 0.51474359 0.6574519226415094 0.5099358975 0.6567307688679246 0.49759615375000005 0.6576923075471699 0.49038461562499996 0.6600961537735849 0.46746794875 0.6733173075471699 0.454647435625 0.6834134613207548 0.45352564125 0.6853365386792453 0.44278846125 0.7439903849056604 0.4423076925 0.7519230773584905 0.443269230625 0.7567307688679246 0.563621795 0.7704326924528302 0.568269230625 0.7697115386792452 0.591666666875 0.7600961537735849 0.5947115387499999 0.7555288462264151 0.594070513125 0.7425480773584906 0.5921474356249999 0.7288461537735849
1 0.575 0.6314903849056605 0.579326923125 0.5721153849056604 0.5786858975 0.5694711537735849 0.573076923125 0.5603365386792453 0.5681089743750001 0.5586538462264151 0.55897435875 0.5617788462264152 0.5541666668749999 0.5682692311320754 0.5524038462499999 0.5721153849056604 0.550641025625 0.5800480773584905 0.550641025625 0.5939903849056604 0.55224359 0.6057692311320754 0.55384615375 0.6110576924528301 0.556570513125 0.6168269226415094 0.56602564125 0.6283653849056604 0.572115384375 0.6326923075471699 0.575 0.6314903849056605
14 0.548878205 0.48725961509433957 0.5407051281249999 0.4841346150943396 0.535416666875 0.4884615386792453 0.5326923075 0.49495192264150945 0.5328525643750001 0.5021634613207547 0.542628205 0.5165865386792453 0.5485576925 0.5213942311320754 0.55272435875 0.5192307688679246 0.557051281875 0.5016826924528301 0.554487179375 0.4935096150943396 0.5525641025 0.49014423113207545 0.548878205 0.48725961509433957
20 0.49647435875 0.5826923075471698 0.49775641 0.5795673075471699 0.49791666687499997 0.5752403849056604 0.48621794875 0.5028846150943396 0.45112179500000005 0.5185096150943396 0.45096153875 0.5213942311320754 0.45993589749999997 0.5675480773584906 0.46233974375000003 0.5730769226415094 0.46810897437500004 0.5802884613207547 0.48221153875 0.5862980773584906 0.49038461562499996 0.5870192311320754 0.494230769375 0.5853365386792453 0.49647435875 0.5826923075471698
6 0.33766025624999996 0.37596153867924526 0.323076923125 0.3725961537735849 0.301762820625 0.3716346150943396 0.29727564125 0.37283653867924527 0.29246794875 0.3766826924528302 0.29246794875 0.39254807735849057 0.36778846125000003 0.5105769226415094 0.369070513125 0.5110576924528302 0.41009615375 0.46778846132075474 0.40897435875 0.4471153849056604 0.376762820625 0.4014423075471698 0.3474358975 0.38076923113207545 0.33766025624999996 0.37596153867924526
6 0.30240384625 0.5036057688679246 0.275 0.4855769226415095 0.232371795 0.4798076924528302 0.198237179375 0.5399038462264151 0.19391025625000002 0.5564903849056604 0.19070512812499998 0.5838942311320754 0.19054487187500002 0.5918269226415095 0.19230769250000002 0.6074519226415095 0.193269230625 0.6088942311320754 0.197115384375 0.6086538462264152 0.290384615625 0.5451923075471699 0.303044871875 0.5141826924528301 0.303205128125 0.5055288462264151 0.30240384625 0.5036057688679246
3 0.24727564125 0.4548076924528302 0.24615384625 0.4507211537735849 0.225801281875 0.4387019226415095 0.22083333312499998 0.43701923113207547 0.215865384375 0.43846153867924526 0.21025641 0.4430288462264151 0.205929486875 0.45096153867924527 0.204647435625 0.45625 0.204647435625 0.46682692264150943 0.206891025625 0.47091346132075473 0.209134615625 0.4728365386792453 0.220352564375 0.4747596150943396 0.232371795 0.4723557688679245 0.24519230749999998 0.46370192264150945 0.24727564125 0.4598557688679245 0.24727564125 0.4548076924528302
6 0.382371795 0.6502403849056604 0.35689102562499997 0.5682692311320754 0.35352564125 0.5637019226415094 0.33493589749999997 0.5557692311320754 0.329326923125 0.55625 0.31875 0.5612980773584906 0.287019230625 0.6100961537735848 0.28317307687500004 0.6228365386792453 0.282852564375 0.6262019226415094 0.272916666875 0.7557692311320754 0.273397435625 0.7581730773584906 0.27403846125000003 0.7596153849056604 0.28317307687500004 0.7668269226415094 0.318269230625 0.7877403849056605 0.33012820499999995 0.7877403849056605 0.33397435875 0.7826923075471699 0.382371795 0.6502403849056604
14 0.40384615375000005 0.6115384613207547 0.40560897437500004 0.6137019226415095 0.408173076875 0.6146634613207548 0.413621795 0.6074519226415095 0.41891025625 0.5752403849056604 0.400320513125 0.5536057688679246 0.39535256437500005 0.5598557688679245 0.40384615375000005 0.6115384613207547
1 0.41009615375 0.7740384613207547 0.409294871875 0.7665865386792453 0.408012820625 0.7629807688679245 0.399679486875 0.7579326924528301 0.39503205125 0.7569711537735849 0.3911858975 0.7581730773584906 0.38621794875 0.7625 0.380608974375 0.7706730773584906 0.37836538437500006 0.7757211537735849 0.37596153875 0.7879807688679246 0.37644230749999996 0.7959134613207547 0.380448718125 0.8043269226415094 0.38285256437500004 0.8060096150943395 0.38878205125 0.8067307688679246 0.40560897437500004 0.7990384613207547 0.40849359 0.7961538462264152 0.41025641 0.790625 0.41009615375 0.7740384613207547