6 0.724609375 0.3500976566037736 0.724609375 0.3295898433962264 0.72265625 0.3237304688679245 0.6962890625 0.26953125 0.6865234375 0.26953125 0.6767578125 0.2753906245283019 0.67578125 0.2768554688679245 0.6640625 0.3120117188679245 0.666015625 0.4145507811320755 0.6796875 0.4438476566037736 0.6865234375 0.45410156226415094 0.6962890625 0.45410156226415094 0.7021484375 0.44824218773584906 0.705078125 0.4409179688679245 0.724609375 0.3500976566037736
6 0.5205078125 0.688476562264151 0.52734375 0.6782226566037736 0.53125 0.6547851566037736 0.533203125 0.6196289066037736 0.53515625 0.5346679688679246 0.5166015625 0.506835937735849 0.5107421875 0.500976562264151 0.5009765625 0.495117187735849 0.4892578125 0.495117187735849 0.4833984375 0.500976562264151 0.478515625 0.5083007811320754 0.474609375 0.5200195311320754 0.47265625 0.5288085933962264 0.470703125 0.5463867188679246 0.470703125 0.5786132811320754 0.4765625 0.6606445311320754 0.48046875 0.6811523433962264 0.4990234375 0.6972656245283019 0.5087890625 0.6972656245283019 0.5146484375 0.694335937735849 0.5205078125 0.688476562264151
9 0.712890625 0.5756835933962264 0.7119140625 0.57421875 0.6962890625 0.57421875 0.69140625 0.5786132811320754 0.6875 0.5903320311320754 0.6875 0.6049804688679246 0.689453125 0.6108398433962264 0.6943359375 0.6152343754716981 0.7041015625 0.6152343754716981 0.708984375 0.6079101566037736 0.7109375 0.6020507811320754 0.712890625 0.5756835933962264
9 0.6845703125 0.75 0.6806640625 0.752929687735849 0.6796875 0.7543945311320754 0.6796875 0.7719726566037736 0.6845703125 0.7792968754716981 0.6904296875 0.7792968754716981 0.693359375 0.7719726566037736 0.693359375 0.7602539066037736 0.6865234375 0.75 0.6845703125 0.75
9 0.435546875 0.6606445311320754 0.4267578125 0.647460937735849 0.4189453125 0.647460937735849 0.4150390625 0.6503906245283019 0.41015625 0.6577148433962264 0.408203125 0.6635742188679246 0.404296875 0.6899414066037736 0.408203125 0.6987304688679246 0.4130859375 0.703125 0.4208984375 0.700195312264151 0.423828125 0.6958007811320754 0.43359375 0.6752929688679246 0.435546875 0.6665039066037736 0.435546875 0.6606445311320754
9 0.4970703125 0.4628906245283019 0.4814453125 0.4628906245283019 0.4736328125 0.46582031226415094 0.46875 0.4731445311320755 0.46875 0.48486328113207544 0.4716796875 0.489257812264151 0.4755859375 0.4921875 0.4951171875 0.4921875 0.5 0.48486328113207544 0.5 0.4672851566037736 0.4970703125 0.4628906245283019
14 0.416015625 0.7661132811320754 0.4091796875 0.7558593754716981 0.4072265625 0.7558593754716981 0.404296875 0.7602539066037736 0.404296875 0.7690429688679246 0.40625 0.7749023433962264 0.4140625 0.7895507811320754 0.4189453125 0.793945312264151 0.419921875 0.7924804688679246 0.421875 0.7807617188679246 0.416015625 0.7661132811320754
14 0.5126953125 0.14941406226415094 0.509765625 0.1538085933962264 0.5078125 0.15966796886792453 0.5078125 0.18310546886792453 0.5107421875 0.1875 0.513671875 0.18310546886792453 0.51953125 0.1625976566037736 0.51953125 0.1538085933962264 0.5166015625 0.14941406226415094 0.5126953125 0.14941406226415094
1 0.353515625 0.6635742188679246 0.3447265625 0.6503906245283019 0.3388671875 0.647460937735849 0.3310546875 0.647460937735849 0.3251953125 0.6503906245283019 0.3212890625 0.653320312264151 0.314453125 0.6635742188679246 0.3125 0.6694335933962264 0.3125 0.6870117188679246 0.3173828125 0.700195312264151 0.3447265625 0.703125 0.353515625 0.6870117188679246 0.35546875 0.6782226566037736 0.35546875 0.6723632811320754 0.353515625 0.6635742188679246
3 0.400390625 0.6049804688679246 0.40234375 0.5874023433962264 0.404296875 0.5229492188679246 0.40234375 0.5141601566037736 0.361328125 0.4145507811320755 0.3603515625 0.41308593773584906 0.3544921875 0.41308593773584906 0.3115234375 0.4160156245283019 0.3076171875 0.41894531226415094 0.3046875 0.4233398433962264 0.267578125 0.49658203113207544 0.267578125 0.49951171886792456 0.3046875 0.5815429688679246 0.3134765625 0.588867187735849 0.3564453125 0.606445312264151 0.3662109375 0.609375 0.3974609375 0.609375 0.400390625 0.6049804688679246
3 0.48046875 0.3764648433962264 0.474609375 0.3530273433962264 0.4716796875 0.3457031245283019 0.4248046875 0.31933593773584906 0.4228515625 0.31933593773584906 0.4140625 0.3354492188679245 0.40234375 0.4116210933962264 0.40234375 0.4291992188679245 0.4150390625 0.4453125 0.4189453125 0.44824218773584906 0.4267578125 0.44824218773584906 0.4736328125 0.38964843773584906 0.48046875 0.3793945311320755 0.48046875 0.3764648433962264
21 0.564453125 0.22705078113207547 0.52734375 0.1508789066037736 0.5263671875 0.14941406226415094 0.5234375 0.1538085933962264 0.50390625 0.2709960933962264 0.50390625 0.2797851566037736 0.5166015625 0.29296875 0.5205078125 0.29589843773584906 0.5361328125 0.2988281245283019 0.5439453125 0.2988281245283019 0.57421875 0.2709960933962264 0.564453125 0.22705078113207547