11 0.4365234375 0.22851562452830187 0.4189453125 0.2431640622641509 0.4140625 0.2504882811320755 0.412109375 0.2563476566037736 0.412109375 0.2680664066037736 0.4130859375 0.26953125 0.4423828125 0.23730468773584906 0.443359375 0.2358398433962264 0.443359375 0.2329101566037736 0.4384765625 0.22851562452830187 0.4365234375 0.22851562452830187
11 0.5048828125 0.2636718754716981 0.505859375 0.2622070311320755 0.505859375 0.2563476566037736 0.4951171875 0.24023437452830187 0.4912109375 0.24023437452830187 0.490234375 0.2416992188679245 0.5048828125 0.2636718754716981
11 0.51953125 0.2094726566037736 0.5185546875 0.20800781226415094 0.5166015625 0.20800781226415094 0.515625 0.2094726566037736 0.515625 0.2211914066037736 0.517578125 0.22705078113207547 0.5205078125 0.23144531226415094 0.5224609375 0.23144531226415094 0.5234375 0.22998046886792453 0.5234375 0.22705078113207547 0.51953125 0.2094726566037736
11 0.3916015625 0.1875 0.38671875 0.19482421886792453 0.38671875 0.20361328113207547 0.3876953125 0.20507812452830187 0.4013671875 0.19042968773584906 0.404296875 0.1860351566037736 0.4033203125 0.18457031226415094 0.3955078125 0.18457031226415094 0.3916015625 0.1875
11 0.3896484375 0.4160156245283019 0.3876953125 0.4160156245283019 0.3701171875 0.4277343745283019 0.369140625 0.4291992188679245 0.369140625 0.4350585933962264 0.3701171875 0.43652343773584906 0.3779296875 0.43652343773584906 0.3837890625 0.43359375 0.390625 0.4233398433962264 0.390625 0.4174804688679245 0.3896484375 0.4160156245283019
11 0.3115234375 0.5683593754716981 0.30859375 0.5727539066037736 0.306640625 0.5991210933962264 0.3076171875 0.600585937735849 0.3095703125 0.600585937735849 0.3125 0.5961914066037736 0.314453125 0.5874023433962264 0.314453125 0.5698242188679246 0.3134765625 0.5683593754716981 0.3115234375 0.5683593754716981
11 0.3388671875 0.5390625 0.337890625 0.5405273433962264 0.337890625 0.5463867188679246 0.3388671875 0.547851562264151 0.3525390625 0.547851562264151 0.35546875 0.5434570311320754 0.35546875 0.5405273433962264 0.3544921875 0.5390625 0.3388671875 0.5390625
11 0.3916015625 0.583007812264151 0.388671875 0.5874023433962264 0.3916015625 0.5917968754716981 0.3994140625 0.594726562264151 0.4130859375 0.594726562264151 0.4140625 0.5932617188679246 0.4140625 0.5874023433962264 0.4091796875 0.583007812264151 0.3916015625 0.583007812264151
11 0.4248046875 0.5390625 0.4189453125 0.5390625 0.416015625 0.5434570311320754 0.4169921875 0.5449218754716981 0.4287109375 0.559570312264151 0.4326171875 0.5625 0.4345703125 0.5625 0.435546875 0.5610351566037736 0.435546875 0.5551757811320754 0.4248046875 0.5390625
11 0.4716796875 0.524414062264151 0.4638671875 0.518554687735849 0.4541015625 0.515625 0.453125 0.5170898433962264 0.453125 0.5200195311320754 0.4560546875 0.524414062264151 0.4638671875 0.530273437735849 0.4716796875 0.530273437735849 0.47265625 0.5288085933962264 0.47265625 0.5258789066037736 0.4716796875 0.524414062264151
11 0.3984375 0.7045898433962264 0.3974609375 0.703125 0.3935546875 0.706054687735849 0.392578125 0.7075195311320754 0.392578125 0.7192382811320754 0.39453125 0.7250976566037736 0.3994140625 0.7324218754716981 0.4013671875 0.7324218754716981 0.40234375 0.7309570311320754 0.40234375 0.7250976566037736 0.3984375 0.7045898433962264
11 0.4794921875 0.688476562264151 0.4853515625 0.688476562264151 0.494140625 0.6752929688679246 0.494140625 0.6665039066037736 0.4931640625 0.665039062264151 0.478515625 0.6870117188679246 0.4794921875 0.688476562264151
11 0.53515625 0.4584960933962264 0.533203125 0.4643554688679245 0.533203125 0.4790039066037736 0.5361328125 0.483398437735849 0.537109375 0.4819335933962264 0.54296875 0.4555664066037736 0.5419921875 0.45410156226415094 0.5380859375 0.45410156226415094 0.53515625 0.4584960933962264
11 0.62890625 0.5083007811320754 0.6279296875 0.506835937735849 0.6201171875 0.506835937735849 0.6123046875 0.512695312264151 0.609375 0.5170898433962264 0.609375 0.5200195311320754 0.6103515625 0.5214843754716981 0.6123046875 0.5214843754716981 0.6240234375 0.515625 0.6279296875 0.512695312264151 0.62890625 0.5112304688679246 0.62890625 0.5083007811320754
11 0.7265625 0.7221679688679246 0.7314453125 0.7265625 0.7431640625 0.7265625 0.748046875 0.7192382811320754 0.7470703125 0.717773437735849 0.7451171875 0.717773437735849 0.7275390625 0.7207031245283019 0.7265625 0.7221679688679246
11 0.6220703125 0.40722656226415094 0.6064453125 0.40722656226415094 0.60546875 0.4086914066037736 0.60546875 0.4174804688679245 0.6064453125 0.41894531226415094 0.6123046875 0.41894531226415094 0.6181640625 0.4160156245283019 0.623046875 0.4116210933962264 0.623046875 0.4086914066037736 0.6220703125 0.40722656226415094
1 0.30859375 0.3237304688679245 0.30859375 0.3090820311320755 0.3056640625 0.3046875 0.2919921875 0.29003906226415094 0.2900390625 0.29003906226415094 0.2861328125 0.29296875 0.28125 0.3002929688679245 0.279296875 0.3061523433962264 0.279296875 0.3178710933962264 0.28125 0.3266601566037736 0.2841796875 0.33105468773584906 0.2880859375 0.3339843754716981 0.2958984375 0.33691406226415094 0.3017578125 0.3339843754716981 0.30859375 0.3237304688679245
3 0.4482421875 0.45703125 0.4423828125 0.45703125 0.4375 0.4643554688679245 0.435546875 0.4702148433962264 0.435546875 0.48486328113207544 0.4375 0.5024414066037736 0.4404296875 0.506835937735849 0.4443359375 0.506835937735849 0.4453125 0.5053710933962264 0.44921875 0.4584960933962264 0.4482421875 0.45703125
3 0.5615234375 0.694335937735849 0.5556640625 0.69140625 0.5517578125 0.69140625 0.55078125 0.6928710933962264 0.55078125 0.6958007811320754 0.552734375 0.7045898433962264 0.5576171875 0.71484375 0.55859375 0.7133789066037736 0.5625 0.6987304688679246 0.5625 0.6958007811320754 0.5615234375 0.694335937735849
9 0.599609775625 0.2578137018867925 0.587890224375 0.2578137018867925 0.587890224375 0.2695324518867925 0.599609775625 0.2695324518867925 0.599609775625 0.2578137018867925
9 0.771484375 0.6694335933962264 0.771484375 0.6606445311320754 0.7666015625 0.653320312264151 0.7587890625 0.6503906245283019 0.7509765625 0.6503906245283019 0.74609375 0.6577148433962264 0.74609375 0.6606445311320754 0.748046875 0.6665039066037736 0.7548828125 0.6738281245283019 0.7587890625 0.676757812264151 0.7646484375 0.676757812264151 0.7685546875 0.6738281245283019 0.771484375 0.6694335933962264
0 0.4697265625 0.536132812264151 0.466796875 0.5405273433962264 0.466796875 0.5463867188679246 0.4697265625 0.553710937735849 0.4736328125 0.553710937735849 0.474609375 0.5522460933962264 0.474609375 0.5405273433962264 0.4716796875 0.536132812264151 0.4697265625 0.536132812264151
0 0.3427734375 0.50390625 0.337890625 0.5112304688679246 0.337890625 0.5170898433962264 0.3388671875 0.518554687735849 0.3447265625 0.518554687735849 0.349609375 0.5112304688679246 0.349609375 0.5083007811320754 0.3466796875 0.50390625 0.3427734375 0.50390625
0 0.2626953125 0.559570312264151 0.2587890625 0.5625 0.2578125 0.5639648433962264 0.2578125 0.5698242188679246 0.2607421875 0.57421875 0.2666015625 0.57421875 0.271484375 0.5668945311320754 0.271484375 0.5639648433962264 0.2705078125 0.5625 0.2626953125 0.559570312264151
0 0.6884765625 0.45703125 0.685546875 0.4614257811320755 0.685546875 0.4643554688679245 0.6884765625 0.46875 0.6923828125 0.46875 0.6953125 0.4643554688679245 0.6953125 0.4614257811320755 0.6904296875 0.45703125 0.6884765625 0.45703125
9 0.267578125 0.3969726566037736 0.2568359375 0.3808593754716981 0.2470703125 0.3808593754716981 0.2421875 0.3881835933962264 0.2421875 0.3940429688679245 0.2470703125 0.40136718773584906 0.2509765625 0.4042968745283019 0.2607421875 0.40722656226415094 0.2666015625 0.40722656226415094 0.267578125 0.4057617188679245 0.267578125 0.3969726566037736
14 0.37109375 0.2211914066037736 0.369140625 0.21533203113207547 0.3662109375 0.2109375 0.3603515625 0.2109375 0.3330078125 0.22265625 0.33203125 0.2241210933962264 0.328125 0.2329101566037736 0.328125 0.23876953113207547 0.3291015625 0.24023437452830187 0.3349609375 0.2431640622641509 0.3564453125 0.2431640622641509 0.3623046875 0.24023437452830187 0.37109375 0.22705078113207547 0.37109375 0.2211914066037736
1 0.4228515625 0.12597656226415094 0.419921875 0.1303710933962264 0.419921875 0.13623046886792453 0.4267578125 0.14648437547169813 0.4287109375 0.14648437547169813 0.43359375 0.1391601566037736 0.43359375 0.1303710933962264 0.4306640625 0.12597656226415094 0.4228515625 0.12597656226415094
9 0.455078125 0.4057617188679245 0.455078125 0.3999023433962264 0.4521484375 0.3925781245283019 0.4423828125 0.38671875 0.4228515625 0.3808593754716981 0.4189453125 0.3808593754716981 0.416015625 0.3852539066037736 0.416015625 0.3999023433962264 0.4228515625 0.41015625 0.4404296875 0.41894531226415094 0.4462890625 0.41894531226415094 0.4501953125 0.4160156245283019 0.453125 0.4116210933962264 0.455078125 0.4057617188679245
9 0.505859375 0.3940429688679245 0.5009765625 0.38671875 0.4970703125 0.38378906226415094 0.4814453125 0.38378906226415094 0.478515625 0.3881835933962264 0.478515625 0.3940429688679245 0.4833984375 0.40136718773584906 0.4931640625 0.41015625 0.4990234375 0.41015625 0.50390625 0.4028320311320755 0.505859375 0.3969726566037736 0.505859375 0.3940429688679245
9 0.662109375 0.4262695311320755 0.66015625 0.4204101566037736 0.6552734375 0.4160156245283019 0.6513671875 0.4160156245283019 0.646484375 0.4204101566037736 0.64453125 0.4262695311320755 0.64453125 0.4409179688679245 0.646484375 0.4497070311320755 0.6494140625 0.45410156226415094 0.6552734375 0.45410156226415094 0.658203125 0.4497070311320755 0.662109375 0.4379882811320755 0.662109375 0.4262695311320755
2 0.771484375 0.2563476566037736 0.763671875 0.2329101566037736 0.7197265625 0.16699218773584906 0.7138671875 0.16113281226415094 0.6962890625 0.14941406226415094 0.6669921875 0.13476562452830187 0.6591796875 0.13476562452830187 0.658203125 0.13623046886792453 0.658203125 0.14794921886792453 0.66796875 0.1772460933962264 0.6806640625 0.19628906226415094 0.7548828125 0.28125 0.7646484375 0.2753906245283019 0.76953125 0.2680664066037736 0.771484375 0.2563476566037736
14 0.80078125 0.4702148433962264 0.7978515625 0.4628906245283019 0.7861328125 0.45996093773584906 0.7724609375 0.46582031226415094 0.767578125 0.4731445311320755 0.767578125 0.4790039066037736 0.7724609375 0.483398437735849 0.7919921875 0.489257812264151 0.7978515625 0.489257812264151 0.80078125 0.48486328113207544 0.802734375 0.4790039066037736 0.80078125 0.4702148433962264
14 0.71875 0.6020507811320754 0.7138671875 0.594726562264151 0.6923828125 0.5917968754716981 0.6865234375 0.59765625 0.68359375 0.6020507811320754 0.68359375 0.6108398433962264 0.6865234375 0.6152343754716981 0.6904296875 0.618164062264151 0.7021484375 0.62109375 0.7138671875 0.62109375 0.71875 0.6137695311320754 0.71875 0.6020507811320754
9 0.6904296875 0.6738281245283019 0.689453125 0.6752929688679246 0.6875 0.6811523433962264 0.6943359375 0.69140625 0.7001953125 0.694335937735849 0.7099609375 0.694335937735849 0.712890625 0.6899414066037736 0.712890625 0.6752929688679246 0.7119140625 0.6738281245283019 0.6904296875 0.6738281245283019