6 0.45703125 0.2622070311320755 0.47265625 0.22998046886792453 0.48828125 0.18017578113207547 0.48828125 0.1743164066037736 0.486328125 0.1655273433962264 0.4794921875 0.15527343773584906 0.4697265625 0.14941406226415094 0.4560546875 0.15234375 0.4208984375 0.16992187547169813 0.3681640625 0.20214843773584906 0.365234375 0.20654296886792453 0.36328125 0.2124023433962264 0.359375 0.2416992188679245 0.359375 0.2592773433962264 0.36328125 0.2739257811320755 0.3681640625 0.28125 0.3720703125 0.28417968773584906 0.3974609375 0.29296875 0.4541015625 0.26660156226415094 0.45703125 0.2622070311320755
6 0.3828125 0.3325195311320755 0.380859375 0.3266601566037736 0.3740234375 0.31640625 0.3642578125 0.31640625 0.3583984375 0.31933593773584906 0.3388671875 0.3339843754716981 0.302734375 0.3969726566037736 0.30078125 0.4086914066037736 0.302734375 0.4174804688679245 0.3095703125 0.4277343745283019 0.3193359375 0.42480468773584906 0.3544921875 0.40136718773584906 0.380859375 0.3647460933962264 0.3828125 0.3383789066037736 0.3828125 0.3325195311320755
21 0.5126953125 0.24609375 0.5029296875 0.2431640622641509 0.4775390625 0.2519531245283019 0.4716796875 0.25488281226415094 0.4365234375 0.28125 0.43359375 0.2856445311320755 0.4296875 0.3999023433962264 0.4296875 0.4028320311320755 0.4306640625 0.4042968745283019 0.5595703125 0.35449218773584906 0.560546875 0.3530273433962264 0.556640625 0.2915039066037736 0.5380859375 0.26953125 0.5126953125 0.24609375
21 0.5322265625 0.34277343773584906 0.5146484375 0.3339843754716981 0.5126953125 0.3339843754716981 0.5078125 0.3413085933962264 0.4921875 0.3999023433962264 0.5087890625 0.42480468773584906 0.5361328125 0.42480468773584906 0.537109375 0.4233398433962264 0.541015625 0.3940429688679245 0.541015625 0.3559570311320755 0.5390625 0.3500976566037736 0.5322265625 0.34277343773584906
21 0.4990234375 0.512695312264151 0.498046875 0.5141601566037736 0.4921875 0.5375976566037736 0.486328125 0.5727539066037736 0.4873046875 0.57421875 0.5283203125 0.606445312264151 0.5576171875 0.5917968754716981 0.55859375 0.5903320311320754 0.55859375 0.5874023433962264 0.5576171875 0.5859375 0.4990234375 0.512695312264151
18 0.7353515625 0.7734375 0.7421875 0.7602539066037736 0.751953125 0.7309570311320754 0.751953125 0.7133789066037736 0.75 0.6928710933962264 0.74609375 0.6723632811320754 0.7421875 0.6606445311320754 0.736328125 0.6459960933962264 0.7236328125 0.6269531245283019 0.7060546875 0.612304687735849 0.6962890625 0.609375 0.6748046875 0.609375 0.6494140625 0.62109375 0.6455078125 0.624023437735849 0.625 0.6547851566037736 0.623046875 0.6606445311320754 0.62109375 0.6752929688679246 0.619140625 0.7192382811320754 0.630859375 0.7514648433962264 0.6416015625 0.76171875 0.6513671875 0.7675781245283019 0.6982421875 0.7792968754716981 0.7177734375 0.7792968754716981 0.7294921875 0.776367187735849 0.7353515625 0.7734375
18 0.560546875 0.49951171886792456 0.5556640625 0.4921875 0.5517578125 0.4921875 0.55078125 0.4936523433962264 0.548828125 0.5024414066037736 0.548828125 0.5317382811320754 0.5537109375 0.5390625 0.5576171875 0.5390625 0.560546875 0.5346679688679246 0.5625 0.5229492188679246 0.5625 0.5083007811320754 0.560546875 0.49951171886792456
20 0.580078125 0.6577148433962264 0.576171875 0.6459960933962264 0.5732421875 0.641601562264151 0.5517578125 0.641601562264151 0.5341796875 0.647460937735849 0.533203125 0.6489257811320754 0.5390625 0.6899414066037736 0.5439453125 0.6972656245283019 0.5673828125 0.7089843754716981 0.5693359375 0.7089843754716981 0.57421875 0.6987304688679246 0.580078125 0.6606445311320754 0.580078125 0.6577148433962264
9 0.5576171875 0.7324218754716981 0.5458984375 0.7324218754716981 0.5341796875 0.735351562264151 0.529296875 0.7426757811320754 0.529296875 0.7543945311320754 0.5361328125 0.764648437735849 0.5517578125 0.770507812264151 0.5595703125 0.76171875 0.564453125 0.7543945311320754 0.564453125 0.7426757811320754 0.5576171875 0.7324218754716981
9 0.4921875 0.7368164066037736 0.4921875 0.7309570311320754 0.4892578125 0.7265625 0.4833984375 0.723632812264151 0.4697265625 0.7207031245283019 0.4599609375 0.723632812264151 0.45703125 0.7309570311320754 0.455078125 0.7397460933962264 0.455078125 0.7456054688679246 0.4599609375 0.752929687735849 0.4638671875 0.7558593754716981 0.4697265625 0.7558593754716981 0.4833984375 0.747070312264151 0.4892578125 0.741210937735849 0.4921875 0.7368164066037736
9 0.4453125 0.6782226566037736 0.4423828125 0.6738281245283019 0.4384765625 0.670898437735849 0.4326171875 0.670898437735849 0.431640625 0.6723632811320754 0.4296875 0.6782226566037736 0.4296875 0.6840820311320754 0.4345703125 0.69140625 0.4423828125 0.6972656245283019 0.4443359375 0.6972656245283019 0.44921875 0.6899414066037736 0.44921875 0.6870117188679246 0.4453125 0.6782226566037736
9 0.423828125 0.7163085933962264 0.421875 0.7045898433962264 0.4189453125 0.700195312264151 0.4150390625 0.6972656245283019 0.4072265625 0.6972656245283019 0.40234375 0.7016601566037736 0.400390625 0.7075195311320754 0.400390625 0.7192382811320754 0.40234375 0.7250976566037736 0.408203125 0.7397460933962264 0.4150390625 0.75 0.4208984375 0.75 0.423828125 0.7426757811320754 0.423828125 0.7163085933962264
9 0.3564453125 0.612304687735849 0.3486328125 0.612304687735849 0.3447265625 0.6152343754716981 0.33984375 0.6225585933962264 0.33984375 0.6284179688679246 0.3564453125 0.6503906245283019 0.3623046875 0.6503906245283019 0.365234375 0.6459960933962264 0.3671875 0.6372070311320754 0.365234375 0.6254882811320754 0.3564453125 0.612304687735849
9 0.29296875 0.5961914066037736 0.2880859375 0.588867187735849 0.2861328125 0.588867187735849 0.2822265625 0.5917968754716981 0.28125 0.5932617188679246 0.28125 0.6079101566037736 0.283203125 0.6166992188679246 0.2880859375 0.624023437735849 0.2919921875 0.624023437735849 0.29296875 0.6225585933962264 0.294921875 0.6020507811320754 0.29296875 0.5961914066037736
9 0.3125 0.6430664066037736 0.3154296875 0.647460937735849 0.3193359375 0.647460937735849 0.32421875 0.6401367188679246 0.3232421875 0.6386718754716981 0.3173828125 0.6386718754716981 0.3134765625 0.641601562264151 0.3125 0.6430664066037736
9 0.435546875 0.5581054688679246 0.4326171875 0.553710937735849 0.4287109375 0.55078125 0.4228515625 0.55078125 0.4189453125 0.553710937735849 0.40625 0.5727539066037736 0.404296875 0.5786132811320754 0.404296875 0.5815429688679246 0.4091796875 0.588867187735849 0.4130859375 0.5917968754716981 0.4169921875 0.5917968754716981 0.4306640625 0.583007812264151 0.435546875 0.5756835933962264 0.435546875 0.5581054688679246
9 0.455078125 0.49658203113207544 0.4521484375 0.4921875 0.4462890625 0.4863281245283018 0.4267578125 0.4863281245283018 0.42578125 0.48779296886792456 0.42578125 0.4907226566037736 0.4287109375 0.495117187735849 0.4326171875 0.4980468754716982 0.4462890625 0.506835937735849 0.4541015625 0.506835937735849 0.455078125 0.5053710933962264 0.455078125 0.49658203113207544
9 0.3876953125 0.4511718745283019 0.3798828125 0.4511718745283019 0.37890625 0.4526367188679245 0.37890625 0.4584960933962264 0.3837890625 0.46582031226415094 0.3876953125 0.46875 0.3955078125 0.46875 0.396484375 0.4672851566037736 0.396484375 0.4643554688679245 0.3876953125 0.4511718745283019
9 0.3447265625 0.41308593773584906 0.3330078125 0.41308593773584906 0.3271484375 0.41894531226415094 0.322265625 0.4262695311320755 0.3203125 0.4350585933962264 0.3203125 0.4467773433962264 0.3251953125 0.45410156226415094 0.3271484375 0.45410156226415094 0.3486328125 0.4277343745283019 0.349609375 0.4262695311320755 0.349609375 0.4204101566037736 0.3447265625 0.41308593773584906
9 0.32421875 0.3647460933962264 0.3232421875 0.36328125 0.3056640625 0.3457031245283019 0.2978515625 0.3457031245283019 0.29296875 0.3530273433962264 0.291015625 0.3588867188679245 0.291015625 0.3647460933962264 0.29296875 0.3706054688679245 0.2958984375 0.375 0.3037109375 0.3808593754716981 0.3154296875 0.3808593754716981 0.32421875 0.3676757811320755 0.32421875 0.3647460933962264
9 0.6875 0.5317382811320754 0.6875 0.5229492188679246 0.6826171875 0.515625 0.6806640625 0.515625 0.6728515625 0.5214843754716981 0.662109375 0.5375976566037736 0.658203125 0.5463867188679246 0.658203125 0.5551757811320754 0.6650390625 0.565429687735849 0.6689453125 0.5683593754716981 0.6767578125 0.565429687735849 0.6796875 0.5610351566037736 0.68359375 0.5493164066037736 0.6875 0.5317382811320754
9 0.7578125 0.4350585933962264 0.7509765625 0.42480468773584906 0.7373046875 0.42480468773584906 0.736328125 0.4262695311320755 0.736328125 0.4438476566037736 0.740234375 0.4526367188679245 0.7529296875 0.46875 0.7587890625 0.46875 0.763671875 0.4614257811320755 0.76171875 0.4467773433962264 0.7578125 0.4350585933962264
9 0.6826171875 0.26660156226415094 0.6728515625 0.26660156226415094 0.671875 0.2680664066037736 0.671875 0.3032226566037736 0.673828125 0.3090820311320755 0.6806640625 0.31933593773584906 0.6865234375 0.31933593773584906 0.693359375 0.3090820311320755 0.693359375 0.2885742188679245 0.6826171875 0.26660156226415094
9 0.6103515625 0.21386718773584906 0.6025390625 0.21679687452830187 0.595703125 0.22705078113207547 0.595703125 0.2329101566037736 0.5986328125 0.23730468773584906 0.6025390625 0.23730468773584906 0.6083984375 0.23144531226415094 0.611328125 0.2241210933962264 0.611328125 0.21533203113207547 0.6103515625 0.21386718773584906
14 0.6376953125 0.21386718773584906 0.6337890625 0.21386718773584906 0.6279296875 0.21679687452830187 0.623046875 0.2241210933962264 0.62109375 0.22998046886792453 0.625 0.2416992188679245 0.6318359375 0.2490234377358491 0.6376953125 0.2490234377358491 0.638671875 0.2475585933962264 0.642578125 0.22705078113207547 0.638671875 0.21533203113207547 0.6376953125 0.21386718773584906
14 0.640625 0.3120117188679245 0.6357421875 0.30761718773584906 0.6337890625 0.30761718773584906 0.62890625 0.3149414066037736 0.630859375 0.3266601566037736 0.6357421875 0.3339843754716981 0.6416015625 0.33984375 0.6474609375 0.33984375 0.650390625 0.3354492188679245 0.650390625 0.3325195311320755 0.640625 0.3120117188679245
14 0.6669921875 0.43652343773584906 0.6611328125 0.43652343773584906 0.6455078125 0.4511718745283019 0.64453125 0.4526367188679245 0.6513671875 0.4628906245283019 0.6552734375 0.46582031226415094 0.6591796875 0.46582031226415094 0.6669921875 0.45996093773584906 0.671875 0.4526367188679245 0.669921875 0.4409179688679245 0.6669921875 0.43652343773584906
14 0.6357421875 0.47753906226415094 0.6298828125 0.47167968773584906 0.6240234375 0.47167968773584906 0.619140625 0.4790039066037736 0.619140625 0.4819335933962264 0.6201171875 0.483398437735849 0.6357421875 0.489257812264151 0.6376953125 0.489257812264151 0.638671875 0.48779296886792456 0.638671875 0.4819335933962264 0.6357421875 0.47753906226415094
14 0.5859375 0.5112304688679246 0.5791015625 0.50390625 0.5751953125 0.500976562264151 0.5712890625 0.500976562264151 0.5673828125 0.50390625 0.56640625 0.5053710933962264 0.56640625 0.5083007811320754 0.5703125 0.5288085933962264 0.5732421875 0.536132812264151 0.5791015625 0.5390625 0.5830078125 0.5390625 0.591796875 0.5258789066037736 0.5859375 0.5112304688679246
14 0.5107421875 0.48046875 0.5009765625 0.48046875 0.498046875 0.48486328113207544 0.498046875 0.4907226566037736 0.5068359375 0.50390625 0.5107421875 0.506835937735849 0.5166015625 0.506835937735849 0.521484375 0.4936523433962264 0.521484375 0.4907226566037736 0.5107421875 0.48046875
14 0.421875 0.3208007811320755 0.419921875 0.3149414066037736 0.4169921875 0.3105468754716981 0.4140625 0.3149414066037736 0.4140625 0.3266601566037736 0.416015625 0.3383789066037736 0.4169921875 0.33984375 0.4228515625 0.33984375 0.423828125 0.3383789066037736 0.423828125 0.3354492188679245 0.421875 0.3208007811320755
14 0.39453125 0.4174804688679245 0.3896484375 0.41015625 0.3857421875 0.41015625 0.380859375 0.4174804688679245 0.380859375 0.4438476566037736 0.3837890625 0.44824218773584906 0.3896484375 0.44824218773584906 0.392578125 0.4438476566037736 0.396484375 0.4321289066037736 0.396484375 0.4233398433962264 0.39453125 0.4174804688679245
14 0.314453125 0.5405273433962264 0.310546875 0.5317382811320754 0.3037109375 0.5214843754716981 0.3017578125 0.5214843754716981 0.298828125 0.5258789066037736 0.298828125 0.5317382811320754 0.302734375 0.5581054688679246 0.3037109375 0.559570312264151 0.3095703125 0.559570312264151 0.3125 0.5551757811320754 0.314453125 0.5463867188679246 0.314453125 0.5405273433962264
14 0.458984375 0.6870117188679246 0.4560546875 0.682617187735849 0.4501953125 0.682617187735849 0.4365234375 0.700195312264151 0.435546875 0.7016601566037736 0.435546875 0.7045898433962264 0.4384765625 0.7089843754716981 0.4423828125 0.711914062264151 0.4501953125 0.7089843754716981 0.453125 0.7045898433962264 0.458984375 0.6899414066037736 0.458984375 0.6870117188679246
1 0.33203125 0.7104492188679246 0.33203125 0.6870117188679246 0.330078125 0.6811523433962264 0.3173828125 0.665039062264151 0.3095703125 0.670898437735849 0.302734375 0.6811523433962264 0.302734375 0.7016601566037736 0.3046875 0.7075195311320754 0.3115234375 0.717773437735849 0.3173828125 0.7207031245283019 0.3193359375 0.7207031245283019 0.3291015625 0.71484375 0.33203125 0.7104492188679246
1 0.392578125 0.7397460933962264 0.392578125 0.7368164066037736 0.388671875 0.7192382811320754 0.3828125 0.6958007811320754 0.3818359375 0.694335937735849 0.3701171875 0.688476562264151 0.3603515625 0.700195312264151 0.353515625 0.7104492188679246 0.3515625 0.7163085933962264 0.353515625 0.7338867188679246 0.35546875 0.7397460933962264 0.3642578125 0.752929687735849 0.3701171875 0.7558593754716981 0.3798828125 0.752929687735849 0.3896484375 0.7441406245283019 0.392578125 0.7397460933962264
1 0.6162109375 0.6035156245283019 0.619140625 0.5991210933962264 0.623046875 0.5903320311320754 0.625 0.5668945311320754 0.6083984375 0.553710937735849 0.5869140625 0.5449218754716981 0.578125 0.5639648433962264 0.576171875 0.5727539066037736 0.576171875 0.5786132811320754 0.580078125 0.5903320311320754 0.5888671875 0.6035156245283019 0.5927734375 0.606445312264151 0.6005859375 0.609375 0.6123046875 0.606445312264151 0.6162109375 0.6035156245283019
1 0.7333984375 0.536132812264151 0.7294921875 0.536132812264151 0.7216796875 0.5390625 0.7177734375 0.541992187735849 0.712890625 0.5493164066037736 0.7109375 0.5551757811320754 0.708984375 0.5815429688679246 0.7373046875 0.612304687735849 0.751953125 0.5874023433962264 0.75390625 0.5815429688679246 0.75390625 0.5610351566037736 0.748046875 0.5463867188679246 0.7412109375 0.5390625 0.7333984375 0.536132812264151
1 0.7666015625 0.6269531245283019 0.7470703125 0.62109375 0.744140625 0.6254882811320754 0.744140625 0.6313476566037736 0.7509765625 0.641601562264151 0.7607421875 0.641601562264151 0.7646484375 0.6386718754716981 0.767578125 0.6313476566037736 0.767578125 0.6284179688679246 0.7666015625 0.6269531245283019
1 0.3701171875 0.506835937735849 0.365234375 0.5141601566037736 0.365234375 0.5229492188679246 0.3681640625 0.530273437735849 0.3759765625 0.5332031245283019 0.3828125 0.5170898433962264 0.3828125 0.5083007811320754 0.3779296875 0.50390625 0.3701171875 0.506835937735849
3 0.4736328125 0.59765625 0.4716796875 0.59765625 0.4619140625 0.6035156245283019 0.45703125 0.6079101566037736 0.455078125 0.6166992188679246 0.482421875 0.6811523433962264 0.4853515625 0.6855468754716981 0.4990234375 0.6855468754716981 0.5078125 0.6577148433962264 0.498046875 0.6137695311320754 0.4970703125 0.612304687735849 0.4736328125 0.59765625
3 0.4091796875 0.641601562264151 0.3935546875 0.6328125 0.3818359375 0.6328125 0.3759765625 0.6386718754716981 0.373046875 0.6430664066037736 0.373046875 0.6489257811320754 0.3818359375 0.6621093754716981 0.3857421875 0.665039062264151 0.4091796875 0.665039062264151 0.4140625 0.6577148433962264 0.4140625 0.6489257811320754 0.4091796875 0.641601562264151