1 0.34765625 0.20654296886792453 0.3515625 0.1860351566037736 0.3515625 0.18017578113207547 0.34765625 0.16845703113207547 0.3408203125 0.15820312452830187 0.3330078125 0.15820312452830187 0.3076171875 0.16699218773584906 0.3037109375 0.16992187547169813 0.291015625 0.18310546886792453 0.2890625 0.1889648433962264 0.2890625 0.2006835933962264 0.29296875 0.21533203113207547 0.2978515625 0.22265625 0.3134765625 0.23144531226415094 0.3271484375 0.23144531226415094 0.3349609375 0.22558593773584906 0.34765625 0.20654296886792453
9 0.458984375 0.1508789066037736 0.4541015625 0.14355468773584906 0.4521484375 0.14355468773584906 0.4453125 0.1538085933962264 0.4453125 0.1625976566037736 0.4521484375 0.17871093773584906 0.4560546875 0.18164062452830187 0.4599609375 0.18164062452830187 0.462890625 0.1743164066037736 0.4609375 0.15673828113207547 0.458984375 0.1508789066037736
9 0.6162109375 0.19335937547169813 0.6083984375 0.19335937547169813 0.5986328125 0.19628906226415094 0.595703125 0.2006835933962264 0.59375 0.20654296886792453 0.595703125 0.2124023433962264 0.5986328125 0.21679687452830187 0.6162109375 0.21679687452830187 0.619140625 0.2124023433962264 0.62109375 0.20654296886792453 0.62109375 0.2006835933962264 0.6162109375 0.19335937547169813
9 0.6875 0.3500976566037736 0.6826171875 0.34277343773584906 0.6787109375 0.33984375 0.6748046875 0.33984375 0.669921875 0.3471679688679245 0.669921875 0.3559570311320755 0.671875 0.3618164066037736 0.6845703125 0.37792968773584906 0.6904296875 0.37207031226415094 0.693359375 0.3676757811320755 0.693359375 0.3618164066037736 0.6875 0.3500976566037736
9 0.728515625 0.5903320311320754 0.728515625 0.5844726566037736 0.724609375 0.5639648433962264 0.7197265625 0.5566406245283019 0.7099609375 0.5449218754716981 0.7021484375 0.5390625 0.6923828125 0.536132812264151 0.689453125 0.5405273433962264 0.685546875 0.5522460933962264 0.685546875 0.5698242188679246 0.69140625 0.5815429688679246 0.6962890625 0.588867187735849 0.7197265625 0.606445312264151 0.7216796875 0.606445312264151 0.724609375 0.6020507811320754 0.728515625 0.5903320311320754
9 0.6494140625 0.44238281226415094 0.6416015625 0.44238281226415094 0.6298828125 0.45410156226415094 0.62890625 0.4555664066037736 0.62890625 0.4672851566037736 0.6357421875 0.47753906226415094 0.6376953125 0.47753906226415094 0.6416015625 0.4746093745283019 0.650390625 0.4584960933962264 0.65234375 0.4497070311320755 0.6494140625 0.44238281226415094
9 0.5458984375 0.43652343773584906 0.5361328125 0.43652343773584906 0.5263671875 0.4453125 0.525390625 0.4467773433962264 0.525390625 0.4584960933962264 0.5283203125 0.4628906245283019 0.5341796875 0.4628906245283019 0.5439453125 0.45703125 0.546875 0.4526367188679245 0.546875 0.4379882811320755 0.5458984375 0.43652343773584906
9 0.525390625 0.5170898433962264 0.5224609375 0.512695312264151 0.5185546875 0.5097656245283019 0.5146484375 0.512695312264151 0.51171875 0.5170898433962264 0.509765625 0.5229492188679246 0.509765625 0.5288085933962264 0.51171875 0.5375976566037736 0.515625 0.5463867188679246 0.5185546875 0.55078125 0.5224609375 0.547851562264151 0.525390625 0.5405273433962264 0.525390625 0.5170898433962264
9 0.4443359375 0.612304687735849 0.44140625 0.6166992188679246 0.439453125 0.6225585933962264 0.4375 0.6313476566037736 0.4375 0.6430664066037736 0.4404296875 0.647460937735849 0.4443359375 0.647460937735849 0.455078125 0.6313476566037736 0.455078125 0.6196289066037736 0.4501953125 0.612304687735849 0.4443359375 0.612304687735849
17 0.3681640625 0.565429687735849 0.3623046875 0.559570312264151 0.3525390625 0.559570312264151 0.3310546875 0.5859375 0.310546875 0.6225585933962264 0.30859375 0.6284179688679246 0.30859375 0.6401367188679246 0.3095703125 0.641601562264151 0.3212890625 0.641601562264151 0.3408203125 0.6269531245283019 0.37109375 0.5844726566037736 0.37109375 0.5698242188679246 0.3681640625 0.565429687735849
9 0.3759765625 0.4453125 0.3720703125 0.44238281226415094 0.3642578125 0.44238281226415094 0.3603515625 0.4453125 0.359375 0.4467773433962264 0.359375 0.4555664066037736 0.3623046875 0.45996093773584906 0.3662109375 0.4628906245283019 0.3740234375 0.4628906245283019 0.376953125 0.4584960933962264 0.376953125 0.4467773433962264 0.3759765625 0.4453125
9 0.3408203125 0.31347656226415094 0.3310546875 0.3105468754716981 0.326171875 0.3149414066037736 0.322265625 0.3266601566037736 0.322265625 0.3471679688679245 0.3232421875 0.34863281226415094 0.3271484375 0.34863281226415094 0.337890625 0.3325195311320755 0.341796875 0.3237304688679245 0.341796875 0.3149414066037736 0.3408203125 0.31347656226415094
9 0.4091796875 0.28417968773584906 0.4052734375 0.28125 0.3974609375 0.28125 0.3935546875 0.28417968773584906 0.388671875 0.2915039066037736 0.38671875 0.2973632811320755 0.38671875 0.3032226566037736 0.3916015625 0.3105468754716981 0.3974609375 0.3105468754716981 0.4013671875 0.30761718773584906 0.4140625 0.2944335933962264 0.4140625 0.2915039066037736 0.4091796875 0.28417968773584906