1 0.447265625 0.1274414066037736 0.4443359375 0.12304687547169811 0.4365234375 0.12011718773584906 0.4052734375 0.13476562452830187 0.3984375 0.14501953113207547 0.396484375 0.1508789066037736 0.396484375 0.1538085933962264 0.40234375 0.1772460933962264 0.4033203125 0.17871093773584906 0.4052734375 0.17871093773584906 0.4287109375 0.16113281226415094 0.447265625 0.13330078113207547 0.447265625 0.1274414066037736
7 0.5849609375 0.16113281226415094 0.5771484375 0.15234375 0.5634765625 0.140625 0.5517578125 0.140625 0.5458984375 0.14355468773584906 0.5361328125 0.15527343773584906 0.533203125 0.15966796886792453 0.529296875 0.16845703113207547 0.52734375 0.1772460933962264 0.52734375 0.1860351566037736 0.5322265625 0.19335937547169813 0.6162109375 0.23144531226415094 0.6298828125 0.234375 0.6396484375 0.23144531226415094 0.640625 0.22998046886792453 0.5849609375 0.16113281226415094
18 0.353515625 0.3120117188679245 0.3515625 0.3032226566037736 0.345703125 0.2885742188679245 0.341796875 0.2797851566037736 0.3330078125 0.26660156226415094 0.3232421875 0.27246093773584906 0.318359375 0.2797851566037736 0.318359375 0.2856445311320755 0.322265625 0.3002929688679245 0.33203125 0.3208007811320755 0.3408203125 0.3339843754716981 0.3486328125 0.3339843754716981 0.353515625 0.3266601566037736 0.353515625 0.3120117188679245
18 0.287109375 0.4438476566037736 0.28515625 0.4379882811320755 0.2763671875 0.42480468773584906 0.2587890625 0.4277343745283019 0.2490234375 0.43652343773584906 0.24609375 0.4438476566037736 0.244140625 0.4526367188679245 0.244140625 0.4614257811320755 0.2451171875 0.4628906245283019 0.2763671875 0.4746093745283019 0.2802734375 0.4746093745283019 0.283203125 0.4702148433962264 0.287109375 0.4555664066037736 0.287109375 0.4438476566037736
18 0.396484375 0.4526367188679245 0.396484375 0.4350585933962264 0.39453125 0.4291992188679245 0.3916015625 0.42480468773584906 0.3857421875 0.421875 0.375 0.4379882811320755 0.37109375 0.4467773433962264 0.361328125 0.4790039066037736 0.361328125 0.4907226566037736 0.36328125 0.49658203113207544 0.3662109375 0.500976562264151 0.3740234375 0.500976562264151 0.3798828125 0.495117187735849 0.3828125 0.4907226566037736 0.396484375 0.4526367188679245
18 0.33984375 0.5434570311320754 0.33984375 0.5258789066037736 0.337890625 0.5200195311320754 0.3349609375 0.515625 0.3271484375 0.5097656245283019 0.3115234375 0.5097656245283019 0.2958984375 0.515625 0.287109375 0.5288085933962264 0.28515625 0.5346679688679246 0.28515625 0.5522460933962264 0.2939453125 0.565429687735849 0.3017578125 0.565429687735849 0.3232421875 0.559570312264151 0.3291015625 0.5566406245283019 0.3369140625 0.55078125 0.33984375 0.5434570311320754
18 0.3203125 0.6430664066037736 0.322265625 0.6254882811320754 0.3203125 0.5991210933962264 0.31640625 0.5874023433962264 0.3115234375 0.577148437735849 0.2998046875 0.5683593754716981 0.2900390625 0.565429687735849 0.2783203125 0.565429687735849 0.2666015625 0.57421875 0.25390625 0.5932617188679246 0.251953125 0.5991210933962264 0.251953125 0.6079101566037736 0.2568359375 0.6152343754716981 0.3017578125 0.66796875 0.3037109375 0.66796875 0.3115234375 0.659179687735849 0.31640625 0.6518554688679246 0.3203125 0.6430664066037736
18 0.447265625 0.6459960933962264 0.4453125 0.6401367188679246 0.4423828125 0.635742187735849 0.4384765625 0.6328125 0.4365234375 0.6328125 0.4326171875 0.635742187735849 0.423828125 0.6489257811320754 0.412109375 0.6840820311320754 0.41015625 0.6958007811320754 0.412109375 0.7104492188679246 0.4228515625 0.723632812264151 0.43359375 0.7075195311320754 0.4375 0.6958007811320754 0.4453125 0.6665039066037736 0.447265625 0.6547851566037736 0.447265625 0.6459960933962264
18 0.591796875 0.6665039066037736 0.58984375 0.6489257811320754 0.5849609375 0.64453125 0.5654296875 0.64453125 0.5517578125 0.647460937735849 0.5400390625 0.653320312264151 0.533203125 0.6635742188679246 0.533203125 0.6752929688679246 0.5380859375 0.682617187735849 0.5458984375 0.688476562264151 0.5634765625 0.688476562264151 0.5732421875 0.6855468754716981 0.5849609375 0.676757812264151 0.591796875 0.6665039066037736
18 0.61328125 0.5317382811320754 0.6064453125 0.524414062264151 0.5927734375 0.512695312264151 0.5771484375 0.515625 0.576171875 0.5170898433962264 0.576171875 0.5258789066037736 0.59765625 0.5815429688679246 0.6025390625 0.588867187735849 0.6103515625 0.588867187735849 0.6171875 0.5698242188679246 0.6171875 0.5434570311320754 0.61328125 0.5317382811320754
18 0.7060546875 0.5800781245283019 0.708984375 0.5756835933962264 0.712890625 0.5668945311320754 0.716796875 0.5522460933962264 0.716796875 0.5463867188679246 0.7060546875 0.530273437735849 0.6982421875 0.52734375 0.6904296875 0.530273437735849 0.6865234375 0.5332031245283019 0.6650390625 0.5566406245283019 0.658203125 0.5668945311320754 0.658203125 0.5874023433962264 0.66015625 0.5932617188679246 0.6650390625 0.600585937735849 0.6748046875 0.606445312264151 0.6787109375 0.606445312264151 0.6904296875 0.59765625 0.7060546875 0.5800781245283019
18 0.68359375 0.3383789066037736 0.6875 0.3266601566037736 0.6875 0.3208007811320755 0.68359375 0.3061523433962264 0.6806640625 0.30175781226415094 0.6767578125 0.30175781226415094 0.6552734375 0.30761718773584906 0.654296875 0.3090820311320755 0.6484375 0.3208007811320755 0.6484375 0.3442382811320755 0.6552734375 0.35449218773584906 0.6591796875 0.3574218754716981 0.6650390625 0.3574218754716981 0.6708984375 0.35449218773584906 0.6787109375 0.34863281226415094 0.68359375 0.3383789066037736
18 0.646484375 0.2973632811320755 0.64453125 0.2915039066037736 0.6220703125 0.26074218773584906 0.6162109375 0.2578125 0.6142578125 0.2578125 0.6103515625 0.26074218773584906 0.607421875 0.2651367188679245 0.607421875 0.2768554688679245 0.61328125 0.2915039066037736 0.6220703125 0.30761718773584906 0.6298828125 0.31347656226415094 0.6416015625 0.31347656226415094 0.646484375 0.3090820311320755 0.646484375 0.2973632811320755
13 0.5712890625 0.25488281226415094 0.5693359375 0.25488281226415094 0.5615234375 0.2636718754716981 0.560546875 0.2651367188679245 0.5625 0.2709960933962264 0.5751953125 0.29003906226415094 0.5791015625 0.29003906226415094 0.587890625 0.2739257811320755 0.587890625 0.2680664066037736 0.5869140625 0.26660156226415094 0.5712890625 0.25488281226415094
14 0.45703125 0.2124023433962264 0.4560546875 0.2109375 0.4521484375 0.20800781226415094 0.4501953125 0.20800781226415094 0.4306640625 0.21386718773584906 0.42578125 0.2211914066037736 0.42578125 0.22705078113207547 0.4306640625 0.234375 0.4482421875 0.2431640622641509 0.4541015625 0.24023437452830187 0.455078125 0.23876953113207547 0.45703125 0.2241210933962264 0.45703125 0.2124023433962264
14 0.39453125 0.2944335933962264 0.3916015625 0.29003906226415094 0.3779296875 0.27832031226415094 0.3740234375 0.27832031226415094 0.369140625 0.2856445311320755 0.3671875 0.2915039066037736 0.3671875 0.2973632811320755 0.3681640625 0.2988281245283019 0.3759765625 0.30175781226415094 0.3837890625 0.30175781226415094 0.3935546875 0.2988281245283019 0.39453125 0.2973632811320755 0.39453125 0.2944335933962264
14 0.3642578125 0.41015625 0.3486328125 0.4160156245283019 0.345703125 0.4204101566037736 0.3486328125 0.4277343745283019 0.3642578125 0.43359375 0.3681640625 0.43359375 0.37109375 0.4291992188679245 0.37109375 0.4233398433962264 0.3671875 0.4145507811320755 0.3642578125 0.41015625
14 0.4287109375 0.40136718773584906 0.4248046875 0.40136718773584906 0.4091796875 0.4160156245283019 0.408203125 0.4174804688679245 0.408203125 0.4233398433962264 0.41015625 0.4321289066037736 0.4169921875 0.4394531245283019 0.4287109375 0.43359375 0.43359375 0.4233398433962264 0.431640625 0.4057617188679245 0.4287109375 0.40136718773584906
14 0.640625 0.3354492188679245 0.6396484375 0.3339843754716981 0.6357421875 0.3339843754716981 0.62890625 0.3442382811320755 0.62890625 0.3530273433962264 0.630859375 0.3588867188679245 0.6357421875 0.36621093773584906 0.6416015625 0.36621093773584906 0.64453125 0.3618164066037736 0.64453125 0.3588867188679245 0.640625 0.3354492188679245
14 0.662109375 0.4790039066037736 0.6591796875 0.4746093745283019 0.6513671875 0.4746093745283019 0.6484375 0.4790039066037736 0.642578125 0.4907226566037736 0.642578125 0.4936523433962264 0.650390625 0.5141601566037736 0.6513671875 0.515625 0.6572265625 0.515625 0.658203125 0.5141601566037736 0.662109375 0.49951171886792456 0.662109375 0.4790039066037736
14 0.4873046875 0.46582031226415094 0.4814453125 0.46582031226415094 0.48046875 0.4672851566037736 0.48046875 0.4731445311320755 0.4970703125 0.4921875 0.4990234375 0.4921875 0.501953125 0.48779296886792456 0.501953125 0.4790039066037736 0.4990234375 0.4746093745283019 0.4873046875 0.46582031226415094
14 0.4560546875 0.495117187735849 0.4521484375 0.4921875 0.44140625 0.5053710933962264 0.439453125 0.5112304688679246 0.44140625 0.5170898433962264 0.4443359375 0.5214843754716981 0.4501953125 0.5214843754716981 0.4560546875 0.518554687735849 0.45703125 0.5170898433962264 0.45703125 0.49658203113207544 0.4560546875 0.495117187735849
14 0.490234375 0.5288085933962264 0.4892578125 0.52734375 0.4853515625 0.52734375 0.48046875 0.5346679688679246 0.4765625 0.5463867188679246 0.4765625 0.5493164066037736 0.48046875 0.5581054688679246 0.4833984375 0.5625 0.4912109375 0.5625 0.4921875 0.5610351566037736 0.4921875 0.5581054688679246 0.490234375 0.5288085933962264
14 0.7314453125 0.52734375 0.7294921875 0.52734375 0.71875 0.5463867188679246 0.716796875 0.5522460933962264 0.716796875 0.5581054688679246 0.7177734375 0.559570312264151 0.7236328125 0.559570312264151 0.7333984375 0.553710937735849 0.740234375 0.5434570311320754 0.732421875 0.5288085933962264 0.7314453125 0.52734375
14 0.5888671875 0.606445312264151 0.5830078125 0.606445312264151 0.5771484375 0.609375 0.5712890625 0.6152343754716981 0.568359375 0.6196289066037736 0.568359375 0.6225585933962264 0.5712890625 0.6269531245283019 0.5791015625 0.6328125 0.5810546875 0.6328125 0.59375 0.6166992188679246 0.59375 0.6137695311320754 0.5888671875 0.606445312264151
14 0.5986328125 0.6796875 0.5927734375 0.6796875 0.58984375 0.6840820311320754 0.587890625 0.6899414066037736 0.587890625 0.6928710933962264 0.591796875 0.7075195311320754 0.6005859375 0.7207031245283019 0.6025390625 0.7207031245283019 0.609375 0.7075195311320754 0.6015625 0.6840820311320754 0.5986328125 0.6796875
14 0.5205078125 0.711914062264151 0.5146484375 0.7089843754716981 0.513671875 0.7104492188679246 0.50390625 0.7309570311320754 0.50390625 0.7397460933962264 0.5048828125 0.741210937735849 0.5244140625 0.73828125 0.52734375 0.7338867188679246 0.52734375 0.7280273433962264 0.525390625 0.7163085933962264 0.5205078125 0.711914062264151
14 0.3896484375 0.7207031245283019 0.3779296875 0.711914062264151 0.373046875 0.7163085933962264 0.365234375 0.7397460933962264 0.3662109375 0.741210937735849 0.3896484375 0.747070312264151 0.3916015625 0.747070312264151 0.39453125 0.7426757811320754 0.39453125 0.7338867188679246 0.392578125 0.7250976566037736 0.3896484375 0.7207031245283019
14 0.400390625 0.6430664066037736 0.3994140625 0.641601562264151 0.3896484375 0.641601562264151 0.38671875 0.6459960933962264 0.380859375 0.6577148433962264 0.380859375 0.6635742188679246 0.3837890625 0.670898437735849 0.3876953125 0.6738281245283019 0.3916015625 0.6738281245283019 0.396484375 0.6665039066037736 0.400390625 0.6577148433962264 0.400390625 0.6430664066037736
14 0.3525390625 0.583007812264151 0.3447265625 0.588867187735849 0.341796875 0.5932617188679246 0.341796875 0.5961914066037736 0.3544921875 0.6152343754716981 0.3564453125 0.6152343754716981 0.361328125 0.6079101566037736 0.361328125 0.5903320311320754 0.3564453125 0.583007812264151 0.3525390625 0.583007812264151
14 0.3359375 0.7163085933962264 0.3193359375 0.703125 0.3173828125 0.703125 0.31640625 0.7045898433962264 0.31640625 0.7163085933962264 0.318359375 0.7309570311320754 0.3193359375 0.7324218754716981 0.3251953125 0.735351562264151 0.3330078125 0.729492187735849 0.3359375 0.7221679688679246 0.3359375 0.7163085933962264
14 0.3291015625 0.45703125 0.3154296875 0.45703125 0.3095703125 0.45996093773584906 0.30859375 0.4614257811320755 0.30859375 0.4731445311320755 0.3095703125 0.4746093745283019 0.3173828125 0.47753906226415094 0.3212890625 0.47753906226415094 0.330078125 0.4672851566037736 0.330078125 0.4584960933962264 0.3291015625 0.45703125
20 0.68359375 0.7280273433962264 0.68359375 0.7221679688679246 0.6826171875 0.7207031245283019 0.6396484375 0.703125 0.6357421875 0.703125 0.62890625 0.7104492188679246 0.626953125 0.7163085933962264 0.626953125 0.7221679688679246 0.62890625 0.7280273433962264 0.6337890625 0.735351562264151 0.6513671875 0.747070312264151 0.6669921875 0.75 0.6767578125 0.73828125 0.68359375 0.7280273433962264
9 0.4404296875 0.14941406226415094 0.439453125 0.1508789066037736 0.4375 0.15966796886792453 0.4404296875 0.1640625 0.4462890625 0.16699218773584906 0.4560546875 0.16699218773584906 0.458984375 0.15966796886792453 0.45703125 0.1538085933962264 0.4541015625 0.14941406226415094 0.4404296875 0.14941406226415094
9 0.380859375 0.20361328113207547 0.3779296875 0.19921875 0.3740234375 0.19628906226415094 0.3701171875 0.19628906226415094 0.3671875 0.2006835933962264 0.357421875 0.2211914066037736 0.357421875 0.22998046886792453 0.359375 0.23876953113207547 0.3623046875 0.2431640622641509 0.3701171875 0.2431640622641509 0.37890625 0.22998046886792453 0.380859375 0.21533203113207547 0.380859375 0.20361328113207547
9 0.416015625 0.2651367188679245 0.4130859375 0.26074218773584906 0.3974609375 0.2431640622641509 0.3837890625 0.24609375 0.3828125 0.2475585933962264 0.380859375 0.2534179688679245 0.380859375 0.2651367188679245 0.3876953125 0.2753906245283019 0.4013671875 0.27832031226415094 0.4111328125 0.27832031226415094 0.4140625 0.2739257811320755 0.416015625 0.2680664066037736 0.416015625 0.2651367188679245
9 0.4873046875 0.17285156226415094 0.4853515625 0.17285156226415094 0.474609375 0.1889648433962264 0.474609375 0.2006835933962264 0.4775390625 0.20507812452830187 0.4833984375 0.20507812452830187 0.48828125 0.1977539066037736 0.490234375 0.1889648433962264 0.490234375 0.1772460933962264 0.4873046875 0.17285156226415094
9 0.513671875 0.2211914066037736 0.5068359375 0.2109375 0.5048828125 0.2109375 0.50390625 0.2124023433962264 0.5 0.2211914066037736 0.5 0.2241210933962264 0.501953125 0.22998046886792453 0.5048828125 0.234375 0.5146484375 0.24023437452830187 0.5166015625 0.24023437452830187 0.51953125 0.2358398433962264 0.513671875 0.2211914066037736
9 0.51953125 0.2768554688679245 0.515625 0.2651367188679245 0.4990234375 0.2431640622641509 0.4931640625 0.2431640622641509 0.490234375 0.2475585933962264 0.490234375 0.2622070311320755 0.498046875 0.2885742188679245 0.5029296875 0.29296875 0.5146484375 0.29296875 0.517578125 0.2885742188679245 0.51953125 0.2827148433962264 0.51953125 0.2768554688679245
9 0.484375 0.2827148433962264 0.4775390625 0.2753906245283019 0.474609375 0.2797851566037736 0.47265625 0.2885742188679245 0.47265625 0.2944335933962264 0.4775390625 0.30175781226415094 0.4814453125 0.3046875 0.4833984375 0.3046875 0.486328125 0.2973632811320755 0.486328125 0.2885742188679245 0.484375 0.2827148433962264
9 0.439453125 0.3325195311320755 0.4287109375 0.31640625 0.4248046875 0.31347656226415094 0.419921875 0.3208007811320755 0.419921875 0.3237304688679245 0.42578125 0.3442382811320755 0.4287109375 0.34863281226415094 0.4326171875 0.34863281226415094 0.4365234375 0.3457031245283019 0.439453125 0.3413085933962264 0.439453125 0.3325195311320755
9 0.4013671875 0.3339843754716981 0.3935546875 0.3339843754716981 0.392578125 0.3354492188679245 0.392578125 0.3559570311320755 0.3955078125 0.36035156226415094 0.3994140625 0.36035156226415094 0.40234375 0.3559570311320755 0.40625 0.3442382811320755 0.404296875 0.3383789066037736 0.4013671875 0.3339843754716981
9 0.388671875 0.3823242188679245 0.388671875 0.3793945311320755 0.384765625 0.3676757811320755 0.3779296875 0.3515625 0.3720703125 0.3457031245283019 0.3662109375 0.3457031245283019 0.361328125 0.3500976566037736 0.359375 0.3559570311320755 0.359375 0.3647460933962264 0.361328125 0.3706054688679245 0.3642578125 0.375 0.3798828125 0.38964843773584906 0.3818359375 0.38964843773584906 0.3857421875 0.38671875 0.388671875 0.3823242188679245
9 0.349609375 0.3354492188679245 0.3486328125 0.3339843754716981 0.3388671875 0.33105468773584906 0.3349609375 0.33105468773584906 0.3310546875 0.3339843754716981 0.330078125 0.3354492188679245 0.330078125 0.3471679688679245 0.3330078125 0.3515625 0.3369140625 0.35449218773584906 0.3427734375 0.3515625 0.345703125 0.3471679688679245 0.349609375 0.3383789066037736 0.349609375 0.3354492188679245
9 0.328125 0.3940429688679245 0.328125 0.3911132811320755 0.3125 0.3530273433962264 0.3115234375 0.3515625 0.3095703125 0.3515625 0.306640625 0.3559570311320755 0.302734375 0.3676757811320755 0.302734375 0.3764648433962264 0.3046875 0.3881835933962264 0.306640625 0.3940429688679245 0.3115234375 0.3984375 0.3154296875 0.3984375 0.3271484375 0.39550781226415094 0.328125 0.3940429688679245
9 0.341796875 0.4145507811320755 0.341796875 0.4262695311320755 0.3427734375 0.4277343745283019 0.345326078125 0.4270288764150943 0.3458334875 0.41527529150943393 0.34453677562499996 0.4127385462264151 0.34284540999999996 0.41214663679245284 0.341796875 0.4145507811320755
9 0.42947329375000004 0.36637343018867924 0.426843623125 0.3655431179245283 0.4228515625 0.36621093773584906 0.41796875 0.3735351566037736 0.416015625 0.3793945311320755 0.416015625 0.3881835933962264 0.4169921875 0.38964843773584906 0.4248046875 0.38964843773584906 0.428919685625 0.3821496198113208 0.430995748125 0.37592217924528304 0.43154935625 0.37052507075471697 0.42947329375000004 0.36637343018867924
9 0.4326171875 0.36328125 0.4287109375 0.36621093773584906 0.427734375 0.3676757811320755 0.4345703125 0.38671875 0.4384765625 0.38964843773584906 0.4443359375 0.38964843773584906 0.447265625 0.3852539066037736 0.447265625 0.3764648433962264 0.4423828125 0.3691406245283019 0.4326171875 0.36328125
9 0.48828125 0.3442382811320755 0.4853515625 0.33984375 0.4814453125 0.33691406226415094 0.4736328125 0.33691406226415094 0.4638671875 0.3457031245283019 0.458984375 0.3530273433962264 0.455078125 0.3618164066037736 0.455078125 0.3706054688679245 0.4560546875 0.37207031226415094 0.4833984375 0.3691406245283019 0.48828125 0.3588867188679245 0.490234375 0.3530273433962264 0.490234375 0.3500976566037736 0.48828125 0.3442382811320755
9 0.44921875 0.4233398433962264 0.4443359375 0.4160156245283019 0.4404296875 0.4160156245283019 0.4375 0.4204101566037736 0.439453125 0.4409179688679245 0.4443359375 0.44824218773584906 0.4462890625 0.44824218773584906 0.4501953125 0.4453125 0.453125 0.4409179688679245 0.453125 0.4321289066037736 0.44921875 0.4233398433962264
9 0.2734375 0.5317382811320754 0.2705078125 0.52734375 0.2646484375 0.52734375 0.26171875 0.5317382811320754 0.26171875 0.5434570311320754 0.263671875 0.5522460933962264 0.2685546875 0.559570312264151 0.2705078125 0.559570312264151 0.2734375 0.5551757811320754 0.275390625 0.5405273433962264 0.2734375 0.5317382811320754
9 0.3623046875 0.5332031245283019 0.3544921875 0.5332031245283019 0.3466796875 0.536132812264151 0.34375 0.5405273433962264 0.34375 0.5493164066037736 0.3447265625 0.55078125 0.3505859375 0.553710937735849 0.3623046875 0.553710937735849 0.365234375 0.5493164066037736 0.365234375 0.5375976566037736 0.3623046875 0.5332031245283019
9 0.43359375 0.48779296886792456 0.43359375 0.4819335933962264 0.4306640625 0.47753906226415094 0.4169921875 0.46582031226415094 0.4072265625 0.46582031226415094 0.40234375 0.4702148433962264 0.400390625 0.4760742188679245 0.400390625 0.4819335933962264 0.40234375 0.48779296886792456 0.4111328125 0.495117187735849 0.4228515625 0.4980468754716982 0.4267578125 0.4980468754716982 0.4306640625 0.495117187735849 0.43359375 0.48779296886792456
9 0.4033203125 0.524414062264151 0.3994140625 0.524414062264151 0.396484375 0.5288085933962264 0.3984375 0.5493164066037736 0.4013671875 0.553710937735849 0.4091796875 0.553710937735849 0.412109375 0.5493164066037736 0.412109375 0.5434570311320754 0.40625 0.5288085933962264 0.4033203125 0.524414062264151
9 0.4443359375 0.524414062264151 0.4404296875 0.52734375 0.439453125 0.5288085933962264 0.439453125 0.5375976566037736 0.4443359375 0.5449218754716981 0.4580078125 0.547851562264151 0.4609375 0.5434570311320754 0.4609375 0.5405273433962264 0.4501953125 0.524414062264151 0.4443359375 0.524414062264151
9 0.5166015625 0.4042968745283019 0.5087890625 0.3984375 0.5068359375 0.3984375 0.5029296875 0.40136718773584906 0.5 0.4057617188679245 0.498046875 0.4116210933962264 0.498046875 0.4204101566037736 0.5068359375 0.43359375 0.5185546875 0.44238281226415094 0.5224609375 0.44238281226415094 0.52734375 0.4350585933962264 0.53125 0.4262695311320755 0.5166015625 0.4042968745283019
9 0.529296875 0.3559570311320755 0.5283203125 0.35449218773584906 0.5244140625 0.35449218773584906 0.51953125 0.3588867188679245 0.517578125 0.3647460933962264 0.517578125 0.3764648433962264 0.51953125 0.3852539066037736 0.5205078125 0.38671875 0.5244140625 0.38671875 0.52734375 0.3793945311320755 0.529296875 0.3706054688679245 0.529296875 0.3559570311320755
9 0.5830078125 0.30761718773584906 0.5751953125 0.30761718773584906 0.5703125 0.3149414066037736 0.568359375 0.3237304688679245 0.568359375 0.3354492188679245 0.5712890625 0.33984375 0.5732421875 0.33984375 0.578125 0.3354492188679245 0.583984375 0.3237304688679245 0.5859375 0.3149414066037736 0.5830078125 0.30761718773584906
9 0.60546875 0.3208007811320755 0.6015625 0.3061523433962264 0.5966796875 0.2988281245283019 0.5927734375 0.2988281245283019 0.587890625 0.3061523433962264 0.587890625 0.3149414066037736 0.5908203125 0.31933593773584906 0.5966796875 0.32519531226415094 0.6005859375 0.328125 0.6044921875 0.328125 0.60546875 0.3266601566037736 0.60546875 0.3208007811320755
9 0.59765625 0.4555664066037736 0.59765625 0.4526367188679245 0.595703125 0.4467773433962264 0.5908203125 0.4394531245283019 0.5771484375 0.43359375 0.5751953125 0.43359375 0.5712890625 0.43652343773584906 0.568359375 0.4409179688679245 0.568359375 0.4467773433962264 0.5703125 0.4526367188679245 0.5791015625 0.46582031226415094 0.5830078125 0.46875 0.5908203125 0.46875 0.595703125 0.4614257811320755 0.59765625 0.4555664066037736
9 0.591796875 0.3823242188679245 0.583984375 0.3618164066037736 0.5771484375 0.3515625 0.5712890625 0.3515625 0.568359375 0.3559570311320755 0.56640625 0.3676757811320755 0.568359375 0.3881835933962264 0.5703125 0.3940429688679245 0.5771484375 0.4042968745283019 0.5830078125 0.4042968745283019 0.5869140625 0.40136718773584906 0.591796875 0.3940429688679245 0.591796875 0.3823242188679245
9 0.6298828125 0.4160156245283019 0.6240234375 0.4160156245283019 0.62109375 0.4204101566037736 0.619140625 0.4321289066037736 0.6220703125 0.4394531245283019 0.6259765625 0.44238281226415094 0.6279296875 0.44238281226415094 0.630859375 0.4379882811320755 0.6328125 0.4321289066037736 0.6328125 0.4204101566037736 0.6298828125 0.4160156245283019
9 0.71484375 0.3852539066037736 0.71484375 0.3823242188679245 0.7119140625 0.375 0.7021484375 0.36328125 0.7001953125 0.36328125 0.697265625 0.3676757811320755 0.697265625 0.3735351566037736 0.69921875 0.3823242188679245 0.701171875 0.3881835933962264 0.7060546875 0.39550781226415094 0.7099609375 0.39550781226415094 0.712890625 0.3911132811320755 0.71484375 0.3852539066037736
9 0.6953125 0.4643554688679245 0.69140625 0.4497070311320755 0.6826171875 0.43652343773584906 0.6669921875 0.43652343773584906 0.6630859375 0.4394531245283019 0.662109375 0.4409179688679245 0.662109375 0.4438476566037736 0.66796875 0.4584960933962264 0.6708984375 0.4628906245283019 0.6748046875 0.46582031226415094 0.6826171875 0.46875 0.6923828125 0.46875 0.6953125 0.4643554688679245
9 0.697265625 0.6635742188679246 0.6845703125 0.647460937735849 0.6806640625 0.64453125 0.6787109375 0.64453125 0.67578125 0.6489257811320754 0.673828125 0.6547851566037736 0.673828125 0.6577148433962264 0.6904296875 0.682617187735849 0.6943359375 0.682617187735849 0.697265625 0.6782226566037736 0.69921875 0.6723632811320754 0.69921875 0.6694335933962264 0.697265625 0.6635742188679246
9 0.650390625 0.6665039066037736 0.6396484375 0.6503906245283019 0.6318359375 0.6503906245283019 0.626953125 0.6577148433962264 0.62890625 0.6635742188679246 0.6318359375 0.66796875 0.6455078125 0.6796875 0.6513671875 0.6796875 0.65234375 0.6782226566037736 0.65234375 0.6723632811320754 0.650390625 0.6665039066037736
9 0.642578125 0.6225585933962264 0.6376953125 0.612304687735849 0.6337890625 0.612304687735849 0.6298828125 0.6152343754716981 0.62890625 0.6166992188679246 0.62890625 0.6284179688679246 0.630859375 0.6401367188679246 0.6337890625 0.64453125 0.6376953125 0.64453125 0.640625 0.6401367188679246 0.642578125 0.6342773433962264 0.642578125 0.6225585933962264
9 0.5546875 0.5434570311320754 0.55078125 0.5317382811320754 0.5478515625 0.52734375 0.5244140625 0.541992187735849 0.5146484375 0.55078125 0.509765625 0.5581054688679246 0.509765625 0.5610351566037736 0.513671875 0.5756835933962264 0.5185546875 0.583007812264151 0.5341796875 0.583007812264151 0.5400390625 0.577148437735849 0.552734375 0.5581054688679246 0.5546875 0.5434570311320754
9 0.501953125 0.6547851566037736 0.50390625 0.6430664066037736 0.50390625 0.6225585933962264 0.4990234375 0.618164062264151 0.4970703125 0.618164062264151 0.4912109375 0.624023437735849 0.482421875 0.6372070311320754 0.478515625 0.6489257811320754 0.478515625 0.6577148433962264 0.4814453125 0.665039062264151 0.4892578125 0.670898437735849 0.4912109375 0.670898437735849 0.4970703125 0.665039062264151 0.5 0.6606445311320754 0.501953125 0.6547851566037736
9 0.4658203125 0.5800781245283019 0.4619140625 0.577148437735849 0.4580078125 0.577148437735849 0.4443359375 0.5859375 0.435546875 0.5991210933962264 0.43359375 0.6079101566037736 0.435546875 0.6166992188679246 0.4384765625 0.62109375 0.4423828125 0.624023437735849 0.4482421875 0.624023437735849 0.46875 0.6049804688679246 0.46875 0.5874023433962264 0.4658203125 0.5800781245283019
9 0.4521484375 0.703125 0.4501953125 0.703125 0.4453125 0.7104492188679246 0.4453125 0.7163085933962264 0.4521484375 0.7324218754716981 0.4580078125 0.7324218754716981 0.458984375 0.7309570311320754 0.458984375 0.7221679688679246 0.45703125 0.7104492188679246 0.4521484375 0.703125
9 0.38671875 0.6020507811320754 0.384765625 0.6079101566037736 0.3896484375 0.6152343754716981 0.4033203125 0.612304687735849 0.408203125 0.6049804688679246 0.408203125 0.5991210933962264 0.4052734375 0.5917968754716981 0.3974609375 0.5917968754716981 0.38671875 0.6020507811320754
9 0.337890625 0.6489257811320754 0.3330078125 0.641601562264151 0.3251953125 0.641601562264151 0.3203125 0.6489257811320754 0.318359375 0.6547851566037736 0.318359375 0.6635742188679246 0.32421875 0.6840820311320754 0.3271484375 0.688476562264151 0.3369140625 0.69140625 0.337890625 0.6899414066037736 0.33984375 0.6606445311320754 0.337890625 0.6489257811320754
9 0.3359375 0.7602539066037736 0.3310546875 0.752929687735849 0.3271484375 0.75 0.3251953125 0.75 0.3203125 0.7573242188679246 0.3203125 0.7631835933962264 0.322265625 0.7690429688679246 0.3330078125 0.7792968754716981 0.3369140625 0.7792968754716981 0.33984375 0.7749023433962264 0.33984375 0.7690429688679246 0.3359375 0.7602539066037736