1 0.5234375 0.7045898433962264 0.5146484375 0.69140625 0.5087890625 0.688476562264151 0.4833984375 0.688476562264151 0.4794921875 0.69140625 0.474609375 0.6987304688679246 0.474609375 0.7163085933962264 0.4775390625 0.723632812264151 0.5048828125 0.7324218754716981 0.5146484375 0.7324218754716981 0.5185546875 0.729492187735849 0.5234375 0.7192382811320754 0.5234375 0.7045898433962264
1 0.662109375 0.7338867188679246 0.658203125 0.7250976566037736 0.6533203125 0.7207031245283019 0.6435546875 0.7207031245283019 0.640625 0.7250976566037736 0.638671875 0.7338867188679246 0.63671875 0.7719726566037736 0.6396484375 0.7792968754716981 0.6474609375 0.7792968754716981 0.6513671875 0.776367187735849 0.654296875 0.7719726566037736 0.66015625 0.7602539066037736 0.662109375 0.7543945311320754 0.662109375 0.7338867188679246
9 0.3740234375 0.09375 0.3720703125 0.09375 0.3681640625 0.09667968773584906 0.36328125 0.10400390660377358 0.361328125 0.12158203113207545 0.3642578125 0.12597656226415094 0.3681640625 0.12890625 0.3701171875 0.12890625 0.375 0.12158203113207545 0.37890625 0.10986328113207547 0.37890625 0.10107421886792453 0.3740234375 0.09375
13 0.412109375 0.1538085933962264 0.4111328125 0.15234375 0.4091796875 0.15234375 0.3837890625 0.17285156226415094 0.3671875 0.1977539066037736 0.3671875 0.20654296886792453 0.4228515625 0.24609375 0.4267578125 0.24609375 0.4296875 0.2416992188679245 0.4296875 0.22998046886792453 0.4140625 0.15966796886792453 0.412109375 0.1538085933962264
9 0.4853515625 0.1875 0.4736328125 0.1875 0.466796875 0.1977539066037736 0.46484375 0.20361328113207547 0.46484375 0.2094726566037736 0.4697265625 0.21679687452830187 0.4755859375 0.21386718773584906 0.4853515625 0.20507812452830187 0.48828125 0.2006835933962264 0.48828125 0.19189453113207547 0.4853515625 0.1875
14 0.5673828125 0.17871093773584906 0.5595703125 0.17871093773584906 0.5498046875 0.18164062452830187 0.5439453125 0.18457031226415094 0.5390625 0.1889648433962264 0.537109375 0.19482421886792453 0.537109375 0.2094726566037736 0.5400390625 0.21679687452830187 0.5419921875 0.21679687452830187 0.5732421875 0.19628906226415094 0.57421875 0.19482421886792453 0.57421875 0.1889648433962264 0.5673828125 0.17871093773584906
9 0.69921875 0.1889648433962264 0.697265625 0.18017578113207547 0.6923828125 0.17578125 0.6904296875 0.17578125 0.673828125 0.1889648433962264 0.671875 0.19482421886792453 0.671875 0.1977539066037736 0.673828125 0.20361328113207547 0.6767578125 0.20800781226415094 0.6826171875 0.20800781226415094 0.6923828125 0.20507812452830187 0.69921875 0.19482421886792453 0.69921875 0.1889648433962264
9 0.669921875 0.3002929688679245 0.669921875 0.2856445311320755 0.6650390625 0.27832031226415094 0.6572265625 0.27832031226415094 0.65234375 0.2856445311320755 0.65234375 0.3090820311320755 0.654296875 0.3149414066037736 0.6572265625 0.31933593773584906 0.6611328125 0.31933593773584906 0.6650390625 0.31640625 0.66796875 0.3090820311320755 0.669921875 0.3002929688679245
9 0.732421875 0.4086914066037736 0.7314453125 0.40722656226415094 0.7158203125 0.4042968745283019 0.7119140625 0.40722656226415094 0.705078125 0.4174804688679245 0.703125 0.4262695311320755 0.703125 0.4350585933962264 0.705078125 0.4409179688679245 0.7099609375 0.44824218773584906 0.7177734375 0.44824218773584906 0.72265625 0.4409179688679245 0.732421875 0.4145507811320755 0.732421875 0.4086914066037736
9 0.673828125 0.3999023433962264 0.673828125 0.3969726566037736 0.6669921875 0.38671875 0.6611328125 0.38671875 0.6533203125 0.39550781226415094 0.6484375 0.4028320311320755 0.6484375 0.4116210933962264 0.6513671875 0.4160156245283019 0.6591796875 0.4160156245283019 0.6650390625 0.41308593773584906 0.6689453125 0.41015625 0.671875 0.4057617188679245 0.673828125 0.3999023433962264
9 0.6044921875 0.35449218773584906 0.5966796875 0.35449218773584906 0.591796875 0.3618164066037736 0.591796875 0.3647460933962264 0.595703125 0.3793945311320755 0.6005859375 0.38671875 0.6103515625 0.38671875 0.61328125 0.3823242188679245 0.61328125 0.3706054688679245 0.6044921875 0.35449218773584906
14 0.4951171875 0.33105468773584906 0.4873046875 0.33105468773584906 0.4697265625 0.33691406226415094 0.4658203125 0.33984375 0.462890625 0.3442382811320755 0.4609375 0.3500976566037736 0.4609375 0.3618164066037736 0.4638671875 0.3691406245283019 0.4677734375 0.3691406245283019 0.4931640625 0.34863281226415094 0.498046875 0.3383789066037736 0.498046875 0.3354492188679245 0.4951171875 0.33105468773584906
9 0.412109375 0.3149414066037736 0.41015625 0.3002929688679245 0.40625 0.2885742188679245 0.4033203125 0.28417968773584906 0.3974609375 0.28417968773584906 0.365234375 0.3325195311320755 0.3759765625 0.36328125 0.3818359375 0.36328125 0.3935546875 0.36035156226415094 0.3974609375 0.3574218754716981 0.408203125 0.3413085933962264 0.41015625 0.3325195311320755 0.412109375 0.3149414066037736
9 0.2431640625 0.33691406226415094 0.2412109375 0.33691406226415094 0.2373046875 0.33984375 0.232421875 0.3471679688679245 0.228515625 0.3706054688679245 0.2373046875 0.3808593754716981 0.2392578125 0.3808593754716981 0.2421875 0.3764648433962264 0.248046875 0.3559570311320755 0.248046875 0.3471679688679245 0.24609375 0.3413085933962264 0.2431640625 0.33691406226415094
9 0.328125 0.3823242188679245 0.326171875 0.3764648433962264 0.3193359375 0.36621093773584906 0.3134765625 0.36621093773584906 0.30859375 0.3735351566037736 0.30859375 0.3793945311320755 0.3125 0.3911132811320755 0.3173828125 0.3984375 0.3232421875 0.3984375 0.326171875 0.3940429688679245 0.328125 0.3881835933962264 0.328125 0.3823242188679245
9 0.3837890625 0.41015625 0.3798828125 0.40722656226415094 0.3779296875 0.40722656226415094 0.3740234375 0.41015625 0.365234375 0.4204101566037736 0.361328125 0.4321289066037736 0.361328125 0.4350585933962264 0.3642578125 0.4394531245283019 0.3662109375 0.4394531245283019 0.3818359375 0.43066406226415094 0.38671875 0.4233398433962264 0.38671875 0.4145507811320755 0.3837890625 0.41015625
20 0.3251953125 0.547851562264151 0.3173828125 0.547851562264151 0.3134765625 0.55078125 0.306640625 0.5610351566037736 0.302734375 0.5756835933962264 0.30078125 0.5903320311320754 0.3056640625 0.59765625 0.3095703125 0.600585937735849 0.3193359375 0.6035156245283019 0.328125 0.5903320311320754 0.33203125 0.5756835933962264 0.33203125 0.5581054688679246 0.3251953125 0.547851562264151
3 0.48046875 0.6225585933962264 0.4765625 0.6049804688679246 0.470703125 0.5932617188679246 0.4599609375 0.577148437735849 0.4169921875 0.553710937735849 0.4150390625 0.553710937735849 0.3642578125 0.606445312264151 0.3408203125 0.6386718754716981 0.3359375 0.6459960933962264 0.3369140625 0.647460937735849 0.3974609375 0.69140625 0.4111328125 0.700195312264151 0.4130859375 0.700195312264151 0.4384765625 0.694335937735849 0.48046875 0.6284179688679246 0.48046875 0.6225585933962264
9 0.5224609375 0.577148437735849 0.5146484375 0.577148437735849 0.5107421875 0.5800781245283019 0.505859375 0.5874023433962264 0.5 0.5991210933962264 0.498046875 0.6079101566037736 0.5048828125 0.618164062264151 0.5126953125 0.618164062264151 0.525390625 0.6049804688679246 0.52734375 0.5991210933962264 0.52734375 0.5874023433962264 0.525390625 0.5815429688679246 0.5224609375 0.577148437735849
10 0.748046875 0.5258789066037736 0.748046875 0.5170898433962264 0.7451171875 0.512695312264151 0.7412109375 0.5097656245283019 0.7353515625 0.5097656245283019 0.728515625 0.5200195311320754 0.697265625 0.5932617188679246 0.6953125 0.6020507811320754 0.6953125 0.6313476566037736 0.705078125 0.7016601566037736 0.7119140625 0.711914062264151 0.7197265625 0.711914062264151 0.72265625 0.7075195311320754 0.724609375 0.7016601566037736 0.748046875 0.5258789066037736
9 0.5986328125 0.500976562264151 0.5888671875 0.500976562264151 0.5830078125 0.506835937735849 0.580078125 0.5112304688679246 0.580078125 0.5200195311320754 0.5830078125 0.524414062264151 0.5966796875 0.524414062264151 0.6015625 0.5170898433962264 0.603515625 0.5112304688679246 0.6015625 0.5053710933962264 0.5986328125 0.500976562264151
9 0.5634765625 0.618164062264151 0.5517578125 0.618164062264151 0.546875 0.6225585933962264 0.544921875 0.6284179688679246 0.544921875 0.6313476566037736 0.5478515625 0.635742187735849 0.5556640625 0.641601562264151 0.5673828125 0.641601562264151 0.5703125 0.6372070311320754 0.5703125 0.6284179688679246 0.5634765625 0.618164062264151
9 0.603515625 0.7045898433962264 0.6005859375 0.700195312264151 0.5966796875 0.6972656245283019 0.5888671875 0.694335937735849 0.5849609375 0.694335937735849 0.5810546875 0.6972656245283019 0.580078125 0.6987304688679246 0.580078125 0.7075195311320754 0.5888671875 0.7207031245283019 0.5927734375 0.723632812264151 0.6005859375 0.723632812264151 0.60546875 0.7192382811320754 0.60546875 0.7133789066037736 0.603515625 0.7045898433962264
9 0.36328125 0.7514648433962264 0.365234375 0.7368164066037736 0.365234375 0.7309570311320754 0.3623046875 0.7265625 0.3564453125 0.723632812264151 0.3388671875 0.723632812264151 0.3310546875 0.729492187735849 0.314453125 0.7514648433962264 0.30859375 0.7807617188679246 0.3115234375 0.78515625 0.3154296875 0.788085937735849 0.3232421875 0.7910156245283019 0.3486328125 0.776367187735849 0.3564453125 0.7675781245283019 0.359375 0.7631835933962264 0.36328125 0.7514648433962264