9 0.5771484375 0.5859375 0.5634765625 0.5859375 0.5595703125 0.588867187735849 0.556640625 0.5932617188679246 0.556640625 0.6020507811320754 0.5615234375 0.609375 0.5693359375 0.609375 0.5771484375 0.606445312264151 0.580078125 0.6020507811320754 0.580078125 0.5932617188679246 0.5771484375 0.5859375
1 0.3828125 0.4028320311320755 0.3779296875 0.39550781226415094 0.3681640625 0.39550781226415094 0.361328125 0.4057617188679245 0.359375 0.4116210933962264 0.359375 0.4233398433962264 0.3603515625 0.42480468773584906 0.3662109375 0.42480468773584906 0.3779296875 0.41894531226415094 0.3818359375 0.4160156245283019 0.384765625 0.4086914066037736 0.3828125 0.4028320311320755
9 0.6826171875 0.495117187735849 0.6806640625 0.495117187735849 0.6728515625 0.500976562264151 0.669921875 0.5053710933962264 0.66796875 0.5112304688679246 0.66796875 0.5170898433962264 0.6708984375 0.5214843754716981 0.6806640625 0.518554687735849 0.6875 0.5083007811320754 0.6875 0.5053710933962264 0.685546875 0.49951171886792456 0.6826171875 0.495117187735849
12 0.5546875 0.7368164066037736 0.556640625 0.7250976566037736 0.556640625 0.7163085933962264 0.552734375 0.7045898433962264 0.5458984375 0.694335937735849 0.5419921875 0.69140625 0.5244140625 0.69140625 0.5146484375 0.6972656245283019 0.5048828125 0.706054687735849 0.490234375 0.7280273433962264 0.486328125 0.7397460933962264 0.482421875 0.7631835933962264 0.482421875 0.7807617188679246 0.4853515625 0.788085937735849 0.4931640625 0.796875 0.4951171875 0.796875 0.5009765625 0.793945312264151 0.5458984375 0.75 0.5546875 0.7368164066037736
14 0.3154296875 0.764648437735849 0.3115234375 0.76171875 0.3056640625 0.76171875 0.3046875 0.7631835933962264 0.3046875 0.7924804688679246 0.3095703125 0.796875 0.3154296875 0.799804687735849 0.3271484375 0.799804687735849 0.330078125 0.7924804688679246 0.330078125 0.7866210933962264 0.3154296875 0.764648437735849
9 0.353515625 0.17138671886792453 0.3505859375 0.16699218773584906 0.3388671875 0.16699218773584906 0.3349609375 0.16992187547169813 0.330078125 0.1772460933962264 0.330078125 0.18310546886792453 0.3349609375 0.1875 0.3486328125 0.1875 0.3525390625 0.18457031226415094 0.35546875 0.18017578113207547 0.35546875 0.1772460933962264 0.353515625 0.17138671886792453
9 0.5498046875 0.10839843773584906 0.5400390625 0.10253906226415094 0.5361328125 0.10546875 0.533203125 0.10986328113207547 0.533203125 0.11572265660377358 0.5361328125 0.12304687547169811 0.5439453125 0.12890625 0.5517578125 0.12890625 0.5546875 0.12451171886792455 0.5546875 0.11572265660377358 0.5498046875 0.10839843773584906
9 0.498046875 0.1508789066037736 0.4892578125 0.14355468773584906 0.4853515625 0.14355468773584906 0.482421875 0.14794921886792453 0.482421875 0.1508789066037736 0.486328125 0.1625976566037736 0.4912109375 0.16992187547169813 0.4990234375 0.16992187547169813 0.5 0.16845703113207547 0.5 0.15966796886792453 0.498046875 0.1508789066037736
9 0.5224609375 0.11132812452830189 0.5087890625 0.11132812452830189 0.50390625 0.11865234339622642 0.501953125 0.12451171886792455 0.50390625 0.1303710933962264 0.5068359375 0.13476562452830187 0.5166015625 0.13476562452830187 0.5224609375 0.13183593773584906 0.525390625 0.1274414066037736 0.525390625 0.11865234339622642 0.5224609375 0.11132812452830189
11 0.5048828125 0.09960937547169811 0.4951171875 0.09960937547169811 0.4921875 0.10400390660377358 0.4921875 0.11279296886792453 0.4931640625 0.11425781226415094 0.5126953125 0.11132812452830189 0.513671875 0.10986328113207547 0.513671875 0.10693359339622642 0.5126953125 0.10546875 0.5048828125 0.09960937547169811
11 0.576171875 0.11865234339622642 0.5771484375 0.12011718773584906 0.595703125 0.10693359339622642 0.5908203125 0.09960937547169811 0.5810546875 0.09960937547169811 0.576171875 0.10693359339622642 0.576171875 0.11865234339622642
9 0.6240234375 0.12304687547169811 0.6142578125 0.12597656226415094 0.609375 0.1303710933962264 0.607421875 0.13623046886792453 0.609375 0.1420898433962264 0.6181640625 0.14941406226415094 0.6298828125 0.14941406226415094 0.634765625 0.1420898433962264 0.634765625 0.1303710933962264 0.6318359375 0.12304687547169811 0.6240234375 0.12304687547169811
9 0.5908203125 0.15820312452830187 0.5869140625 0.15527343773584906 0.5712890625 0.15527343773584906 0.568359375 0.15966796886792453 0.568359375 0.1655273433962264 0.5732421875 0.17285156226415094 0.5830078125 0.17871093773584906 0.5869140625 0.17871093773584906 0.591796875 0.17138671886792453 0.591796875 0.15966796886792453 0.5908203125 0.15820312452830187
9 0.3125 0.2475585933962264 0.3076171875 0.24023437452830187 0.3017578125 0.24023437452830187 0.296875 0.2475585933962264 0.296875 0.2592773433962264 0.298828125 0.2651367188679245 0.3037109375 0.27246093773584906 0.3095703125 0.27246093773584906 0.314453125 0.2680664066037736 0.314453125 0.2563476566037736 0.3125 0.2475585933962264
9 0.3955078125 0.25488281226415094 0.3857421875 0.2490234377358491 0.3759765625 0.2490234377358491 0.373046875 0.2534179688679245 0.373046875 0.2680664066037736 0.3740234375 0.26953125 0.3798828125 0.2753906245283019 0.3935546875 0.2753906245283019 0.396484375 0.2709960933962264 0.396484375 0.2563476566037736 0.3955078125 0.25488281226415094
9 0.3916015625 0.22265625 0.3798828125 0.22265625 0.37890625 0.2241210933962264 0.37890625 0.2358398433962264 0.3798828125 0.23730468773584906 0.3837890625 0.24023437452830187 0.3916015625 0.24023437452830187 0.39453125 0.2358398433962264 0.39453125 0.22705078113207547 0.3916015625 0.22265625
9 0.4541015625 0.2109375 0.44921875 0.21533203113207547 0.4453125 0.22705078113207547 0.443359375 0.2358398433962264 0.443359375 0.2416992188679245 0.4482421875 0.24609375 0.4521484375 0.24609375 0.462890625 0.22998046886792453 0.462890625 0.21826171886792453 0.4580078125 0.2109375 0.4541015625 0.2109375
9 0.490234375 0.2475585933962264 0.4873046875 0.2431640622641509 0.4833984375 0.24023437452830187 0.48046875 0.2446289066037736 0.478515625 0.2504882811320755 0.478515625 0.2739257811320755 0.4814453125 0.27832031226415094 0.4853515625 0.27832031226415094 0.490234375 0.2739257811320755 0.4921875 0.2651367188679245 0.4921875 0.2592773433962264 0.490234375 0.2475585933962264
9 0.5322265625 0.2109375 0.5244140625 0.20507812452830187 0.5185546875 0.20507812452830187 0.515625 0.2094726566037736 0.515625 0.21533203113207547 0.51953125 0.2241210933962264 0.5244140625 0.23144531226415094 0.5322265625 0.23144531226415094 0.53515625 0.2241210933962264 0.53515625 0.21533203113207547 0.5322265625 0.2109375
9 0.5654296875 0.22558593773584906 0.5595703125 0.22558593773584906 0.556640625 0.22998046886792453 0.552734375 0.23876953113207547 0.552734375 0.2475585933962264 0.5556640625 0.2519531245283019 0.5615234375 0.2519531245283019 0.56640625 0.2446289066037736 0.568359375 0.23876953113207547 0.568359375 0.22998046886792453 0.5654296875 0.22558593773584906
9 0.5869140625 0.2490234377358491 0.583984375 0.2534179688679245 0.58203125 0.2680664066037736 0.587890625 0.2797851566037736 0.5947265625 0.29003906226415094 0.6025390625 0.29003906226415094 0.607421875 0.2827148433962264 0.607421875 0.2709960933962264 0.5966796875 0.2519531245283019 0.5869140625 0.2490234377358491
9 0.5771484375 0.29589843773584906 0.5712890625 0.29589843773584906 0.56640625 0.3002929688679245 0.564453125 0.3061523433962264 0.564453125 0.3237304688679245 0.5673828125 0.328125 0.5751953125 0.328125 0.578125 0.3237304688679245 0.58203125 0.3120117188679245 0.58203125 0.3032226566037736 0.5771484375 0.29589843773584906
9 0.673828125 0.2797851566037736 0.6689453125 0.27246093773584906 0.6591796875 0.26660156226415094 0.6572265625 0.26660156226415094 0.6513671875 0.26953125 0.646484375 0.2768554688679245 0.642578125 0.2856445311320755 0.642578125 0.2885742188679245 0.6455078125 0.29296875 0.6533203125 0.2988281245283019 0.6748046875 0.2988281245283019 0.67578125 0.2973632811320755 0.67578125 0.2856445311320755 0.673828125 0.2797851566037736
9 0.716796875 0.2651367188679245 0.71875 0.2563476566037736 0.71875 0.2416992188679245 0.716796875 0.2358398433962264 0.7119140625 0.23144531226415094 0.7001953125 0.23144531226415094 0.6953125 0.23876953113207547 0.693359375 0.2504882811320755 0.69140625 0.2680664066037736 0.69140625 0.2739257811320755 0.693359375 0.2827148433962264 0.6943359375 0.28417968773584906 0.7001953125 0.2871093754716981 0.7060546875 0.2871093754716981 0.708984375 0.2827148433962264 0.716796875 0.2651367188679245
9 0.6982421875 0.19335937547169813 0.6904296875 0.19042968773584906 0.6865234375 0.19042968773584906 0.6826171875 0.19335937547169813 0.6796875 0.1977539066037736 0.6796875 0.20654296886792453 0.6845703125 0.21386718773584906 0.6904296875 0.21386718773584906 0.6962890625 0.2109375 0.701171875 0.20654296886792453 0.701171875 0.1977539066037736 0.6982421875 0.19335937547169813
9 0.7763671875 0.31347656226415094 0.7744140625 0.31347656226415094 0.7705078125 0.31640625 0.767578125 0.3208007811320755 0.763671875 0.3295898433962264 0.76171875 0.3354492188679245 0.76171875 0.3442382811320755 0.7646484375 0.34863281226415094 0.7705078125 0.3457031245283019 0.787109375 0.3325195311320755 0.787109375 0.3266601566037736 0.7802734375 0.31640625 0.7763671875 0.31347656226415094
9 0.744140625 0.3442382811320755 0.74609375 0.3383789066037736 0.74609375 0.3354492188679245 0.7431640625 0.328125 0.7314453125 0.31933593773584906 0.7216796875 0.31640625 0.7138671875 0.31640625 0.70703125 0.3266601566037736 0.70703125 0.3442382811320755 0.7138671875 0.35449218773584906 0.7177734375 0.3574218754716981 0.7255859375 0.3574218754716981 0.7373046875 0.3515625 0.7412109375 0.34863281226415094 0.744140625 0.3442382811320755
9 0.673828125 0.3354492188679245 0.671875 0.3237304688679245 0.6669921875 0.31933593773584906 0.6630859375 0.31933593773584906 0.658203125 0.3266601566037736 0.658203125 0.3442382811320755 0.66015625 0.3530273433962264 0.6630859375 0.3574218754716981 0.6708984375 0.3574218754716981 0.671875 0.3559570311320755 0.673828125 0.3413085933962264 0.673828125 0.3354492188679245
9 0.763671875 0.3881835933962264 0.7548828125 0.37207031226415094 0.7509765625 0.37207031226415094 0.74609375 0.3793945311320755 0.74609375 0.3852539066037736 0.748046875 0.3999023433962264 0.7548828125 0.40722656226415094 0.7587890625 0.40722656226415094 0.76171875 0.4028320311320755 0.763671875 0.3969726566037736 0.763671875 0.3881835933962264
9 0.6435546875 0.36621093773584906 0.6357421875 0.36621093773584906 0.634765625 0.3676757811320755 0.6328125 0.3735351566037736 0.6328125 0.3823242188679245 0.6376953125 0.38964843773584906 0.6435546875 0.39550781226415094 0.6533203125 0.39550781226415094 0.654296875 0.3940429688679245 0.654296875 0.3823242188679245 0.6435546875 0.36621093773584906
9 0.4912109375 0.3046875 0.48828125 0.3090820311320755 0.48828125 0.3178710933962264 0.4970703125 0.328125 0.5029296875 0.328125 0.509765625 0.3178710933962264 0.5048828125 0.30761718773584906 0.4990234375 0.3046875 0.4912109375 0.3046875
9 0.453125 0.3413085933962264 0.453125 0.3354492188679245 0.44921875 0.3266601566037736 0.4306640625 0.2988281245283019 0.4248046875 0.29589843773584906 0.4189453125 0.29589843773584906 0.412109375 0.3061523433962264 0.412109375 0.3208007811320755 0.4140625 0.3266601566037736 0.4228515625 0.33984375 0.4345703125 0.3515625 0.4423828125 0.3515625 0.4482421875 0.34863281226415094 0.453125 0.3413085933962264
9 0.3173828125 0.33691406226415094 0.3095703125 0.33691406226415094 0.3037109375 0.34277343773584906 0.296875 0.3530273433962264 0.296875 0.3559570311320755 0.3017578125 0.36328125 0.3076171875 0.36328125 0.3154296875 0.36035156226415094 0.322265625 0.3500976566037736 0.322265625 0.3442382811320755 0.3173828125 0.33691406226415094
14 0.283203125 0.3940429688679245 0.2744140625 0.3808593754716981 0.2705078125 0.3808593754716981 0.263671875 0.3911132811320755 0.259765625 0.4028320311320755 0.2578125 0.4233398433962264 0.2607421875 0.4277343745283019 0.2685546875 0.4277343745283019 0.2744140625 0.42480468773584906 0.28125 0.4145507811320755 0.28515625 0.4028320311320755 0.28515625 0.3999023433962264 0.283203125 0.3940429688679245
13 0.2958984375 0.47167968773584906 0.2919921875 0.47167968773584906 0.2607421875 0.4863281245283018 0.2578125 0.4907226566037736 0.248046875 0.5317382811320754 0.248046875 0.5346679688679246 0.2724609375 0.553710937735849 0.28125 0.5405273433962264 0.296875 0.4936523433962264 0.298828125 0.4819335933962264 0.298828125 0.4760742188679245 0.2958984375 0.47167968773584906
9 0.35546875 0.5053710933962264 0.3515625 0.4907226566037736 0.3466796875 0.4863281245283018 0.3447265625 0.4863281245283018 0.337890625 0.49658203113207544 0.337890625 0.5083007811320754 0.33984375 0.5170898433962264 0.3427734375 0.5214843754716981 0.3466796875 0.524414062264151 0.3505859375 0.524414062264151 0.35546875 0.5170898433962264 0.35546875 0.5053710933962264
9 0.396484375 0.5639648433962264 0.40234375 0.5346679688679246 0.40234375 0.5053710933962264 0.3974609375 0.4980468754716982 0.3896484375 0.4921875 0.3857421875 0.4921875 0.3779296875 0.495117187735849 0.373046875 0.5024414066037736 0.37109375 0.5141601566037736 0.369140625 0.5756835933962264 0.3740234375 0.583007812264151 0.3779296875 0.5859375 0.3798828125 0.5859375 0.3837890625 0.583007812264151 0.3916015625 0.57421875 0.39453125 0.5698242188679246 0.396484375 0.5639648433962264
9 0.43359375 0.3940429688679245 0.4306640625 0.38964843773584906 0.4267578125 0.38964843773584906 0.421875 0.3969726566037736 0.419921875 0.4116210933962264 0.419921875 0.4174804688679245 0.421875 0.4233398433962264 0.4248046875 0.4277343745283019 0.4326171875 0.4277343745283019 0.435546875 0.4233398433962264 0.435546875 0.3999023433962264 0.43359375 0.3940429688679245
9 0.5185546875 0.36035156226415094 0.5146484375 0.3574218754716981 0.5068359375 0.35449218773584906 0.5009765625 0.35449218773584906 0.498046875 0.3588867188679245 0.498046875 0.3618164066037736 0.5 0.3676757811320755 0.5107421875 0.3808593754716981 0.5166015625 0.3808593754716981 0.521484375 0.3735351566037736 0.521484375 0.3647460933962264 0.5185546875 0.36035156226415094
9 0.5419921875 0.39550781226415094 0.5341796875 0.39550781226415094 0.529296875 0.4028320311320755 0.525390625 0.4145507811320755 0.525390625 0.4204101566037736 0.5283203125 0.42480468773584906 0.5341796875 0.42480468773584906 0.5419921875 0.4160156245283019 0.544921875 0.4086914066037736 0.544921875 0.4028320311320755 0.5419921875 0.39550781226415094
9 0.4658203125 0.4394531245283019 0.4599609375 0.4394531245283019 0.45703125 0.4438476566037736 0.45703125 0.4526367188679245 0.4638671875 0.45996093773584906 0.4716796875 0.45996093773584906 0.4765625 0.4526367188679245 0.4765625 0.4497070311320755 0.4716796875 0.44238281226415094 0.4658203125 0.4394531245283019
9 0.4951171875 0.40136718773584906 0.4873046875 0.40136718773584906 0.478515625 0.4174804688679245 0.4765625 0.4233398433962264 0.4765625 0.4262695311320755 0.4833984375 0.43652343773584906 0.4873046875 0.43652343773584906 0.494140625 0.4262695311320755 0.498046875 0.4174804688679245 0.498046875 0.4057617188679245 0.4951171875 0.40136718773584906
9 0.505859375 0.4584960933962264 0.5029296875 0.45410156226415094 0.4990234375 0.4511718745283019 0.4951171875 0.4511718745283019 0.4833984375 0.45996093773584906 0.482421875 0.4614257811320755 0.482421875 0.4702148433962264 0.4853515625 0.4746093745283019 0.4970703125 0.4746093745283019 0.5009765625 0.47167968773584906 0.50390625 0.4672851566037736 0.505859375 0.4614257811320755 0.505859375 0.4584960933962264
9 0.5244140625 0.47167968773584906 0.5205078125 0.46875 0.5126953125 0.46875 0.509765625 0.4731445311320755 0.509765625 0.4819335933962264 0.5146484375 0.489257812264151 0.5244140625 0.4921875 0.5322265625 0.4921875 0.533203125 0.4907226566037736 0.533203125 0.48486328113207544 0.5244140625 0.47167968773584906
9 0.59765625 0.4438476566037736 0.5927734375 0.43652343773584906 0.5888671875 0.43359375 0.5791015625 0.43359375 0.5732421875 0.4394531245283019 0.568359375 0.4467773433962264 0.568359375 0.4526367188679245 0.5732421875 0.45996093773584906 0.5771484375 0.4628906245283019 0.5869140625 0.4628906245283019 0.5908203125 0.45996093773584906 0.59765625 0.4497070311320755 0.59765625 0.4438476566037736
9 0.64453125 0.4174804688679245 0.6396484375 0.41308593773584906 0.6357421875 0.41308593773584906 0.630859375 0.4204101566037736 0.625 0.4321289066037736 0.625 0.4379882811320755 0.6279296875 0.44238281226415094 0.6337890625 0.44238281226415094 0.6376953125 0.4394531245283019 0.646484375 0.4262695311320755 0.646484375 0.4233398433962264 0.64453125 0.4174804688679245
9 0.6416015625 0.4628906245283019 0.6376953125 0.46582031226415094 0.634765625 0.4702148433962264 0.6328125 0.4760742188679245 0.634765625 0.4819335933962264 0.6376953125 0.4863281245283018 0.6533203125 0.4863281245283018 0.65625 0.4790039066037736 0.65625 0.4760742188679245 0.6513671875 0.46875 0.6416015625 0.4628906245283019
11 0.6533203125 0.4453125 0.6494140625 0.4453125 0.6357421875 0.4511718745283019 0.6328125 0.4555664066037736 0.6328125 0.4584960933962264 0.6357421875 0.4628906245283019 0.6455078125 0.4628906245283019 0.65234375 0.4555664066037736 0.654296875 0.4497070311320755 0.654296875 0.4467773433962264 0.6533203125 0.4453125
9 0.7177734375 0.43652343773584906 0.7138671875 0.43652343773584906 0.7021484375 0.4394531245283019 0.6962890625 0.4453125 0.6953125 0.4467773433962264 0.6953125 0.4526367188679245 0.7001953125 0.45996093773584906 0.7080078125 0.45996093773584906 0.7158203125 0.45410156226415094 0.720703125 0.4467773433962264 0.720703125 0.4409179688679245 0.7177734375 0.43652343773584906
9 0.80078125 0.4936523433962264 0.7958984375 0.489257812264151 0.7939453125 0.489257812264151 0.7841796875 0.495117187735849 0.779296875 0.5024414066037736 0.779296875 0.5112304688679246 0.7822265625 0.515625 0.7919921875 0.515625 0.7978515625 0.5097656245283019 0.802734375 0.5024414066037736 0.802734375 0.49951171886792456 0.80078125 0.4936523433962264
9 0.7119140625 0.52734375 0.7041015625 0.52734375 0.7001953125 0.530273437735849 0.6953125 0.5375976566037736 0.6953125 0.5434570311320754 0.7001953125 0.55078125 0.7060546875 0.55078125 0.7138671875 0.5449218754716981 0.716796875 0.5405273433962264 0.716796875 0.5346679688679246 0.7119140625 0.52734375
9 0.67578125 0.5522460933962264 0.6708984375 0.5449218754716981 0.6650390625 0.5449218754716981 0.654296875 0.5610351566037736 0.65234375 0.5668945311320754 0.65234375 0.5727539066037736 0.6552734375 0.577148437735849 0.6630859375 0.577148437735849 0.6708984375 0.571289062264151 0.67578125 0.5639648433962264 0.677734375 0.5581054688679246 0.67578125 0.5522460933962264
11 0.654296875 0.5170898433962264 0.6533203125 0.515625 0.6494140625 0.515625 0.6318359375 0.524414062264151 0.630859375 0.5258789066037736 0.630859375 0.5288085933962264 0.6337890625 0.5332031245283019 0.6396484375 0.5332031245283019 0.6455078125 0.530273437735849 0.6513671875 0.524414062264151 0.654296875 0.5200195311320754 0.654296875 0.5170898433962264
24 0.62109375 0.5024414066037736 0.6201171875 0.500976562264151 0.6181640625 0.500976562264151 0.6025390625 0.5097656245283019 0.6015625 0.5112304688679246 0.6015625 0.5229492188679246 0.609375 0.5493164066037736 0.6103515625 0.55078125 0.6123046875 0.55078125 0.61328125 0.5493164066037736 0.619140625 0.5229492188679246 0.62109375 0.5024414066037736
1 0.5859375 0.5024414066037736 0.5791015625 0.4921875 0.5732421875 0.4921875 0.5625 0.5024414066037736 0.55859375 0.5258789066037736 0.5615234375 0.530273437735849 0.5673828125 0.536132812264151 0.5751953125 0.536132812264151 0.5791015625 0.5332031245283019 0.587890625 0.5200195311320754 0.587890625 0.5112304688679246 0.5859375 0.5024414066037736
11 0.5390625 0.5522460933962264 0.53515625 0.5434570311320754 0.5283203125 0.5332031245283019 0.5263671875 0.5332031245283019 0.525390625 0.5346679688679246 0.525390625 0.5405273433962264 0.53515625 0.5639648433962264 0.5380859375 0.5683593754716981 0.5400390625 0.5683593754716981 0.541015625 0.5668945311320754 0.541015625 0.5610351566037736 0.5390625 0.5522460933962264
9 0.5498046875 0.541992187735849 0.5458984375 0.541992187735849 0.541015625 0.5493164066037736 0.541015625 0.5581054688679246 0.54296875 0.5639648433962264 0.5498046875 0.57421875 0.5517578125 0.57421875 0.560546875 0.5610351566037736 0.5546875 0.5493164066037736 0.5498046875 0.541992187735849
9 0.4951171875 0.565429687735849 0.4931640625 0.565429687735849 0.4814453125 0.57421875 0.4765625 0.5815429688679246 0.4765625 0.5874023433962264 0.4833984375 0.59765625 0.4912109375 0.594726562264151 0.5 0.5815429688679246 0.5 0.5756835933962264 0.498046875 0.5698242188679246 0.4951171875 0.565429687735849
9 0.431640625 0.5493164066037736 0.4287109375 0.5449218754716981 0.4248046875 0.541992187735849 0.4228515625 0.541992187735849 0.4130859375 0.547851562264151 0.408203125 0.5551757811320754 0.408203125 0.5639648433962264 0.4111328125 0.5683593754716981 0.4248046875 0.5683593754716981 0.4287109375 0.565429687735849 0.431640625 0.5610351566037736 0.43359375 0.5551757811320754 0.431640625 0.5493164066037736
1 0.3330078125 0.7324218754716981 0.3388671875 0.729492187735849 0.3466796875 0.723632812264151 0.357421875 0.7075195311320754 0.361328125 0.6987304688679246 0.365234375 0.6840820311320754 0.365234375 0.6665039066037736 0.3515625 0.6166992188679246 0.3427734375 0.594726562264151 0.3095703125 0.62109375 0.2783203125 0.6503906245283019 0.27734375 0.6518554688679246 0.27734375 0.6547851566037736 0.291015625 0.6987304688679246 0.294921875 0.7075195311320754 0.2998046875 0.71484375 0.3173828125 0.729492187735849 0.3251953125 0.7324218754716981 0.3330078125 0.7324218754716981
9 0.310546875 0.5668945311320754 0.30859375 0.5874023433962264 0.3115234375 0.5917968754716981 0.3173828125 0.5917968754716981 0.326171875 0.5786132811320754 0.326171875 0.5668945311320754 0.3212890625 0.559570312264151 0.3154296875 0.559570312264151 0.310546875 0.5668945311320754
1 0.4716796875 0.71484375 0.4833984375 0.700195312264151 0.486328125 0.6958007811320754 0.490234375 0.6870117188679246 0.494140625 0.6723632811320754 0.494140625 0.6489257811320754 0.4853515625 0.635742187735849 0.4033203125 0.606445312264151 0.3984375 0.6166992188679246 0.396484375 0.6313476566037736 0.400390625 0.6606445311320754 0.412109375 0.6899414066037736 0.4208984375 0.7089843754716981 0.4287109375 0.71484375 0.4365234375 0.717773437735849 0.4677734375 0.717773437735849 0.4716796875 0.71484375
9 0.4658203125 0.59765625 0.4580078125 0.5917968754716981 0.4541015625 0.5917968754716981 0.4501953125 0.594726562264151 0.447265625 0.5991210933962264 0.447265625 0.6079101566037736 0.4521484375 0.6152343754716981 0.4560546875 0.618164062264151 0.4658203125 0.618164062264151 0.470703125 0.6137695311320754 0.470703125 0.6049804688679246 0.4658203125 0.59765625
9 0.3671875 0.8393554688679246 0.365234375 0.8334960933962264 0.3603515625 0.8261718745283019 0.3544921875 0.8203125 0.3466796875 0.8144531245283019 0.3408203125 0.8144531245283019 0.33203125 0.8217773433962264 0.330078125 0.8276367188679246 0.330078125 0.8422851566037736 0.3369140625 0.852539062264151 0.3427734375 0.85546875 0.3603515625 0.85546875 0.365234375 0.8510742188679246 0.3671875 0.8452148433962264 0.3671875 0.8393554688679246
9 0.453125 0.7690429688679246 0.453125 0.7661132811320754 0.4462890625 0.7558593754716981 0.4404296875 0.75 0.4365234375 0.747070312264151 0.4248046875 0.7441406245283019 0.4072265625 0.7441406245283019 0.4033203125 0.747070312264151 0.396484375 0.7573242188679246 0.390625 0.7690429688679246 0.390625 0.7749023433962264 0.4072265625 0.7910156245283019 0.4306640625 0.7910156245283019 0.4365234375 0.788085937735849 0.4443359375 0.782226562264151 0.4501953125 0.776367187735849 0.453125 0.7690429688679246
9 0.5390625 0.6284179688679246 0.53125 0.6049804688679246 0.5283203125 0.600585937735849 0.525390625 0.6049804688679246 0.51171875 0.6372070311320754 0.51171875 0.6459960933962264 0.513671875 0.6547851566037736 0.5166015625 0.659179687735849 0.5283203125 0.659179687735849 0.537109375 0.6459960933962264 0.5390625 0.6372070311320754 0.5390625 0.6284179688679246
9 0.5888671875 0.571289062264151 0.583984375 0.5786132811320754 0.583984375 0.5874023433962264 0.5869140625 0.5917968754716981 0.5947265625 0.5917968754716981 0.60546875 0.5756835933962264 0.5986328125 0.565429687735849 0.5947265625 0.565429687735849 0.5888671875 0.571289062264151
9 0.6298828125 0.609375 0.6240234375 0.609375 0.6142578125 0.62109375 0.61328125 0.6225585933962264 0.61328125 0.6372070311320754 0.6162109375 0.641601562264151 0.6240234375 0.641601562264151 0.626953125 0.6372070311320754 0.6328125 0.6196289066037736 0.6328125 0.6166992188679246 0.6298828125 0.609375
11 0.5947265625 0.6738281245283019 0.5888671875 0.6738281245283019 0.58203125 0.6840820311320754 0.58203125 0.6987304688679246 0.5830078125 0.700195312264151 0.5869140625 0.700195312264151 0.58984375 0.6958007811320754 0.595703125 0.6782226566037736 0.595703125 0.6752929688679246 0.5947265625 0.6738281245283019
1 0.6357421875 0.770507812264151 0.6455078125 0.76171875 0.6484375 0.7573242188679246 0.650390625 0.7485351566037736 0.650390625 0.7368164066037736 0.6455078125 0.729492187735849 0.6083984375 0.711914062264151 0.5986328125 0.7089843754716981 0.59765625 0.7104492188679246 0.59765625 0.7368164066037736 0.599609375 0.7456054688679246 0.603515625 0.7543945311320754 0.6083984375 0.76171875 0.6142578125 0.7675781245283019 0.6181640625 0.770507812264151 0.6357421875 0.770507812264151
9 0.591796875 0.7661132811320754 0.5810546875 0.75 0.5751953125 0.75 0.5712890625 0.752929687735849 0.5703125 0.7543945311320754 0.5703125 0.7690429688679246 0.5712890625 0.770507812264151 0.5771484375 0.776367187735849 0.5849609375 0.782226562264151 0.5888671875 0.782226562264151 0.591796875 0.7778320311320754 0.591796875 0.7661132811320754
9 0.693359375 0.7280273433962264 0.6953125 0.7221679688679246 0.6953125 0.7075195311320754 0.693359375 0.7016601566037736 0.6875 0.6870117188679246 0.6806640625 0.676757812264151 0.6767578125 0.676757812264151 0.6708984375 0.6796875 0.669921875 0.6811523433962264 0.66796875 0.6870117188679246 0.66796875 0.6987304688679246 0.669921875 0.7163085933962264 0.671875 0.7221679688679246 0.6767578125 0.729492187735849 0.6806640625 0.7324218754716981 0.6904296875 0.7324218754716981 0.693359375 0.7280273433962264
9 0.7451171875 0.6855468754716981 0.7353515625 0.6796875 0.7275390625 0.6796875 0.71875 0.6928710933962264 0.71875 0.7016601566037736 0.7197265625 0.703125 0.7255859375 0.7089843754716981 0.7470703125 0.7089843754716981 0.751953125 0.7045898433962264 0.751953125 0.6958007811320754 0.7451171875 0.6855468754716981
13 0.810546875 0.5698242188679246 0.8056640625 0.565429687735849 0.7998046875 0.565429687735849 0.798828125 0.5668945311320754 0.798828125 0.5727539066037736 0.802734375 0.5815429688679246 0.8056640625 0.5859375 0.8115234375 0.5859375 0.8125 0.5844726566037736 0.8125 0.5786132811320754 0.810546875 0.5698242188679246
1 0.796875 0.4174804688679245 0.7900390625 0.41015625 0.7802734375 0.41015625 0.767578125 0.4233398433962264 0.763671875 0.4614257811320755 0.7802734375 0.4746093745283019 0.7880859375 0.47167968773584906 0.7919921875 0.46875 0.796875 0.4614257811320755 0.80078125 0.4497070311320755 0.80078125 0.4291992188679245 0.796875 0.4174804688679245
1 0.44455128187500004 0.10288461509433963 0.441666666875 0.0913461537735849 0.43958333312500003 0.08846153867924529 0.427083333125 0.08125 0.415544871875 0.08004807735849057 0.40833333312500003 0.08341346132075471 0.40352564125 0.0875 0.39807692312500004 0.09543269245283019 0.395512820625 0.10264423113207548 0.39391025625 0.11081730754716981 0.39375 0.12283653867924528 0.395673076875 0.13461538490566038 0.400320513125 0.14903846132075474 0.435576923125 0.14350961509433963 0.4400641025 0.14014423113207547 0.44086538437500006 0.13870192264150943 0.444391025625 0.1117788462264151 0.44455128187500004 0.10288461509433963