18 0.572265625 0.5024414066037736 0.572265625 0.4643554688679245 0.5703125 0.4555664066037736 0.564453125 0.4438476566037736 0.5439453125 0.41015625 0.541015625 0.4145507811320755 0.53125 0.4350585933962264 0.529296875 0.4467773433962264 0.529296875 0.4555664066037736 0.53515625 0.5463867188679246 0.5419921875 0.5566406245283019 0.5517578125 0.5566406245283019 0.5625 0.5405273433962264 0.568359375 0.5258789066037736 0.572265625 0.5024414066037736
18 0.640625 0.5932617188679246 0.638671875 0.4555664066037736 0.63671875 0.4438476566037736 0.6328125 0.4321289066037736 0.6279296875 0.42480468773584906 0.6201171875 0.41894531226415094 0.6103515625 0.41894531226415094 0.6044921875 0.421875 0.599609375 0.4291992188679245 0.595703125 0.4379882811320755 0.58984375 0.4555664066037736 0.587890625 0.4731445311320755 0.587890625 0.5493164066037736 0.58984375 0.5610351566037736 0.595703125 0.5786132811320754 0.6025390625 0.588867187735849 0.6259765625 0.594726562264151 0.6396484375 0.594726562264151 0.640625 0.5932617188679246
3 0.359375 0.4233398433962264 0.359375 0.4204101566037736 0.3134765625 0.3808593754716981 0.2451171875 0.47753906226415094 0.244140625 0.4790039066037736 0.244140625 0.48486328113207544 0.2490234375 0.489257812264151 0.2763671875 0.500976562264151 0.2880859375 0.500976562264151 0.3232421875 0.4746093745283019 0.3544921875 0.43066406226415094 0.359375 0.4233398433962264
3 0.5146484375 0.33691406226415094 0.4384765625 0.28417968773584906 0.4365234375 0.28417968773584906 0.435546875 0.2856445311320755 0.380859375 0.4057617188679245 0.380859375 0.4497070311320755 0.4541015625 0.506835937735849 0.4599609375 0.506835937735849 0.52734375 0.3969726566037736 0.52734375 0.3911132811320755 0.51953125 0.3442382811320755 0.5146484375 0.33691406226415094
3 0.58203125 0.6342773433962264 0.5498046875 0.5800781245283019 0.5107421875 0.5683593754716981 0.4482421875 0.606445312264151 0.447265625 0.6079101566037736 0.447265625 0.6108398433962264 0.451171875 0.7192382811320754 0.4638671875 0.758789062264151 0.4658203125 0.758789062264151 0.4990234375 0.729492187735849 0.5751953125 0.64453125 0.58203125 0.6342773433962264
9 0.330078125 0.7485351566037736 0.3193359375 0.735351562264151 0.3095703125 0.729492187735849 0.3037109375 0.729492187735849 0.2998046875 0.7324218754716981 0.298828125 0.7338867188679246 0.298828125 0.7368164066037736 0.3212890625 0.7675781245283019 0.3251953125 0.7675781245283019 0.330078125 0.7631835933962264 0.33203125 0.7573242188679246 0.33203125 0.7543945311320754 0.330078125 0.7485351566037736
6 0.6884765625 0.659179687735849 0.6728515625 0.653320312264151 0.6650390625 0.653320312264151 0.6416015625 0.6621093754716981 0.638671875 0.6665039066037736 0.619140625 0.7250976566037736 0.619140625 0.7426757811320754 0.623046875 0.7749023433962264 0.62890625 0.7924804688679246 0.6376953125 0.799804687735849 0.6455078125 0.799804687735849 0.689453125 0.6606445311320754 0.6884765625 0.659179687735849
6 0.7529296875 0.606445312264151 0.7607421875 0.59765625 0.767578125 0.5874023433962264 0.767578125 0.5727539066037736 0.7568359375 0.553710937735849 0.7158203125 0.52734375 0.6591796875 0.530273437735849 0.658203125 0.5317382811320754 0.658203125 0.5434570311320754 0.666015625 0.5639648433962264 0.673828125 0.5786132811320754 0.7001953125 0.606445312264151 0.7236328125 0.612304687735849 0.7470703125 0.609375 0.7529296875 0.606445312264151
6 0.74609375 0.3940429688679245 0.7578125 0.3354492188679245 0.751953125 0.3149414066037736 0.748046875 0.3061523433962264 0.7431640625 0.30175781226415094 0.7021484375 0.29296875 0.69140625 0.3120117188679245 0.65234375 0.3969726566037736 0.65234375 0.3999023433962264 0.6552734375 0.4042968745283019 0.6591796875 0.40722656226415094 0.6630859375 0.40722656226415094 0.7412109375 0.3984375 0.7451171875 0.39550781226415094 0.74609375 0.3940429688679245
6 0.634765625 0.3237304688679245 0.630859375 0.2973632811320755 0.6298828125 0.29589843773584906 0.5634765625 0.26660156226415094 0.5537109375 0.2636718754716981 0.5458984375 0.2636718754716981 0.5146484375 0.29003906226415094 0.513671875 0.2915039066037736 0.513671875 0.3002929688679245 0.5166015625 0.3046875 0.5869140625 0.3691406245283019 0.6064453125 0.38378906226415094 0.6181640625 0.38378906226415094 0.62109375 0.3793945311320755 0.634765625 0.3237304688679245
6 0.6123046875 0.20214843773584906 0.6240234375 0.19042968773584906 0.626953125 0.1860351566037736 0.62890625 0.18017578113207547 0.62890625 0.17138671886792453 0.6005859375 0.13476562452830187 0.5263671875 0.14648437547169813 0.5107421875 0.16113281226415094 0.509765625 0.1625976566037736 0.509765625 0.1655273433962264 0.5146484375 0.17285156226415094 0.5341796875 0.19042968773584906 0.5810546875 0.21679687452830187 0.5849609375 0.21679687452830187 0.6083984375 0.20507812452830187 0.6123046875 0.20214843773584906
6 0.46484375 0.14794921886792453 0.466796875 0.13623046886792453 0.4599609375 0.12597656226415094 0.4521484375 0.12011718773584906 0.4130859375 0.12597656226415094 0.4091796875 0.12890625 0.3740234375 0.17285156226415094 0.37109375 0.1772460933962264 0.37109375 0.19189453113207547 0.373046875 0.1977539066037736 0.3759765625 0.20214843773584906 0.4189453125 0.2431640622641509 0.4228515625 0.2431640622641509 0.427734375 0.2358398433962264 0.46484375 0.14794921886792453
6 0.3486328125 0.23730468773584906 0.3447265625 0.23730468773584906 0.3369140625 0.24023437452830187 0.3271484375 0.24609375 0.3193359375 0.2519531245283019 0.2998046875 0.26953125 0.2744140625 0.29589843773584906 0.26953125 0.3032226566037736 0.263671875 0.3149414066037736 0.2578125 0.3442382811320755 0.2587890625 0.3457031245283019 0.3447265625 0.34863281226415094 0.3857421875 0.34277343773584906 0.388671875 0.3383789066037736 0.376953125 0.2827148433962264 0.353515625 0.2416992188679245 0.3486328125 0.23730468773584906
6 0.390625 0.6928710933962264 0.37109375 0.6225585933962264 0.3603515625 0.609375 0.3232421875 0.5800781245283019 0.3212890625 0.5800781245283019 0.31640625 0.5874023433962264 0.314453125 0.5932617188679246 0.3125 0.6049804688679246 0.326171875 0.6899414066037736 0.3310546875 0.694335937735849 0.3447265625 0.703125 0.3720703125 0.71484375 0.3759765625 0.71484375 0.3818359375 0.7089843754716981 0.390625 0.6928710933962264
9 0.7685546875 0.44238281226415094 0.7646484375 0.44238281226415094 0.7578125 0.4526367188679245 0.755859375 0.4584960933962264 0.755859375 0.4614257811320755 0.7607421875 0.46875 0.7626953125 0.46875 0.7666015625 0.46582031226415094 0.7734375 0.4555664066037736 0.7734375 0.4497070311320755 0.7685546875 0.44238281226415094
3 0.3779296875 0.4863281245283018 0.3681640625 0.495117187735849 0.3671875 0.49658203113207544 0.3671875 0.5053710933962264 0.3681640625 0.506835937735849 0.3798828125 0.506835937735849 0.384765625 0.4936523433962264 0.384765625 0.48779296886792456 0.3837890625 0.4863281245283018 0.3779296875 0.4863281245283018