6 0.5595703125 0.12304687547169811 0.5048828125 0.09082031226415094 0.4541015625 0.09375 0.42578125 0.13623046886792453 0.42578125 0.1391601566037736 0.4306640625 0.14941406226415094 0.5380859375 0.21679687452830187 0.5390625 0.21533203113207547 0.5546875 0.17138671886792453 0.560546875 0.12451171886792455 0.5595703125 0.12304687547169811
14 0.3994140625 0.84375 0.3837890625 0.834960937735849 0.3798828125 0.834960937735849 0.376953125 0.8393554688679246 0.376953125 0.8481445311320754 0.3876953125 0.8613281245283019 0.3916015625 0.864257812264151 0.4013671875 0.864257812264151 0.404296875 0.8598632811320754 0.404296875 0.8540039066037736 0.3994140625 0.84375
1 0.67578125 0.2006835933962264 0.6650390625 0.17285156226415094 0.6357421875 0.16113281226415094 0.6337890625 0.16113281226415094 0.6328125 0.1625976566037736 0.62890625 0.1743164066037736 0.62890625 0.1860351566037736 0.6474609375 0.21386718773584906 0.6533203125 0.21972656226415094 0.6611328125 0.22265625 0.6708984375 0.21679687452830187 0.67578125 0.2094726566037736 0.67578125 0.2006835933962264
1 0.732421875 0.5317382811320754 0.7314453125 0.530273437735849 0.7177734375 0.530273437735849 0.7099609375 0.536132812264151 0.703125 0.5463867188679246 0.701171875 0.5551757811320754 0.701171875 0.5698242188679246 0.703125 0.5786132811320754 0.7080078125 0.5859375 0.7158203125 0.5859375 0.71875 0.5815429688679246 0.732421875 0.5405273433962264 0.732421875 0.5317382811320754
1 0.5830078125 0.6386718754716981 0.5751953125 0.635742187735849 0.5634765625 0.6386718754716981 0.5517578125 0.64453125 0.55078125 0.6459960933962264 0.548828125 0.6518554688679246 0.548828125 0.6547851566037736 0.5517578125 0.659179687735849 0.5849609375 0.6855468754716981 0.5966796875 0.6855468754716981 0.6015625 0.6782226566037736 0.599609375 0.6665039066037736 0.5830078125 0.6386718754716981
1 0.3046875 0.5258789066037736 0.2998046875 0.515625 0.2958984375 0.515625 0.259765625 0.5610351566037736 0.2578125 0.5668945311320754 0.2578125 0.5698242188679246 0.2646484375 0.577148437735849 0.2705078125 0.577148437735849 0.2763671875 0.57421875 0.2958984375 0.559570312264151 0.3046875 0.5463867188679246 0.3046875 0.5258789066037736
18 0.345703125 0.3442382811320755 0.34375 0.3354492188679245 0.3388671875 0.328125 0.3330078125 0.3222656245283019 0.3310546875 0.3222656245283019 0.326171875 0.3325195311320755 0.32421875 0.3383789066037736 0.32421875 0.3676757811320755 0.326171875 0.3793945311320755 0.328125 0.3881835933962264 0.3330078125 0.39550781226415094 0.3388671875 0.39550781226415094 0.345703125 0.3852539066037736 0.345703125 0.3442382811320755
9 0.4287109375 0.21679687452830187 0.4208984375 0.2109375 0.4130859375 0.2109375 0.408203125 0.21826171886792453 0.408203125 0.2241210933962264 0.4091796875 0.22558593773584906 0.4130859375 0.22851562452830187 0.4248046875 0.22851562452830187 0.4296875 0.2241210933962264 0.4296875 0.21826171886792453 0.4287109375 0.21679687452830187
9 0.4814453125 0.29296875 0.4775390625 0.29296875 0.4716796875 0.29589843773584906 0.455078125 0.3090820311320755 0.453125 0.3149414066037736 0.453125 0.3208007811320755 0.455078125 0.3266601566037736 0.4619140625 0.33691406226415094 0.4736328125 0.33691406226415094 0.486328125 0.3061523433962264 0.486328125 0.3002929688679245 0.4814453125 0.29296875
9 0.5478515625 0.3457031245283019 0.5361328125 0.3457031245283019 0.5322265625 0.34863281226415094 0.529296875 0.3530273433962264 0.529296875 0.3647460933962264 0.5322265625 0.3691406245283019 0.5380859375 0.3691406245283019 0.5419921875 0.36621093773584906 0.548828125 0.3559570311320755 0.548828125 0.3471679688679245 0.5478515625 0.3457031245283019
9 0.6474609375 0.34863281226415094 0.6376953125 0.3457031245283019 0.6318359375 0.3457031245283019 0.626953125 0.3530273433962264 0.626953125 0.3588867188679245 0.6298828125 0.36621093773584906 0.6396484375 0.36621093773584906 0.6455078125 0.36328125 0.6484375 0.3588867188679245 0.6484375 0.3500976566037736 0.6474609375 0.34863281226415094
9 0.689453125 0.3208007811320755 0.6884765625 0.31933593773584906 0.6865234375 0.31933593773584906 0.67578125 0.3354492188679245 0.67578125 0.3413085933962264 0.6787109375 0.3457031245283019 0.6884765625 0.3457031245283019 0.69140625 0.3413085933962264 0.693359375 0.3354492188679245 0.693359375 0.3325195311320755 0.689453125 0.3208007811320755
9 0.46875 0.4057617188679245 0.4638671875 0.39550781226415094 0.4599609375 0.3925781245283019 0.4560546875 0.3925781245283019 0.451171875 0.3999023433962264 0.451171875 0.4057617188679245 0.453125 0.4116210933962264 0.4560546875 0.4160156245283019 0.4677734375 0.42480468773584906 0.470703125 0.4204101566037736 0.470703125 0.4116210933962264 0.46875 0.4057617188679245
9 0.44921875 0.49658203113207544 0.4453125 0.4760742188679245 0.4423828125 0.47167968773584906 0.435546875 0.4790039066037736 0.43359375 0.48486328113207544 0.43359375 0.48779296886792456 0.435546875 0.4936523433962264 0.4404296875 0.50390625 0.4443359375 0.506835937735849 0.4462890625 0.506835937735849 0.44921875 0.5024414066037736 0.44921875 0.49658203113207544
9 0.5068359375 0.55078125 0.50390625 0.5551757811320754 0.501953125 0.5610351566037736 0.501953125 0.5727539066037736 0.50390625 0.5786132811320754 0.5068359375 0.583007812264151 0.5146484375 0.583007812264151 0.51953125 0.5698242188679246 0.5107421875 0.55078125 0.5068359375 0.55078125
9 0.5966796875 0.530273437735849 0.5908203125 0.5332031245283019 0.5859375 0.5405273433962264 0.5859375 0.5493164066037736 0.5888671875 0.553710937735849 0.5966796875 0.553710937735849 0.60546875 0.5405273433962264 0.60546875 0.5317382811320754 0.6044921875 0.530273437735849 0.5966796875 0.530273437735849
9 0.6396484375 0.515625 0.6357421875 0.518554687735849 0.634765625 0.5200195311320754 0.634765625 0.5317382811320754 0.6376953125 0.536132812264151 0.6455078125 0.536132812264151 0.65234375 0.5288085933962264 0.65234375 0.5200195311320754 0.6494140625 0.515625 0.6396484375 0.515625
9 0.361328125 0.6547851566037736 0.359375 0.6489257811320754 0.3564453125 0.64453125 0.3486328125 0.64453125 0.345703125 0.6489257811320754 0.337890625 0.6723632811320754 0.337890625 0.6811523433962264 0.3427734375 0.688476562264151 0.3466796875 0.69140625 0.3544921875 0.69140625 0.357421875 0.6870117188679246 0.361328125 0.6723632811320754 0.361328125 0.6547851566037736