6 0.5830078125 0.2109375 0.59375 0.19482421886792453 0.595703125 0.1889648433962264 0.595703125 0.1772460933962264 0.59375 0.17138671886792453 0.5849609375 0.15820312452830187 0.5380859375 0.12890625 0.4931640625 0.12304687547169811 0.4736328125 0.13769531226415094 0.4658203125 0.14648437547169813 0.4609375 0.1538085933962264 0.4609375 0.1743164066037736 0.4775390625 0.19921875 0.4912109375 0.21386718773584906 0.5009765625 0.21972656226415094 0.5517578125 0.23730468773584906 0.5537109375 0.23730468773584906 0.5830078125 0.2109375
6 0.7001953125 0.43359375 0.712890625 0.4233398433962264 0.71484375 0.4145507811320755 0.71484375 0.4086914066037736 0.708984375 0.3940429688679245 0.7060546875 0.38964843773584906 0.6572265625 0.3339843754716981 0.6279296875 0.3105468754716981 0.6240234375 0.3105468754716981 0.6064453125 0.31640625 0.5986328125 0.3222656245283019 0.59375 0.3295898433962264 0.591796875 0.3354492188679245 0.591796875 0.3471679688679245 0.6015625 0.3940429688679245 0.6044921875 0.3984375 0.6572265625 0.43359375 0.6787109375 0.43652343773584906 0.6923828125 0.43652343773584906 0.7001953125 0.43359375
6 0.640625 0.6811523433962264 0.62109375 0.5991210933962264 0.5908203125 0.5625 0.5849609375 0.5566406245283019 0.5732421875 0.547851562264151 0.5654296875 0.547851562264151 0.5615234375 0.55078125 0.556640625 0.5581054688679246 0.5546875 0.5668945311320754 0.55078125 0.6254882811320754 0.568359375 0.6840820311320754 0.6181640625 0.75 0.6337890625 0.764648437735849 0.6357421875 0.764648437735849 0.640625 0.7573242188679246 0.646484375 0.7397460933962264 0.640625 0.6811523433962264
6 0.419921875 0.4086914066037736 0.421875 0.3823242188679245 0.416015625 0.3208007811320755 0.40234375 0.2944335933962264 0.380859375 0.2592773433962264 0.3583984375 0.22851562452830187 0.3466796875 0.21679687452830187 0.3369140625 0.2109375 0.3330078125 0.2109375 0.3291015625 0.21386718773584906 0.32421875 0.2211914066037736 0.3203125 0.3002929688679245 0.333984375 0.3383789066037736 0.33984375 0.3500976566037736 0.3857421875 0.4160156245283019 0.3994140625 0.4277343745283019 0.4013671875 0.4277343745283019 0.4150390625 0.4160156245283019 0.419921875 0.4086914066037736
20 0.291015625 0.6254882811320754 0.2705078125 0.59765625 0.2529296875 0.594726562264151 0.248046875 0.6020507811320754 0.248046875 0.6196289066037736 0.251953125 0.6401367188679246 0.2578125 0.6547851566037736 0.2626953125 0.6621093754716981 0.2880859375 0.665039062264151 0.2890625 0.6635742188679246 0.291015625 0.6254882811320754
20 0.4521484375 0.647460937735849 0.44140625 0.6635742188679246 0.4736328125 0.7089843754716981 0.482421875 0.6870117188679246 0.484375 0.6694335933962264 0.4697265625 0.647460937735849 0.4658203125 0.64453125 0.4560546875 0.64453125 0.4521484375 0.647460937735849
1 0.705078125 0.5053710933962264 0.701171875 0.4936523433962264 0.6982421875 0.489257812264151 0.6904296875 0.483398437735849 0.6826171875 0.483398437735849 0.6591796875 0.4921875 0.658203125 0.4936523433962264 0.65625 0.5200195311320754 0.662109375 0.5346679688679246 0.6728515625 0.55078125 0.6884765625 0.55078125 0.6962890625 0.5449218754716981 0.701171875 0.5375976566037736 0.705078125 0.5229492188679246 0.705078125 0.5053710933962264
1 0.4794921875 0.5390625 0.4736328125 0.536132812264151 0.4638671875 0.536132812264151 0.4560546875 0.5390625 0.4521484375 0.541992187735849 0.44921875 0.5463867188679246 0.447265625 0.5522460933962264 0.4619140625 0.5800781245283019 0.4697265625 0.5800781245283019 0.4873046875 0.57421875 0.490234375 0.5698242188679246 0.490234375 0.5610351566037736 0.48828125 0.5551757811320754 0.4794921875 0.5390625
1 0.5390625 0.3852539066037736 0.54296875 0.3764648433962264 0.54296875 0.3500976566037736 0.541015625 0.3413085933962264 0.529296875 0.3061523433962264 0.5283203125 0.3046875 0.4814453125 0.37207031226415094 0.48046875 0.3735351566037736 0.48046875 0.3793945311320755 0.4833984375 0.38378906226415094 0.4931640625 0.3925781245283019 0.5166015625 0.40136718773584906 0.5263671875 0.40136718773584906 0.5302734375 0.3984375 0.5390625 0.3852539066037736
9 0.673828125 0.5815429688679246 0.6689453125 0.57421875 0.6650390625 0.57421875 0.6640625 0.5756835933962264 0.662109375 0.5815429688679246 0.662109375 0.5903320311320754 0.6640625 0.5961914066037736 0.6689453125 0.6035156245283019 0.6728515625 0.6035156245283019 0.67578125 0.5961914066037736 0.67578125 0.5903320311320754 0.673828125 0.5815429688679246
9 0.509765625 0.6020507811320754 0.5009765625 0.588867187735849 0.4990234375 0.588867187735849 0.49609375 0.5932617188679246 0.49609375 0.6108398433962264 0.5029296875 0.62109375 0.5068359375 0.62109375 0.509765625 0.6166992188679246 0.51171875 0.6108398433962264 0.51171875 0.6079101566037736 0.509765625 0.6020507811320754
9 0.3154296875 0.6855468754716981 0.3095703125 0.6855468754716981 0.30859375 0.6870117188679246 0.3046875 0.6987304688679246 0.3046875 0.7045898433962264 0.3076171875 0.711914062264151 0.3154296875 0.711914062264151 0.318359375 0.7075195311320754 0.3203125 0.6958007811320754 0.318359375 0.6899414066037736 0.3154296875 0.6855468754716981
9 0.4150390625 0.15820312452830187 0.4072265625 0.15820312452830187 0.40625 0.15966796886792453 0.404296875 0.1655273433962264 0.404296875 0.1743164066037736 0.40625 0.18017578113207547 0.4111328125 0.1875 0.4130859375 0.1875 0.4140625 0.1860351566037736 0.416015625 0.15966796886792453 0.4150390625 0.15820312452830187
9 0.29296875 0.21826171886792453 0.2900390625 0.21386718773584906 0.2861328125 0.21386718773584906 0.2822265625 0.21679687452830187 0.27734375 0.22705078113207547 0.275390625 0.2329101566037736 0.275390625 0.2446289066037736 0.279296875 0.2592773433962264 0.2802734375 0.26074218773584906 0.2861328125 0.25488281226415094 0.291015625 0.2475585933962264 0.29296875 0.23876953113207547 0.29296875 0.21826171886792453
9 0.2177734375 0.512695312264151 0.2119140625 0.512695312264151 0.2109375 0.5141601566037736 0.2109375 0.5229492188679246 0.2216796875 0.5390625 0.2255859375 0.5390625 0.228515625 0.5346679688679246 0.228515625 0.5258789066037736 0.2265625 0.5200195311320754 0.2177734375 0.512695312264151
14 0.4052734375 0.530273437735849 0.3955078125 0.530273437735849 0.3916015625 0.5332031245283019 0.38671875 0.5405273433962264 0.38671875 0.5434570311320754 0.3896484375 0.547851562264151 0.3935546875 0.547851562264151 0.4052734375 0.5449218754716981 0.41015625 0.5405273433962264 0.41015625 0.5375976566037736 0.4052734375 0.530273437735849
1 0.5732421875 0.35449218773584906 0.5654296875 0.35449218773584906 0.564453125 0.3559570311320755 0.564453125 0.3647460933962264 0.5654296875 0.36621093773584906 0.5693359375 0.3691406245283019 0.5732421875 0.3691406245283019 0.576171875 0.3647460933962264 0.576171875 0.3618164066037736 0.5732421875 0.35449218773584906
18 0.2978515625 0.515625 0.310546875 0.49658203113207544 0.310546875 0.48486328113207544 0.3037109375 0.4746093745283019 0.2900390625 0.45996093773584906 0.2763671875 0.45410156226415094 0.2646484375 0.45410156226415094 0.2607421875 0.45703125 0.2578125 0.4614257811320755 0.255859375 0.4702148433962264 0.255859375 0.4790039066037736 0.2578125 0.48486328113207544 0.263671875 0.49658203113207544 0.2705078125 0.506835937735849 0.2822265625 0.5214843754716981 0.2861328125 0.5214843754716981 0.2978515625 0.515625
11 0.380859375 0.4526367188679245 0.3818359375 0.45410156226415094 0.3935546875 0.45410156226415094 0.39453125 0.4526367188679245 0.39453125 0.4497070311320755 0.3935546875 0.44824218773584906 0.3837890625 0.44824218773584906 0.380859375 0.4526367188679245
18 0.473397435625 0.4377403849056604 0.47692307687499996 0.4259615386792453 0.47900641 0.4233173075471698 0.47772435874999997 0.42283653867924526 0.474519230625 0.42403846132075473 0.470673076875 0.42139423113207547 0.46153846125000003 0.4096153849056604 0.45961538437500005 0.4079326924528302 0.45560897437500003 0.40673076886792453 0.45496794875 0.40673076886792453 0.45416666687499996 0.40817307735849057 0.4536858975 0.41201923113207545 0.45416666687499996 0.4146634613207547 0.45592948687499996 0.41995192264150943 0.46073717937499997 0.42932692264150946 0.465705128125 0.4360576924528302 0.470352564375 0.43846153867924526 0.473397435625 0.4377403849056604