3 0.6884765625 0.7558593754716981 0.7021484375 0.741210937735849 0.7216796875 0.71484375 0.724609375 0.7104492188679246 0.7265625 0.7045898433962264 0.7265625 0.6987304688679246 0.72265625 0.6840820311320754 0.703125 0.6489257811320754 0.6982421875 0.641601562264151 0.6826171875 0.6269531245283019 0.6669921875 0.6152343754716981 0.6259765625 0.588867187735849 0.6181640625 0.588867187735849 0.5908203125 0.594726562264151 0.578125 0.6137695311320754 0.56640625 0.6342773433962264 0.56640625 0.6372070311320754 0.583984375 0.6899414066037736 0.587890625 0.6987304688679246 0.6142578125 0.7441406245283019 0.6474609375 0.758789062264151 0.6845703125 0.758789062264151 0.6884765625 0.7558593754716981
3 0.4912109375 0.29296875 0.494140625 0.2885742188679245 0.474609375 0.22705078113207547 0.4716796875 0.21972656226415094 0.4677734375 0.21679687452830187 0.3583984375 0.1640625 0.3544921875 0.1640625 0.3505859375 0.16699218773584906 0.345703125 0.1743164066037736 0.345703125 0.2827148433962264 0.35546875 0.3559570311320755 0.361328125 0.3881835933962264 0.3623046875 0.38964843773584906 0.3662109375 0.38964843773584906 0.4423828125 0.3339843754716981 0.4912109375 0.29296875
6 0.3486328125 0.612304687735849 0.3603515625 0.612304687735849 0.3759765625 0.6035156245283019 0.380859375 0.5961914066037736 0.380859375 0.5375976566037736 0.3642578125 0.4921875 0.3017578125 0.44824218773584906 0.2939453125 0.44824218773584906 0.2841796875 0.4511718745283019 0.271484375 0.4731445311320755 0.26953125 0.4790039066037736 0.267578125 0.48779296886792456 0.267578125 0.5083007811320754 0.2734375 0.5288085933962264 0.27734375 0.5375976566037736 0.2978515625 0.57421875 0.3271484375 0.600585937735849 0.3408203125 0.609375 0.3486328125 0.612304687735849
6 0.4462890625 0.741210937735849 0.4541015625 0.7324218754716981 0.482421875 0.6928710933962264 0.48828125 0.6665039066037736 0.48828125 0.6342773433962264 0.4853515625 0.629882812264151 0.4736328125 0.624023437735849 0.4716796875 0.624023437735849 0.4287109375 0.659179687735849 0.4033203125 0.694335937735849 0.40234375 0.6958007811320754 0.40234375 0.6987304688679246 0.404296875 0.7368164066037736 0.4111328125 0.747070312264151 0.4169921875 0.75 0.4326171875 0.75 0.4384765625 0.747070312264151 0.4462890625 0.741210937735849
6 0.5966796875 0.33105468773584906 0.6103515625 0.31347656226415094 0.611328125 0.3120117188679245 0.611328125 0.3090820311320755 0.58203125 0.22705078113207547 0.5283203125 0.14941406226415094 0.52734375 0.1508789066037736 0.517578125 0.2475585933962264 0.517578125 0.2563476566037736 0.51953125 0.2739257811320755 0.525390625 0.3002929688679245 0.5595703125 0.3515625 0.5615234375 0.3515625 0.5888671875 0.33691406226415094 0.5966796875 0.33105468773584906
20 0.5283203125 0.10546875 0.5166015625 0.10546875 0.5078125 0.11865234339622642 0.5087890625 0.12011718773584906 0.5205078125 0.12890625 0.5263671875 0.12890625 0.5322265625 0.12597656226415094 0.533203125 0.12451171886792455 0.533203125 0.11279296886792453 0.5283203125 0.10546875
20 0.4716796875 0.46875 0.4462890625 0.44824218773584906 0.4404296875 0.4453125 0.4345703125 0.4453125 0.4296875 0.4526367188679245 0.427734375 0.4584960933962264 0.427734375 0.4672851566037736 0.4384765625 0.500976562264151 0.4853515625 0.512695312264151 0.486328125 0.5112304688679246 0.486328125 0.5024414066037736 0.4765625 0.4760742188679245 0.4716796875 0.46875
14 0.7275390625 0.5390625 0.7197265625 0.541992187735849 0.71484375 0.5493164066037736 0.71484375 0.5610351566037736 0.7158203125 0.5625 0.7490234375 0.559570312264151 0.75 0.5581054688679246 0.75 0.5551757811320754 0.7392578125 0.5390625 0.7275390625 0.5390625
3 0.5576171875 0.5449218754716981 0.548828125 0.5522460933962264 0.54296875 0.5639648433962264 0.54296875 0.5668945311320754 0.5478515625 0.577148437735849 0.5498046875 0.577148437735849 0.5576171875 0.571289062264151 0.5625 0.5639648433962264 0.5625 0.5581054688679246 0.5576171875 0.5449218754716981
14 0.6767578125 0.17578125 0.67578125 0.1772460933962264 0.669921875 0.1889648433962264 0.669921875 0.19189453113207547 0.6748046875 0.19921875 0.6884765625 0.20800781226415094 0.69140625 0.20361328113207547 0.697265625 0.1889648433962264 0.6962890625 0.1875 0.6767578125 0.17578125
13 0.6962890625 0.29589843773584906 0.6865234375 0.30175781226415094 0.685546875 0.3032226566037736 0.685546875 0.3061523433962264 0.6884765625 0.3105468754716981 0.6943359375 0.31347656226415094 0.6982421875 0.31347656226415094 0.701171875 0.3061523433962264 0.701171875 0.3032226566037736 0.6962890625 0.29589843773584906
0 0.6708984375 0.36035156226415094 0.66796875 0.3647460933962264 0.66796875 0.3706054688679245 0.6728515625 0.37792968773584906 0.6767578125 0.37792968773584906 0.681640625 0.3735351566037736 0.681640625 0.3706054688679245 0.6748046875 0.36035156226415094 0.6708984375 0.36035156226415094
9 0.744140625 0.2680664066037736 0.7421875 0.2563476566037736 0.7353515625 0.24609375 0.7314453125 0.24609375 0.724609375 0.2563476566037736 0.72265625 0.2622070311320755 0.72265625 0.2680664066037736 0.724609375 0.2827148433962264 0.7265625 0.2885742188679245 0.7294921875 0.29296875 0.7412109375 0.29296875 0.7421875 0.2915039066037736 0.744140625 0.2680664066037736
9 0.701171875 0.2592773433962264 0.6962890625 0.25488281226415094 0.69140625 0.2622070311320755 0.689453125 0.2797851566037736 0.69140625 0.2856445311320755 0.6943359375 0.29003906226415094 0.7001953125 0.29003906226415094 0.705078125 0.2827148433962264 0.705078125 0.2739257811320755 0.703125 0.2651367188679245 0.701171875 0.2592773433962264
9 0.673828125 0.2797851566037736 0.6650390625 0.26953125 0.6591796875 0.26953125 0.65625 0.2739257811320755 0.65625 0.2797851566037736 0.662109375 0.2944335933962264 0.6650390625 0.2988281245283019 0.6728515625 0.2988281245283019 0.67578125 0.2944335933962264 0.67578125 0.2856445311320755 0.673828125 0.2797851566037736
9 0.7802734375 0.38378906226415094 0.7724609375 0.38671875 0.771484375 0.3881835933962264 0.771484375 0.3940429688679245 0.7744140625 0.3984375 0.7861328125 0.3984375 0.791015625 0.3940429688679245 0.791015625 0.3881835933962264 0.7900390625 0.38671875 0.7802734375 0.38378906226415094
9 0.6162109375 0.47753906226415094 0.6005859375 0.47753906226415094 0.59765625 0.4819335933962264 0.59765625 0.48779296886792456 0.6005859375 0.495117187735849 0.6064453125 0.4980468754716982 0.6162109375 0.4921875 0.619140625 0.48779296886792456 0.619140625 0.48486328113207544 0.6162109375 0.47753906226415094
9 0.5673828125 0.41308593773584906 0.5634765625 0.41015625 0.5537109375 0.41015625 0.55078125 0.4145507811320755 0.55078125 0.4233398433962264 0.5517578125 0.42480468773584906 0.5556640625 0.4277343745283019 0.5654296875 0.43066406226415094 0.5703125 0.4233398433962264 0.5703125 0.4204101566037736 0.5673828125 0.41308593773584906
9 0.7861328125 0.5625 0.7802734375 0.5625 0.775390625 0.5698242188679246 0.7734375 0.5815429688679246 0.775390625 0.5874023433962264 0.7783203125 0.5917968754716981 0.7822265625 0.5917968754716981 0.78515625 0.5874023433962264 0.7890625 0.5786132811320754 0.791015625 0.5698242188679246 0.7861328125 0.5625
9 0.5302734375 0.5449218754716981 0.5244140625 0.541992187735849 0.5146484375 0.541992187735849 0.509765625 0.5493164066037736 0.509765625 0.5551757811320754 0.5146484375 0.5625 0.5205078125 0.5625 0.5263671875 0.559570312264151 0.53125 0.5522460933962264 0.53125 0.5463867188679246 0.5302734375 0.5449218754716981
9 0.43359375 0.7690429688679246 0.4287109375 0.764648437735849 0.4267578125 0.764648437735849 0.4228515625 0.7675781245283019 0.41796875 0.7749023433962264 0.4140625 0.7866210933962264 0.4140625 0.8012695311320754 0.4189453125 0.80859375 0.4287109375 0.80859375 0.43359375 0.8012695311320754 0.435546875 0.7924804688679246 0.435546875 0.7749023433962264 0.43359375 0.7690429688679246
9 0.3505859375 0.41894531226415094 0.3447265625 0.4160156245283019 0.3388671875 0.4160156245283019 0.3359375 0.4204101566037736 0.3359375 0.4262695311320755 0.3447265625 0.4394531245283019 0.3486328125 0.44238281226415094 0.3505859375 0.44238281226415094 0.357421875 0.4321289066037736 0.357421875 0.4291992188679245 0.3505859375 0.41894531226415094
18 0.720703125 0.4643554688679245 0.716796875 0.4467773433962264 0.7158203125 0.4453125 0.7119140625 0.44238281226415094 0.7099609375 0.44238281226415094 0.705078125 0.4467773433962264 0.693359375 0.4702148433962264 0.693359375 0.49658203113207544 0.6982421875 0.506835937735849 0.7080078125 0.512695312264151 0.7099609375 0.512695312264151 0.7138671875 0.5097656245283019 0.720703125 0.49951171886792456 0.720703125 0.4643554688679245
0 0.4345703125 0.42480468773584906 0.4326171875 0.42480468773584906 0.431640625 0.4262695311320755 0.431640625 0.4409179688679245 0.4345703125 0.4453125 0.4365234375 0.4453125 0.439453125 0.4409179688679245 0.439453125 0.4379882811320755 0.435546875 0.4262695311320755 0.4345703125 0.42480468773584906