6 0.734375 0.2768554688679245 0.716796875 0.2094726566037736 0.7158203125 0.20800781226415094 0.6630859375 0.1640625 0.6533203125 0.1640625 0.6396484375 0.16699218773584906 0.6318359375 0.16992187547169813 0.6259765625 0.17578125 0.623046875 0.18017578113207547 0.62109375 0.1860351566037736 0.62109375 0.2094726566037736 0.6513671875 0.3046875 0.7216796875 0.31347656226415094 0.7314453125 0.31347656226415094 0.736328125 0.3090820311320755 0.736328125 0.2944335933962264 0.734375 0.2768554688679245
6 0.5205078125 0.1640625 0.537109375 0.1508789066037736 0.5390625 0.13623046886792453 0.533203125 0.11865234339622642 0.4619140625 0.026367187735849056 0.4189453125 0.0703125 0.416015625 0.07470703113207547 0.41015625 0.1303710933962264 0.41015625 0.13623046886792453 0.4189453125 0.14941406226415094 0.4267578125 0.15527343773584906 0.4482421875 0.1640625 0.4580078125 0.16699218773584906 0.4658203125 0.16699218773584906 0.5205078125 0.1640625
6 0.716796875 0.5874023433962264 0.716796875 0.5786132811320754 0.7158203125 0.577148437735849 0.6904296875 0.571289062264151 0.677734375 0.5815429688679246 0.66796875 0.6020507811320754 0.65234375 0.6401367188679246 0.62109375 0.7309570311320754 0.607421875 0.7719726566037736 0.6083984375 0.7734375 0.6650390625 0.7792968754716981 0.6748046875 0.7792968754716981 0.6962890625 0.7734375 0.697265625 0.7719726566037736 0.712890625 0.6987304688679246 0.716796875 0.5874023433962264
6 0.380859375 0.49951171886792456 0.375 0.48779296886792456 0.3701171875 0.483398437735849 0.3017578125 0.46875 0.2705078125 0.47753906226415094 0.26953125 0.4790039066037736 0.271484375 0.5141601566037736 0.2861328125 0.5566406245283019 0.2998046875 0.5566406245283019 0.3154296875 0.55078125 0.3720703125 0.515625 0.3828125 0.5053710933962264 0.380859375 0.49951171886792456
9 0.751953125 0.4526367188679245 0.7421875 0.4321289066037736 0.7392578125 0.4277343745283019 0.7236328125 0.41015625 0.7197265625 0.41015625 0.7138671875 0.4160156245283019 0.712890625 0.4174804688679245 0.712890625 0.4321289066037736 0.71484375 0.4584960933962264 0.71875 0.4702148433962264 0.7353515625 0.489257812264151 0.7490234375 0.47753906226415094 0.751953125 0.4731445311320755 0.751953125 0.4526367188679245
9 0.361328125 0.1772460933962264 0.365234375 0.16845703113207547 0.365234375 0.15966796886792453 0.3623046875 0.15527343773584906 0.3408203125 0.13476562452830187 0.3310546875 0.13183593773584906 0.330078125 0.13330078113207547 0.298828125 0.1889648433962264 0.298828125 0.19189453113207547 0.2998046875 0.19335937547169813 0.3076171875 0.19921875 0.3154296875 0.20214843773584906 0.3330078125 0.20214843773584906 0.3525390625 0.19042968773584906 0.361328125 0.1772460933962264
9 0.4228515625 0.518554687735849 0.416015625 0.5288085933962264 0.40625 0.5522460933962264 0.404296875 0.5610351566037736 0.404296875 0.5668945311320754 0.4091796875 0.57421875 0.4189453125 0.57421875 0.4609375 0.5405273433962264 0.4384765625 0.515625 0.4326171875 0.515625 0.4228515625 0.518554687735849
15 0.2890625 0.6430664066037736 0.287109375 0.6342773433962264 0.2802734375 0.624023437735849 0.2763671875 0.62109375 0.2626953125 0.62109375 0.2568359375 0.6269531245283019 0.251953125 0.6342773433962264 0.25 0.6401367188679246 0.25 0.6635742188679246 0.2568359375 0.6738281245283019 0.2705078125 0.688476562264151 0.2763671875 0.688476562264151 0.28515625 0.6782226566037736 0.2890625 0.6665039066037736 0.2890625 0.6430664066037736
21 0.5908203125 0.6855468754716981 0.61328125 0.6518554688679246 0.6171875 0.6401367188679246 0.619140625 0.6254882811320754 0.619140625 0.6079101566037736 0.6064453125 0.571289062264151 0.5693359375 0.5625 0.4677734375 0.55078125 0.466796875 0.5522460933962264 0.466796875 0.5786132811320754 0.484375 0.6665039066037736 0.494140625 0.7104492188679246 0.49609375 0.7163085933962264 0.5029296875 0.7265625 0.5634765625 0.723632812264151 0.5908203125 0.6855468754716981
21 0.3251953125 0.40136718773584906 0.3056640625 0.3808593754716981 0.2978515625 0.375 0.2939453125 0.375 0.287109375 0.3911132811320755 0.283203125 0.4028320311320755 0.2861328125 0.40722656226415094 0.3115234375 0.4277343745283019 0.3212890625 0.4277343745283019 0.3251953125 0.42480468773584906 0.328125 0.4204101566037736 0.328125 0.4057617188679245 0.3251953125 0.40136718773584906
18 0.3466796875 0.711914062264151 0.3583984375 0.711914062264151 0.3662109375 0.7089843754716981 0.3720703125 0.703125 0.3828125 0.6870117188679246 0.390625 0.6635742188679246 0.390625 0.6430664066037736 0.38671875 0.6313476566037736 0.3798828125 0.62109375 0.3505859375 0.5859375 0.3466796875 0.583007812264151 0.3310546875 0.577148437735849 0.3251953125 0.577148437735849 0.3212890625 0.5800781245283019 0.310546875 0.5961914066037736 0.302734375 0.6196289066037736 0.30078125 0.6342773433962264 0.30078125 0.6459960933962264 0.3046875 0.6665039066037736 0.30859375 0.6782226566037736 0.3193359375 0.694335937735849 0.3251953125 0.700195312264151 0.3388671875 0.7089843754716981 0.3466796875 0.711914062264151
18 0.591796875 0.19189453113207547 0.59375 0.18310546886792453 0.59375 0.1743164066037736 0.5908203125 0.16992187547169813 0.5869140625 0.16699218773584906 0.5791015625 0.16699218773584906 0.5732421875 0.16992187547169813 0.5693359375 0.17285156226415094 0.5546875 0.19482421886792453 0.55078125 0.20361328113207547 0.548828125 0.2094726566037736 0.548828125 0.21826171886792453 0.55078125 0.2358398433962264 0.5517578125 0.23730468773584906 0.5576171875 0.24023437452830187 0.5673828125 0.23144531226415094 0.587890625 0.2006835933962264 0.591796875 0.19189453113207547
9 0.427734375 0.2680664066037736 0.427734375 0.2563476566037736 0.42578125 0.2475585933962264 0.416015625 0.22705078113207547 0.4130859375 0.22265625 0.4111328125 0.22265625 0.41015625 0.2241210933962264 0.40625 0.2329101566037736 0.40625 0.2416992188679245 0.408203125 0.2534179688679245 0.41015625 0.2592773433962264 0.4150390625 0.26660156226415094 0.4189453125 0.26953125 0.4267578125 0.26953125 0.427734375 0.2680664066037736
20 0.5546875 0.4526367188679245 0.54296875 0.4291992188679245 0.5380859375 0.421875 0.5341796875 0.41894531226415094 0.5283203125 0.41894531226415094 0.5234375 0.4233398433962264 0.521484375 0.4291992188679245 0.521484375 0.4409179688679245 0.5234375 0.4467773433962264 0.5380859375 0.46875 0.5498046875 0.483398437735849 0.5556640625 0.483398437735849 0.556640625 0.4819335933962264 0.5546875 0.4526367188679245
13 0.6953125 0.4702148433962264 0.69140625 0.4584960933962264 0.67578125 0.4291992188679245 0.6474609375 0.38671875 0.6376953125 0.37792968773584906 0.6259765625 0.37792968773584906 0.6220703125 0.3808593754716981 0.619140625 0.3852539066037736 0.595703125 0.4584960933962264 0.591796875 0.48486328113207544 0.591796875 0.5112304688679246 0.5947265625 0.515625 0.5986328125 0.515625 0.6494140625 0.500976562264151 0.6923828125 0.483398437735849 0.6953125 0.4760742188679245 0.6953125 0.4702148433962264
20 0.392578125 0.6899414066037736 0.3916015625 0.688476562264151 0.3642578125 0.717773437735849 0.349609375 0.7368164066037736 0.34765625 0.7426757811320754 0.34765625 0.7485351566037736 0.349609375 0.7602539066037736 0.3505859375 0.76171875 0.3779296875 0.747070312264151 0.384765625 0.7338867188679246 0.392578125 0.6987304688679246 0.392578125 0.6899414066037736
20 0.3310546875 0.2519531245283019 0.3017578125 0.2871093754716981 0.298828125 0.2915039066037736 0.298828125 0.2944335933962264 0.3095703125 0.3046875 0.3349609375 0.31640625 0.3359375 0.3149414066037736 0.3359375 0.2856445311320755 0.33203125 0.2534179688679245 0.3310546875 0.2519531245283019
2 0.5263671875 0.36035156226415094 0.529296875 0.3559570311320755 0.529296875 0.3530273433962264 0.52734375 0.3471679688679245 0.5244140625 0.34277343773584906 0.4541015625 0.31347656226415094 0.4443359375 0.31347656226415094 0.4365234375 0.31640625 0.4306640625 0.31933593773584906 0.427734375 0.3237304688679245 0.396484375 0.4086914066037736 0.396484375 0.4145507811320755 0.4013671875 0.41894531226415094 0.4052734375 0.41894531226415094 0.4814453125 0.3925781245283019 0.4931640625 0.38671875 0.5205078125 0.36621093773584906 0.5263671875 0.36035156226415094