1 0.263671875 0.5317382811320754 0.27734375 0.4936523433962264 0.298828125 0.4262695311320755 0.30078125 0.3969726566037736 0.2998046875 0.39550781226415094 0.2958984375 0.39550781226415094 0.2490234375 0.41894531226415094 0.2431640625 0.42480468773584906 0.240234375 0.4291992188679245 0.234375 0.4438476566037736 0.232421875 0.4526367188679245 0.232421875 0.4760742188679245 0.234375 0.4936523433962264 0.236328125 0.5024414066037736 0.23828125 0.5083007811320754 0.2451171875 0.518554687735849 0.2607421875 0.536132812264151 0.263671875 0.5317382811320754
1 0.3203125 0.6166992188679246 0.3203125 0.6079101566037736 0.3154296875 0.6035156245283019 0.3095703125 0.6035156245283019 0.3056640625 0.606445312264151 0.30078125 0.6137695311320754 0.30078125 0.6342773433962264 0.302734375 0.6401367188679246 0.3056640625 0.64453125 0.3095703125 0.64453125 0.3134765625 0.641601562264151 0.31640625 0.6342773433962264 0.3203125 0.6166992188679246
1 0.37890625 0.6254882811320754 0.3720703125 0.6152343754716981 0.3662109375 0.6152343754716981 0.3583984375 0.62109375 0.353515625 0.6284179688679246 0.3515625 0.6342773433962264 0.3515625 0.6401367188679246 0.3583984375 0.6503906245283019 0.3779296875 0.653320312264151 0.37890625 0.6518554688679246 0.380859375 0.6430664066037736 0.380859375 0.6342773433962264 0.37890625 0.6254882811320754
1 0.392578125 0.3208007811320755 0.3876953125 0.31347656226415094 0.3798828125 0.30761718773584906 0.3779296875 0.30761718773584906 0.361328125 0.3208007811320755 0.3515625 0.3413085933962264 0.3583984375 0.3515625 0.3662109375 0.3574218754716981 0.3779296875 0.3574218754716981 0.3818359375 0.35449218773584906 0.390625 0.3413085933962264 0.392578125 0.3354492188679245 0.392578125 0.3208007811320755
18 0.392578125 0.2358398433962264 0.39453125 0.22998046886792453 0.39453125 0.2241210933962264 0.390625 0.2094726566037736 0.384765625 0.19482421886792453 0.3759765625 0.17871093773584906 0.3642578125 0.17285156226415094 0.36328125 0.1743164066037736 0.357421875 0.1860351566037736 0.357421875 0.19482421886792453 0.36328125 0.2124023433962264 0.3671875 0.2211914066037736 0.3779296875 0.24023437452830187 0.3837890625 0.2431640622641509 0.3876953125 0.2431640622641509 0.392578125 0.2358398433962264
18 0.5908203125 0.37207031226415094 0.595703125 0.3647460933962264 0.599609375 0.3559570311320755 0.59765625 0.3442382811320755 0.59375 0.3354492188679245 0.568359375 0.2885742188679245 0.5556640625 0.26953125 0.5517578125 0.26660156226415094 0.5419921875 0.26660156226415094 0.5390625 0.2709960933962264 0.537109375 0.2797851566037736 0.537109375 0.3120117188679245 0.548828125 0.3471679688679245 0.5546875 0.3618164066037736 0.5654296875 0.375 0.5712890625 0.37792968773584906 0.5791015625 0.37792968773584906 0.5908203125 0.37207031226415094
18 0.44921875 0.6782226566037736 0.4462890625 0.670898437735849 0.4404296875 0.670898437735849 0.4375 0.6752929688679246 0.43359375 0.6840820311320754 0.431640625 0.6899414066037736 0.431640625 0.7045898433962264 0.43359375 0.7163085933962264 0.4384765625 0.723632812264151 0.4423828125 0.723632812264151 0.4453125 0.7163085933962264 0.447265625 0.7045898433962264 0.44921875 0.6782226566037736
18 0.341796875 0.6547851566037736 0.3388671875 0.6503906245283019 0.3193359375 0.64453125 0.3115234375 0.64453125 0.30078125 0.6723632811320754 0.298828125 0.6840820311320754 0.3037109375 0.69140625 0.3076171875 0.694335937735849 0.3173828125 0.694335937735849 0.3251953125 0.688476562264151 0.33984375 0.6665039066037736 0.341796875 0.6606445311320754 0.341796875 0.6547851566037736
21 0.75 0.4379882811320755 0.74609375 0.4291992188679245 0.7294921875 0.4042968745283019 0.7216796875 0.39550781226415094 0.6943359375 0.37207031226415094 0.6845703125 0.36621093773584906 0.6708984375 0.36035156226415094 0.6435546875 0.36035156226415094 0.642578125 0.3618164066037736 0.638671875 0.5581054688679246 0.6396484375 0.559570312264151 0.6416015625 0.559570312264151 0.7353515625 0.5390625 0.73828125 0.5346679688679246 0.751953125 0.4584960933962264 0.751953125 0.4467773433962264 0.75 0.4379882811320755
6 0.6865234375 0.747070312264151 0.6875 0.7456054688679246 0.6875 0.6899414066037736 0.68359375 0.6782226566037736 0.6455078125 0.6152343754716981 0.6279296875 0.59765625 0.6220703125 0.59765625 0.61328125 0.6108398433962264 0.619140625 0.6401367188679246 0.634765625 0.6958007811320754 0.650390625 0.7309570311320754 0.6611328125 0.747070312264151 0.6806640625 0.75 0.6826171875 0.75 0.6865234375 0.747070312264151
26 0.5400390625 0.12011718773584906 0.5341796875 0.1171875 0.5283203125 0.1171875 0.5205078125 0.12304687547169811 0.51953125 0.12451171886792455 0.5654296875 0.234375 0.6416015625 0.24609375 0.6494140625 0.24609375 0.654296875 0.23876953113207547 0.65234375 0.19189453113207547 0.6513671875 0.19042968773584906 0.5400390625 0.12011718773584906
14 0.5068359375 0.24609375 0.4873046875 0.24609375 0.486328125 0.2475585933962264 0.484375 0.2534179688679245 0.484375 0.2592773433962264 0.4853515625 0.26074218773584906 0.4970703125 0.26660156226415094 0.5068359375 0.2636718754716981 0.509765625 0.2563476566037736 0.509765625 0.2504882811320755 0.5068359375 0.24609375
14 0.5048828125 0.31347656226415094 0.5029296875 0.31347656226415094 0.4970703125 0.31933593773584906 0.494140625 0.3237304688679245 0.49609375 0.3413085933962264 0.5009765625 0.34863281226415094 0.5048828125 0.34863281226415094 0.509765625 0.3413085933962264 0.51171875 0.3354492188679245 0.509765625 0.3208007811320755 0.5048828125 0.31347656226415094
14 0.6025390625 0.512695312264151 0.5927734375 0.5214843754716981 0.583984375 0.5346679688679246 0.583984375 0.5375976566037736 0.5849609375 0.5390625 0.5908203125 0.5390625 0.6025390625 0.52734375 0.60546875 0.5229492188679246 0.60546875 0.5170898433962264 0.6025390625 0.512695312264151
14 0.333984375 0.4702148433962264 0.3330078125 0.46875 0.3291015625 0.46875 0.3193359375 0.47753906226415094 0.318359375 0.4790039066037736 0.318359375 0.4936523433962264 0.3232421875 0.500976562264151 0.3291015625 0.500976562264151 0.330078125 0.49951171886792456 0.33203125 0.4907226566037736 0.333984375 0.4760742188679245 0.333984375 0.4702148433962264
14 0.4775390625 0.19921875 0.4736328125 0.19921875 0.4697265625 0.20214843773584906 0.466796875 0.20654296886792453 0.466796875 0.2124023433962264 0.4697265625 0.21679687452830187 0.4716796875 0.21679687452830187 0.4775390625 0.2109375 0.48046875 0.20654296886792453 0.48046875 0.20361328113207547 0.4775390625 0.19921875
14 0.4892578125 0.375 0.4853515625 0.37207031226415094 0.4736328125 0.37207031226415094 0.470703125 0.3764648433962264 0.470703125 0.3823242188679245 0.4765625 0.3940429688679245 0.4833984375 0.40136718773584906 0.4892578125 0.39550781226415094 0.494140625 0.3881835933962264 0.494140625 0.3823242188679245 0.4892578125 0.375
11 0.4638671875 0.609375 0.462890625 0.6108398433962264 0.462890625 0.6137695311320754 0.4658203125 0.618164062264151 0.4697265625 0.62109375 0.4736328125 0.62109375 0.474609375 0.6196289066037736 0.4677734375 0.609375 0.4638671875 0.609375
11 0.443359375 0.5786132811320754 0.44140625 0.5874023433962264 0.4423828125 0.588867187735849 0.4462890625 0.588867187735849 0.44921875 0.5844726566037736 0.453125 0.5756835933962264 0.4501953125 0.571289062264151 0.4482421875 0.571289062264151 0.443359375 0.5786132811320754
21 0.361328125 0.7602539066037736 0.369140625 0.7221679688679246 0.3466796875 0.703125 0.34375 0.7075195311320754 0.328125 0.7514648433962264 0.328125 0.7602539066037736 0.330078125 0.7661132811320754 0.3330078125 0.770507812264151 0.3388671875 0.776367187735849 0.3486328125 0.7734375 0.3583984375 0.764648437735849 0.361328125 0.7602539066037736
20 0.490234375 0.3940429688679245 0.48828125 0.3999023433962264 0.49609375 0.4379882811320755 0.4970703125 0.4394531245283019 0.51171875 0.4174804688679245 0.51171875 0.4145507811320755 0.5029296875 0.38964843773584906 0.4951171875 0.38671875 0.490234375 0.3940429688679245
9 0.359375 0.5405273433962264 0.3564453125 0.5332031245283019 0.3466796875 0.5332031245283019 0.345703125 0.5346679688679246 0.34375 0.5405273433962264 0.34375 0.5493164066037736 0.345703125 0.5581054688679246 0.3486328125 0.565429687735849 0.3544921875 0.565429687735849 0.357421875 0.5581054688679246 0.359375 0.5493164066037736 0.359375 0.5405273433962264
9 0.5078125 0.5581054688679246 0.50390625 0.5463867188679246 0.4873046875 0.518554687735849 0.474609375 0.5375976566037736 0.474609375 0.5405273433962264 0.484375 0.5639648433962264 0.4912109375 0.57421875 0.5009765625 0.57421875 0.50390625 0.5698242188679246 0.5078125 0.5610351566037736 0.5078125 0.5581054688679246
9 0.4765625 0.4702148433962264 0.4765625 0.4555664066037736 0.4736328125 0.4511718745283019 0.4697265625 0.44824218773584906 0.4638671875 0.44824218773584906 0.4521484375 0.45410156226415094 0.4443359375 0.45996093773584906 0.44140625 0.4643554688679245 0.44140625 0.4702148433962264 0.4443359375 0.4746093745283019 0.4501953125 0.47753906226415094 0.4619140625 0.48046875 0.4677734375 0.48046875 0.4736328125 0.47753906226415094 0.4765625 0.4702148433962264
9 0.271484375 0.3676757811320755 0.2685546875 0.36328125 0.2646484375 0.36328125 0.26171875 0.3676757811320755 0.259765625 0.3735351566037736 0.259765625 0.3852539066037736 0.26171875 0.3911132811320755 0.2646484375 0.39550781226415094 0.2685546875 0.39550781226415094 0.2734375 0.3881835933962264 0.2734375 0.3764648433962264 0.271484375 0.3676757811320755
9 0.3359375 0.2944335933962264 0.333984375 0.2885742188679245 0.3310546875 0.28417968773584906 0.3212890625 0.2753906245283019 0.3154296875 0.27246093773584906 0.3095703125 0.27246093773584906 0.306640625 0.2768554688679245 0.306640625 0.2885742188679245 0.314453125 0.3090820311320755 0.3193359375 0.31640625 0.3251953125 0.31933593773584906 0.3330078125 0.31347656226415094 0.3359375 0.3061523433962264 0.3359375 0.2944335933962264
9 0.4228515625 0.26074218773584906 0.419921875 0.2651367188679245 0.41796875 0.2768554688679245 0.41796875 0.2856445311320755 0.4228515625 0.29296875 0.4287109375 0.29296875 0.431640625 0.2885742188679245 0.43359375 0.2797851566037736 0.4267578125 0.26074218773584906 0.4228515625 0.26074218773584906
3 0.4560546875 0.524414062264151 0.458984375 0.5200195311320754 0.4013671875 0.43652343773584906 0.3955078125 0.43066406226415094 0.3896484375 0.4277343745283019 0.3779296875 0.43066406226415094 0.3740234375 0.43359375 0.37109375 0.4379882811320755 0.37890625 0.4790039066037736 0.38671875 0.5083007811320754 0.390625 0.5170898433962264 0.3935546875 0.5214843754716981 0.4228515625 0.536132812264151 0.4267578125 0.536132812264151 0.4560546875 0.524414062264151