20 0.4345703125 0.09667968773584906 0.4130859375 0.10839843773584906 0.388671875 0.14501953113207547 0.38671875 0.1508789066037736 0.3828125 0.1772460933962264 0.3837890625 0.17871093773584906 0.3876953125 0.17871093773584906 0.4052734375 0.16992187547169813 0.4306640625 0.14941406226415094 0.453125 0.11572265660377358 0.453125 0.11279296886792453 0.4345703125 0.09667968773584906
20 0.5458984375 0.3691406245283019 0.5380859375 0.36035156226415094 0.5009765625 0.33984375 0.5 0.3413085933962264 0.490234375 0.3881835933962264 0.5224609375 0.43066406226415094 0.5283203125 0.43652343773584906 0.544921875 0.4028320311320755 0.548828125 0.3911132811320755 0.55078125 0.3823242188679245 0.55078125 0.3764648433962264 0.5458984375 0.3691406245283019
20 0.357421875 0.6577148433962264 0.357421875 0.6518554688679246 0.3564453125 0.6503906245283019 0.3330078125 0.665039062264151 0.3193359375 0.676757812264151 0.310546875 0.6928710933962264 0.3046875 0.7104492188679246 0.3046875 0.7250976566037736 0.3203125 0.7719726566037736 0.3212890625 0.7734375 0.3232421875 0.7734375 0.3515625 0.6899414066037736 0.35546875 0.6723632811320754 0.357421875 0.6577148433962264
20 0.6103515625 0.5917968754716981 0.6044921875 0.588867187735849 0.5810546875 0.5859375 0.5556640625 0.606445312264151 0.5458984375 0.618164062264151 0.537109375 0.6313476566037736 0.537109375 0.6372070311320754 0.5654296875 0.6855468754716981 0.568359375 0.6811523433962264 0.607421875 0.6049804688679246 0.611328125 0.5961914066037736 0.611328125 0.5932617188679246 0.6103515625 0.5917968754716981
21 0.63671875 0.2241210933962264 0.6357421875 0.22265625 0.6298828125 0.22265625 0.6123046875 0.23144531226415094 0.60546875 0.2475585933962264 0.603515625 0.2563476566037736 0.603515625 0.2651367188679245 0.6171875 0.3120117188679245 0.6201171875 0.31640625 0.6357421875 0.31640625 0.638671875 0.3120117188679245 0.654296875 0.2651367188679245 0.63671875 0.2241210933962264
21 0.47265625 0.6694335933962264 0.47265625 0.6665039066037736 0.470703125 0.6401367188679246 0.458984375 0.5961914066037736 0.4580078125 0.594726562264151 0.4482421875 0.59765625 0.4404296875 0.600585937735849 0.4365234375 0.6035156245283019 0.435546875 0.6049804688679246 0.435546875 0.6254882811320754 0.4453125 0.6547851566037736 0.4501953125 0.6621093754716981 0.4541015625 0.665039062264151 0.4677734375 0.670898437735849 0.4716796875 0.670898437735849 0.47265625 0.6694335933962264
1 0.69921875 0.6899414066037736 0.69140625 0.6694335933962264 0.6826171875 0.65625 0.6689453125 0.6386718754716981 0.6650390625 0.635742187735849 0.6552734375 0.635742187735849 0.654296875 0.6372070311320754 0.650390625 0.6518554688679246 0.671875 0.7309570311320754 0.6728515625 0.7324218754716981 0.6923828125 0.7324218754716981 0.6962890625 0.729492187735849 0.701171875 0.7192382811320754 0.701171875 0.6987304688679246 0.69921875 0.6899414066037736
1 0.443359375 0.7192382811320754 0.443359375 0.6958007811320754 0.4384765625 0.688476562264151 0.4091796875 0.694335937735849 0.408203125 0.6958007811320754 0.408203125 0.6987304688679246 0.412109375 0.7133789066037736 0.416015625 0.7221679688679246 0.4228515625 0.729492187735849 0.4365234375 0.729492187735849 0.44140625 0.7250976566037736 0.443359375 0.7192382811320754
1 0.53515625 0.5229492188679246 0.53515625 0.5170898433962264 0.533203125 0.5112304688679246 0.5322265625 0.5097656245283019 0.5263671875 0.506835937735849 0.5107421875 0.5097656245283019 0.5068359375 0.512695312264151 0.5 0.5229492188679246 0.498046875 0.5288085933962264 0.498046875 0.5405273433962264 0.5 0.5493164066037736 0.5107421875 0.5683593754716981 0.5166015625 0.571289062264151 0.5224609375 0.571289062264151 0.52734375 0.5639648433962264 0.53515625 0.5229492188679246
9 0.6435546875 0.530273437735849 0.6357421875 0.524414062264151 0.6220703125 0.524414062264151 0.62109375 0.5258789066037736 0.62109375 0.5346679688679246 0.6318359375 0.547851562264151 0.6416015625 0.547851562264151 0.642578125 0.5463867188679246 0.64453125 0.5405273433962264 0.64453125 0.5317382811320754 0.6435546875 0.530273437735849
9 0.37890625 0.5024414066037736 0.3740234375 0.4980468754716982 0.3681640625 0.4980468754716982 0.361328125 0.5083007811320754 0.357421875 0.5200195311320754 0.357421875 0.5317382811320754 0.3642578125 0.541992187735849 0.3701171875 0.541992187735849 0.376953125 0.5317382811320754 0.37890625 0.5258789066037736 0.380859375 0.5112304688679246 0.37890625 0.5024414066037736
9 0.4609375 0.4321289066037736 0.4609375 0.4116210933962264 0.4599609375 0.41015625 0.4560546875 0.41015625 0.4453125 0.4262695311320755 0.439453125 0.4379882811320755 0.4375 0.4438476566037736 0.4375 0.4467773433962264 0.439453125 0.4526367188679245 0.4443359375 0.45996093773584906 0.4482421875 0.45996093773584906 0.4521484375 0.45703125 0.455078125 0.4526367188679245 0.4609375 0.4321289066037736
9 0.6064453125 0.20800781226415094 0.5908203125 0.20800781226415094 0.58984375 0.2094726566037736 0.58984375 0.21826171886792453 0.5927734375 0.22265625 0.6005859375 0.22851562452830187 0.6044921875 0.22851562452830187 0.609375 0.2211914066037736 0.609375 0.2124023433962264 0.6064453125 0.20800781226415094
14 0.587890625 0.4790039066037736 0.587890625 0.4731445311320755 0.576171875 0.4438476566037736 0.5751953125 0.44238281226415094 0.5693359375 0.44238281226415094 0.56640625 0.4467773433962264 0.564453125 0.4526367188679245 0.564453125 0.4555664066037736 0.56640625 0.4643554688679245 0.5703125 0.4731445311320755 0.5791015625 0.4863281245283018 0.5810546875 0.4863281245283018 0.5849609375 0.483398437735849 0.587890625 0.4790039066037736
14 0.2998046875 0.4921875 0.2958984375 0.489257812264151 0.2919921875 0.489257812264151 0.283203125 0.5024414066037736 0.279296875 0.5229492188679246 0.279296875 0.5317382811320754 0.28125 0.5375976566037736 0.2861328125 0.5449218754716981 0.2939453125 0.5449218754716981 0.296875 0.5405273433962264 0.302734375 0.49658203113207544 0.2998046875 0.4921875
3 0.74609375 0.4174804688679245 0.7451171875 0.4160156245283019 0.6513671875 0.3574218754716981 0.6455078125 0.3574218754716981 0.6298828125 0.36621093773584906 0.6171875 0.3852539066037736 0.615234375 0.3911132811320755 0.611328125 0.4057617188679245 0.611328125 0.4262695311320755 0.6611328125 0.524414062264151 0.7236328125 0.495117187735849 0.73046875 0.48486328113207544 0.744140625 0.4379882811320755 0.74609375 0.4233398433962264 0.74609375 0.4174804688679245