6 0.349609375 0.3559570311320755 0.349609375 0.3500976566037736 0.34375 0.3149414066037736 0.33203125 0.2563476566037736 0.3037109375 0.21386718773584906 0.2958984375 0.21972656226415094 0.29296875 0.2241210933962264 0.2890625 0.2358398433962264 0.2890625 0.3090820311320755 0.310546875 0.3588867188679245 0.3134765625 0.36328125 0.3232421875 0.37207031226415094 0.3349609375 0.37207031226415094 0.3486328125 0.3574218754716981 0.349609375 0.3559570311320755
6 0.458984375 0.2329101566037736 0.458984375 0.22705078113207547 0.4267578125 0.18457031226415094 0.3955078125 0.1640625 0.3583984375 0.17578125 0.34765625 0.19189453113207547 0.345703125 0.1977539066037736 0.345703125 0.20361328113207547 0.34765625 0.2124023433962264 0.3603515625 0.2519531245283019 0.4228515625 0.25488281226415094 0.4521484375 0.24023437452830187 0.4560546875 0.23730468773584906 0.458984375 0.2329101566037736
6 0.580078125 0.1625976566037736 0.580078125 0.15966796886792453 0.56640625 0.12158203113207545 0.5634765625 0.1171875 0.5205078125 0.09375 0.4951171875 0.09375 0.4814453125 0.09667968773584906 0.4716796875 0.10253906226415094 0.462890625 0.11572265660377358 0.462890625 0.1274414066037736 0.4677734375 0.13769531226415094 0.4775390625 0.14648437547169813 0.4873046875 0.15234375 0.5732421875 0.1875 0.57421875 0.1860351566037736 0.580078125 0.1625976566037736
6 0.57421875 0.3471679688679245 0.580078125 0.3354492188679245 0.556640625 0.2211914066037736 0.5234375 0.1655273433962264 0.5185546875 0.15820312452830187 0.5029296875 0.140625 0.5009765625 0.140625 0.482421875 0.1625976566037736 0.48046875 0.16845703113207547 0.474609375 0.20361328113207547 0.47265625 0.2534179688679245 0.47265625 0.2592773433962264 0.474609375 0.2651367188679245 0.5 0.3237304688679245 0.5419921875 0.38378906226415094 0.5439453125 0.38378906226415094 0.5634765625 0.36328125 0.57421875 0.3471679688679245
6 0.64453125 0.3881835933962264 0.658203125 0.3618164066037736 0.658203125 0.3588867188679245 0.634765625 0.2856445311320755 0.6337890625 0.28417968773584906 0.5966796875 0.26660156226415094 0.5888671875 0.2636718754716981 0.5810546875 0.2636718754716981 0.576171875 0.2709960933962264 0.576171875 0.2739257811320755 0.59375 0.3500976566037736 0.6123046875 0.3808593754716981 0.6279296875 0.3984375 0.6318359375 0.3984375 0.6396484375 0.39550781226415094 0.64453125 0.3881835933962264
6 0.68359375 0.2124023433962264 0.6552734375 0.16699218773584906 0.6513671875 0.1640625 0.6474609375 0.1640625 0.6435546875 0.16699218773584906 0.640625 0.17138671886792453 0.638671875 0.20361328113207547 0.638671875 0.2358398433962264 0.6669921875 0.28125 0.6826171875 0.29589843773584906 0.6865234375 0.29589843773584906 0.693359375 0.2885742188679245 0.693359375 0.2504882811320755 0.68359375 0.2124023433962264
6 0.7529296875 0.495117187735849 0.7578125 0.48779296886792456 0.744140625 0.3969726566037736 0.72265625 0.3383789066037736 0.7099609375 0.3222656245283019 0.7060546875 0.31933593773584906 0.7001953125 0.3222656245283019 0.6943359375 0.328125 0.6875 0.3471679688679245 0.685546875 0.4379882811320755 0.685546875 0.4497070311320755 0.6875 0.4702148433962264 0.69921875 0.49658203113207544 0.7099609375 0.512695312264151 0.7255859375 0.524414062264151 0.7275390625 0.524414062264151 0.7529296875 0.495117187735849
6 0.669921875 0.5756835933962264 0.673828125 0.5639648433962264 0.67578125 0.5434570311320754 0.67578125 0.49658203113207544 0.671875 0.4584960933962264 0.6376953125 0.42480468773584906 0.6279296875 0.41894531226415094 0.626953125 0.4204101566037736 0.619140625 0.4467773433962264 0.619140625 0.4790039066037736 0.62890625 0.5317382811320754 0.634765625 0.5493164066037736 0.65234375 0.5786132811320754 0.6572265625 0.5859375 0.6630859375 0.5859375 0.669921875 0.5756835933962264
6 0.703125 0.6459960933962264 0.70703125 0.6342773433962264 0.70703125 0.6137695311320754 0.703125 0.6049804688679246 0.6982421875 0.59765625 0.6923828125 0.594726562264151 0.6845703125 0.59765625 0.6689453125 0.609375 0.646484375 0.6430664066037736 0.638671875 0.6577148433962264 0.626953125 0.7045898433962264 0.626953125 0.7280273433962264 0.6318359375 0.735351562264151 0.6337890625 0.735351562264151 0.6728515625 0.706054687735849 0.677734375 0.6987304688679246 0.6953125 0.6665039066037736 0.703125 0.6459960933962264
6 0.5546875 0.5024414066037736 0.5546875 0.48486328113207544 0.55078125 0.4350585933962264 0.546875 0.4204101566037736 0.533203125 0.3911132811320755 0.5263671875 0.3808593754716981 0.5126953125 0.37792968773584906 0.5 0.3999023433962264 0.462890625 0.5317382811320754 0.462890625 0.5346679688679246 0.48828125 0.6284179688679246 0.4892578125 0.629882812264151 0.5146484375 0.6269531245283019 0.537109375 0.5932617188679246 0.544921875 0.5756835933962264 0.5546875 0.5024414066037736
6 0.583984375 0.5610351566037736 0.58984375 0.5317382811320754 0.591796875 0.5024414066037736 0.591796875 0.4907226566037736 0.5771484375 0.45703125 0.5732421875 0.45703125 0.560546875 0.4702148433962264 0.5546875 0.5200195311320754 0.5546875 0.5317382811320754 0.564453125 0.5844726566037736 0.56640625 0.5903320311320754 0.5693359375 0.594726562264151 0.5732421875 0.594726562264151 0.578125 0.5815429688679246 0.583984375 0.5610351566037736
6 0.478515625 0.3881835933962264 0.48046875 0.3823242188679245 0.482421875 0.3559570311320755 0.482421875 0.3383789066037736 0.4814453125 0.33691406226415094 0.4482421875 0.35449218773584906 0.3740234375 0.40136718773584906 0.373046875 0.4028320311320755 0.373046875 0.4145507811320755 0.3818359375 0.4277343745283019 0.3955078125 0.4453125 0.4033203125 0.4453125 0.4443359375 0.42480468773584906 0.4599609375 0.41015625 0.478515625 0.3881835933962264
6 0.4267578125 0.2871093754716981 0.4111328125 0.2871093754716981 0.4033203125 0.29003906226415094 0.3955078125 0.29589843773584906 0.3896484375 0.30175781226415094 0.37109375 0.3325195311320755 0.3671875 0.3413085933962264 0.365234375 0.3500976566037736 0.365234375 0.3852539066037736 0.369140625 0.3969726566037736 0.3740234375 0.40136718773584906 0.4423828125 0.32519531226415094 0.443359375 0.3237304688679245 0.44140625 0.3061523433962264 0.4267578125 0.2871093754716981
1 0.28125 0.4028320311320755 0.28125 0.3999023433962264 0.275390625 0.3471679688679245 0.2724609375 0.34277343773584906 0.2666015625 0.34277343773584906 0.259765625 0.3530273433962264 0.2578125 0.3588867188679245 0.2578125 0.3852539066037736 0.259765625 0.3940429688679245 0.26171875 0.3999023433962264 0.2666015625 0.40722656226415094 0.2705078125 0.41015625 0.2783203125 0.41015625 0.28125 0.4028320311320755
1 0.287109375 0.4555664066037736 0.2822265625 0.44824218773584906 0.2724609375 0.44824218773584906 0.2685546875 0.4511718745283019 0.2578125 0.4643554688679245 0.25390625 0.4760742188679245 0.25390625 0.4936523433962264 0.255859375 0.49951171886792456 0.2607421875 0.506835937735849 0.2685546875 0.512695312264151 0.2841796875 0.5097656245283019 0.287109375 0.5053710933962264 0.287109375 0.4555664066037736
13 0.318359375 0.6430664066037736 0.3154296875 0.6386718754716981 0.2880859375 0.6035156245283019 0.2607421875 0.5859375 0.2529296875 0.5859375 0.248046875 0.5932617188679246 0.244140625 0.6020507811320754 0.244140625 0.6049804688679246 0.26171875 0.6782226566037736 0.26953125 0.7016601566037736 0.2744140625 0.7089843754716981 0.2763671875 0.7089843754716981 0.3203125 0.6489257811320754 0.318359375 0.6430664066037736
18 0.345703125 0.7866210933962264 0.3671875 0.7456054688679246 0.3671875 0.7221679688679246 0.365234375 0.7133789066037736 0.3525390625 0.694335937735849 0.3388671875 0.69140625 0.3291015625 0.694335937735849 0.3251953125 0.6972656245283019 0.310546875 0.7221679688679246 0.306640625 0.7397460933962264 0.306640625 0.7543945311320754 0.30859375 0.7602539066037736 0.3193359375 0.776367187735849 0.3251953125 0.782226562264151 0.3408203125 0.7910156245283019 0.3427734375 0.7910156245283019 0.345703125 0.7866210933962264
17 0.607421875 0.6372070311320754 0.607421875 0.6313476566037736 0.6025390625 0.624023437735849 0.5810546875 0.62109375 0.5615234375 0.62109375 0.5576171875 0.624023437735849 0.5546875 0.6284179688679246 0.541015625 0.6606445311320754 0.53125 0.6899414066037736 0.53125 0.6958007811320754 0.5361328125 0.703125 0.5498046875 0.71484375 0.5537109375 0.71484375 0.5869140625 0.700195312264151 0.587890625 0.6987304688679246 0.607421875 0.6372070311320754
3 0.474609375 0.6870117188679246 0.462890625 0.4819335933962264 0.4619140625 0.48046875 0.4560546875 0.47753906226415094 0.4365234375 0.47753906226415094 0.4091796875 0.4980468754716982 0.404296875 0.5053710933962264 0.40234375 0.5112304688679246 0.390625 0.5551757811320754 0.365234375 0.6811523433962264 0.365234375 0.6840820311320754 0.37109375 0.7016601566037736 0.3818359375 0.717773437735849 0.3955078125 0.717773437735849 0.4189453125 0.71484375 0.4736328125 0.688476562264151 0.474609375 0.6870117188679246
3 0.3583984375 0.4921875 0.3232421875 0.46582031226415094 0.3134765625 0.46875 0.3125 0.4702148433962264 0.30078125 0.5434570311320754 0.33203125 0.6196289066037736 0.3330078125 0.62109375 0.3349609375 0.62109375 0.3671875 0.5874023433962264 0.365234375 0.5083007811320754 0.361328125 0.49658203113207544 0.3583984375 0.4921875