6 0.66796875 0.2416992188679245 0.603515625 0.10400390660377358 0.6005859375 0.09960937547169811 0.5634765625 0.14941406226415094 0.55859375 0.15673828113207547 0.5546875 0.16845703113207547 0.55078125 0.2358398433962264 0.5634765625 0.26074218773584906 0.6201171875 0.30175781226415094 0.6318359375 0.30175781226415094 0.6533203125 0.2871093754716981 0.6591796875 0.28125 0.66796875 0.2651367188679245 0.66796875 0.2416992188679245
6 0.513671875 0.2622070311320755 0.498046875 0.1538085933962264 0.4951171875 0.14941406226415094 0.4755859375 0.13769531226415094 0.4638671875 0.14648437547169813 0.458984375 0.1538085933962264 0.455078125 0.1625976566037736 0.453125 0.17138671886792453 0.447265625 0.2124023433962264 0.447265625 0.21826171886792453 0.462890625 0.2563476566037736 0.4765625 0.2856445311320755 0.4775390625 0.2871093754716981 0.4794921875 0.2871093754716981 0.5107421875 0.26953125 0.513671875 0.2622070311320755
6 0.439453125 0.3852539066037736 0.44921875 0.3559570311320755 0.451171875 0.3471679688679245 0.453125 0.3295898433962264 0.4521484375 0.328125 0.4482421875 0.328125 0.3681640625 0.38671875 0.3671875 0.3881835933962264 0.3671875 0.3911132811320755 0.375 0.4233398433962264 0.3779296875 0.4277343745283019 0.3994140625 0.4277343745283019 0.4091796875 0.41894531226415094 0.4365234375 0.38964843773584906 0.439453125 0.3852539066037736
6 0.3056640625 0.62109375 0.3125 0.6049804688679246 0.3203125 0.4731445311320755 0.3203125 0.4584960933962264 0.3193359375 0.45703125 0.2880859375 0.45703125 0.283203125 0.4643554688679245 0.275390625 0.4907226566037736 0.2734375 0.49951171886792456 0.2734375 0.5053710933962264 0.275390625 0.5288085933962264 0.28125 0.5786132811320754 0.291015625 0.6166992188679246 0.2919921875 0.618164062264151 0.2998046875 0.62109375 0.3056640625 0.62109375
6 0.515625 0.4731445311320755 0.509765625 0.4614257811320755 0.5029296875 0.4511718745283019 0.4931640625 0.4394531245283019 0.4775390625 0.43652343773584906 0.47265625 0.4438476566037736 0.4609375 0.5053710933962264 0.4619140625 0.506835937735849 0.5205078125 0.55078125 0.5224609375 0.55078125 0.5341796875 0.5449218754716981 0.5400390625 0.5390625 0.54296875 0.5346679688679246 0.515625 0.4731445311320755
18 0.3759765625 0.2753906245283019 0.384765625 0.2622070311320755 0.38671875 0.2563476566037736 0.384765625 0.2416992188679245 0.3828125 0.2358398433962264 0.3798828125 0.23144531226415094 0.3720703125 0.22558593773584906 0.3427734375 0.21679687452830187 0.3330078125 0.21679687452830187 0.3251953125 0.21972656226415094 0.31640625 0.2329101566037736 0.31640625 0.2504882811320755 0.318359375 0.2563476566037736 0.3212890625 0.26074218773584906 0.3271484375 0.26660156226415094 0.3466796875 0.2753906245283019 0.3603515625 0.27832031226415094 0.3759765625 0.2753906245283019
1 0.7421875 0.3999023433962264 0.7421875 0.3793945311320755 0.7353515625 0.3691406245283019 0.7314453125 0.36621093773584906 0.7236328125 0.36621093773584906 0.716796875 0.3764648433962264 0.716796875 0.3881835933962264 0.720703125 0.4028320311320755 0.7255859375 0.41015625 0.7294921875 0.41308593773584906 0.7333984375 0.41308593773584906 0.7373046875 0.41015625 0.7421875 0.3999023433962264
21 0.69921875 0.6049804688679246 0.6943359375 0.5917968754716981 0.6298828125 0.571289062264151 0.615234375 0.5991210933962264 0.61328125 0.6049804688679246 0.609375 0.6284179688679246 0.609375 0.6489257811320754 0.619140625 0.6782226566037736 0.6435546875 0.7265625 0.6689453125 0.700195312264151 0.68359375 0.6752929688679246 0.6953125 0.6372070311320754 0.69921875 0.6049804688679246
7 0.5361328125 0.34277343773584906 0.5322265625 0.34277343773584906 0.525390625 0.3559570311320755 0.5234375 0.3618164066037736 0.5234375 0.3735351566037736 0.5712890625 0.5097656245283019 0.572265625 0.5083007811320754 0.5859375 0.4321289066037736 0.578125 0.3823242188679245 0.5537109375 0.34863281226415094 0.5361328125 0.34277343773584906
7 0.27734375 0.3149414066037736 0.275390625 0.3208007811320755 0.27734375 0.3266601566037736 0.2822265625 0.3339843754716981 0.2880859375 0.33691406226415094 0.2919921875 0.33691406226415094 0.3021424125 0.3301826122641509 0.2783203125 0.31347656226415094 0.27734375 0.3149414066037736
1 0.419921875 0.4936523433962264 0.412109375 0.4672851566037736 0.4091796875 0.4628906245283019 0.404296875 0.4702148433962264 0.404296875 0.48486328113207544 0.40625 0.4907226566037736 0.4111328125 0.4980468754716982 0.4150390625 0.500976562264151 0.4169921875 0.500976562264151 0.419921875 0.49658203113207544 0.419921875 0.4936523433962264
11 0.6240234375 0.41308593773584906 0.6162109375 0.4160156245283019 0.611328125 0.4204101566037736 0.609375 0.4262695311320755 0.609375 0.4321289066037736 0.6103515625 0.43359375 0.6181640625 0.43359375 0.6279296875 0.42480468773584906 0.630859375 0.4204101566037736 0.6279296875 0.4160156245283019 0.6240234375 0.41308593773584906
11 0.3291015625 0.5683593754716981 0.328125 0.5698242188679246 0.330078125 0.5932617188679246 0.3310546875 0.594726562264151 0.3369140625 0.594726562264151 0.341796875 0.5815429688679246 0.341796875 0.5756835933962264 0.3369140625 0.5683593754716981 0.3291015625 0.5683593754716981