3 0.3193359375 0.5449218754716981 0.3232421875 0.541992187735849 0.326171875 0.5375976566037736 0.330078125 0.5229492188679246 0.330078125 0.49658203113207544 0.32421875 0.4731445311320755 0.30859375 0.4291992188679245 0.29296875 0.3969726566037736 0.2587890625 0.3515625 0.2490234375 0.3574218754716981 0.2421875 0.3676757811320755 0.240234375 0.3793945311320755 0.240234375 0.3911132811320755 0.255859375 0.4819335933962264 0.263671875 0.5141601566037736 0.2666015625 0.518554687735849 0.3017578125 0.541992187735849 0.3115234375 0.5449218754716981 0.3193359375 0.5449218754716981
18 0.4052734375 0.515625 0.4189453125 0.506835937735849 0.4287109375 0.495117187735849 0.439453125 0.4790039066037736 0.4453125 0.4614257811320755 0.447265625 0.4526367188679245 0.44921875 0.4321289066037736 0.44921875 0.4233398433962264 0.4453125 0.3852539066037736 0.44140625 0.3735351566037736 0.431640625 0.3500976566037736 0.4248046875 0.33984375 0.4150390625 0.328125 0.4111328125 0.32519531226415094 0.3974609375 0.31933593773584906 0.3837890625 0.31933593773584906 0.3681640625 0.3222656245283019 0.3583984375 0.3339843754716981 0.3515625 0.3442382811320755 0.34765625 0.3559570311320755 0.345703125 0.3647460933962264 0.345703125 0.3940429688679245 0.349609375 0.4233398433962264 0.376953125 0.5024414066037736 0.3798828125 0.506835937735849 0.3837890625 0.5097656245283019 0.3974609375 0.515625 0.4052734375 0.515625
18 0.75 0.5258789066037736 0.75 0.5024414066037736 0.748046875 0.4936523433962264 0.7412109375 0.4863281245283018 0.7333984375 0.48046875 0.7236328125 0.47753906226415094 0.7177734375 0.47753906226415094 0.7080078125 0.48046875 0.6982421875 0.4863281245283018 0.689453125 0.49951171886792456 0.685546875 0.5112304688679246 0.685546875 0.5170898433962264 0.6875 0.5258789066037736 0.6982421875 0.541992187735849 0.7412109375 0.5390625 0.7451171875 0.536132812264151 0.748046875 0.5317382811320754 0.75 0.5258789066037736
1 0.65234375 0.5551757811320754 0.6357421875 0.52734375 0.6279296875 0.52734375 0.6240234375 0.530273437735849 0.6171875 0.5405273433962264 0.615234375 0.5463867188679246 0.615234375 0.5668945311320754 0.619140625 0.5786132811320754 0.6220703125 0.583007812264151 0.6259765625 0.5859375 0.6318359375 0.588867187735849 0.6357421875 0.588867187735849 0.65234375 0.5551757811320754
1 0.3203125 0.6518554688679246 0.328125 0.6342773433962264 0.3037109375 0.612304687735849 0.3017578125 0.612304687735849 0.2841796875 0.62109375 0.28125 0.6254882811320754 0.279296875 0.6313476566037736 0.279296875 0.6459960933962264 0.28125 0.6518554688679246 0.2880859375 0.6621093754716981 0.2958984375 0.66796875 0.3056640625 0.66796875 0.3154296875 0.659179687735849 0.3203125 0.6518554688679246
1 0.447265625 0.2241210933962264 0.451171875 0.2124023433962264 0.451171875 0.1977539066037736 0.4453125 0.1655273433962264 0.443359375 0.15966796886792453 0.4404296875 0.15527343773584906 0.4326171875 0.14941406226415094 0.4111328125 0.15234375 0.4052734375 0.15527343773584906 0.404296875 0.15673828113207547 0.390625 0.2329101566037736 0.3916015625 0.234375 0.4013671875 0.23730468773584906 0.4208984375 0.24023437452830187 0.4306640625 0.24023437452830187 0.4365234375 0.23730468773584906 0.4423828125 0.23144531226415094 0.447265625 0.2241210933962264
1 0.6162109375 0.27832031226415094 0.625 0.2651367188679245 0.630859375 0.2475585933962264 0.630859375 0.2416992188679245 0.6298828125 0.24023437452830187 0.5849609375 0.22265625 0.583984375 0.2241210933962264 0.583984375 0.22705078113207547 0.587890625 0.2504882811320755 0.591796875 0.2592773433962264 0.5966796875 0.26660156226415094 0.6025390625 0.27246093773584906 0.6103515625 0.27832031226415094 0.6162109375 0.27832031226415094
9 0.3671875 0.6987304688679246 0.3642578125 0.694335937735849 0.3623046875 0.694335937735849 0.3583984375 0.6972656245283019 0.3515625 0.7075195311320754 0.3515625 0.7309570311320754 0.3564453125 0.741210937735849 0.3583984375 0.741210937735849 0.3671875 0.7280273433962264 0.369140625 0.7192382811320754 0.369140625 0.7075195311320754 0.3671875 0.6987304688679246
9 0.66015625 0.6958007811320754 0.66015625 0.6899414066037736 0.658203125 0.6840820311320754 0.6494140625 0.670898437735849 0.6455078125 0.66796875 0.6357421875 0.670898437735849 0.6328125 0.6752929688679246 0.634765625 0.6870117188679246 0.638671875 0.6958007811320754 0.6435546875 0.703125 0.6494140625 0.706054687735849 0.6552734375 0.706054687735849 0.658203125 0.7016601566037736 0.66015625 0.6958007811320754
15 0.599609375 0.3618164066037736 0.60546875 0.3471679688679245 0.60546875 0.3442382811320755 0.6025390625 0.33984375 0.5986328125 0.33691406226415094 0.5927734375 0.33691406226415094 0.5712890625 0.34863281226415094 0.568359375 0.3530273433962264 0.568359375 0.3559570311320755 0.5712890625 0.36035156226415094 0.5810546875 0.36621093773584906 0.5888671875 0.3691406245283019 0.5927734375 0.3691406245283019 0.5966796875 0.36621093773584906 0.599609375 0.3618164066037736
3 0.4833984375 0.723632812264151 0.4931640625 0.717773437735849 0.5048828125 0.7089843754716981 0.509765625 0.7016601566037736 0.51953125 0.5668945311320754 0.5068359375 0.55078125 0.4912109375 0.5332031245283019 0.4873046875 0.530273437735849 0.4697265625 0.5332031245283019 0.4638671875 0.5390625 0.458984375 0.5463867188679246 0.439453125 0.5844726566037736 0.439453125 0.6049804688679246 0.4453125 0.6635742188679246 0.451171875 0.6928710933962264 0.455078125 0.7045898433962264 0.4580078125 0.7089843754716981 0.4775390625 0.723632812264151 0.4833984375 0.723632812264151