6 0.42578125 0.2592773433962264 0.42578125 0.2504882811320755 0.4140625 0.21826171886792453 0.4111328125 0.21386718773584906 0.3642578125 0.18164062452830187 0.3291015625 0.1875 0.3232421875 0.19042968773584906 0.3203125 0.19482421886792453 0.318359375 0.20361328113207547 0.3203125 0.2241210933962264 0.3466796875 0.2519531245283019 0.3544921875 0.2578125 0.3837890625 0.2753906245283019 0.4169921875 0.2753906245283019 0.421875 0.2709960933962264 0.42578125 0.2592773433962264
6 0.283203125 0.4584960933962264 0.279296875 0.4291992188679245 0.26953125 0.4057617188679245 0.2509765625 0.37792968773584906 0.228515625 0.4233398433962264 0.21484375 0.5346679688679246 0.21484375 0.5434570311320754 0.2177734375 0.547851562264151 0.2236328125 0.55078125 0.2548828125 0.55078125 0.2626953125 0.541992187735849 0.28125 0.5170898433962264 0.283203125 0.4584960933962264
6 0.40234375 0.5786132811320754 0.396484375 0.5083007811320754 0.3935546875 0.500976562264151 0.3505859375 0.47167968773584906 0.3271484375 0.48046875 0.3173828125 0.489257812264151 0.31640625 0.4907226566037736 0.32421875 0.5258789066037736 0.3251953125 0.52734375 0.3935546875 0.59765625 0.3974609375 0.594726562264151 0.400390625 0.5903320311320754 0.40234375 0.5844726566037736 0.40234375 0.5786132811320754
6 0.76171875 0.3793945311320755 0.7578125 0.3647460933962264 0.7451171875 0.35449218773584906 0.6806640625 0.36328125 0.6796875 0.3647460933962264 0.658203125 0.4086914066037736 0.658203125 0.4321289066037736 0.6650390625 0.44238281226415094 0.7529296875 0.42480468773584906 0.755859375 0.4204101566037736 0.759765625 0.4028320311320755 0.76171875 0.3852539066037736 0.76171875 0.3793945311320755
6 0.583984375 0.2797851566037736 0.5791015625 0.27246093773584906 0.5615234375 0.26953125 0.548828125 0.2944335933962264 0.537109375 0.3208007811320755 0.53515625 0.3442382811320755 0.537109375 0.4145507811320755 0.5576171875 0.44824218773584906 0.5693359375 0.4453125 0.587890625 0.3881835933962264 0.603515625 0.3325195311320755 0.603515625 0.3295898433962264 0.583984375 0.2797851566037736
6 0.654296875 0.6254882811320754 0.63671875 0.5229492188679246 0.6162109375 0.500976562264151 0.6064453125 0.500976562264151 0.595703125 0.5170898433962264 0.58984375 0.6049804688679246 0.59765625 0.6225585933962264 0.609375 0.6459960933962264 0.6123046875 0.6503906245283019 0.6220703125 0.659179687735849 0.6357421875 0.659179687735849 0.642578125 0.6489257811320754 0.654296875 0.6254882811320754
6 0.732421875 0.6342773433962264 0.732421875 0.6313476566037736 0.724609375 0.5961914066037736 0.72265625 0.5903320311320754 0.7197265625 0.5859375 0.7099609375 0.5859375 0.6943359375 0.59765625 0.669921875 0.6372070311320754 0.66796875 0.6723632811320754 0.66796875 0.6870117188679246 0.669921875 0.6958007811320754 0.673828125 0.7075195311320754 0.6787109375 0.71484375 0.6826171875 0.71484375 0.716796875 0.6665039066037736 0.732421875 0.6342773433962264
18 0.5859375 0.17138671886792453 0.5859375 0.14794921886792453 0.583984375 0.1420898433962264 0.5810546875 0.13769531226415094 0.5771484375 0.13476562452830187 0.5712890625 0.13476562452830187 0.5654296875 0.140625 0.5625 0.14501953113207547 0.55859375 0.1538085933962264 0.5546875 0.1655273433962264 0.55078125 0.18017578113207547 0.55078125 0.20654296886792453 0.5556640625 0.21386718773584906 0.5615234375 0.21972656226415094 0.5693359375 0.21679687452830187 0.57421875 0.2094726566037736 0.58203125 0.1860351566037736 0.5859375 0.17138671886792453
18 0.5078125 0.1743164066037736 0.51171875 0.1655273433962264 0.513671875 0.15966796886792453 0.513671875 0.14794921886792453 0.5107421875 0.14355468773584906 0.5048828125 0.13769531226415094 0.4970703125 0.13476562452830187 0.4951171875 0.13476562452830187 0.4833984375 0.140625 0.4736328125 0.14941406226415094 0.4580078125 0.16699218773584906 0.451171875 0.1772460933962264 0.4453125 0.1889648433962264 0.443359375 0.1977539066037736 0.443359375 0.2094726566037736 0.4482421875 0.21679687452830187 0.4521484375 0.21972656226415094 0.4619140625 0.21972656226415094 0.4677734375 0.21679687452830187 0.5009765625 0.18457031226415094 0.5078125 0.1743164066037736
18 0.515625 0.4555664066037736 0.501953125 0.4174804688679245 0.498046875 0.4086914066037736 0.4951171875 0.4042968745283019 0.4912109375 0.40136718773584906 0.4853515625 0.40136718773584906 0.4814453125 0.4042968745283019 0.4765625 0.4116210933962264 0.4765625 0.4233398433962264 0.478515625 0.4291992188679245 0.490234375 0.4584960933962264 0.5029296875 0.47753906226415094 0.5107421875 0.47753906226415094 0.515625 0.4702148433962264 0.515625 0.4555664066037736
18 0.376953125 0.7192382811320754 0.3828125 0.6987304688679246 0.3828125 0.6723632811320754 0.380859375 0.6665039066037736 0.3701171875 0.6503906245283019 0.3662109375 0.647460937735849 0.3583984375 0.647460937735849 0.3544921875 0.6503906245283019 0.34765625 0.6606445311320754 0.345703125 0.6694335933962264 0.345703125 0.6752929688679246 0.34765625 0.7133789066037736 0.349609375 0.7221679688679246 0.3544921875 0.729492187735849 0.3583984375 0.7324218754716981 0.3681640625 0.7324218754716981 0.376953125 0.7192382811320754
18 0.435546875 0.6430664066037736 0.421875 0.5961914066037736 0.4169921875 0.588867187735849 0.4111328125 0.588867187735849 0.4052734375 0.5917968754716981 0.3994140625 0.59765625 0.396484375 0.6020507811320754 0.39453125 0.6079101566037736 0.39453125 0.6284179688679246 0.3984375 0.6372070311320754 0.4052734375 0.647460937735849 0.4150390625 0.653320312264151 0.4326171875 0.653320312264151 0.435546875 0.6489257811320754 0.435546875 0.6430664066037736
18 0.53515625 0.7954101566037736 0.537109375 0.7895507811320754 0.537109375 0.7719726566037736 0.53125 0.7368164066037736 0.52734375 0.7250976566037736 0.5185546875 0.71484375 0.5126953125 0.71484375 0.505859375 0.7250976566037736 0.50390625 0.7309570311320754 0.50390625 0.7485351566037736 0.509765625 0.7866210933962264 0.5166015625 0.8027343745283019 0.5205078125 0.805664062264151 0.5244140625 0.805664062264151 0.5302734375 0.8027343745283019 0.53515625 0.7954101566037736
18 0.66796875 0.7690429688679246 0.669921875 0.7573242188679246 0.669921875 0.7426757811320754 0.66796875 0.7338867188679246 0.6650390625 0.729492187735849 0.6572265625 0.723632812264151 0.6396484375 0.723632812264151 0.6279296875 0.729492187735849 0.625 0.7338867188679246 0.625 0.7631835933962264 0.626953125 0.7690429688679246 0.6337890625 0.7792968754716981 0.6396484375 0.78515625 0.6552734375 0.78515625 0.6611328125 0.7792968754716981 0.66796875 0.7690429688679246
18 0.708984375 0.7924804688679246 0.7041015625 0.78515625 0.6884765625 0.78515625 0.6826171875 0.7910156245283019 0.6796875 0.7954101566037736 0.673828125 0.8129882811320754 0.673828125 0.8159179688679246 0.6767578125 0.8203125 0.6865234375 0.829101562264151 0.6923828125 0.829101562264151 0.705078125 0.8100585933962264 0.708984375 0.8012695311320754 0.708984375 0.7924804688679246
18 0.744140625 0.6928710933962264 0.7421875 0.6870117188679246 0.7373046875 0.6796875 0.7294921875 0.676757812264151 0.7197265625 0.682617187735849 0.71484375 0.6899414066037736 0.712890625 0.6958007811320754 0.712890625 0.7075195311320754 0.7177734375 0.71484375 0.7255859375 0.723632812264151 0.7353515625 0.723632812264151 0.7421875 0.7133789066037736 0.744140625 0.7075195311320754 0.744140625 0.6928710933962264
18 0.763671875 0.49951171886792456 0.765625 0.4936523433962264 0.765625 0.4790039066037736 0.763671875 0.4731445311320755 0.7587890625 0.46582031226415094 0.7548828125 0.4628906245283019 0.7509765625 0.4628906245283019 0.7392578125 0.4746093745283019 0.736328125 0.4790039066037736 0.734375 0.48779296886792456 0.734375 0.49658203113207544 0.736328125 0.5024414066037736 0.7412109375 0.5097656245283019 0.7470703125 0.512695312264151 0.7529296875 0.512695312264151 0.7568359375 0.5097656245283019 0.763671875 0.49951171886792456
20 0.658203125 0.23876953113207547 0.6484375 0.18310546886792453 0.6474609375 0.18164062452830187 0.6396484375 0.18457031226415094 0.634765625 0.19189453113207547 0.6328125 0.1977539066037736 0.630859375 0.2094726566037736 0.630859375 0.2211914066037736 0.6328125 0.23876953113207547 0.638671875 0.2534179688679245 0.6416015625 0.2578125 0.6513671875 0.2578125 0.65625 0.2504882811320755 0.658203125 0.23876953113207547
20 0.568359375 0.5815429688679246 0.568359375 0.5493164066037736 0.564453125 0.5346679688679246 0.5595703125 0.52734375 0.5537109375 0.530273437735849 0.546875 0.5405273433962264 0.544921875 0.5463867188679246 0.544921875 0.5610351566037736 0.548828125 0.5815429688679246 0.55078125 0.5874023433962264 0.5556640625 0.594726562264151 0.5615234375 0.594726562264151 0.56640625 0.5874023433962264 0.568359375 0.5815429688679246
20 0.57421875 0.6694335933962264 0.5712890625 0.665039062264151 0.5556640625 0.6503906245283019 0.5478515625 0.6503906245283019 0.5439453125 0.653320312264151 0.53515625 0.6694335933962264 0.529296875 0.6840820311320754 0.52734375 0.6899414066037736 0.52734375 0.6928710933962264 0.5283203125 0.694335937735849 0.5556640625 0.7089843754716981 0.5830078125 0.7089843754716981 0.5859375 0.7045898433962264 0.580078125 0.6840820311320754 0.57421875 0.6694335933962264
20 0.494140625 0.8071289066037736 0.490234375 0.7983398433962264 0.4814453125 0.78515625 0.4658203125 0.7675781245283019 0.4609375 0.7719726566037736 0.458984375 0.7778320311320754 0.458984375 0.7895507811320754 0.470703125 0.8188476566037736 0.4736328125 0.823242187735849 0.4794921875 0.8261718745283019 0.4892578125 0.8261718745283019 0.494140625 0.8188476566037736 0.494140625 0.8071289066037736
20 0.294921875 0.7221679688679246 0.294921875 0.7075195311320754 0.2880859375 0.6972656245283019 0.2822265625 0.6972656245283019 0.2744140625 0.703125 0.26953125 0.7104492188679246 0.26953125 0.7543945311320754 0.27734375 0.7690429688679246 0.2783203125 0.770507812264151 0.2802734375 0.770507812264151 0.28515625 0.7631835933962264 0.29296875 0.7397460933962264 0.294921875 0.7221679688679246
20 0.4794921875 0.5800781245283019 0.4716796875 0.5800781245283019 0.447265625 0.5991210933962264 0.4453125 0.6049804688679246 0.4453125 0.6225585933962264 0.4658203125 0.66796875 0.4873046875 0.65625 0.48828125 0.6547851566037736 0.48828125 0.6489257811320754 0.48046875 0.5815429688679246 0.4794921875 0.5800781245283019
18 0.2421875 0.6196289066037736 0.2421875 0.6079101566037736 0.240234375 0.5991210933962264 0.2333984375 0.588867187735849 0.2294921875 0.588867187735849 0.2158203125 0.606445312264151 0.21484375 0.6079101566037736 0.21484375 0.6137695311320754 0.216796875 0.6225585933962264 0.2216796875 0.6328125 0.2255859375 0.635742187735849 0.2353515625 0.635742187735849 0.23828125 0.6313476566037736 0.2421875 0.6196289066037736
18 0.322265625 0.3266601566037736 0.32421875 0.3178710933962264 0.322265625 0.3061523433962264 0.31640625 0.2915039066037736 0.3076171875 0.27832031226415094 0.2998046875 0.27246093773584906 0.2939453125 0.26953125 0.2822265625 0.26953125 0.2685546875 0.28417968773584906 0.26171875 0.2944335933962264 0.26171875 0.3002929688679245 0.263671875 0.3061523433962264 0.2900390625 0.35449218773584906 0.2919921875 0.35449218773584906 0.3037109375 0.34863281226415094 0.3115234375 0.34277343773584906 0.322265625 0.3266601566037736
1 0.4599609375 0.13769531226415094 0.4541015625 0.13183593773584906 0.4462890625 0.12597656226415094 0.4365234375 0.12304687547169811 0.4287109375 0.12304687547169811 0.4091796875 0.12597656226415094 0.4033203125 0.12890625 0.3974609375 0.13476562452830187 0.388671875 0.14794921886792453 0.388671875 0.1655273433962264 0.4013671875 0.20214843773584906 0.4052734375 0.20214843773584906 0.4560546875 0.16113281226415094 0.46484375 0.14794921886792453 0.462890625 0.1420898433962264 0.4599609375 0.13769531226415094
1 0.5234375 0.2856445311320755 0.529296875 0.2651367188679245 0.53515625 0.2416992188679245 0.53515625 0.23876953113207547 0.533203125 0.22998046886792453 0.5302734375 0.22558593773584906 0.5185546875 0.22558593773584906 0.4580078125 0.25488281226415094 0.45703125 0.2563476566037736 0.45703125 0.2592773433962264 0.482421875 0.3149414066037736 0.4873046875 0.3222656245283019 0.4951171875 0.32519531226415094 0.5068359375 0.31933593773584906 0.515625 0.3061523433962264 0.5234375 0.2856445311320755
1 0.43359375 0.3618164066037736 0.4287109375 0.35449218773584906 0.4169921875 0.3457031245283019 0.4150390625 0.3457031245283019 0.4111328125 0.34863281226415094 0.41015625 0.3500976566037736 0.408203125 0.3588867188679245 0.400390625 0.4291992188679245 0.4013671875 0.43066406226415094 0.4306640625 0.4394531245283019 0.4384765625 0.43359375 0.4453125 0.4145507811320755 0.4453125 0.3969726566037736 0.439453125 0.3735351566037736 0.43359375 0.3618164066037736
1 0.310546875 0.6372070311320754 0.306640625 0.6196289066037736 0.2958984375 0.606445312264151 0.2880859375 0.6035156245283019 0.2763671875 0.6035156245283019 0.2607421875 0.606445312264151 0.259765625 0.6079101566037736 0.263671875 0.6723632811320754 0.2666015625 0.676757812264151 0.2705078125 0.6796875 0.2802734375 0.6796875 0.2978515625 0.665039062264151 0.306640625 0.6518554688679246 0.310546875 0.6372070311320754
1 0.3515625 0.5874023433962264 0.34765625 0.5756835933962264 0.3388671875 0.5625 0.3310546875 0.5566406245283019 0.3251953125 0.553710937735849 0.3115234375 0.553710937735849 0.310546875 0.5551757811320754 0.306640625 0.5668945311320754 0.306640625 0.5698242188679246 0.3134765625 0.5800781245283019 0.3291015625 0.5917968754716981 0.3408203125 0.59765625 0.3486328125 0.594726562264151 0.3515625 0.5903320311320754 0.3515625 0.5874023433962264
1 0.39453125 0.8305664066037736 0.39453125 0.8188476566037736 0.392578125 0.8100585933962264 0.3857421875 0.799804687735849 0.3798828125 0.793945312264151 0.3642578125 0.78515625 0.3583984375 0.78515625 0.3427734375 0.796875 0.341796875 0.7983398433962264 0.345703125 0.8071289066037736 0.3505859375 0.8144531245283019 0.3818359375 0.84375 0.3857421875 0.84375 0.3896484375 0.840820312264151 0.392578125 0.8364257811320754 0.39453125 0.8305664066037736
1 0.345703125 0.4116210933962264 0.3349609375 0.39550781226415094 0.3056640625 0.3691406245283019 0.3017578125 0.37207031226415094 0.298828125 0.3764648433962264 0.30859375 0.4116210933962264 0.3115234375 0.41894531226415094 0.3291015625 0.43359375 0.3369140625 0.43359375 0.3408203125 0.43066406226415094 0.345703125 0.4233398433962264 0.345703125 0.4116210933962264
1 0.3583984375 0.45410156226415094 0.361328125 0.4497070311320755 0.361328125 0.4379882811320755 0.3564453125 0.43359375 0.3173828125 0.4277343745283019 0.31640625 0.4291992188679245 0.31640625 0.4350585933962264 0.3203125 0.4438476566037736 0.3232421875 0.44824218773584906 0.3310546875 0.45410156226415094 0.3369140625 0.45703125 0.3544921875 0.45703125 0.3583984375 0.45410156226415094
21 0.265625 0.6870117188679246 0.263671875 0.6811523433962264 0.2607421875 0.676757812264151 0.2548828125 0.670898437735849 0.2509765625 0.670898437735849 0.2431640625 0.676757812264151 0.236328125 0.6870117188679246 0.23828125 0.6987304688679246 0.2431640625 0.706054687735849 0.2490234375 0.711914062264151 0.2607421875 0.7089843754716981 0.26171875 0.7075195311320754 0.265625 0.6928710933962264 0.265625 0.6870117188679246
18 0.451171875 0.7456054688679246 0.451171875 0.7280273433962264 0.4462890625 0.7207031245283019 0.4404296875 0.71484375 0.4287109375 0.7089843754716981 0.4208984375 0.7089843754716981 0.4091796875 0.711914062264151 0.408203125 0.7133789066037736 0.408203125 0.7163085933962264 0.4248046875 0.7675781245283019 0.4287109375 0.770507812264151 0.4345703125 0.770507812264151 0.4443359375 0.764648437735849 0.447265625 0.7602539066037736 0.451171875 0.7456054688679246
9 0.3349609375 0.706054687735849 0.3291015625 0.706054687735849 0.3232421875 0.711914062264151 0.3203125 0.7163085933962264 0.3203125 0.7221679688679246 0.3232421875 0.7265625 0.3271484375 0.729492187735849 0.3349609375 0.7265625 0.33984375 0.7192382811320754 0.33984375 0.7133789066037736 0.3349609375 0.706054687735849
9 0.501953125 0.7075195311320754 0.501953125 0.7045898433962264 0.5 0.6987304688679246 0.4970703125 0.694335937735849 0.4912109375 0.688476562264151 0.4873046875 0.688476562264151 0.484375 0.6928710933962264 0.484375 0.6958007811320754 0.486328125 0.7075195311320754 0.48828125 0.7133789066037736 0.4931640625 0.717773437735849 0.4951171875 0.717773437735849 0.4990234375 0.71484375 0.501953125 0.7075195311320754
9 0.5224609375 0.6503906245283019 0.5166015625 0.6503906245283019 0.5078125 0.6635742188679246 0.5078125 0.6665039066037736 0.5107421875 0.6738281245283019 0.5185546875 0.6738281245283019 0.5224609375 0.670898437735849 0.525390625 0.6635742188679246 0.525390625 0.6547851566037736 0.5224609375 0.6503906245283019
9 0.7587890625 0.588867187735849 0.7529296875 0.588867187735849 0.744140625 0.6020507811320754 0.744140625 0.6108398433962264 0.7451171875 0.612304687735849 0.7548828125 0.612304687735849 0.7578125 0.6079101566037736 0.759765625 0.5991210933962264 0.759765625 0.5903320311320754 0.7587890625 0.588867187735849
9 0.7060546875 0.5214843754716981 0.6982421875 0.5214843754716981 0.69140625 0.5288085933962264 0.689453125 0.5346679688679246 0.689453125 0.5434570311320754 0.6904296875 0.5449218754716981 0.7001953125 0.5449218754716981 0.7041015625 0.541992187735849 0.708984375 0.5346679688679246 0.708984375 0.5258789066037736 0.7060546875 0.5214843754716981
9 0.5849609375 0.45410156226415094 0.580078125 0.4614257811320755 0.578125 0.4731445311320755 0.580078125 0.4790039066037736 0.5830078125 0.483398437735849 0.5849609375 0.483398437735849 0.59375 0.4702148433962264 0.59375 0.4614257811320755 0.5908203125 0.45410156226415094 0.5849609375 0.45410156226415094
9 0.501953125 0.5083007811320754 0.5009765625 0.506835937735849 0.4970703125 0.506835937735849 0.49609375 0.5083007811320754 0.490234375 0.5200195311320754 0.4921875 0.5434570311320754 0.5029296875 0.559570312264151 0.5107421875 0.559570312264151 0.513671875 0.5551757811320754 0.513671875 0.5405273433962264 0.51171875 0.5317382811320754 0.501953125 0.5083007811320754
9 0.6650390625 0.26953125 0.662109375 0.2739257811320755 0.66015625 0.2944335933962264 0.6630859375 0.30175781226415094 0.6669921875 0.30175781226415094 0.669921875 0.2973632811320755 0.673828125 0.2856445311320755 0.673828125 0.2739257811320755 0.6708984375 0.26953125 0.6650390625 0.26953125
9 0.685546875 0.3383789066037736 0.68359375 0.3295898433962264 0.6787109375 0.31933593773584906 0.6748046875 0.31933593773584906 0.6708984375 0.3222656245283019 0.669921875 0.3237304688679245 0.669921875 0.3413085933962264 0.671875 0.3500976566037736 0.6748046875 0.35449218773584906 0.6787109375 0.3574218754716981 0.6806640625 0.3574218754716981 0.685546875 0.3500976566037736 0.685546875 0.3383789066037736
9 0.4990234375 0.36621093773584906 0.4951171875 0.36621093773584906 0.490234375 0.3735351566037736 0.490234375 0.3793945311320755 0.4921875 0.3852539066037736 0.4931640625 0.38671875 0.5048828125 0.38964843773584906 0.509765625 0.3823242188679245 0.509765625 0.3793945311320755 0.4990234375 0.36621093773584906
9 0.482421875 0.3354492188679245 0.4677734375 0.31347656226415094 0.4560546875 0.31347656226415094 0.44921875 0.3237304688679245 0.44921875 0.3325195311320755 0.451171875 0.3383789066037736 0.4560546875 0.3457031245283019 0.4697265625 0.3574218754716981 0.4794921875 0.3574218754716981 0.482421875 0.3530273433962264 0.482421875 0.3354492188679245
14 0.3876953125 0.41308593773584906 0.3837890625 0.41015625 0.3662109375 0.40136718773584906 0.3603515625 0.40136718773584906 0.359375 0.4028320311320755 0.361328125 0.4086914066037736 0.3681640625 0.41894531226415094 0.3798828125 0.4277343745283019 0.3876953125 0.4277343745283019 0.392578125 0.4233398433962264 0.392578125 0.4204101566037736 0.3876953125 0.41308593773584906
14 0.4443359375 0.4511718745283019 0.4404296875 0.4511718745283019 0.4375 0.4555664066037736 0.4599609375 0.4863281245283018 0.4619140625 0.4863281245283018 0.462890625 0.48486328113207544 0.462890625 0.4731445311320755 0.4609375 0.4672851566037736 0.4541015625 0.45703125 0.4443359375 0.4511718745283019
14 0.4638671875 0.44824218773584906 0.4599609375 0.44824218773584906 0.458984375 0.4497070311320755 0.462890625 0.4702148433962264 0.4638671875 0.47167968773584906 0.4677734375 0.47167968773584906 0.46875 0.4702148433962264 0.46875 0.4614257811320755 0.46484375 0.4497070311320755 0.4638671875 0.44824218773584906
14 0.6162109375 0.16992187547169813 0.609375 0.18017578113207547 0.609375 0.1860351566037736 0.6123046875 0.19042968773584906 0.6220703125 0.19042968773584906 0.626953125 0.18310546886792453 0.626953125 0.17138671886792453 0.6220703125 0.16699218773584906 0.6162109375 0.16992187547169813
14 0.6064453125 0.29003906226415094 0.5947265625 0.29296875 0.5908203125 0.29589843773584906 0.58984375 0.2973632811320755 0.58984375 0.3090820311320755 0.5908203125 0.3105468754716981 0.6103515625 0.3046875 0.61328125 0.3002929688679245 0.61328125 0.2944335933962264 0.6103515625 0.29003906226415094 0.6064453125 0.29003906226415094
9 0.6982421875 0.42480468773584906 0.6923828125 0.42480468773584906 0.689453125 0.4291992188679245 0.6875 0.4350585933962264 0.6875 0.4438476566037736 0.6904296875 0.44824218773584906 0.6962890625 0.44824218773584906 0.69921875 0.4438476566037736 0.701171875 0.4379882811320755 0.701171875 0.4291992188679245 0.6982421875 0.42480468773584906
14 0.59765625 0.7749023433962264 0.5927734375 0.7675781245283019 0.5712890625 0.7558593754716981 0.5673828125 0.7558593754716981 0.564453125 0.7602539066037736 0.564453125 0.7690429688679246 0.56640625 0.7749023433962264 0.5732421875 0.78515625 0.5771484375 0.788085937735849 0.5908203125 0.788085937735849 0.59765625 0.7778320311320754 0.59765625 0.7749023433962264
9 0.3251953125 0.80859375 0.3212890625 0.80859375 0.318359375 0.8129882811320754 0.31640625 0.8217773433962264 0.31640625 0.8393554688679246 0.3193359375 0.84375 0.3251953125 0.84375 0.330078125 0.8393554688679246 0.330078125 0.8247070311320754 0.328125 0.8159179688679246 0.3251953125 0.80859375