6 0.404296875 0.1274414066037736 0.39453125 0.15673828113207547 0.39453125 0.1655273433962264 0.3955078125 0.16699218773584906 0.404296875 0.15673828113207547 0.41015625 0.13623046886792453 0.408203125 0.1303710933962264 0.4052734375 0.12597656226415094 0.404296875 0.1274414066037736
6 0.4453125 0.15673828113207547 0.453125 0.10693359339622642 0.4521484375 0.10546875 0.4345703125 0.11132812452830189 0.4208984375 0.12597656226415094 0.35546875 0.2094726566037736 0.353515625 0.21533203113207547 0.353515625 0.21826171886792453 0.3681640625 0.23144531226415094 0.3837890625 0.23144531226415094 0.4150390625 0.22265625 0.4375 0.1772460933962264 0.44140625 0.16845703113207547 0.4453125 0.15673828113207547
6 0.5615234375 0.11132812452830189 0.5556640625 0.10546875 0.5439453125 0.10546875 0.5263671875 0.11425781226415094 0.5185546875 0.12011718773584906 0.5068359375 0.13183593773584906 0.490234375 0.15673828113207547 0.484375 0.18017578113207547 0.48046875 0.1977539066037736 0.48046875 0.2094726566037736 0.490234375 0.2475585933962264 0.4931640625 0.2519531245283019 0.4990234375 0.2519531245283019 0.578125 0.1538085933962264 0.564453125 0.11572265660377358 0.5615234375 0.11132812452830189
6 0.388671875 0.4028320311320755 0.359375 0.3295898433962264 0.3525390625 0.3222656245283019 0.26171875 0.3881835933962264 0.2578125 0.4116210933962264 0.2578125 0.4174804688679245 0.2607421875 0.42480468773584906 0.2685546875 0.43066406226415094 0.2861328125 0.4394531245283019 0.3291015625 0.4453125 0.3349609375 0.4453125 0.388671875 0.4028320311320755
6 0.490234375 0.3852539066037736 0.46875 0.2973632811320755 0.4658203125 0.29296875 0.4560546875 0.2871093754716981 0.4169921875 0.27246093773584906 0.416015625 0.2739257811320755 0.416015625 0.2885742188679245 0.439453125 0.3676757811320755 0.4736328125 0.40136718773584906 0.4794921875 0.40136718773584906 0.4873046875 0.3984375 0.490234375 0.3940429688679245 0.490234375 0.3852539066037736
6 0.6494140625 0.19628906226415094 0.6005859375 0.21386718773584906 0.587890625 0.22705078113207547 0.5859375 0.23876953113207547 0.6171875 0.3208007811320755 0.6201171875 0.32519531226415094 0.7080078125 0.28417968773584906 0.7109375 0.2797851566037736 0.712890625 0.2709960933962264 0.6904296875 0.23730468773584906 0.6494140625 0.19628906226415094
6 0.79296875 0.3823242188679245 0.78515625 0.3559570311320755 0.7607421875 0.32519531226415094 0.7548828125 0.31933593773584906 0.7490234375 0.31933593773584906 0.7431640625 0.3222656245283019 0.73828125 0.3295898433962264 0.73046875 0.3442382811320755 0.71875 0.3793945311320755 0.71875 0.3881835933962264 0.72265625 0.4028320311320755 0.7802734375 0.4746093745283019 0.7841796875 0.4746093745283019 0.791015625 0.4643554688679245 0.79296875 0.4555664066037736 0.79296875 0.3823242188679245
6 0.68359375 0.4526367188679245 0.6640625 0.3588867188679245 0.6630859375 0.3574218754716981 0.662109375 0.3588867188679245 0.603515625 0.4790039066037736 0.603515625 0.5170898433962264 0.60546875 0.5258789066037736 0.6162109375 0.5390625 0.6474609375 0.524414062264151 0.6650390625 0.512695312264151 0.68359375 0.4643554688679245 0.68359375 0.4526367188679245
6 0.580078125 0.4116210933962264 0.5859375 0.3588867188679245 0.5859375 0.3530273433962264 0.58203125 0.3413085933962264 0.5732421875 0.32519531226415094 0.5693359375 0.32519531226415094 0.568359375 0.3266601566037736 0.517578125 0.4233398433962264 0.51171875 0.4526367188679245 0.51171875 0.4584960933962264 0.5146484375 0.46582031226415094 0.5322265625 0.47167968773584906 0.5380859375 0.46875 0.5439453125 0.4628906245283019 0.5556640625 0.44824218773584906 0.580078125 0.4116210933962264
6 0.4755859375 0.57421875 0.4814453125 0.57421875 0.5439453125 0.553710937735849 0.5546875 0.5434570311320754 0.5546875 0.5405273433962264 0.5537109375 0.5390625 0.4423828125 0.4628906245283019 0.4189453125 0.45996093773584906 0.416015625 0.4643554688679245 0.412109375 0.4790039066037736 0.4140625 0.4907226566037736 0.416015625 0.49658203113207544 0.423828125 0.5141601566037736 0.435546875 0.5346679688679246 0.4482421875 0.553710937735849 0.4599609375 0.565429687735849 0.4755859375 0.57421875
6 0.421875 0.5874023433962264 0.4072265625 0.5683593754716981 0.4033203125 0.565429687735849 0.3916015625 0.559570312264151 0.3642578125 0.5566406245283019 0.3310546875 0.5566406245283019 0.3154296875 0.5683593754716981 0.2880859375 0.59765625 0.283203125 0.6049804688679246 0.27734375 0.6166992188679246 0.2783203125 0.618164062264151 0.3115234375 0.6328125 0.3857421875 0.653320312264151 0.3896484375 0.653320312264151 0.4296875 0.6049804688679246 0.427734375 0.5991210933962264 0.421875 0.5874023433962264
6 0.4765625 0.7368164066037736 0.478515625 0.6870117188679246 0.4775390625 0.6855468754716981 0.4482421875 0.676757812264151 0.4443359375 0.676757812264151 0.3876953125 0.7089843754716981 0.384765625 0.7133789066037736 0.380859375 0.7221679688679246 0.380859375 0.7250976566037736 0.3828125 0.7309570311320754 0.4033203125 0.758789062264151 0.4091796875 0.76171875 0.4228515625 0.76171875 0.4755859375 0.73828125 0.4765625 0.7368164066037736
6 0.6181640625 0.66796875 0.5751953125 0.659179687735849 0.5048828125 0.682617187735849 0.50390625 0.6840820311320754 0.50390625 0.6928710933962264 0.5419921875 0.73828125 0.6337890625 0.7207031245283019 0.634765625 0.7192382811320754 0.634765625 0.7163085933962264 0.623046875 0.6723632811320754 0.6181640625 0.66796875
1 0.3388671875 0.69140625 0.3349609375 0.69140625 0.3291015625 0.694335937735849 0.3212890625 0.703125 0.314453125 0.7133789066037736 0.310546875 0.7221679688679246 0.310546875 0.7368164066037736 0.3134765625 0.741210937735849 0.3291015625 0.7558593754716981 0.330078125 0.7543945311320754 0.341796875 0.7075195311320754 0.341796875 0.6958007811320754 0.3388671875 0.69140625
3 0.76171875 0.5961914066037736 0.767578125 0.5727539066037736 0.767578125 0.5639648433962264 0.765625 0.5493164066037736 0.763671875 0.5434570311320754 0.7626953125 0.541992187735849 0.7373046875 0.536132812264151 0.7177734375 0.536132812264151 0.705078125 0.5522460933962264 0.703125 0.5581054688679246 0.703125 0.5610351566037736 0.71875 0.6079101566037736 0.732421875 0.6372070311320754 0.7392578125 0.64453125 0.7412109375 0.64453125 0.744140625 0.6401367188679246 0.76171875 0.5961914066037736
18 0.755859375 0.7368164066037736 0.755859375 0.7250976566037736 0.75390625 0.7192382811320754 0.7470703125 0.7089843754716981 0.7333984375 0.69140625 0.7255859375 0.6855468754716981 0.7177734375 0.6855468754716981 0.7138671875 0.688476562264151 0.712890625 0.6899414066037736 0.712890625 0.7016601566037736 0.716796875 0.7104492188679246 0.7255859375 0.723632812264151 0.7373046875 0.73828125 0.7412109375 0.741210937735849 0.7509765625 0.7441406245283019 0.755859375 0.7368164066037736
18 0.697265625 0.6547851566037736 0.701171875 0.6342773433962264 0.6982421875 0.629882812264151 0.6630859375 0.62109375 0.6591796875 0.62109375 0.65625 0.6254882811320754 0.654296875 0.6313476566037736 0.654296875 0.6401367188679246 0.658203125 0.6518554688679246 0.6611328125 0.65625 0.6728515625 0.665039062264151 0.6865234375 0.665039062264151 0.6943359375 0.659179687735849 0.697265625 0.6547851566037736
5 0.6298828125 0.618164062264151 0.6328125 0.6137695311320754 0.6328125 0.6049804688679246 0.6298828125 0.600585937735849 0.5751953125 0.571289062264151 0.5517578125 0.588867187735849 0.55078125 0.5903320311320754 0.55078125 0.5991210933962264 0.5537109375 0.606445312264151 0.5791015625 0.624023437735849 0.5849609375 0.6269531245283019 0.6025390625 0.6269531245283019 0.6201171875 0.624023437735849 0.6298828125 0.618164062264151