9 0.744140625 0.5434570311320754 0.7412109375 0.5390625 0.7353515625 0.5332031245283019 0.7275390625 0.5332031245283019 0.7197265625 0.5390625 0.708984375 0.5551757811320754 0.708984375 0.5639648433962264 0.7138671875 0.571289062264151 0.7177734375 0.57421875 0.7333984375 0.5683593754716981 0.7373046875 0.565429687735849 0.744140625 0.5551757811320754 0.744140625 0.5434570311320754
9 0.6953125 0.6635742188679246 0.693359375 0.6577148433962264 0.6904296875 0.653320312264151 0.6845703125 0.653320312264151 0.681640625 0.6577148433962264 0.6796875 0.6635742188679246 0.6796875 0.6665039066037736 0.68359375 0.6840820311320754 0.6845703125 0.6855468754716981 0.6904296875 0.6855468754716981 0.693359375 0.6811523433962264 0.6953125 0.6694335933962264 0.6953125 0.6635742188679246
9 0.693359375 0.5698242188679246 0.69140625 0.5639648433962264 0.6884765625 0.559570312264151 0.6845703125 0.559570312264151 0.6796875 0.5668945311320754 0.6796875 0.5932617188679246 0.6845703125 0.59765625 0.6865234375 0.59765625 0.689453125 0.5932617188679246 0.69140625 0.5874023433962264 0.693359375 0.5756835933962264 0.693359375 0.5698242188679246
9 0.7041015625 0.4746093745283019 0.6982421875 0.4746093745283019 0.6953125 0.4790039066037736 0.693359375 0.48486328113207544 0.693359375 0.49951171886792456 0.6962890625 0.50390625 0.7001953125 0.506835937735849 0.7021484375 0.506835937735849 0.70703125 0.5024414066037736 0.70703125 0.4819335933962264 0.7041015625 0.4746093745283019
9 0.6943359375 0.31347656226415094 0.6865234375 0.3046875 0.6826171875 0.3046875 0.6796875 0.3090820311320755 0.6796875 0.3178710933962264 0.68359375 0.3295898433962264 0.6884765625 0.3339843754716981 0.6943359375 0.3339843754716981 0.697265625 0.3295898433962264 0.69921875 0.3237304688679245 0.6943359375 0.31347656226415094
9 0.650390625 0.3530273433962264 0.6494140625 0.3515625 0.6416015625 0.3457031245283019 0.640625 0.3471679688679245 0.6328125 0.3618164066037736 0.6328125 0.3706054688679245 0.6376953125 0.37792968773584906 0.6396484375 0.37792968773584906 0.6435546875 0.375 0.646484375 0.3706054688679245 0.650390625 0.3559570311320755 0.650390625 0.3530273433962264
9 0.634765625 0.4204101566037736 0.6298828125 0.41308593773584906 0.6240234375 0.41308593773584906 0.62109375 0.4174804688679245 0.619140625 0.4233398433962264 0.619140625 0.4291992188679245 0.62109375 0.4409179688679245 0.6259765625 0.44824218773584906 0.6298828125 0.4453125 0.6328125 0.4379882811320755 0.634765625 0.4291992188679245 0.634765625 0.4204101566037736
9 0.62109375 0.48779296886792456 0.6181640625 0.48046875 0.6142578125 0.47753906226415094 0.6123046875 0.47753906226415094 0.607421875 0.48486328113207544 0.607421875 0.49658203113207544 0.609375 0.5024414066037736 0.6142578125 0.5097656245283019 0.6181640625 0.5097656245283019 0.623046875 0.5053710933962264 0.623046875 0.49951171886792456 0.62109375 0.48779296886792456
9 0.6259765625 0.59765625 0.6220703125 0.59765625 0.6123046875 0.606445312264151 0.607421875 0.6137695311320754 0.607421875 0.6166992188679246 0.6123046875 0.624023437735849 0.6220703125 0.624023437735849 0.625 0.6196289066037736 0.62890625 0.6108398433962264 0.62890625 0.6020507811320754 0.6259765625 0.59765625
9 0.6103515625 0.641601562264151 0.6025390625 0.641601562264151 0.599609375 0.6459960933962264 0.599609375 0.6547851566037736 0.6103515625 0.670898437735849 0.6142578125 0.670898437735849 0.619140625 0.6635742188679246 0.619140625 0.6606445311320754 0.61328125 0.6459960933962264 0.6103515625 0.641601562264151
9 0.5146484375 0.46875 0.5107421875 0.47167968773584906 0.509765625 0.4731445311320755 0.509765625 0.48486328113207544 0.5126953125 0.489257812264151 0.5205078125 0.489257812264151 0.529296875 0.4819335933962264 0.529296875 0.4731445311320755 0.5263671875 0.46875 0.5146484375 0.46875
9 0.6259765625 0.20214843773584906 0.6171875 0.2094726566037736 0.615234375 0.21533203113207547 0.615234375 0.2211914066037736 0.6181640625 0.22558593773584906 0.6240234375 0.22558593773584906 0.634765625 0.2124023433962264 0.634765625 0.20654296886792453 0.6298828125 0.20214843773584906 0.6259765625 0.20214843773584906
9 0.4716796875 0.16699218773584906 0.4638671875 0.16699218773584906 0.4609375 0.17138671886792453 0.4609375 0.18017578113207547 0.4658203125 0.1875 0.4716796875 0.19335937547169813 0.4775390625 0.19335937547169813 0.48046875 0.1889648433962264 0.48046875 0.1772460933962264 0.4716796875 0.16699218773584906
9 0.474609375 0.3793945311320755 0.4697265625 0.37207031226415094 0.4560546875 0.37207031226415094 0.453125 0.3764648433962264 0.453125 0.3823242188679245 0.4560546875 0.38671875 0.4599609375 0.38964843773584906 0.4658203125 0.3925781245283019 0.4697265625 0.3925781245283019 0.474609375 0.3852539066037736 0.474609375 0.3793945311320755
9 0.5751953125 0.41308593773584906 0.5634765625 0.41308593773584906 0.5595703125 0.4160156245283019 0.556640625 0.4204101566037736 0.556640625 0.4233398433962264 0.560546875 0.4321289066037736 0.5634765625 0.43652343773584906 0.5673828125 0.43652343773584906 0.578125 0.4204101566037736 0.578125 0.4174804688679245 0.5751953125 0.41308593773584906
9 0.3125 0.4467773433962264 0.3125 0.4438476566037736 0.3095703125 0.43652343773584906 0.2998046875 0.43066406226415094 0.2939453125 0.43066406226415094 0.291015625 0.4350585933962264 0.291015625 0.4438476566037736 0.2919921875 0.4453125 0.2998046875 0.45410156226415094 0.3037109375 0.45703125 0.3056640625 0.45703125 0.310546875 0.4526367188679245 0.3125 0.4467773433962264
9 0.2939453125 0.500976562264151 0.2861328125 0.500976562264151 0.28515625 0.5024414066037736 0.28515625 0.5229492188679246 0.2900390625 0.530273437735849 0.2919921875 0.530273437735849 0.294921875 0.5258789066037736 0.296875 0.5170898433962264 0.296875 0.5053710933962264 0.2939453125 0.500976562264151
9 0.35546875 0.5200195311320754 0.35546875 0.5112304688679246 0.3525390625 0.506835937735849 0.3486328125 0.50390625 0.3466796875 0.50390625 0.341796875 0.5083007811320754 0.33984375 0.5141601566037736 0.33984375 0.5258789066037736 0.341796875 0.5346679688679246 0.3447265625 0.5390625 0.3486328125 0.5390625 0.3515625 0.5346679688679246 0.353515625 0.5288085933962264 0.35546875 0.5200195311320754
9 0.384765625 0.5727539066037736 0.3818359375 0.5683593754716981 0.3779296875 0.565429687735849 0.3720703125 0.565429687735849 0.369140625 0.5698242188679246 0.369140625 0.5815429688679246 0.37109375 0.5874023433962264 0.3779296875 0.59765625 0.3818359375 0.59765625 0.3828125 0.5961914066037736 0.384765625 0.5874023433962264 0.384765625 0.5727539066037736
9 0.3564453125 0.612304687735849 0.3544921875 0.612304687735849 0.3515625 0.6166992188679246 0.349609375 0.6225585933962264 0.349609375 0.6401367188679246 0.3544921875 0.647460937735849 0.3603515625 0.647460937735849 0.36328125 0.6430664066037736 0.36328125 0.6284179688679246 0.359375 0.6166992188679246 0.3564453125 0.612304687735849
9 0.38671875 0.7690429688679246 0.390625 0.7602539066037736 0.390625 0.7543945311320754 0.388671875 0.7485351566037736 0.3857421875 0.7441406245283019 0.3818359375 0.741210937735849 0.3740234375 0.741210937735849 0.3701171875 0.7441406245283019 0.3671875 0.7485351566037736 0.3671875 0.7631835933962264 0.369140625 0.7690429688679246 0.3720703125 0.7734375 0.3779296875 0.776367187735849 0.3798828125 0.776367187735849 0.3837890625 0.7734375 0.38671875 0.7690429688679246
9 0.416015625 0.6577148433962264 0.4111328125 0.6503906245283019 0.4013671875 0.6503906245283019 0.3974609375 0.653320312264151 0.39453125 0.6577148433962264 0.392578125 0.6635742188679246 0.388671875 0.6870117188679246 0.388671875 0.6928710933962264 0.3935546875 0.700195312264151 0.3974609375 0.700195312264151 0.4013671875 0.6972656245283019 0.4140625 0.6782226566037736 0.416015625 0.6694335933962264 0.416015625 0.6577148433962264
9 0.466796875 0.6665039066037736 0.4599609375 0.65625 0.4541015625 0.65625 0.451171875 0.6606445311320754 0.451171875 0.6694335933962264 0.455078125 0.6782226566037736 0.4580078125 0.682617187735849 0.4638671875 0.682617187735849 0.46875 0.6752929688679246 0.46875 0.6723632811320754 0.466796875 0.6665039066037736
1 0.330078125 0.6254882811320754 0.3291015625 0.624023437735849 0.3212890625 0.6152343754716981 0.3173828125 0.612304687735849 0.3095703125 0.612304687735849 0.3017578125 0.618164062264151 0.296875 0.6254882811320754 0.29296875 0.6372070311320754 0.29296875 0.6606445311320754 0.2998046875 0.670898437735849 0.3095703125 0.670898437735849 0.3134765625 0.66796875 0.31640625 0.6635742188679246 0.330078125 0.6284179688679246 0.330078125 0.6254882811320754
1 0.3896484375 0.20507812452830187 0.3837890625 0.19921875 0.3740234375 0.19921875 0.3662109375 0.20507812452830187 0.361328125 0.2124023433962264 0.353515625 0.22705078113207547 0.3544921875 0.22851562452830187 0.3818359375 0.24023437452830187 0.3916015625 0.24023437452830187 0.396484375 0.2358398433962264 0.396484375 0.21826171886792453 0.392578125 0.2094726566037736 0.3896484375 0.20507812452830187
14 0.44140625 0.1625976566037736 0.4404296875 0.16113281226415094 0.4287109375 0.15820312452830187 0.42578125 0.1625976566037736 0.41796875 0.19189453113207547 0.41796875 0.1977539066037736 0.4208984375 0.20214843773584906 0.4248046875 0.20214843773584906 0.4326171875 0.19335937547169813 0.435546875 0.1889648433962264 0.44140625 0.17138671886792453 0.44140625 0.1625976566037736
14 0.4560546875 0.26660156226415094 0.4482421875 0.2636718754716981 0.44140625 0.2739257811320755 0.4375 0.2915039066037736 0.4375 0.2944335933962264 0.4384765625 0.29589843773584906 0.4423828125 0.29589843773584906 0.4560546875 0.29003906226415094 0.458984375 0.2827148433962264 0.458984375 0.2739257811320755 0.4560546875 0.26660156226415094
14 0.4033203125 0.36035156226415094 0.3955078125 0.36621093773584906 0.3876953125 0.375 0.384765625 0.3793945311320755 0.384765625 0.3852539066037736 0.3876953125 0.38964843773584906 0.4111328125 0.3808593754716981 0.412109375 0.3793945311320755 0.41015625 0.3676757811320755 0.4052734375 0.36035156226415094 0.4033203125 0.36035156226415094
14 0.4130859375 0.47167968773584906 0.412109375 0.4731445311320755 0.41015625 0.5083007811320754 0.4130859375 0.512695312264151 0.4169921875 0.512695312264151 0.427734375 0.49951171886792456 0.427734375 0.4936523433962264 0.42578125 0.4760742188679245 0.4228515625 0.47167968773584906 0.4130859375 0.47167968773584906
14 0.48828125 0.4584960933962264 0.486328125 0.4526367188679245 0.4814453125 0.44824218773584906 0.4736328125 0.44824218773584906 0.46484375 0.4614257811320755 0.462890625 0.4672851566037736 0.462890625 0.4702148433962264 0.46875 0.4819335933962264 0.4697265625 0.483398437735849 0.4716796875 0.483398437735849 0.4873046875 0.4628906245283019 0.48828125 0.4614257811320755 0.48828125 0.4584960933962264
14 0.5869140625 0.515625 0.5810546875 0.515625 0.578125 0.5200195311320754 0.568359375 0.5434570311320754 0.5732421875 0.55078125 0.5791015625 0.55078125 0.5888671875 0.5449218754716981 0.58984375 0.5434570311320754 0.591796875 0.5288085933962264 0.591796875 0.5229492188679246 0.5869140625 0.515625
14 0.73828125 0.4028320311320755 0.7275390625 0.38964843773584906 0.7158203125 0.39550781226415094 0.712890625 0.3999023433962264 0.712890625 0.4028320311320755 0.71875 0.4174804688679245 0.7197265625 0.41894531226415094 0.7314453125 0.42480468773584906 0.7333984375 0.42480468773584906 0.73828125 0.4145507811320755 0.73828125 0.4028320311320755
18 0.322265625 0.3471679688679245 0.3203125 0.3325195311320755 0.3134765625 0.3222656245283019 0.3076171875 0.31933593773584906 0.2978515625 0.31933593773584906 0.2919921875 0.3222656245283019 0.28125 0.3383789066037736 0.279296875 0.3442382811320755 0.27734375 0.3530273433962264 0.27734375 0.3618164066037736 0.283203125 0.3793945311320755 0.2900390625 0.38964843773584906 0.2919921875 0.38964843773584906 0.3193359375 0.36621093773584906 0.322265625 0.3588867188679245 0.322265625 0.3471679688679245
11 0.5302734375 0.28417968773584906 0.5283203125 0.28417968773584906 0.5234375 0.2915039066037736 0.5234375 0.3002929688679245 0.525390625 0.3061523433962264 0.5283203125 0.3105468754716981 0.5322265625 0.3105468754716981 0.533203125 0.3090820311320755 0.533203125 0.2885742188679245 0.5302734375 0.28417968773584906