11 0.5009765625 0.23730468773584906 0.498046875 0.2416992188679245 0.498046875 0.2446289066037736 0.4990234375 0.24609375 0.5166015625 0.23730468773584906 0.517578125 0.2358398433962264 0.5146484375 0.23144531226415094 0.5068359375 0.23144531226415094 0.5009765625 0.23730468773584906
11 0.5673828125 0.27832031226415094 0.5654296875 0.27832031226415094 0.5595703125 0.28417968773584906 0.5546875 0.2915039066037736 0.5546875 0.2944335933962264 0.5556640625 0.29589843773584906 0.5576171875 0.29589843773584906 0.5615234375 0.29296875 0.568359375 0.2827148433962264 0.568359375 0.2797851566037736 0.5673828125 0.27832031226415094
11 0.4453125 0.4350585933962264 0.4443359375 0.43359375 0.4423828125 0.43359375 0.4375 0.4409179688679245 0.4375 0.4467773433962264 0.44140625 0.4555664066037736 0.4482421875 0.46582031226415094 0.4541015625 0.46582031226415094 0.455078125 0.4643554688679245 0.455078125 0.4614257811320755 0.4453125 0.4350585933962264
11 0.6865234375 0.4042968745283019 0.6845703125 0.4042968745283019 0.681640625 0.4086914066037736 0.673828125 0.4233398433962264 0.67578125 0.4379882811320755 0.6767578125 0.4394531245283019 0.6787109375 0.4394531245283019 0.68359375 0.4321289066037736 0.6875 0.4233398433962264 0.69140625 0.4116210933962264 0.6865234375 0.4042968745283019
11 0.5947265625 0.553710937735849 0.5849609375 0.5566406245283019 0.58203125 0.5610351566037736 0.5849609375 0.565429687735849 0.5927734375 0.565429687735849 0.5966796875 0.5625 0.599609375 0.5581054688679246 0.599609375 0.5551757811320754 0.5986328125 0.553710937735849 0.5947265625 0.553710937735849
11 0.3896484375 0.47167968773584906 0.3740234375 0.4746093745283019 0.373046875 0.4760742188679245 0.373046875 0.4790039066037736 0.3779296875 0.483398437735849 0.3837890625 0.483398437735849 0.3876953125 0.48046875 0.390625 0.4760742188679245 0.390625 0.4731445311320755 0.3896484375 0.47167968773584906
14 0.294921875 0.2827148433962264 0.294921875 0.2739257811320755 0.291015625 0.2592773433962264 0.2861328125 0.2519531245283019 0.2822265625 0.2490234377358491 0.2763671875 0.2490234377358491 0.275390625 0.2504882811320755 0.271484375 0.2592773433962264 0.271484375 0.2709960933962264 0.2734375 0.2797851566037736 0.27734375 0.2885742188679245 0.2802734375 0.29296875 0.2861328125 0.29296875 0.2919921875 0.29003906226415094 0.294921875 0.2827148433962264
14 0.4697265625 0.19335937547169813 0.4658203125 0.19042968773584906 0.4599609375 0.19042968773584906 0.458984375 0.19189453113207547 0.451171875 0.2094726566037736 0.451171875 0.2124023433962264 0.453125 0.21826171886792453 0.4560546875 0.22265625 0.4619140625 0.22265625 0.47265625 0.20654296886792453 0.47265625 0.2006835933962264 0.4697265625 0.19335937547169813
21 0.6796875 0.18310546886792453 0.6875 0.14501953113207547 0.6865234375 0.14355468773584906 0.6533203125 0.13476562452830187 0.6123046875 0.12890625 0.6083984375 0.12890625 0.607421875 0.1303710933962264 0.599609375 0.1538085933962264 0.599609375 0.15673828113207547 0.6376953125 0.2109375 0.6513671875 0.20800781226415094 0.6591796875 0.20507812452830187 0.6630859375 0.20214843773584906 0.6767578125 0.1875 0.6796875 0.18310546886792453
14 0.5146484375 0.3105468754716981 0.5087890625 0.30761718773584906 0.5048828125 0.30761718773584906 0.5009765625 0.3105468754716981 0.498046875 0.3149414066037736 0.498046875 0.3354492188679245 0.5029296875 0.34277343773584906 0.5087890625 0.34277343773584906 0.509765625 0.3413085933962264 0.515625 0.3178710933962264 0.515625 0.3120117188679245 0.5146484375 0.3105468754716981
3 0.408203125 0.5463867188679246 0.412109375 0.5375976566037736 0.412109375 0.5317382811320754 0.4111328125 0.530273437735849 0.3994140625 0.524414062264151 0.3740234375 0.5214843754716981 0.37109375 0.5258789066037736 0.37109375 0.5405273433962264 0.373046875 0.5463867188679246 0.3759765625 0.55078125 0.3798828125 0.553710937735849 0.3935546875 0.553710937735849 0.4052734375 0.55078125 0.408203125 0.5463867188679246
6 0.578125 0.6752929688679246 0.57421875 0.6577148433962264 0.568359375 0.6401367188679246 0.564453125 0.6313476566037736 0.5556640625 0.618164062264151 0.5224609375 0.5800781245283019 0.5166015625 0.577148437735849 0.4951171875 0.583007812264151 0.4638671875 0.594726562264151 0.4267578125 0.618164062264151 0.42578125 0.6196289066037736 0.42578125 0.6254882811320754 0.4345703125 0.6386718754716981 0.5166015625 0.7207031245283019 0.5732421875 0.6972656245283019 0.576171875 0.6899414066037736 0.578125 0.6811523433962264 0.578125 0.6752929688679246
14 0.537109375 0.49951171886792456 0.537109375 0.4907226566037736 0.5341796875 0.4863281245283018 0.5302734375 0.4863281245283018 0.5224609375 0.489257812264151 0.517578125 0.49658203113207544 0.515625 0.5024414066037736 0.515625 0.5053710933962264 0.517578125 0.5112304688679246 0.5205078125 0.515625 0.5263671875 0.515625 0.5322265625 0.5097656245283019 0.53515625 0.5053710933962264 0.537109375 0.49951171886792456
9 0.7373046875 0.6269531245283019 0.7314453125 0.624023437735849 0.728515625 0.6284179688679246 0.7265625 0.6342773433962264 0.7265625 0.6606445311320754 0.7294921875 0.665039062264151 0.7353515625 0.665039062264151 0.73828125 0.6606445311320754 0.7421875 0.6430664066037736 0.7421875 0.6342773433962264 0.7373046875 0.6269531245283019
1 0.794921875 0.4028320311320755 0.7900390625 0.39550781226415094 0.7666015625 0.37207031226415094 0.76171875 0.3793945311320755 0.759765625 0.3852539066037736 0.759765625 0.3999023433962264 0.76171875 0.4057617188679245 0.7685546875 0.4160156245283019 0.7744140625 0.41894531226415094 0.7900390625 0.41894531226415094 0.794921875 0.4116210933962264 0.794921875 0.4028320311320755