6 0.423828125 0.2944335933962264 0.423828125 0.2709960933962264 0.41796875 0.2504882811320755 0.4169921875 0.2490234377358491 0.4150390625 0.2490234377358491 0.3916015625 0.2636718754716981 0.3759765625 0.2753906245283019 0.3447265625 0.30175781226415094 0.3388671875 0.30761718773584906 0.3271484375 0.3222656245283019 0.31640625 0.3383789066037736 0.3046875 0.3852539066037736 0.3046875 0.3911132811320755 0.30859375 0.4028320311320755 0.3134765625 0.41015625 0.3251953125 0.41015625 0.3603515625 0.4042968745283019 0.39453125 0.3559570311320755 0.423828125 0.2944335933962264
6 0.6376953125 0.13476562452830187 0.634765625 0.1391601566037736 0.6357421875 0.140625 0.6533203125 0.14941406226415094 0.654296875 0.14794921886792453 0.65625 0.13330078113207547 0.6533203125 0.12890625 0.6435546875 0.12890625 0.6376953125 0.13476562452830187
6 0.6337890625 0.19335937547169813 0.6416015625 0.1875 0.65234375 0.17138671886792453 0.65234375 0.16845703113207547 0.6513671875 0.16699218773584906 0.5830078125 0.09082031226415094 0.5732421875 0.08496093773584906 0.5654296875 0.08496093773584906 0.560546875 0.09228515660377358 0.55859375 0.09814453113207547 0.55859375 0.11279296886792453 0.560546875 0.12451171886792455 0.564453125 0.13623046886792453 0.568359375 0.14501953113207547 0.5947265625 0.18457031226415094 0.6279296875 0.19335937547169813 0.6337890625 0.19335937547169813
6 0.697265625 0.6313476566037736 0.69921875 0.5551757811320754 0.693359375 0.5083007811320754 0.6875 0.48779296886792456 0.68359375 0.4760742188679245 0.6806640625 0.47167968773584906 0.6708984375 0.4628906245283019 0.6630859375 0.4628906245283019 0.650390625 0.4819335933962264 0.626953125 0.6049804688679246 0.625 0.6166992188679246 0.591987664375 0.6888256726415094 0.63951682625 0.6992381556603774 0.653935805 0.7000391386792453 0.6688888849999999 0.6864227971698114 0.6785015381249999 0.677612279245283 0.689453125 0.6606445311320754 0.697265625 0.6313476566037736
6 0.4091796875 0.46875 0.4052734375 0.46582031226415094 0.3623046875 0.45410156226415094 0.3349609375 0.483398437735849 0.3115234375 0.515625 0.310546875 0.5170898433962264 0.3115234375 0.518554687735849 0.3173828125 0.5214843754716981 0.3662109375 0.541992187735849 0.4150390625 0.495117187735849 0.419921875 0.48779296886792456 0.419921875 0.48486328113207544 0.4091796875 0.46875
6 0.423828125 0.6225585933962264 0.423828125 0.5991210933962264 0.4228515625 0.59765625 0.3447265625 0.6035156245283019 0.33984375 0.6079101566037736 0.330078125 0.6284179688679246 0.330078125 0.6313476566037736 0.3466796875 0.6738281245283019 0.3486328125 0.6738281245283019 0.4052734375 0.6503906245283019 0.4091796875 0.647460937735849 0.419921875 0.6313476566037736 0.423828125 0.6225585933962264
6 0.4873046875 0.42480468773584906 0.4814453125 0.42480468773584906 0.4677734375 0.43066406226415094 0.4453125 0.4614257811320755 0.435546875 0.49951171886792456 0.43359375 0.5141601566037736 0.435546875 0.5405273433962264 0.4404296875 0.547851562264151 0.4619140625 0.5449218754716981 0.462890625 0.5434570311320754 0.490234375 0.4438476566037736 0.490234375 0.4291992188679245 0.4873046875 0.42480468773584906
6 0.5673828125 0.618164062264151 0.5009765625 0.594726562264151 0.4775390625 0.594726562264151 0.4765625 0.5961914066037736 0.48046875 0.6313476566037736 0.4892578125 0.64453125 0.5087890625 0.6621093754716981 0.5361328125 0.665039062264151 0.5537109375 0.659179687735849 0.568359375 0.6196289066037736 0.5673828125 0.618164062264151
6 0.5625 0.49658203113207544 0.603515625 0.3413085933962264 0.60546875 0.3208007811320755 0.6044921875 0.31933593773584906 0.5771484375 0.31933593773584906 0.5615234375 0.32519531226415094 0.5400390625 0.3515625 0.53515625 0.3588867188679245 0.52734375 0.4174804688679245 0.52734375 0.4584960933962264 0.53125 0.4702148433962264 0.537109375 0.4819335933962264 0.5458984375 0.495117187735849 0.5556640625 0.500976562264151 0.5615234375 0.4980468754716982 0.5625 0.49658203113207544
14 0.7568359375 0.577148437735849 0.7451171875 0.577148437735849 0.744140625 0.5786132811320754 0.744140625 0.6166992188679246 0.7490234375 0.624023437735849 0.7548828125 0.624023437735849 0.7587890625 0.62109375 0.76171875 0.6166992188679246 0.76171875 0.5844726566037736 0.7568359375 0.577148437735849
14 0.7216796875 0.19042968773584906 0.7138671875 0.19042968773584906 0.708984375 0.2006835933962264 0.705078125 0.2124023433962264 0.705078125 0.2241210933962264 0.70703125 0.22998046886792453 0.7119140625 0.23730468773584906 0.7177734375 0.23730468773584906 0.71875 0.2358398433962264 0.724609375 0.1977539066037736 0.7216796875 0.19042968773584906
21 0.5439453125 0.22265625 0.5107421875 0.19921875 0.4990234375 0.19335937547169813 0.4599609375 0.19335937547169813 0.458984375 0.19482421886792453 0.4453125 0.22705078113207547 0.4453125 0.2915039066037736 0.4501953125 0.2988281245283019 0.4775390625 0.32519531226415094 0.5576171875 0.26074218773584906 0.560546875 0.2563476566037736 0.560546875 0.2534179688679245 0.5439453125 0.22265625
2 0.7666015625 0.524414062264151 0.7841796875 0.515625 0.7978515625 0.50390625 0.8046875 0.4936523433962264 0.806640625 0.48779296886792456 0.8125 0.4526367188679245 0.8125 0.4291992188679245 0.7431640625 0.3222656245283019 0.6611328125 0.22851562452830187 0.6591796875 0.22851562452830187 0.6552734375 0.23144531226415094 0.650390625 0.23876953113207547 0.650390625 0.2622070311320755 0.712890625 0.4936523433962264 0.71875 0.5112304688679246 0.7255859375 0.5214843754716981 0.7373046875 0.530273437735849 0.7509765625 0.530273437735849 0.7666015625 0.524414062264151