3 0.33984375 0.4204101566037736 0.33984375 0.4145507811320755 0.30859375 0.3237304688679245 0.3076171875 0.3222656245283019 0.3056640625 0.3222656245283019 0.2314453125 0.41015625 0.212890625 0.4438476566037736 0.19921875 0.4819335933962264 0.193359375 0.49951171886792456 0.1953125 0.5083007811320754 0.1982421875 0.512695312264151 0.2666015625 0.571289062264151 0.2705078125 0.571289062264151 0.322265625 0.4672851566037736 0.33203125 0.4438476566037736 0.33984375 0.4204101566037736
3 0.439453125 0.6430664066037736 0.40234375 0.5405273433962264 0.3994140625 0.536132812264151 0.3720703125 0.5449218754716981 0.302734375 0.5991210933962264 0.30078125 0.6049804688679246 0.30078125 0.6108398433962264 0.326171875 0.7133789066037736 0.3291015625 0.717773437735849 0.3662109375 0.747070312264151 0.4013671875 0.747070312264151 0.439453125 0.6459960933962264 0.439453125 0.6430664066037736
20 0.3037109375 0.17578125 0.2880859375 0.19628906226415094 0.28515625 0.20361328113207547 0.283203125 0.2504882811320755 0.28515625 0.2622070311320755 0.3193359375 0.31347656226415094 0.3212890625 0.31347656226415094 0.322265625 0.3120117188679245 0.322265625 0.2124023433962264 0.3056640625 0.17578125 0.3037109375 0.17578125
20 0.4453125 0.4057617188679245 0.43359375 0.3735351566037736 0.4326171875 0.37207031226415094 0.4189453125 0.3691406245283019 0.41796875 0.3706054688679245 0.41015625 0.4174804688679245 0.412109375 0.4643554688679245 0.4130859375 0.46582031226415094 0.4326171875 0.45410156226415094 0.4443359375 0.4394531245283019 0.4453125 0.4379882811320755 0.447265625 0.4204101566037736 0.4453125 0.4057617188679245
20 0.28515625 0.7221679688679246 0.283203125 0.7133789066037736 0.2509765625 0.682617187735849 0.236328125 0.7045898433962264 0.236328125 0.7133789066037736 0.240234375 0.7280273433962264 0.2421875 0.7338867188679246 0.2548828125 0.7558593754716981 0.2783203125 0.776367187735849 0.279296875 0.7749023433962264 0.28515625 0.7221679688679246
20 0.7080078125 0.47753906226415094 0.6845703125 0.5097656245283019 0.68359375 0.5112304688679246 0.685546875 0.5317382811320754 0.6904296875 0.536132812264151 0.7001953125 0.536132812264151 0.740234375 0.5083007811320754 0.7197265625 0.4746093745283019 0.7119140625 0.4746093745283019 0.7080078125 0.47753906226415094
6 0.65625 0.7866210933962264 0.65234375 0.7573242188679246 0.642578125 0.7397460933962264 0.6259765625 0.71484375 0.6005859375 0.706054687735849 0.5810546875 0.7089843754716981 0.578125 0.7133789066037736 0.578125 0.7221679688679246 0.587890625 0.7543945311320754 0.6064453125 0.7792968754716981 0.6455078125 0.799804687735849 0.6513671875 0.796875 0.654296875 0.7924804688679246 0.65625 0.7866210933962264
6 0.54296875 0.3735351566037736 0.54296875 0.3647460933962264 0.5380859375 0.3574218754716981 0.5185546875 0.35449218773584906 0.509765625 0.3676757811320755 0.505859375 0.3764648433962264 0.501953125 0.3881835933962264 0.498046875 0.4086914066037736 0.494140625 0.4379882811320755 0.4921875 0.4584960933962264 0.4951171875 0.4628906245283019 0.5048828125 0.46875 0.5068359375 0.46875 0.5244140625 0.4511718745283019 0.52734375 0.4467773433962264 0.541015625 0.3852539066037736 0.54296875 0.3735351566037736
6 0.4462890625 0.13183593773584906 0.4365234375 0.13769531226415094 0.396484375 0.18017578113207547 0.392578125 0.2241210933962264 0.4013671875 0.23730468773584906 0.4052734375 0.23730468773584906 0.4287109375 0.22265625 0.4541015625 0.19628906226415094 0.46484375 0.1772460933962264 0.470703125 0.1625976566037736 0.4462890625 0.13183593773584906
6 0.48828125 0.3237304688679245 0.501953125 0.2915039066037736 0.50390625 0.2622070311320755 0.5009765625 0.2578125 0.4970703125 0.2578125 0.4814453125 0.2636718754716981 0.4521484375 0.27832031226415094 0.447265625 0.2856445311320755 0.443359375 0.2973632811320755 0.435546875 0.3266601566037736 0.4375 0.3325195311320755 0.4404296875 0.33691406226415094 0.4443359375 0.33984375 0.4521484375 0.33984375 0.4677734375 0.33691406226415094 0.4873046875 0.32519531226415094 0.48828125 0.3237304688679245
1 0.28515625 0.6284179688679246 0.287109375 0.6166992188679246 0.28515625 0.6079101566037736 0.2802734375 0.600585937735849 0.2744140625 0.594726562264151 0.2685546875 0.594726562264151 0.255859375 0.6049804688679246 0.24609375 0.6225585933962264 0.24609375 0.6313476566037736 0.2529296875 0.641601562264151 0.2587890625 0.64453125 0.2705078125 0.647460937735849 0.2763671875 0.64453125 0.283203125 0.6342773433962264 0.28515625 0.6284179688679246
1 0.501953125 0.7280273433962264 0.501953125 0.7163085933962264 0.5 0.7104492188679246 0.4931640625 0.700195312264151 0.4873046875 0.6972656245283019 0.4775390625 0.6972656245283019 0.462890625 0.7309570311320754 0.4609375 0.7397460933962264 0.4609375 0.7456054688679246 0.462890625 0.7573242188679246 0.4638671875 0.758789062264151 0.4853515625 0.7558593754716981 0.4951171875 0.747070312264151 0.5 0.7368164066037736 0.501953125 0.7280273433962264
1 0.572265625 0.22998046886792453 0.5693359375 0.22558593773584906 0.5615234375 0.22558593773584906 0.552734375 0.23876953113207547 0.552734375 0.2504882811320755 0.5595703125 0.26074218773584906 0.5634765625 0.2636718754716981 0.5673828125 0.2636718754716981 0.5712890625 0.26074218773584906 0.57421875 0.2563476566037736 0.572265625 0.22998046886792453
1 0.5390625 0.19482421886792453 0.5361328125 0.19042968773584906 0.5322265625 0.1875 0.5263671875 0.1875 0.5234375 0.19189453113207547 0.5234375 0.2094726566037736 0.525390625 0.21533203113207547 0.5302734375 0.22265625 0.5400390625 0.22265625 0.541015625 0.2211914066037736 0.541015625 0.2094726566037736 0.5390625 0.19482421886792453
9 0.365234375 0.5581054688679246 0.365234375 0.5551757811320754 0.3447265625 0.524414062264151 0.3330078125 0.5097656245283019 0.3310546875 0.5097656245283019 0.3115234375 0.524414062264151 0.306640625 0.5317382811320754 0.306640625 0.5346679688679246 0.310546875 0.5434570311320754 0.3291015625 0.571289062264151 0.3330078125 0.57421875 0.3505859375 0.57421875 0.3603515625 0.565429687735849 0.365234375 0.5581054688679246
9 0.6982421875 0.6328125 0.6943359375 0.6328125 0.6826171875 0.641601562264151 0.677734375 0.6489257811320754 0.673828125 0.6577148433962264 0.677734375 0.6694335933962264 0.6826171875 0.6738281245283019 0.6923828125 0.6738281245283019 0.703125 0.6518554688679246 0.703125 0.6430664066037736 0.701171875 0.6372070311320754 0.6982421875 0.6328125
9 0.64453125 0.6137695311320754 0.646484375 0.6049804688679246 0.646484375 0.5961914066037736 0.64453125 0.5844726566037736 0.642578125 0.5786132811320754 0.6376953125 0.571289062264151 0.6220703125 0.571289062264151 0.619140625 0.5756835933962264 0.603515625 0.6108398433962264 0.603515625 0.6166992188679246 0.615234375 0.6489257811320754 0.6201171875 0.653320312264151 0.6220703125 0.653320312264151 0.630859375 0.6401367188679246 0.640625 0.6225585933962264 0.64453125 0.6137695311320754
9 0.5009765625 0.536132812264151 0.4912109375 0.536132812264151 0.4873046875 0.5390625 0.484375 0.5434570311320754 0.482421875 0.5493164066037736 0.484375 0.5610351566037736 0.4951171875 0.5800781245283019 0.5029296875 0.5800781245283019 0.5078125 0.5756835933962264 0.5078125 0.5639648433962264 0.50390625 0.5434570311320754 0.5009765625 0.536132812264151
9 0.3994140625 0.3046875 0.3896484375 0.3046875 0.384765625 0.3090820311320755 0.376953125 0.3237304688679245 0.376953125 0.3413085933962264 0.3779296875 0.34277343773584906 0.3798828125 0.34277343773584906 0.41015625 0.3178710933962264 0.41015625 0.3149414066037736 0.4091796875 0.31347656226415094 0.3994140625 0.3046875
1 0.59375 0.13330078113207547 0.591796875 0.1274414066037736 0.5888671875 0.12304687547169811 0.5830078125 0.1171875 0.5771484375 0.11425781226415094 0.5693359375 0.11425781226415094 0.55859375 0.1303710933962264 0.5546875 0.1420898433962264 0.5673828125 0.16113281226415094 0.5751953125 0.16699218773584906 0.5810546875 0.16699218773584906 0.5849609375 0.1640625 0.591796875 0.1538085933962264 0.59375 0.14501953113207547 0.59375 0.13330078113207547
9 0.576171875 0.5141601566037736 0.5712890625 0.5097656245283019 0.5654296875 0.512695312264151 0.564453125 0.5141601566037736 0.5625 0.5200195311320754 0.5625 0.5258789066037736 0.564453125 0.5434570311320754 0.5693359375 0.55078125 0.5771484375 0.55078125 0.578125 0.5493164066037736 0.578125 0.5346679688679246 0.576171875 0.5141601566037736
18 0.4912109375 0.08789062452830189 0.4638671875 0.08789062452830189 0.458984375 0.09521484339622642 0.45703125 0.10107421886792453 0.45703125 0.10986328113207547 0.4619140625 0.1171875 0.4677734375 0.12011718773584906 0.4931640625 0.11425781226415094 0.49609375 0.10986328113207547 0.49609375 0.09521484339622642 0.4912109375 0.08789062452830189
14 0.4619140625 0.07910156226415094 0.4580078125 0.07910156226415094 0.44921875 0.09228515660377358 0.44921875 0.10107421886792453 0.4521484375 0.10839843773584906 0.4560546875 0.10839843773584906 0.458984375 0.10400390660377358 0.46484375 0.08642578113207547 0.46484375 0.08349609339622642 0.4619140625 0.07910156226415094
14 0.3505859375 0.140625 0.3388671875 0.14355468773584906 0.333984375 0.1508789066037736 0.330078125 0.15966796886792453 0.3330078125 0.1640625 0.3466796875 0.1640625 0.3603515625 0.15820312452830187 0.36328125 0.1538085933962264 0.36328125 0.1508789066037736 0.3603515625 0.14648437547169813 0.3505859375 0.140625
14 0.3466796875 0.3222656245283019 0.3447265625 0.3222656245283019 0.341796875 0.3266601566037736 0.341796875 0.3354492188679245 0.345703125 0.3500976566037736 0.3544921875 0.36035156226415094 0.359375 0.3530273433962264 0.359375 0.3442382811320755 0.3515625 0.3295898433962264 0.3466796875 0.3222656245283019
14 0.5537109375 0.28125 0.5498046875 0.28417968773584906 0.548828125 0.2856445311320755 0.5673828125 0.31347656226415094 0.5693359375 0.31347656226415094 0.5703125 0.3120117188679245 0.5703125 0.3032226566037736 0.564453125 0.2915039066037736 0.5576171875 0.28125 0.5537109375 0.28125
14 0.5859375 0.3208007811320755 0.5673828125 0.30175781226415094 0.564453125 0.3061523433962264 0.564453125 0.3090820311320755 0.5703125 0.3266601566037736 0.5732421875 0.33105468773584906 0.5771484375 0.3339843754716981 0.5791015625 0.3339843754716981 0.5859375 0.3237304688679245 0.5859375 0.3208007811320755
14 0.6669921875 0.22851562452830187 0.6494140625 0.21972656226415094 0.6484375 0.2211914066037736 0.63671875 0.2504882811320755 0.6376953125 0.2519531245283019 0.6591796875 0.2578125 0.6630859375 0.25488281226415094 0.66796875 0.2475585933962264 0.669921875 0.2416992188679245 0.66796875 0.22998046886792453 0.6669921875 0.22851562452830187
14 0.6201171875 0.4277343745283019 0.6162109375 0.42480468773584906 0.6025390625 0.42480468773584906 0.599609375 0.4291992188679245 0.60546875 0.4438476566037736 0.6083984375 0.44824218773584906 0.6103515625 0.44824218773584906 0.6220703125 0.44238281226415094 0.623046875 0.4409179688679245 0.623046875 0.4321289066037736 0.6201171875 0.4277343745283019
14 0.4560546875 0.518554687735849 0.453125 0.5229492188679246 0.451171875 0.5405273433962264 0.4599609375 0.553710937735849 0.4619140625 0.553710937735849 0.466796875 0.5463867188679246 0.470703125 0.5200195311320754 0.4697265625 0.518554687735849 0.4619140625 0.515625 0.4560546875 0.518554687735849
14 0.3212890625 0.770507812264151 0.3115234375 0.770507812264151 0.30859375 0.7749023433962264 0.306640625 0.7836914066037736 0.310546875 0.7983398433962264 0.3134765625 0.8027343745283019 0.3154296875 0.8027343745283019 0.31640625 0.8012695311320754 0.322265625 0.7749023433962264 0.322265625 0.7719726566037736 0.3212890625 0.770507812264151
14 0.5341796875 0.6269531245283019 0.5302734375 0.629882812264151 0.5234375 0.6401367188679246 0.521484375 0.6459960933962264 0.51953125 0.6547851566037736 0.51953125 0.6635742188679246 0.5244140625 0.670898437735849 0.5283203125 0.670898437735849 0.54296875 0.6401367188679246 0.54296875 0.6313476566037736 0.5400390625 0.6269531245283019 0.5341796875 0.6269531245283019
14 0.544921875 0.6079101566037736 0.54296875 0.6254882811320754 0.5478515625 0.629882812264151 0.5517578125 0.629882812264151 0.556640625 0.6196289066037736 0.560546875 0.6049804688679246 0.5595703125 0.6035156245283019 0.5478515625 0.6035156245283019 0.544921875 0.6079101566037736
14 0.5830078125 0.5097656245283019 0.5810546875 0.5097656245283019 0.578125 0.5141601566037736 0.576171875 0.5200195311320754 0.576171875 0.5258789066037736 0.5830078125 0.5390625 0.5908203125 0.541992187735849 0.591796875 0.5405273433962264 0.591796875 0.5258789066037736 0.58984375 0.5200195311320754 0.5830078125 0.5097656245283019