6 0.279296875 0.4731445311320755 0.28125 0.3999023433962264 0.28125 0.3969726566037736 0.2734375 0.3559570311320755 0.2705078125 0.3515625 0.2666015625 0.34863281226415094 0.2626953125 0.34863281226415094 0.2392578125 0.37792968773584906 0.236328125 0.3852539066037736 0.216796875 0.48779296886792456 0.216796875 0.49658203113207544 0.21875 0.5083007811320754 0.2236328125 0.515625 0.2333984375 0.518554687735849 0.2451171875 0.515625 0.2509765625 0.5097656245283019 0.279296875 0.4731445311320755
6 0.3984375 0.3676757811320755 0.39453125 0.3530273433962264 0.3740234375 0.3046875 0.3369140625 0.2753906245283019 0.3212890625 0.26660156226415094 0.306640625 0.2797851566037736 0.3046875 0.2885742188679245 0.3046875 0.2915039066037736 0.306640625 0.2973632811320755 0.34375 0.3647460933962264 0.3583984375 0.38378906226415094 0.3935546875 0.3808593754716981 0.3984375 0.3764648433962264 0.3984375 0.3676757811320755
6 0.4794921875 0.30175781226415094 0.48046875 0.3002929688679245 0.48046875 0.2915039066037736 0.458984375 0.2124023433962264 0.447265625 0.19189453113207547 0.4462890625 0.19042968773584906 0.4013671875 0.1640625 0.3916015625 0.16113281226415094 0.388671875 0.1655273433962264 0.388671875 0.1772460933962264 0.396484375 0.21826171886792453 0.404296875 0.2504882811320755 0.4140625 0.2739257811320755 0.4150390625 0.2753906245283019 0.4755859375 0.3046875 0.4794921875 0.30175781226415094
6 0.5595703125 0.1640625 0.5205078125 0.12597656226415094 0.5009765625 0.13183593773584906 0.4853515625 0.140625 0.4736328125 0.14941406226415094 0.462890625 0.1655273433962264 0.4609375 0.17138671886792453 0.4609375 0.1772460933962264 0.5068359375 0.23144531226415094 0.5673828125 0.21679687452830187 0.5703125 0.2094726566037736 0.568359375 0.18017578113207547 0.56640625 0.1743164066037736 0.5595703125 0.1640625
6 0.6982421875 0.4511718745283019 0.7255859375 0.4628906245283019 0.7294921875 0.4628906245283019 0.73046875 0.4614257811320755 0.73046875 0.4555664066037736 0.703125 0.3413085933962264 0.7021484375 0.33984375 0.6962890625 0.33984375 0.68359375 0.3530273433962264 0.677734375 0.3676757811320755 0.677734375 0.3881835933962264 0.6796875 0.4116210933962264 0.681640625 0.4233398433962264 0.68359375 0.4291992188679245 0.6875 0.4379882811320755 0.6943359375 0.44824218773584906 0.6982421875 0.4511718745283019
6 0.662109375 0.5258789066037736 0.662109375 0.5141601566037736 0.66015625 0.5053710933962264 0.6533203125 0.4863281245283018 0.6220703125 0.4511718745283019 0.6005859375 0.45996093773584906 0.59765625 0.4643554688679245 0.599609375 0.4760742188679245 0.609375 0.5024414066037736 0.6240234375 0.536132812264151 0.6474609375 0.541992187735849 0.6572265625 0.536132812264151 0.66015625 0.5317382811320754 0.662109375 0.5258789066037736
9 0.701171875 0.6665039066037736 0.68359375 0.6079101566037736 0.6826171875 0.606445312264151 0.6591796875 0.6035156245283019 0.6533203125 0.6035156245283019 0.650390625 0.6079101566037736 0.6484375 0.6137695311320754 0.6484375 0.6401367188679246 0.66796875 0.6840820311320754 0.6748046875 0.6972656245283019 0.6943359375 0.700195312264151 0.69921875 0.6928710933962264 0.701171875 0.6870117188679246 0.701171875 0.6665039066037736
6 0.552734375 0.6723632811320754 0.5546875 0.6313476566037736 0.533203125 0.5258789066037736 0.53125 0.5200195311320754 0.5283203125 0.515625 0.5107421875 0.4980468754716982 0.4990234375 0.4921875 0.4892578125 0.4980468754716982 0.48046875 0.5112304688679246 0.478515625 0.5170898433962264 0.4765625 0.5258789066037736 0.4765625 0.5522460933962264 0.490234375 0.6342773433962264 0.5205078125 0.688476562264151 0.5302734375 0.694335937735849 0.5361328125 0.694335937735849 0.5400390625 0.69140625 0.552734375 0.6723632811320754
6 0.47265625 0.4497070311320755 0.4609375 0.3588867188679245 0.4580078125 0.35449218773584906 0.4482421875 0.35449218773584906 0.4140625 0.4086914066037736 0.3984375 0.4643554688679245 0.3984375 0.4672851566037736 0.41796875 0.5083007811320754 0.4208984375 0.512695312264151 0.4365234375 0.512695312264151 0.470703125 0.4614257811320755 0.47265625 0.4555664066037736 0.47265625 0.4497070311320755
6 0.53125 0.3061523433962264 0.5302734375 0.3046875 0.5283203125 0.3046875 0.5029296875 0.3105468754716981 0.5 0.3149414066037736 0.498046875 0.3383789066037736 0.521484375 0.3852539066037736 0.5517578125 0.41015625 0.5537109375 0.41015625 0.5546875 0.4086914066037736 0.5546875 0.3969726566037736 0.55078125 0.3530273433962264 0.53125 0.3061523433962264
1 0.541015625 0.4614257811320755 0.541015625 0.4555664066037736 0.5341796875 0.44824218773584906 0.5185546875 0.44238281226415094 0.5166015625 0.44238281226415094 0.5068359375 0.45410156226415094 0.50390625 0.4584960933962264 0.50390625 0.4614257811320755 0.505859375 0.4672851566037736 0.5107421875 0.47167968773584906 0.5185546875 0.4746093745283019 0.5283203125 0.4746093745283019 0.5341796875 0.47167968773584906 0.541015625 0.4614257811320755
1 0.5546875 0.2329101566037736 0.5498046875 0.22558593773584906 0.5419921875 0.22558593773584906 0.5390625 0.22998046886792453 0.533203125 0.2534179688679245 0.53515625 0.2915039066037736 0.5361328125 0.29296875 0.5458984375 0.29003906226415094 0.5546875 0.2768554688679245 0.55859375 0.2622070311320755 0.55859375 0.2534179688679245 0.5546875 0.2329101566037736
1 0.435546875 0.7514648433962264 0.435546875 0.7456054688679246 0.4306640625 0.73828125 0.4248046875 0.7324218754716981 0.4072265625 0.717773437735849 0.3974609375 0.717773437735849 0.390625 0.7280273433962264 0.390625 0.7309570311320754 0.392578125 0.7368164066037736 0.3955078125 0.741210937735849 0.4013671875 0.747070312264151 0.4228515625 0.76171875 0.4306640625 0.758789062264151 0.435546875 0.7514648433962264
21 0.638671875 0.6547851566037736 0.634765625 0.6372070311320754 0.630859375 0.6254882811320754 0.6171875 0.5874023433962264 0.6123046875 0.5800781245283019 0.5546875 0.6518554688679246 0.53515625 0.7045898433962264 0.53515625 0.7075195311320754 0.5615234375 0.770507812264151 0.5673828125 0.770507812264151 0.6123046875 0.747070312264151 0.63671875 0.7075195311320754 0.638671875 0.7016601566037736 0.638671875 0.6547851566037736
21 0.455078125 0.6459960933962264 0.42628748625 0.6019554066037736 0.401303604375 0.5621373443396227 0.39453713625 0.5800945094339622 0.412109375 0.6284179688679246 0.412109375 0.6342773433962264 0.423828125 0.6782226566037736 0.4267578125 0.682617187735849 0.4326171875 0.682617187735849 0.4404296875 0.676757812264151 0.455078125 0.6547851566037736 0.455078125 0.6459960933962264
21 0.3310546875 0.747070312264151 0.3486328125 0.747070312264151 0.3583984375 0.73828125 0.3701171875 0.723632812264151 0.375 0.7163085933962264 0.376953125 0.7104492188679246 0.37890625 0.6987304688679246 0.400390625 0.5141601566037736 0.400390625 0.5083007811320754 0.3857421875 0.495117187735849 0.3818359375 0.495117187735849 0.3193359375 0.5214843754716981 0.2880859375 0.55078125 0.27734375 0.5668945311320754 0.2734375 0.5756835933962264 0.26953125 0.5874023433962264 0.265625 0.6049804688679246 0.265625 0.6372070311320754 0.267578125 0.6606445311320754 0.26953125 0.6665039066037736 0.28515625 0.6987304688679246 0.2998046875 0.7207031245283019 0.3173828125 0.73828125 0.3310546875 0.747070312264151
14 0.3203125 0.7631835933962264 0.3134765625 0.752929687735849 0.2978515625 0.752929687735849 0.296875 0.7543945311320754 0.29296875 0.7631835933962264 0.29296875 0.7749023433962264 0.2939453125 0.776367187735849 0.3076171875 0.782226562264151 0.3154296875 0.7792968754716981 0.31640625 0.7778320311320754 0.3203125 0.7661132811320754 0.3203125 0.7631835933962264
9 0.26953125 0.6665039066037736 0.26953125 0.6577148433962264 0.267578125 0.6518554688679246 0.2646484375 0.647460937735849 0.2607421875 0.647460937735849 0.2490234375 0.6503906245283019 0.2421875 0.6577148433962264 0.240234375 0.6635742188679246 0.240234375 0.6723632811320754 0.2421875 0.6782226566037736 0.2490234375 0.6855468754716981 0.2548828125 0.6855468754716981 0.2587890625 0.682617187735849 0.2666015625 0.6738281245283019 0.26953125 0.6665039066037736
26 0.69921875 0.3090820311320755 0.697265625 0.3032226566037736 0.6884765625 0.29003906226415094 0.6826171875 0.28417968773584906 0.6123046875 0.23730468773584906 0.6083984375 0.23730468773584906 0.60546875 0.2416992188679245 0.603515625 0.2475585933962264 0.59375 0.3295898433962264 0.591796875 0.3530273433962264 0.591796875 0.3764648433962264 0.59375 0.3881835933962264 0.6005859375 0.3984375 0.6357421875 0.40136718773584906 0.6982421875 0.31640625 0.69921875 0.3149414066037736 0.69921875 0.3090820311320755
11 0.533203125 0.5083007811320754 0.533203125 0.5258789066037736 0.5361328125 0.530273437735849 0.537109375 0.5288085933962264 0.537109375 0.5083007811320754 0.5361328125 0.506835937735849 0.5341796875 0.506835937735849 0.533203125 0.5083007811320754