21 0.6845703125 0.6035156245283019 0.7392578125 0.583007812264151 0.740234375 0.5815429688679246 0.740234375 0.5727539066037736 0.70703125 0.5053710933962264 0.6943359375 0.4863281245283018 0.6630859375 0.44824218773584906 0.6611328125 0.44824218773584906 0.66015625 0.4497070311320755 0.625 0.5346679688679246 0.625 0.5405273433962264 0.6328125 0.5961914066037736 0.6357421875 0.600585937735849 0.6435546875 0.606445312264151 0.6494140625 0.609375 0.6572265625 0.609375 0.6845703125 0.6035156245283019
6 0.578125 0.2973632811320755 0.578125 0.2944335933962264 0.5654296875 0.2578125 0.5029296875 0.22265625 0.4951171875 0.21972656226415094 0.4814453125 0.21679687452830187 0.4736328125 0.21679687452830187 0.470703125 0.2211914066037736 0.46875 0.22705078113207547 0.46875 0.23876953113207547 0.4765625 0.2915039066037736 0.4970703125 0.30761718773584906 0.5517578125 0.31347656226415094 0.5615234375 0.31347656226415094 0.5712890625 0.30761718773584906 0.578125 0.2973632811320755
20 0.423828125 0.3149414066037736 0.412109375 0.2739257811320755 0.4091796875 0.26953125 0.4013671875 0.2636718754716981 0.3916015625 0.26074218773584906 0.3876953125 0.26074218773584906 0.3837890625 0.2636718754716981 0.380859375 0.2680664066037736 0.384765625 0.2973632811320755 0.388671875 0.3061523433962264 0.3994140625 0.3222656245283019 0.4072265625 0.328125 0.4228515625 0.33105468773584906 0.423828125 0.3295898433962264 0.423828125 0.3149414066037736
3 0.5341796875 0.6796875 0.5390625 0.6723632811320754 0.546875 0.6489257811320754 0.552734375 0.6196289066037736 0.552734375 0.6049804688679246 0.5361328125 0.5859375 0.4794921875 0.57421875 0.478515625 0.5756835933962264 0.478515625 0.5786132811320754 0.48046875 0.6635742188679246 0.490234375 0.6870117188679246 0.4990234375 0.694335937735849 0.5048828125 0.694335937735849 0.5302734375 0.682617187735849 0.5341796875 0.6796875
9 0.6748046875 0.641601562264151 0.671875 0.6459960933962264 0.669921875 0.6518554688679246 0.6748046875 0.659179687735849 0.6787109375 0.6621093754716981 0.6865234375 0.659179687735849 0.6875 0.6577148433962264 0.6875 0.6489257811320754 0.6806640625 0.641601562264151 0.6748046875 0.641601562264151
9 0.396484375 0.4467773433962264 0.3896484375 0.43652343773584906 0.3857421875 0.43652343773584906 0.3759765625 0.44238281226415094 0.3671875 0.4526367188679245 0.36328125 0.4614257811320755 0.36328125 0.4702148433962264 0.3662109375 0.4746093745283019 0.3740234375 0.4746093745283019 0.3896484375 0.46875 0.39453125 0.4614257811320755 0.396484375 0.4555664066037736 0.396484375 0.4467773433962264
9 0.341796875 0.4262695311320755 0.3369140625 0.421875 0.3310546875 0.41894531226415094 0.3154296875 0.421875 0.3115234375 0.42480468773584906 0.30859375 0.4291992188679245 0.30859375 0.4438476566037736 0.3134765625 0.4511718745283019 0.3193359375 0.45410156226415094 0.3251953125 0.4511718745283019 0.3369140625 0.44238281226415094 0.341796875 0.4350585933962264 0.341796875 0.4262695311320755
9 0.283203125 0.5024414066037736 0.2802734375 0.4980468754716982 0.2763671875 0.4980468754716982 0.2734375 0.5053710933962264 0.271484375 0.5141601566037736 0.271484375 0.5258789066037736 0.2763671875 0.5332031245283019 0.2783203125 0.5332031245283019 0.2822265625 0.530273437735849 0.28515625 0.5229492188679246 0.28515625 0.5170898433962264 0.283203125 0.5024414066037736
9 0.357421875 0.7836914066037736 0.35546875 0.7631835933962264 0.3525390625 0.7558593754716981 0.3427734375 0.7558593754716981 0.33984375 0.7602539066037736 0.3359375 0.7778320311320754 0.3359375 0.8012695311320754 0.3388671875 0.805664062264151 0.3447265625 0.80859375 0.3525390625 0.80859375 0.35546875 0.8041992188679246 0.357421875 0.7983398433962264 0.357421875 0.7836914066037736
1 0.3486328125 0.6738281245283019 0.3447265625 0.670898437735849 0.3310546875 0.665039062264151 0.3271484375 0.665039062264151 0.3173828125 0.66796875 0.3134765625 0.670898437735849 0.310546875 0.6752929688679246 0.30859375 0.6811523433962264 0.30859375 0.6840820311320754 0.310546875 0.7075195311320754 0.3115234375 0.7089843754716981 0.3525390625 0.7089843754716981 0.35546875 0.7016601566037736 0.35546875 0.6840820311320754 0.3486328125 0.6738281245283019
18 0.4501953125 0.7558593754716981 0.4580078125 0.7558593754716981 0.4619140625 0.752929687735849 0.466796875 0.7456054688679246 0.466796875 0.7192382811320754 0.4453125 0.6752929688679246 0.4345703125 0.659179687735849 0.4228515625 0.647460937735849 0.4169921875 0.647460937735849 0.4072265625 0.653320312264151 0.40234375 0.6606445311320754 0.40234375 0.6899414066037736 0.40625 0.7045898433962264 0.412109375 0.7163085933962264 0.4228515625 0.7324218754716981 0.4365234375 0.747070312264151 0.4443359375 0.752929687735849 0.4501953125 0.7558593754716981
7 0.5390625 0.4467773433962264 0.5390625 0.4379882811320755 0.53515625 0.4233398433962264 0.52734375 0.4086914066037736 0.5205078125 0.3984375 0.5048828125 0.38671875 0.4990234375 0.38378906226415094 0.4931640625 0.38378906226415094 0.4755859375 0.38671875 0.4599609375 0.39550781226415094 0.455078125 0.4028320311320755 0.453125 0.4086914066037736 0.453125 0.4350585933962264 0.455078125 0.4409179688679245 0.4599609375 0.44824218773584906 0.4755859375 0.45703125 0.5112769875000001 0.509473541509434 0.520594793125 0.5126295726415094 0.5390625 0.4467773433962264