6 0.61328125 0.1743164066037736 0.61328125 0.12451171886792455 0.609375 0.11279296886792453 0.5810546875 0.07617187547169811 0.5791015625 0.07617187547169811 0.4931640625 0.11132812452830189 0.4921875 0.11279296886792453 0.4609375 0.19482421886792453 0.4609375 0.20361328113207547 0.4658203125 0.21679687452830187 0.5068359375 0.26660156226415094 0.5126953125 0.26953125 0.5185546875 0.26953125 0.5869140625 0.234375 0.61328125 0.1743164066037736
18 0.3125 0.6225585933962264 0.3125 0.5991210933962264 0.310546875 0.5756835933962264 0.3095703125 0.57421875 0.2587890625 0.612304687735849 0.251953125 0.6225585933962264 0.251953125 0.6342773433962264 0.2587890625 0.641601562264151 0.2646484375 0.64453125 0.2900390625 0.64453125 0.2978515625 0.641601562264151 0.3076171875 0.6328125 0.3125 0.6225585933962264
20 0.51171875 0.5874023433962264 0.509765625 0.5727539066037736 0.5029296875 0.5625 0.4951171875 0.5625 0.4912109375 0.565429687735849 0.48828125 0.5698242188679246 0.48828125 0.5874023433962264 0.494140625 0.6225585933962264 0.4951171875 0.624023437735849 0.5068359375 0.62109375 0.509765625 0.6166992188679246 0.51171875 0.6108398433962264 0.51171875 0.5874023433962264
20 0.64453125 0.6782226566037736 0.642578125 0.6723632811320754 0.6337890625 0.659179687735849 0.6259765625 0.653320312264151 0.6201171875 0.653320312264151 0.615234375 0.6577148433962264 0.61328125 0.6635742188679246 0.61328125 0.6723632811320754 0.623046875 0.6958007811320754 0.6240234375 0.6972656245283019 0.6376953125 0.700195312264151 0.642578125 0.6928710933962264 0.64453125 0.6870117188679246 0.64453125 0.6782226566037736
14 0.5068359375 0.688476562264151 0.5029296875 0.688476562264151 0.501953125 0.6899414066037736 0.494140625 0.7045898433962264 0.494140625 0.7075195311320754 0.49609375 0.7133789066037736 0.5029296875 0.7207031245283019 0.5068359375 0.717773437735849 0.51171875 0.7075195311320754 0.51171875 0.6987304688679246 0.5068359375 0.688476562264151
14 0.4716796875 0.682617187735849 0.4658203125 0.682617187735849 0.4580078125 0.688476562264151 0.451171875 0.6987304688679246 0.451171875 0.7016601566037736 0.4521484375 0.703125 0.4716796875 0.717773437735849 0.48046875 0.7104492188679246 0.484375 0.6958007811320754 0.4814453125 0.69140625 0.4716796875 0.682617187735849
14 0.7138671875 0.50390625 0.7109375 0.5083007811320754 0.7109375 0.5170898433962264 0.7236328125 0.530273437735849 0.7255859375 0.530273437735849 0.7265625 0.5288085933962264 0.7265625 0.5141601566037736 0.7197265625 0.50390625 0.7138671875 0.50390625
14 0.5986328125 0.506835937735849 0.5908203125 0.506835937735849 0.5830078125 0.5097656245283019 0.58203125 0.5112304688679246 0.578125 0.5200195311320754 0.578125 0.5288085933962264 0.5791015625 0.530273437735849 0.6025390625 0.5214843754716981 0.603515625 0.5200195311320754 0.603515625 0.5170898433962264 0.6015625 0.5112304688679246 0.5986328125 0.506835937735849
14 0.5458984375 0.43652343773584906 0.5400390625 0.43652343773584906 0.53515625 0.4409179688679245 0.533203125 0.4467773433962264 0.533203125 0.4643554688679245 0.5419921875 0.47167968773584906 0.5439453125 0.47167968773584906 0.5478515625 0.46875 0.548828125 0.4672851566037736 0.548828125 0.4409179688679245 0.5458984375 0.43652343773584906
14 0.4228515625 0.17871093773584906 0.4072265625 0.16699218773584906 0.4013671875 0.16699218773584906 0.400390625 0.16845703113207547 0.396484375 0.18017578113207547 0.396484375 0.1889648433962264 0.400390625 0.1977539066037736 0.4033203125 0.20214843773584906 0.4208984375 0.19335937547169813 0.423828125 0.1889648433962264 0.42578125 0.18310546886792453 0.4228515625 0.17871093773584906
9 0.3056640625 0.35449218773584906 0.2998046875 0.34863281226415094 0.2919921875 0.34863281226415094 0.2890625 0.3530273433962264 0.287109375 0.3588867188679245 0.2890625 0.3647460933962264 0.2939453125 0.3691406245283019 0.3017578125 0.37207031226415094 0.3076171875 0.37207031226415094 0.310546875 0.3676757811320755 0.310546875 0.3618164066037736 0.3056640625 0.35449218773584906
9 0.294921875 0.4790039066037736 0.294921875 0.4731445311320755 0.28515625 0.4467773433962264 0.2822265625 0.44238281226415094 0.2783203125 0.4394531245283019 0.2744140625 0.44238281226415094 0.2734375 0.4438476566037736 0.2734375 0.4555664066037736 0.27734375 0.4731445311320755 0.279296875 0.4790039066037736 0.2841796875 0.4863281245283018 0.2900390625 0.489257812264151 0.29296875 0.48486328113207544 0.294921875 0.4790039066037736
9 0.3720703125 0.5683593754716981 0.3681640625 0.571289062264151 0.36328125 0.5786132811320754 0.36328125 0.5874023433962264 0.3662109375 0.5917968754716981 0.3720703125 0.5917968754716981 0.380859375 0.5786132811320754 0.380859375 0.5727539066037736 0.3779296875 0.5683593754716981 0.3720703125 0.5683593754716981
9 0.453125 0.3940429688679245 0.4501953125 0.38964843773584906 0.4443359375 0.38964843773584906 0.44140625 0.3940429688679245 0.44140625 0.4057617188679245 0.4453125 0.4145507811320755 0.4482421875 0.41894531226415094 0.4521484375 0.41894531226415094 0.455078125 0.4145507811320755 0.455078125 0.3999023433962264 0.453125 0.3940429688679245
9 0.5283203125 0.3339843754716981 0.5224609375 0.3339843754716981 0.5166015625 0.33691406226415094 0.51171875 0.3442382811320755 0.509765625 0.3500976566037736 0.509765625 0.3559570311320755 0.5146484375 0.36035156226415094 0.5185546875 0.36035156226415094 0.5224609375 0.3574218754716981 0.529296875 0.3442382811320755 0.529296875 0.3354492188679245 0.5283203125 0.3339843754716981
9 0.4873046875 0.421875 0.4853515625 0.421875 0.48046875 0.4291992188679245 0.48046875 0.4409179688679245 0.4833984375 0.44824218773584906 0.4912109375 0.44824218773584906 0.4921875 0.4467773433962264 0.494140625 0.4379882811320755 0.4921875 0.4291992188679245 0.4873046875 0.421875
9 0.5576171875 0.6152343754716981 0.5556640625 0.6152343754716981 0.5517578125 0.618164062264151 0.548828125 0.6225585933962264 0.544921875 0.6372070311320754 0.544921875 0.6430664066037736 0.5498046875 0.647460937735849 0.5517578125 0.647460937735849 0.560546875 0.6342773433962264 0.5625 0.6284179688679246 0.5625 0.6196289066037736 0.5576171875 0.6152343754716981
9 0.533203125 0.5346679688679246 0.5302734375 0.530273437735849 0.5244140625 0.530273437735849 0.51953125 0.5375976566037736 0.51953125 0.5463867188679246 0.521484375 0.5522460933962264 0.5283203125 0.5625 0.5302734375 0.5625 0.53515625 0.5551757811320754 0.53515625 0.5434570311320754 0.533203125 0.5346679688679246
9 0.5244140625 0.50390625 0.5205078125 0.50390625 0.515625 0.5112304688679246 0.515625 0.5170898433962264 0.5205078125 0.524414062264151 0.5302734375 0.52734375 0.53515625 0.5229492188679246 0.53515625 0.5141601566037736 0.5322265625 0.5097656245283019 0.5244140625 0.50390625
9 0.71484375 0.6518554688679246 0.7119140625 0.647460937735849 0.7060546875 0.64453125 0.6982421875 0.64453125 0.697265625 0.6459960933962264 0.697265625 0.6665039066037736 0.7060546875 0.682617187735849 0.7099609375 0.6855468754716981 0.7197265625 0.6855468754716981 0.720703125 0.6840820311320754 0.720703125 0.6694335933962264 0.71484375 0.6518554688679246
9 0.748046875 0.5024414066037736 0.7431640625 0.495117187735849 0.7333984375 0.495117187735849 0.7265625 0.5053710933962264 0.7265625 0.5317382811320754 0.728515625 0.5405273433962264 0.7314453125 0.5449218754716981 0.7373046875 0.5449218754716981 0.7421875 0.5375976566037736 0.748046875 0.5200195311320754 0.748046875 0.5024414066037736
9 0.6220703125 0.3339843754716981 0.619140625 0.3383789066037736 0.6171875 0.3530273433962264 0.6171875 0.3588867188679245 0.6220703125 0.36621093773584906 0.6279296875 0.36621093773584906 0.630859375 0.3618164066037736 0.630859375 0.3413085933962264 0.6259765625 0.3339843754716981 0.6220703125 0.3339843754716981
9 0.6162109375 0.28125 0.6123046875 0.28125 0.609375 0.2856445311320755 0.607421875 0.2944335933962264 0.607421875 0.3090820311320755 0.6103515625 0.31347656226415094 0.6162109375 0.31347656226415094 0.62109375 0.3061523433962264 0.62109375 0.2944335933962264 0.619140625 0.2856445311320755 0.6162109375 0.28125
4 0.4130859375 0.7441406245283019 0.416015625 0.7397460933962264 0.416015625 0.7221679688679246 0.394126744375 0.6085143688679245 0.388671875 0.6254882811320754 0.373046875 0.6694335933962264 0.373046875 0.7016601566037736 0.375 0.7104492188679246 0.380859375 0.7280273433962264 0.3916015625 0.7441406245283019 0.3955078125 0.747070312264151 0.4072265625 0.747070312264151 0.4130859375 0.7441406245283019