6 0.75390625 0.6137695311320754 0.75390625 0.5844726566037736 0.74609375 0.5141601566037736 0.7021484375 0.4628906245283019 0.6962890625 0.4628906245283019 0.6953125 0.4643554688679245 0.693359375 0.4702148433962264 0.693359375 0.5463867188679246 0.71875 0.6020507811320754 0.7392578125 0.6269531245283019 0.7431640625 0.629882812264151 0.7490234375 0.629882812264151 0.751953125 0.6254882811320754 0.75390625 0.6137695311320754
6 0.5341796875 0.618164062264151 0.5380859375 0.6152343754716981 0.544921875 0.6049804688679246 0.546875 0.5932617188679246 0.5546875 0.5200195311320754 0.537109375 0.4614257811320755 0.5146484375 0.43066406226415094 0.4990234375 0.41894531226415094 0.4892578125 0.4160156245283019 0.4755859375 0.4160156245283019 0.4716796875 0.41894531226415094 0.46875 0.4233398433962264 0.466796875 0.4291992188679245 0.466796875 0.4526367188679245 0.470703125 0.5170898433962264 0.47265625 0.5229492188679246 0.505859375 0.5961914066037736 0.5166015625 0.612304687735849 0.5224609375 0.618164062264151 0.5341796875 0.618164062264151
6 0.4833984375 0.34277343773584906 0.486328125 0.3383789066037736 0.486328125 0.3295898433962264 0.484375 0.3178710933962264 0.4443359375 0.25488281226415094 0.4130859375 0.2490234377358491 0.3623046875 0.2490234377358491 0.3544921875 0.2519531245283019 0.3505859375 0.25488281226415094 0.341796875 0.2709960933962264 0.33984375 0.2768554688679245 0.33984375 0.2944335933962264 0.341796875 0.3032226566037736 0.3486328125 0.31347656226415094 0.3818359375 0.3457031245283019 0.3974609375 0.34863281226415094 0.4267578125 0.3515625 0.4833984375 0.34277343773584906
6 0.396484375 0.5698242188679246 0.400390625 0.5522460933962264 0.400390625 0.5141601566037736 0.3984375 0.4614257811320755 0.3916015625 0.4511718745283019 0.3857421875 0.44824218773584906 0.3798828125 0.44824218773584906 0.361328125 0.4790039066037736 0.345703125 0.5200195311320754 0.345703125 0.5258789066037736 0.3515625 0.5668945311320754 0.353515625 0.5756835933962264 0.3583984375 0.583007812264151 0.3720703125 0.583007812264151 0.3955078125 0.571289062264151 0.396484375 0.5698242188679246
6 0.4443359375 0.647460937735849 0.3818359375 0.62109375 0.3603515625 0.6269531245283019 0.3564453125 0.629882812264151 0.349609375 0.6401367188679246 0.349609375 0.6430664066037736 0.3837890625 0.688476562264151 0.4482421875 0.69140625 0.453125 0.6870117188679246 0.453125 0.6752929688679246 0.451171875 0.6665039066037736 0.4443359375 0.647460937735849
5 0.72265625 0.3178710933962264 0.7158203125 0.30761718773584906 0.7080078125 0.2988281245283019 0.6396484375 0.27832031226415094 0.63671875 0.2827148433962264 0.623046875 0.3881835933962264 0.6435546875 0.4277343745283019 0.6494140625 0.43066406226415094 0.6611328125 0.43066406226415094 0.6650390625 0.4277343745283019 0.7119140625 0.375 0.724609375 0.3559570311320755 0.72265625 0.3178710933962264
18 0.70703125 0.7104492188679246 0.708984375 0.7045898433962264 0.7109375 0.6899414066037736 0.7109375 0.6518554688679246 0.70703125 0.6430664066037736 0.7041015625 0.6386718754716981 0.7001953125 0.635742187735849 0.6962890625 0.635742187735849 0.6884765625 0.641601562264151 0.685546875 0.6459960933962264 0.68359375 0.6518554688679246 0.6796875 0.6782226566037736 0.6796875 0.6928710933962264 0.681640625 0.7045898433962264 0.68359375 0.7104492188679246 0.6884765625 0.717773437735849 0.7001953125 0.717773437735849 0.7041015625 0.71484375 0.70703125 0.7104492188679246
18 0.328125 0.4790039066037736 0.328125 0.4643554688679245 0.326171875 0.4584960933962264 0.3193359375 0.44824218773584906 0.3076171875 0.44824218773584906 0.3037109375 0.4511718745283019 0.29296875 0.4672851566037736 0.28125 0.5053710933962264 0.279296875 0.5170898433962264 0.283203125 0.5317382811320754 0.2880859375 0.5390625 0.3017578125 0.5390625 0.3056640625 0.536132812264151 0.31640625 0.5200195311320754 0.326171875 0.4907226566037736 0.328125 0.4790039066037736
18 0.3564453125 0.776367187735849 0.375 0.7192382811320754 0.375 0.7133789066037736 0.3701171875 0.706054687735849 0.3623046875 0.703125 0.3525390625 0.703125 0.3427734375 0.711914062264151 0.3359375 0.7250976566037736 0.333984375 0.7338867188679246 0.333984375 0.7397460933962264 0.3359375 0.7514648433962264 0.33984375 0.7631835933962264 0.3427734375 0.7675781245283019 0.3486328125 0.7734375 0.3525390625 0.776367187735849 0.3564453125 0.776367187735849
18 0.689453125 0.5668945311320754 0.689453125 0.5551757811320754 0.6865234375 0.547851562264151 0.6767578125 0.541992187735849 0.6728515625 0.541992187735849 0.6669921875 0.5449218754716981 0.6591796875 0.553710937735849 0.640625 0.5786132811320754 0.63671875 0.5903320311320754 0.638671875 0.6020507811320754 0.6416015625 0.606445312264151 0.6474609375 0.612304687735849 0.6611328125 0.612304687735849 0.6650390625 0.609375 0.685546875 0.5786132811320754 0.689453125 0.5668945311320754
18 0.748046875 0.4379882811320755 0.7373046875 0.42480468773584906 0.7216796875 0.42480468773584906 0.7119140625 0.43066406226415094 0.705078125 0.4409179688679245 0.703125 0.4467773433962264 0.703125 0.4526367188679245 0.705078125 0.4584960933962264 0.7099609375 0.46875 0.7138671875 0.47167968773584906 0.7177734375 0.47167968773584906 0.7431640625 0.4453125 0.748046875 0.4379882811320755
18 0.61328125 0.4057617188679245 0.6083984375 0.3984375 0.6044921875 0.39550781226415094 0.5908203125 0.39550781226415094 0.5654296875 0.3984375 0.556640625 0.4116210933962264 0.556640625 0.4145507811320755 0.5654296875 0.4277343745283019 0.5712890625 0.43066406226415094 0.5888671875 0.43066406226415094 0.5947265625 0.4277343745283019 0.61328125 0.4086914066037736 0.61328125 0.4057617188679245
18 0.6162109375 0.20800781226415094 0.6123046875 0.20507812452830187 0.6025390625 0.20507812452830187 0.5986328125 0.20800781226415094 0.591796875 0.21826171886792453 0.591796875 0.2241210933962264 0.59375 0.2358398433962264 0.6044921875 0.2519531245283019 0.6142578125 0.2519531245283019 0.623046875 0.23876953113207547 0.623046875 0.21826171886792453 0.6162109375 0.20800781226415094
18 0.654296875 0.1977539066037736 0.65625 0.1860351566037736 0.65625 0.18017578113207547 0.65234375 0.16845703113207547 0.6494140625 0.1640625 0.6337890625 0.15234375 0.6201171875 0.14648437547169813 0.6103515625 0.14648437547169813 0.6064453125 0.14941406226415094 0.603515625 0.1538085933962264 0.603515625 0.16845703113207547 0.60546875 0.1743164066037736 0.6083984375 0.17871093773584906 0.6240234375 0.19335937547169813 0.6357421875 0.20214843773584906 0.6513671875 0.20214843773584906 0.654296875 0.1977539066037736
18 0.564453125 0.10400390660377358 0.5595703125 0.09667968773584906 0.5302734375 0.09667968773584906 0.5224609375 0.09960937547169811 0.5185546875 0.10253906226415094 0.513671875 0.10986328113207547 0.513671875 0.11865234339622642 0.5185546875 0.12597656226415094 0.5244140625 0.12890625 0.5400390625 0.12890625 0.5537109375 0.12597656226415094 0.560546875 0.11572265660377358 0.564453125 0.10400390660377358
18 0.50390625 0.10400390660377358 0.50390625 0.09228515660377358 0.4990234375 0.08496093773584906 0.4912109375 0.08496093773584906 0.4775390625 0.09375 0.458984375 0.10986328113207547 0.45703125 0.11572265660377358 0.45703125 0.1274414066037736 0.4609375 0.1391601566037736 0.4619140625 0.140625 0.4736328125 0.140625 0.4833984375 0.13183593773584906 0.4912109375 0.12304687547169811 0.50390625 0.10400390660377358
18 0.33984375 0.3471679688679245 0.3134765625 0.3046875 0.2998046875 0.31933593773584906 0.296875 0.3237304688679245 0.29296875 0.3325195311320755 0.29296875 0.3530273433962264 0.3017578125 0.36621093773584906 0.3056640625 0.3691406245283019 0.3271484375 0.3691406245283019 0.3310546875 0.36621093773584906 0.33984375 0.3530273433962264 0.33984375 0.3471679688679245
13 0.541015625 0.3032226566037736 0.541015625 0.2915039066037736 0.5234375 0.2211914066037736 0.51953125 0.2094726566037736 0.5146484375 0.20214843773584906 0.5126953125 0.20214843773584906 0.4833984375 0.23144531226415094 0.482421875 0.2329101566037736 0.482421875 0.2416992188679245 0.49609375 0.2827148433962264 0.513671875 0.3149414066037736 0.5166015625 0.31933593773584906 0.5322265625 0.31933593773584906 0.5390625 0.3090820311320755 0.541015625 0.3032226566037736
18 0.587890625 0.14501953113207547 0.5859375 0.1391601566037736 0.5791015625 0.12890625 0.5751953125 0.12597656226415094 0.5673828125 0.12597656226415094 0.5615234375 0.13183593773584906 0.55859375 0.13623046886792453 0.5546875 0.14794921886792453 0.5546875 0.1625976566037736 0.5576171875 0.16992187547169813 0.5732421875 0.17285156226415094 0.5791015625 0.17285156226415094 0.5830078125 0.16992187547169813 0.587890625 0.1625976566037736 0.587890625 0.14501953113207547
1 0.65625 0.5141601566037736 0.65625 0.49658203113207544 0.65234375 0.48486328113207544 0.6474609375 0.47753906226415094 0.6357421875 0.46875 0.6279296875 0.46875 0.6220703125 0.47167968773584906 0.615234375 0.4819335933962264 0.615234375 0.48779296886792456 0.634765625 0.5258789066037736 0.6357421875 0.52734375 0.6455078125 0.52734375 0.6513671875 0.524414062264151 0.654296875 0.5200195311320754 0.65625 0.5141601566037736
1 0.603515625 0.49658203113207544 0.5986328125 0.489257812264151 0.5947265625 0.4863281245283018 0.5830078125 0.483398437735849 0.5732421875 0.4863281245283018 0.5654296875 0.4921875 0.55859375 0.5053710933962264 0.5546875 0.5317382811320754 0.560546875 0.5522460933962264 0.5615234375 0.553710937735849 0.5634765625 0.553710937735849 0.5947265625 0.530273437735849 0.6015625 0.5200195311320754 0.60546875 0.5024414066037736 0.603515625 0.49658203113207544
1 0.611328125 0.7221679688679246 0.609375 0.6928710933962264 0.60546875 0.6840820311320754 0.6025390625 0.6796875 0.5947265625 0.6796875 0.587890625 0.6899414066037736 0.583984375 0.7016601566037736 0.583984375 0.7104492188679246 0.587890625 0.7221679688679246 0.5927734375 0.729492187735849 0.6005859375 0.735351562264151 0.6083984375 0.7324218754716981 0.611328125 0.7280273433962264 0.611328125 0.7221679688679246
1 0.4677734375 0.52734375 0.4658203125 0.52734375 0.4619140625 0.530273437735849 0.458984375 0.5346679688679246 0.45703125 0.5405273433962264 0.45703125 0.5610351566037736 0.4580078125 0.5625 0.4658203125 0.5625 0.4716796875 0.5566406245283019 0.474609375 0.5522460933962264 0.4765625 0.5405273433962264 0.4677734375 0.52734375
1 0.328125 0.5903320311320754 0.326171875 0.5844726566037736 0.3212890625 0.577148437735849 0.2978515625 0.577148437735849 0.296875 0.5786132811320754 0.28515625 0.6049804688679246 0.2861328125 0.606445312264151 0.3017578125 0.618164062264151 0.3095703125 0.62109375 0.3193359375 0.6152343754716981 0.326171875 0.6049804688679246 0.328125 0.5961914066037736 0.328125 0.5903320311320754
1 0.634765625 0.5610351566037736 0.6318359375 0.5566406245283019 0.6259765625 0.5566406245283019 0.623046875 0.5610351566037736 0.623046875 0.5727539066037736 0.626953125 0.5874023433962264 0.6279296875 0.588867187735849 0.6318359375 0.588867187735849 0.6328125 0.5874023433962264 0.634765625 0.5727539066037736 0.634765625 0.5610351566037736
9 0.712890625 0.21533203113207547 0.7060546875 0.20507812452830187 0.6962890625 0.20507812452830187 0.69140625 0.2094726566037736 0.689453125 0.21826171886792453 0.69140625 0.2329101566037736 0.6943359375 0.23730468773584906 0.7080078125 0.25488281226415094 0.7138671875 0.25488281226415094 0.720703125 0.2475585933962264 0.720703125 0.2446289066037736 0.712890625 0.21533203113207547
9 0.59765625 0.2534179688679245 0.5927734375 0.2490234377358491 0.5869140625 0.2490234377358491 0.583984375 0.2534179688679245 0.58203125 0.2709960933962264 0.58203125 0.2768554688679245 0.583984375 0.2827148433962264 0.5888671875 0.2871093754716981 0.59375 0.2827148433962264 0.59765625 0.2709960933962264 0.599609375 0.2622070311320755 0.59765625 0.2534179688679245
9 0.5712890625 0.2753906245283019 0.5654296875 0.2753906245283019 0.560546875 0.2827148433962264 0.556640625 0.2915039066037736 0.556640625 0.2973632811320755 0.5595703125 0.30175781226415094 0.5634765625 0.30175781226415094 0.5693359375 0.2988281245283019 0.576171875 0.2885742188679245 0.576171875 0.2827148433962264 0.5712890625 0.2753906245283019
9 0.5830078125 0.3691406245283019 0.580078125 0.3735351566037736 0.578125 0.3793945311320755 0.5810546875 0.38378906226415094 0.5966796875 0.3808593754716981 0.59765625 0.3793945311320755 0.59765625 0.3735351566037736 0.5927734375 0.36621093773584906 0.5888671875 0.36621093773584906 0.5830078125 0.3691406245283019
9 0.4443359375 0.421875 0.4365234375 0.42480468773584906 0.435546875 0.4262695311320755 0.435546875 0.4379882811320755 0.4384765625 0.44238281226415094 0.4560546875 0.44238281226415094 0.45703125 0.4409179688679245 0.45703125 0.4321289066037736 0.4560546875 0.43066406226415094 0.4443359375 0.421875
9 0.4677734375 0.39550781226415094 0.4619140625 0.39550781226415094 0.45703125 0.4028320311320755 0.45703125 0.4086914066037736 0.458984375 0.4174804688679245 0.4638671875 0.42480468773584906 0.4677734375 0.42480468773584906 0.470703125 0.4204101566037736 0.470703125 0.3999023433962264 0.4677734375 0.39550781226415094
9 0.40234375 0.4321289066037736 0.3974609375 0.42480468773584906 0.3935546875 0.421875 0.3896484375 0.421875 0.384765625 0.4291992188679245 0.384765625 0.4379882811320755 0.3896484375 0.44238281226415094 0.3955078125 0.4453125 0.3974609375 0.4453125 0.4013671875 0.44238281226415094 0.40234375 0.4409179688679245 0.40234375 0.4321289066037736
9 0.3798828125 0.375 0.376953125 0.3793945311320755 0.376953125 0.3911132811320755 0.3798828125 0.39550781226415094 0.3876953125 0.39550781226415094 0.39453125 0.3852539066037736 0.39453125 0.3764648433962264 0.3935546875 0.375 0.3798828125 0.375
9 0.34375 0.6020507811320754 0.3349609375 0.588867187735849 0.3291015625 0.588867187735849 0.328125 0.5903320311320754 0.328125 0.6049804688679246 0.33203125 0.6166992188679246 0.3330078125 0.618164062264151 0.3408203125 0.618164062264151 0.34375 0.6137695311320754 0.345703125 0.6079101566037736 0.34375 0.6020507811320754
9 0.4267578125 0.62109375 0.421875 0.6284179688679246 0.421875 0.6372070311320754 0.4267578125 0.641601562264151 0.4345703125 0.641601562264151 0.4453125 0.6313476566037736 0.4453125 0.6284179688679246 0.4404296875 0.62109375 0.4267578125 0.62109375
9 0.4482421875 0.547851562264151 0.4443359375 0.5449218754716981 0.4404296875 0.5449218754716981 0.439453125 0.5463867188679246 0.431640625 0.5610351566037736 0.431640625 0.5668945311320754 0.4345703125 0.571289062264151 0.4384765625 0.571289062264151 0.4443359375 0.5683593754716981 0.451171875 0.5581054688679246 0.451171875 0.5551757811320754 0.4482421875 0.547851562264151
9 0.59375 0.6049804688679246 0.5888671875 0.5917968754716981 0.5791015625 0.5917968754716981 0.578125 0.5932617188679246 0.576171875 0.5991210933962264 0.576171875 0.6108398433962264 0.578125 0.6196289066037736 0.580078125 0.6254882811320754 0.5830078125 0.629882812264151 0.5888671875 0.629882812264151 0.591796875 0.6225585933962264 0.59375 0.6049804688679246
9 0.6279296875 0.6503906245283019 0.6201171875 0.6503906245283019 0.6171875 0.6547851566037736 0.6171875 0.6635742188679246 0.6220703125 0.670898437735849 0.6357421875 0.670898437735849 0.63671875 0.6694335933962264 0.63671875 0.6635742188679246 0.6337890625 0.65625 0.6279296875 0.6503906245283019
9 0.7607421875 0.5332031245283019 0.7587890625 0.5332031245283019 0.7548828125 0.536132812264151 0.75390625 0.5375976566037736 0.75390625 0.5610351566037736 0.755859375 0.5668945311320754 0.7607421875 0.57421875 0.7646484375 0.57421875 0.767578125 0.5668945311320754 0.767578125 0.5434570311320754 0.7607421875 0.5332031245283019
20 0.5205078125 0.36035156226415094 0.4990234375 0.36328125 0.494140625 0.3706054688679245 0.494140625 0.3852539066037736 0.49609375 0.4086914066037736 0.4970703125 0.41015625 0.5224609375 0.3984375 0.5234375 0.3969726566037736 0.521484375 0.3618164066037736 0.5205078125 0.36035156226415094
14 0.537109375 0.15966796886792453 0.5400390625 0.16699218773584906 0.5419921875 0.16699218773584906 0.5546875 0.14794921886792453 0.5517578125 0.14355468773584906 0.5498046875 0.14355468773584906 0.541015625 0.1508789066037736 0.537109375 0.15966796886792453
14 0.4609375 0.10400390660377358 0.4599609375 0.10253906226415094 0.45703125 0.10693359339622642 0.44921875 0.12158203113207545 0.44921875 0.13623046886792453 0.451171875 0.14501953113207547 0.4541015625 0.14941406226415094 0.4619140625 0.14941406226415094 0.462890625 0.14794921886792453 0.462890625 0.14501953113207547 0.4609375 0.10400390660377358
14 0.4462890625 0.16113281226415094 0.4423828125 0.15820312452830187 0.4365234375 0.15820312452830187 0.435546875 0.15966796886792453 0.427734375 0.18017578113207547 0.431640625 0.2006835933962264 0.4365234375 0.20507812452830187 0.4384765625 0.20507812452830187 0.44140625 0.2006835933962264 0.44921875 0.16845703113207547 0.44921875 0.1655273433962264 0.4462890625 0.16113281226415094
14 0.4931640625 0.19335937547169813 0.4716796875 0.21386718773584906 0.470703125 0.21533203113207547 0.470703125 0.2241210933962264 0.4736328125 0.22851562452830187 0.4833984375 0.22851562452830187 0.498046875 0.20654296886792453 0.498046875 0.20361328113207547 0.49609375 0.1977539066037736 0.4931640625 0.19335937547169813
14 0.3935546875 0.3984375 0.3740234375 0.4042968745283019 0.373046875 0.4057617188679245 0.373046875 0.4145507811320755 0.3779296875 0.41894531226415094 0.3994140625 0.41894531226415094 0.404296875 0.4145507811320755 0.404296875 0.4057617188679245 0.4033203125 0.4042968745283019 0.3935546875 0.3984375
14 0.4580078125 0.565429687735849 0.4560546875 0.565429687735849 0.4384765625 0.57421875 0.435546875 0.5786132811320754 0.4365234375 0.5800781245283019 0.4443359375 0.5859375 0.4501953125 0.5859375 0.4560546875 0.5800781245283019 0.458984375 0.5756835933962264 0.4609375 0.5698242188679246 0.4580078125 0.565429687735849