1 0.412109375 0.3735351566037736 0.4111328125 0.37207031226415094 0.3955078125 0.36621093773584906 0.3837890625 0.36621093773584906 0.3779296875 0.37207031226415094 0.375 0.3793945311320755 0.37109375 0.4028320311320755 0.37109375 0.4174804688679245 0.373046875 0.4262695311320755 0.3779296875 0.43652343773584906 0.3955078125 0.44824218773584906 0.3974609375 0.44824218773584906 0.41796875 0.3999023433962264 0.412109375 0.3735351566037736
1 0.3388671875 0.641601562264151 0.3291015625 0.635742187735849 0.3251953125 0.635742187735849 0.32421875 0.6372070311320754 0.318359375 0.6899414066037736 0.3212890625 0.694335937735849 0.3330078125 0.706054687735849 0.341796875 0.6899414066037736 0.34765625 0.6723632811320754 0.34765625 0.6606445311320754 0.34375 0.6489257811320754 0.3388671875 0.641601562264151
11 0.3173828125 0.7324218754716981 0.2998046875 0.729492187735849 0.2978515625 0.729492187735849 0.296875 0.7309570311320754 0.294921875 0.7426757811320754 0.2998046875 0.75 0.3095703125 0.75 0.3134765625 0.747070312264151 0.31640625 0.7426757811320754 0.318359375 0.7368164066037736 0.318359375 0.7338867188679246 0.3173828125 0.7324218754716981
20 0.4736328125 0.34863281226415094 0.4658203125 0.3457031245283019 0.4599609375 0.3457031245283019 0.4560546875 0.34863281226415094 0.451171875 0.3559570311320755 0.443359375 0.3911132811320755 0.443359375 0.3940429688679245 0.4443359375 0.39550781226415094 0.4716796875 0.39550781226415094 0.47265625 0.3940429688679245 0.478515625 0.3706054688679245 0.48046875 0.3588867188679245 0.4736328125 0.34863281226415094
6 0.380859375 0.3002929688679245 0.380859375 0.2973632811320755 0.326171875 0.2094726566037736 0.3212890625 0.20214843773584906 0.3017578125 0.17871093773584906 0.2978515625 0.17578125 0.2919921875 0.17578125 0.2744140625 0.19042968773584906 0.2734375 0.19189453113207547 0.27734375 0.2124023433962264 0.291015625 0.2592773433962264 0.3017578125 0.29296875 0.3115234375 0.30175781226415094 0.3310546875 0.31640625 0.3798828125 0.30175781226415094 0.380859375 0.3002929688679245
18 0.298828125 0.4438476566037736 0.30078125 0.4350585933962264 0.30078125 0.4174804688679245 0.294921875 0.3881835933962264 0.2880859375 0.37792968773584906 0.2841796875 0.375 0.2802734375 0.375 0.271484375 0.3823242188679245 0.267578125 0.3911132811320755 0.267578125 0.4145507811320755 0.2734375 0.4409179688679245 0.2802734375 0.4511718745283019 0.2841796875 0.45410156226415094 0.2900390625 0.45410156226415094 0.2939453125 0.4511718745283019 0.298828125 0.4438476566037736
18 0.287109375 0.49951171886792456 0.287109375 0.4907226566037736 0.283203125 0.4790039066037736 0.2802734375 0.4746093745283019 0.2763671875 0.47167968773584906 0.2607421875 0.47167968773584906 0.2470703125 0.47753906226415094 0.2431640625 0.48046875 0.236328125 0.4907226566037736 0.236328125 0.5083007811320754 0.23828125 0.5141601566037736 0.2412109375 0.518554687735849 0.2607421875 0.518554687735849 0.2705078125 0.515625 0.2802734375 0.5097656245283019 0.287109375 0.49951171886792456
18 0.4033203125 0.571289062264151 0.404296875 0.5698242188679246 0.40234375 0.5522460933962264 0.396484375 0.5346679688679246 0.390625 0.5229492188679246 0.3818359375 0.5097656245283019 0.3779296875 0.506835937735849 0.3720703125 0.506835937735849 0.3671875 0.5141601566037736 0.365234375 0.5200195311320754 0.365234375 0.5288085933962264 0.3671875 0.5375976566037736 0.37109375 0.5493164066037736 0.37890625 0.5639648433962264 0.3857421875 0.57421875 0.3955078125 0.57421875 0.4033203125 0.571289062264151
13 0.6318359375 0.14648437547169813 0.630859375 0.14794921886792453 0.630859375 0.1508789066037736 0.6357421875 0.15820312452830187 0.6552734375 0.17578125 0.67578125 0.14794921886792453 0.6728515625 0.14355468773584906 0.6533203125 0.14355468773584906 0.6318359375 0.14648437547169813
9 0.52734375 0.10400390660377358 0.5234375 0.08349609339622642 0.5205078125 0.07910156226415094 0.5126953125 0.07910156226415094 0.509765625 0.08349609339622642 0.5078125 0.08935546886792453 0.505859375 0.10693359339622642 0.505859375 0.11865234339622642 0.5087890625 0.12304687547169811 0.5146484375 0.12890625 0.5205078125 0.12890625 0.525390625 0.12158203113207545 0.52734375 0.11572265660377358 0.52734375 0.10400390660377358
9 0.4599609375 0.09960937547169811 0.4541015625 0.09375 0.4462890625 0.08789062452830189 0.4384765625 0.09082031226415094 0.435546875 0.09521484339622642 0.43359375 0.10107421886792453 0.43359375 0.10693359339622642 0.4375 0.11572265660377358 0.4443359375 0.12304687547169811 0.4619140625 0.12597656226415094 0.466796875 0.11865234339622642 0.46875 0.11279296886792453 0.4599609375 0.09960937547169811
9 0.3994140625 0.2109375 0.3955078125 0.21386718773584906 0.392578125 0.21826171886792453 0.392578125 0.22705078113207547 0.3935546875 0.22851562452830187 0.4072265625 0.22851562452830187 0.41015625 0.2241210933962264 0.41015625 0.21533203113207547 0.4072265625 0.2109375 0.3994140625 0.2109375
9 0.5498046875 0.16699218773584906 0.5458984375 0.16699218773584906 0.544921875 0.16845703113207547 0.53515625 0.1860351566037736 0.53515625 0.19189453113207547 0.5380859375 0.19628906226415094 0.5439453125 0.19628906226415094 0.5478515625 0.19335937547169813 0.552734375 0.18310546886792453 0.552734375 0.17138671886792453 0.5498046875 0.16699218773584906
9 0.5107421875 0.20214843773584906 0.5087890625 0.20214843773584906 0.4970703125 0.2109375 0.49609375 0.2124023433962264 0.49609375 0.21533203113207547 0.498046875 0.2211914066037736 0.5009765625 0.22558593773584906 0.5107421875 0.22265625 0.515625 0.21533203113207547 0.515625 0.2094726566037736 0.5107421875 0.20214843773584906
9 0.4794921875 0.24023437452830187 0.4755859375 0.24023437452830187 0.4716796875 0.2431640622641509 0.46875 0.2475585933962264 0.466796875 0.2534179688679245 0.466796875 0.2622070311320755 0.4697265625 0.26660156226415094 0.4775390625 0.2636718754716981 0.482421875 0.2563476566037736 0.484375 0.2504882811320755 0.484375 0.2475585933962264 0.4794921875 0.24023437452830187
9 0.6923828125 0.36328125 0.6865234375 0.36328125 0.68359375 0.3676757811320755 0.68359375 0.3764648433962264 0.6923828125 0.38964843773584906 0.6982421875 0.38964843773584906 0.69921875 0.3881835933962264 0.69921875 0.3793945311320755 0.697265625 0.3706054688679245 0.6923828125 0.36328125
9 0.59375 0.4497070311320755 0.59375 0.4614257811320755 0.5947265625 0.4628906245283019 0.6005859375 0.4628906245283019 0.609375 0.4497070311320755 0.6064453125 0.4453125 0.5966796875 0.4453125 0.59375 0.4497070311320755
9 0.4521484375 0.47753906226415094 0.4443359375 0.4746093745283019 0.4365234375 0.47753906226415094 0.435546875 0.4790039066037736 0.435546875 0.48779296886792456 0.4384765625 0.4921875 0.4423828125 0.495117187735849 0.4541015625 0.4921875 0.455078125 0.4907226566037736 0.455078125 0.4819335933962264 0.4521484375 0.47753906226415094
9 0.3193359375 0.495117187735849 0.3154296875 0.495117187735849 0.3125 0.49951171886792456 0.310546875 0.5053710933962264 0.310546875 0.5083007811320754 0.3134765625 0.515625 0.3271484375 0.515625 0.33203125 0.5112304688679246 0.33203125 0.5024414066037736 0.3291015625 0.4980468754716982 0.3193359375 0.495117187735849
9 0.515625 0.6958007811320754 0.5126953125 0.688476562264151 0.5107421875 0.688476562264151 0.5068359375 0.69140625 0.50390625 0.6958007811320754 0.5 0.7104492188679246 0.5 0.7192382811320754 0.5029296875 0.723632812264151 0.5068359375 0.7265625 0.5087890625 0.7265625 0.513671875 0.7192382811320754 0.515625 0.7016601566037736 0.515625 0.6958007811320754
9 0.58984375 0.7075195311320754 0.587890625 0.7016601566037736 0.5849609375 0.6972656245283019 0.5791015625 0.6972656245283019 0.57421875 0.7045898433962264 0.57421875 0.7075195311320754 0.576171875 0.7133789066037736 0.5849609375 0.7265625 0.5888671875 0.7265625 0.591796875 0.7221679688679246 0.591796875 0.7163085933962264 0.58984375 0.7075195311320754
9 0.6875 0.7221679688679246 0.6826171875 0.71484375 0.6787109375 0.71484375 0.673828125 0.7221679688679246 0.673828125 0.7280273433962264 0.6806640625 0.73828125 0.6845703125 0.741210937735849 0.6884765625 0.741210937735849 0.69140625 0.7368164066037736 0.69140625 0.7309570311320754 0.6875 0.7221679688679246
9 0.5986328125 0.588867187735849 0.5947265625 0.588867187735849 0.5908203125 0.5917968754716981 0.58984375 0.5932617188679246 0.58984375 0.6049804688679246 0.5927734375 0.609375 0.5986328125 0.609375 0.603515625 0.6020507811320754 0.603515625 0.5991210933962264 0.6015625 0.5932617188679246 0.5986328125 0.588867187735849
9 0.5986328125 0.588867187735849 0.5947265625 0.588867187735849 0.5908203125 0.5917968754716981 0.58984375 0.5932617188679246 0.58984375 0.6049804688679246 0.5927734375 0.609375 0.6005859375 0.618164062264151 0.6064453125 0.618164062264151 0.609375 0.6137695311320754 0.609375 0.6079101566037736 0.5986328125 0.588867187735849
9 0.5439453125 0.5566406245283019 0.5380859375 0.553710937735849 0.5263671875 0.553710937735849 0.525390625 0.5551757811320754 0.5234375 0.5610351566037736 0.525390625 0.5668945311320754 0.5283203125 0.571289062264151 0.5341796875 0.577148437735849 0.5439453125 0.577148437735849 0.546875 0.5727539066037736 0.546875 0.5639648433962264 0.5439453125 0.5566406245283019