6 0.421875 0.7954101566037736 0.427734375 0.7602539066037736 0.41796875 0.7016601566037736 0.3984375 0.6606445311320754 0.3935546875 0.653320312264151 0.3544921875 0.659179687735849 0.3505859375 0.6621093754716981 0.345703125 0.6694335933962264 0.345703125 0.6752929688679246 0.375 0.7983398433962264 0.3759765625 0.799804687735849 0.4033203125 0.8144531245283019 0.4130859375 0.8144531245283019 0.416015625 0.8100585933962264 0.421875 0.7954101566037736
6 0.5478515625 0.6855468754716981 0.5693359375 0.659179687735849 0.578125 0.6459960933962264 0.580078125 0.6372070311320754 0.57421875 0.6079101566037736 0.5712890625 0.6035156245283019 0.4677734375 0.5683593754716981 0.466796875 0.5698242188679246 0.44140625 0.6284179688679246 0.44140625 0.6313476566037736 0.4560546875 0.6621093754716981 0.4677734375 0.66796875 0.5087890625 0.682617187735849 0.5380859375 0.688476562264151 0.5439453125 0.688476562264151 0.5478515625 0.6855468754716981
6 0.7119140625 0.703125 0.71484375 0.6987304688679246 0.716796875 0.6899414066037736 0.708984375 0.6518554688679246 0.703125 0.6372070311320754 0.6806640625 0.594726562264151 0.6220703125 0.5683593754716981 0.6201171875 0.5683593754716981 0.615234375 0.5756835933962264 0.615234375 0.5815429688679246 0.63671875 0.6489257811320754 0.6650390625 0.6972656245283019 0.6708984375 0.703125 0.6923828125 0.706054687735849 0.7080078125 0.706054687735849 0.7119140625 0.703125
6 0.455078125 0.18310546886792453 0.453125 0.1772460933962264 0.439453125 0.1538085933962264 0.4365234375 0.14941406226415094 0.4326171875 0.14941406226415094 0.4013671875 0.15820312452830187 0.3564453125 0.20214843773584906 0.353515625 0.20654296886792453 0.3515625 0.2124023433962264 0.3515625 0.2329101566037736 0.3525390625 0.234375 0.3994140625 0.2431640622641509 0.4443359375 0.234375 0.4453125 0.2329101566037736 0.455078125 0.19189453113207547 0.455078125 0.18310546886792453
18 0.7802734375 0.583007812264151 0.7880859375 0.57421875 0.798828125 0.5581054688679246 0.802734375 0.5463867188679246 0.8046875 0.5317382811320754 0.8046875 0.5170898433962264 0.8017578125 0.512695312264151 0.7978515625 0.5097656245283019 0.7861328125 0.5097656245283019 0.7783203125 0.515625 0.7412109375 0.553710937735849 0.736328125 0.5610351566037736 0.732421875 0.5756835933962264 0.732421875 0.5815429688679246 0.736328125 0.5903320311320754 0.7392578125 0.594726562264151 0.7490234375 0.59765625 0.7626953125 0.59765625 0.7744140625 0.588867187735849 0.7802734375 0.583007812264151
14 0.4365234375 0.515625 0.4326171875 0.515625 0.4296875 0.5200195311320754 0.416015625 0.5493164066037736 0.4267578125 0.559570312264151 0.4306640625 0.5625 0.4326171875 0.5625 0.435546875 0.5581054688679246 0.44140625 0.5317382811320754 0.44140625 0.5229492188679246 0.4365234375 0.515625
1 0.359375 0.4584960933962264 0.359375 0.4526367188679245 0.3583984375 0.4511718745283019 0.3251953125 0.43652343773584906 0.3173828125 0.43652343773584906 0.31640625 0.4379882811320755 0.31640625 0.4526367188679245 0.3203125 0.4643554688679245 0.3291015625 0.47753906226415094 0.3447265625 0.47753906226415094 0.3544921875 0.46875 0.357421875 0.4643554688679245 0.359375 0.4584960933962264
17 0.779296875 0.4760742188679245 0.779296875 0.4702148433962264 0.759765625 0.4028320311320755 0.732421875 0.3208007811320755 0.7314453125 0.31933593773584906 0.7294921875 0.31933593773584906 0.728515625 0.3208007811320755 0.6875 0.3969726566037736 0.6875 0.3999023433962264 0.701171875 0.4614257811320755 0.7099609375 0.46875 0.7685546875 0.489257812264151 0.7724609375 0.489257812264151 0.77734375 0.4819335933962264 0.779296875 0.4760742188679245
17 0.513671875 0.3237304688679245 0.5087890625 0.31640625 0.5009765625 0.31347656226415094 0.4697265625 0.33105468773584906 0.46484375 0.3442382811320755 0.462890625 0.3706054688679245 0.462890625 0.4614257811320755 0.4658203125 0.46875 0.4775390625 0.46875 0.5361328125 0.40136718773584906 0.541015625 0.3940429688679245 0.541015625 0.3793945311320755 0.513671875 0.3237304688679245
20 0.3193359375 0.536132812264151 0.3154296875 0.5332031245283019 0.3076171875 0.5332031245283019 0.3037109375 0.536132812264151 0.30078125 0.5434570311320754 0.29296875 0.6049804688679246 0.2939453125 0.606445312264151 0.3017578125 0.606445312264151 0.3466796875 0.600585937735849 0.34765625 0.5991210933962264 0.341796875 0.5698242188679246 0.3271484375 0.5449218754716981 0.3193359375 0.536132812264151
9 0.3359375 0.2944335933962264 0.333984375 0.2885742188679245 0.3291015625 0.28125 0.3212890625 0.27832031226415094 0.3173828125 0.28125 0.3125 0.2885742188679245 0.310546875 0.3002929688679245 0.3125 0.3237304688679245 0.3173828125 0.33105468773584906 0.3212890625 0.33105468773584906 0.3291015625 0.328125 0.330078125 0.3266601566037736 0.3359375 0.3032226566037736 0.3359375 0.2944335933962264
9 0.375 0.3383789066037736 0.3740234375 0.33691406226415094 0.3603515625 0.328125 0.3583984375 0.328125 0.35546875 0.3325195311320755 0.353515625 0.3383789066037736 0.353515625 0.3442382811320755 0.3623046875 0.3574218754716981 0.3662109375 0.36035156226415094 0.3681640625 0.36035156226415094 0.373046875 0.3559570311320755 0.375 0.3500976566037736 0.375 0.3383789066037736
9 0.486328125 0.23876953113207547 0.486328125 0.22705078113207547 0.4814453125 0.21972656226415094 0.4716796875 0.21386718773584906 0.4619140625 0.2109375 0.4609375 0.2124023433962264 0.462890625 0.2241210933962264 0.46484375 0.22998046886792453 0.4736328125 0.2431640622641509 0.4775390625 0.24609375 0.4794921875 0.24609375 0.4833984375 0.2431640622641509 0.486328125 0.23876953113207547
9 0.5859375 0.2592773433962264 0.5859375 0.2504882811320755 0.5830078125 0.24609375 0.5791015625 0.2431640622641509 0.5751953125 0.24609375 0.564453125 0.2622070311320755 0.5625 0.2680664066037736 0.5625 0.2768554688679245 0.564453125 0.2856445311320755 0.5654296875 0.2871093754716981 0.5771484375 0.2871093754716981 0.580078125 0.2827148433962264 0.583984375 0.2709960933962264 0.5859375 0.2592773433962264
9 0.6923828125 0.29296875 0.6865234375 0.29296875 0.68359375 0.2973632811320755 0.681640625 0.3032226566037736 0.6796875 0.3120117188679245 0.6796875 0.3208007811320755 0.6826171875 0.32519531226415094 0.6845703125 0.32519531226415094 0.6904296875 0.31933593773584906 0.6953125 0.3090820311320755 0.6953125 0.2973632811320755 0.6923828125 0.29296875
9 0.599609375 0.3500976566037736 0.5947265625 0.34277343773584906 0.5888671875 0.34277343773584906 0.5859375 0.3471679688679245 0.5859375 0.3588867188679245 0.5888671875 0.36328125 0.5947265625 0.3691406245283019 0.6025390625 0.3691406245283019 0.603515625 0.3676757811320755 0.603515625 0.3588867188679245 0.599609375 0.3500976566037736
9 0.6123046875 0.41894531226415094 0.6083984375 0.4160156245283019 0.5947265625 0.4160156245283019 0.58984375 0.4233398433962264 0.58984375 0.4321289066037736 0.5947265625 0.4394531245283019 0.6083984375 0.4394531245283019 0.6123046875 0.43652343773584906 0.615234375 0.4321289066037736 0.615234375 0.4233398433962264 0.6123046875 0.41894531226415094