18 0.4619140625 0.30761718773584906 0.4697265625 0.3046875 0.4814453125 0.29589843773584906 0.5302734375 0.2490234377358491 0.533203125 0.2446289066037736 0.537109375 0.2358398433962264 0.541015625 0.2241210933962264 0.54296875 0.20654296886792453 0.54296875 0.2006835933962264 0.53515625 0.1655273433962264 0.533203125 0.15966796886792453 0.5234375 0.1420898433962264 0.5185546875 0.13476562452830187 0.4990234375 0.12011718773584906 0.4931640625 0.1171875 0.4658203125 0.1171875 0.4580078125 0.12011718773584906 0.4384765625 0.13769531226415094 0.4296875 0.1508789066037736 0.419921875 0.1743164066037736 0.416015625 0.1889648433962264 0.4140625 0.20654296886792453 0.4140625 0.23876953113207547 0.419921875 0.2651367188679245 0.421875 0.2709960933962264 0.42578125 0.2797851566037736 0.4404296875 0.2988281245283019 0.4560546875 0.30761718773584906 0.4619140625 0.30761718773584906
18 0.447265625 0.7104492188679246 0.44921875 0.7016601566037736 0.44921875 0.6987304688679246 0.447265625 0.6928710933962264 0.4443359375 0.688476562264151 0.4404296875 0.6855468754716981 0.4306640625 0.682617187735849 0.4052734375 0.682617187735849 0.4013671875 0.6855468754716981 0.396484375 0.6928710933962264 0.396484375 0.7045898433962264 0.3994140625 0.7089843754716981 0.4072265625 0.71484375 0.4306640625 0.717773437735849 0.4404296875 0.717773437735849 0.4443359375 0.71484375 0.447265625 0.7104492188679246
6 0.65625 0.7719726566037736 0.646484375 0.7192382811320754 0.6279296875 0.703125 0.6162109375 0.694335937735849 0.6044921875 0.688476562264151 0.5947265625 0.6855468754716981 0.5888671875 0.6855468754716981 0.5478515625 0.6972656245283019 0.5380859375 0.703125 0.533203125 0.7104492188679246 0.533203125 0.7221679688679246 0.5341796875 0.723632812264151 0.6396484375 0.8027343745283019 0.6455078125 0.8027343745283019 0.650390625 0.7954101566037736 0.65625 0.7778320311320754 0.65625 0.7719726566037736
6 0.3505859375 0.64453125 0.35546875 0.6372070311320754 0.35546875 0.6254882811320754 0.3505859375 0.618164062264151 0.3388671875 0.606445312264151 0.3330078125 0.6035156245283019 0.2880859375 0.588867187735849 0.2822265625 0.588867187735849 0.2392578125 0.6152343754716981 0.23828125 0.6166992188679246 0.23828125 0.6284179688679246 0.2412109375 0.6328125 0.2490234375 0.641601562264151 0.2880859375 0.676757812264151 0.2900390625 0.676757812264151 0.3310546875 0.659179687735849 0.3505859375 0.64453125
6 0.392578125 0.6313476566037736 0.392578125 0.6108398433962264 0.390625 0.5668945311320754 0.3828125 0.5288085933962264 0.3818359375 0.52734375 0.3525390625 0.5097656245283019 0.3349609375 0.5097656245283019 0.33203125 0.5141601566037736 0.326171875 0.5405273433962264 0.328125 0.5522460933962264 0.35546875 0.6137695311320754 0.3701171875 0.6328125 0.3818359375 0.641601562264151 0.3876953125 0.641601562264151 0.390625 0.6372070311320754 0.392578125 0.6313476566037736
6 0.4609375 0.6254882811320754 0.45703125 0.5493164066037736 0.435546875 0.49658203113207544 0.4267578125 0.483398437735849 0.4208984375 0.483398437735849 0.416015625 0.4907226566037736 0.404296875 0.5727539066037736 0.404296875 0.5786132811320754 0.427734375 0.6459960933962264 0.4287109375 0.647460937735849 0.4462890625 0.647460937735849 0.4541015625 0.641601562264151 0.458984375 0.6342773433962264 0.4609375 0.6254882811320754
6 0.5771484375 0.670898437735849 0.611328125 0.6137695311320754 0.611328125 0.6108398433962264 0.609375 0.6049804688679246 0.6025390625 0.594726562264151 0.5087890625 0.4863281245283018 0.5048828125 0.483398437735849 0.4990234375 0.483398437735849 0.494140625 0.4907226566037736 0.482421875 0.5756835933962264 0.49609375 0.6166992188679246 0.5029296875 0.6269531245283019 0.5361328125 0.665039062264151 0.5419921875 0.670898437735849 0.5498046875 0.676757812264151 0.5693359375 0.676757812264151 0.5771484375 0.670898437735849
6 0.658203125 0.5581054688679246 0.638671875 0.4614257811320755 0.6357421875 0.45703125 0.6044921875 0.44238281226415094 0.6025390625 0.44238281226415094 0.5927734375 0.44824218773584906 0.58984375 0.4526367188679245 0.58984375 0.48486328113207544 0.595703125 0.5493164066037736 0.6123046875 0.571289062264151 0.6396484375 0.583007812264151 0.6435546875 0.583007812264151 0.658203125 0.5610351566037736 0.658203125 0.5581054688679246
6 0.486328125 0.4262695311320755 0.4697265625 0.38378906226415094 0.4248046875 0.375 0.4189453125 0.375 0.3876953125 0.3984375 0.3818359375 0.4042968745283019 0.376953125 0.4116210933962264 0.375 0.4174804688679245 0.375 0.4262695311320755 0.3779296875 0.43066406226415094 0.4033203125 0.4511718745283019 0.4384765625 0.45410156226415094 0.4677734375 0.44824218773584906 0.4794921875 0.4394531245283019 0.486328125 0.4262695311320755
6 0.3583984375 0.3222656245283019 0.380859375 0.2885742188679245 0.380859375 0.2797851566037736 0.3740234375 0.26953125 0.3525390625 0.2578125 0.3486328125 0.2578125 0.3017578125 0.28417968773584906 0.298828125 0.2915039066037736 0.291015625 0.3237304688679245 0.2890625 0.3325195311320755 0.2890625 0.3500976566037736 0.291015625 0.3588867188679245 0.2939453125 0.36328125 0.2958984375 0.36328125 0.3349609375 0.34277343773584906 0.3525390625 0.328125 0.3583984375 0.3222656245283019
1 0.701171875 0.3237304688679245 0.703125 0.3178710933962264 0.703125 0.3061523433962264 0.701171875 0.3002929688679245 0.6923828125 0.2871093754716981 0.6708984375 0.27246093773584906 0.6689453125 0.27246093773584906 0.66796875 0.2739257811320755 0.666015625 0.2915039066037736 0.666015625 0.3032226566037736 0.66796875 0.3120117188679245 0.6806640625 0.33105468773584906 0.6845703125 0.3339843754716981 0.6923828125 0.3339843754716981 0.6962890625 0.33105468773584906 0.701171875 0.3237304688679245
1 0.513671875 0.3940429688679245 0.509765625 0.4028320311320755 0.509765625 0.4174804688679245 0.5224609375 0.44238281226415094 0.529296875 0.4321289066037736 0.529296875 0.3969726566037736 0.5244140625 0.38964843773584906 0.5166015625 0.38964843773584906 0.513671875 0.3940429688679245
1 0.287109375 0.2856445311320755 0.2822265625 0.28125 0.2783203125 0.28125 0.2685546875 0.28417968773584906 0.267578125 0.2856445311320755 0.265625 0.3032226566037736 0.26953125 0.3530273433962264 0.2705078125 0.35449218773584906 0.2783203125 0.35449218773584906 0.28515625 0.3442382811320755 0.291015625 0.3266601566037736 0.291015625 0.3002929688679245 0.287109375 0.2856445311320755
1 0.353515625 0.6635742188679246 0.3505859375 0.659179687735849 0.3447265625 0.659179687735849 0.3349609375 0.6621093754716981 0.3310546875 0.665039062264151 0.328125 0.6694335933962264 0.328125 0.6782226566037736 0.330078125 0.6840820311320754 0.3330078125 0.688476562264151 0.3427734375 0.688476562264151 0.3515625 0.6752929688679246 0.353515625 0.6694335933962264 0.353515625 0.6635742188679246
3 0.646484375 0.3647460933962264 0.646484375 0.3588867188679245 0.630859375 0.22998046886792453 0.6298828125 0.22851562452830187 0.5947265625 0.23730468773584906 0.5712890625 0.24609375 0.56640625 0.2563476566037736 0.55859375 0.2797851566037736 0.5546875 0.2973632811320755 0.5546875 0.3090820311320755 0.56640625 0.3413085933962264 0.5703125 0.3500976566037736 0.6044921875 0.4160156245283019 0.6083984375 0.4160156245283019 0.6201171875 0.41015625 0.646484375 0.3647460933962264
14 0.7177734375 0.57421875 0.7099609375 0.57421875 0.7041015625 0.577148437735849 0.6943359375 0.5859375 0.69140625 0.5903320311320754 0.69140625 0.5932617188679246 0.6943359375 0.59765625 0.7001953125 0.6035156245283019 0.7197265625 0.5859375 0.72265625 0.5815429688679246 0.72265625 0.5786132811320754 0.7177734375 0.57421875
9 0.3251953125 0.7089843754716981 0.3232421875 0.7089843754716981 0.3125 0.7221679688679246 0.310546875 0.7280273433962264 0.3125 0.7338867188679246 0.3154296875 0.73828125 0.3212890625 0.73828125 0.326171875 0.7309570311320754 0.328125 0.7221679688679246 0.328125 0.7133789066037736 0.3251953125 0.7089843754716981
9 0.39453125 0.7045898433962264 0.3916015625 0.700195312264151 0.3857421875 0.700195312264151 0.3759765625 0.706054687735849 0.373046875 0.7104492188679246 0.373046875 0.7221679688679246 0.3759765625 0.7265625 0.3818359375 0.7265625 0.3857421875 0.723632812264151 0.392578125 0.7133789066037736 0.39453125 0.7075195311320754 0.39453125 0.7045898433962264
9 0.4736328125 0.62109375 0.46875 0.6284179688679246 0.46484375 0.6372070311320754 0.46484375 0.6489257811320754 0.4697265625 0.65625 0.4716796875 0.65625 0.478515625 0.6459960933962264 0.478515625 0.6225585933962264 0.4775390625 0.62109375 0.4736328125 0.62109375
9 0.6923828125 0.6152343754716981 0.6845703125 0.6152343754716981 0.681640625 0.6196289066037736 0.6796875 0.6254882811320754 0.681640625 0.6459960933962264 0.6826171875 0.647460937735849 0.6865234375 0.647460937735849 0.69140625 0.6401367188679246 0.6953125 0.6284179688679246 0.6953125 0.6196289066037736 0.6923828125 0.6152343754716981
9 0.5185546875 0.3808593754716981 0.51953125 0.3793945311320755 0.51953125 0.3618164066037736 0.513671875 0.3471679688679245 0.5107421875 0.34277343773584906 0.5048828125 0.33691406226415094 0.4990234375 0.33691406226415094 0.4951171875 0.33984375 0.4921875 0.3442382811320755 0.4921875 0.3588867188679245 0.494140625 0.3647460933962264 0.4990234375 0.37207031226415094 0.5048828125 0.37792968773584906 0.5126953125 0.38378906226415094 0.5146484375 0.38378906226415094 0.5185546875 0.3808593754716981
9 0.2978515625 0.47753906226415094 0.2880859375 0.47753906226415094 0.2724609375 0.4863281245283018 0.26953125 0.4907226566037736 0.26953125 0.49951171886792456 0.2783203125 0.506835937735849 0.2900390625 0.5097656245283019 0.2939453125 0.5097656245283019 0.302734375 0.5024414066037736 0.302734375 0.48486328113207544 0.2978515625 0.47753906226415094
9 0.3681640625 0.4277343745283019 0.3642578125 0.4277343745283019 0.361328125 0.4321289066037736 0.357421875 0.4438476566037736 0.357421875 0.4526367188679245 0.3603515625 0.45703125 0.3642578125 0.45410156226415094 0.373046875 0.4409179688679245 0.373046875 0.4379882811320755 0.37109375 0.4321289066037736 0.3681640625 0.4277343745283019
9 0.29296875 0.4174804688679245 0.2880859375 0.41015625 0.2841796875 0.40722656226415094 0.2802734375 0.40722656226415094 0.2744140625 0.41015625 0.265625 0.4204101566037736 0.26171875 0.4291992188679245 0.26171875 0.4350585933962264 0.2646484375 0.4394531245283019 0.2724609375 0.4394531245283019 0.2861328125 0.43652343773584906 0.2890625 0.4321289066037736 0.29296875 0.4233398433962264 0.29296875 0.4174804688679245
9 0.3017578125 0.37207031226415094 0.298828125 0.3764648433962264 0.296875 0.3823242188679245 0.2998046875 0.38671875 0.3134765625 0.3808593754716981 0.31640625 0.3764648433962264 0.31640625 0.3706054688679245 0.3134765625 0.36621093773584906 0.3076171875 0.36621093773584906 0.3017578125 0.37207031226415094
9 0.3056640625 0.21679687452830187 0.3017578125 0.21972656226415094 0.294921875 0.22998046886792453 0.294921875 0.2416992188679245 0.2978515625 0.24609375 0.3017578125 0.24609375 0.306640625 0.23876953113207547 0.3125 0.2211914066037736 0.3095703125 0.21679687452830187 0.3056640625 0.21679687452830187
9 0.380859375 0.18017578113207547 0.3828125 0.15673828113207547 0.3828125 0.14501953113207547 0.3818359375 0.14355468773584906 0.3701171875 0.14355468773584906 0.369140625 0.14501953113207547 0.361328125 0.16845703113207547 0.361328125 0.18017578113207547 0.36328125 0.1860351566037736 0.3662109375 0.19042968773584906 0.3701171875 0.19335937547169813 0.3720703125 0.19335937547169813 0.3759765625 0.19042968773584906 0.380859375 0.18017578113207547
12 0.6962890625 0.711914062264151 0.6806640625 0.6972656245283019 0.6494140625 0.670898437735849 0.6396484375 0.665039062264151 0.6357421875 0.665039062264151 0.6279296875 0.670898437735849 0.62109375 0.6811523433962264 0.619140625 0.6899414066037736 0.6220703125 0.694335937735849 0.6884765625 0.735351562264151 0.6943359375 0.735351562264151 0.697265625 0.7309570311320754 0.69921875 0.7250976566037736 0.69921875 0.7192382811320754 0.6962890625 0.711914062264151