6 0.5615234375 0.2519531245283019 0.5703125 0.23876953113207547 0.576171875 0.2211914066037736 0.576171875 0.21826171886792453 0.55078125 0.12158203113207545 0.5498046875 0.12011718773584906 0.4619140625 0.13183593773584906 0.4453125 0.1625976566037736 0.439453125 0.18017578113207547 0.439453125 0.20654296886792453 0.443359375 0.21826171886792453 0.4580078125 0.23730468773584906 0.4794921875 0.25488281226415094 0.5146484375 0.26074218773584906 0.5478515625 0.26074218773584906 0.5615234375 0.2519531245283019
6 0.5703125 0.5375976566037736 0.583984375 0.4936523433962264 0.583984375 0.48779296886792456 0.5751953125 0.47753906226415094 0.5576171875 0.45996093773584906 0.5146484375 0.43652343773584906 0.5029296875 0.43652343773584906 0.498046875 0.4438476566037736 0.498046875 0.4467773433962264 0.509765625 0.49658203113207544 0.51953125 0.5258789066037736 0.5224609375 0.530273437735849 0.5458984375 0.5449218754716981 0.5654296875 0.5449218754716981 0.5703125 0.5375976566037736
18 0.681640625 0.4233398433962264 0.67578125 0.3852539066037736 0.673828125 0.3793945311320755 0.6689453125 0.37207031226415094 0.6611328125 0.36328125 0.654296875 0.3764648433962264 0.65234375 0.3823242188679245 0.65234375 0.4086914066037736 0.654296875 0.4204101566037736 0.66015625 0.4379882811320755 0.6689453125 0.4511718745283019 0.6767578125 0.4511718745283019 0.681640625 0.4438476566037736 0.681640625 0.4233398433962264
18 0.6796875 0.2475585933962264 0.6796875 0.2329101566037736 0.677734375 0.2241210933962264 0.65234375 0.16845703113207547 0.6435546875 0.15527343773584906 0.6416015625 0.15527343773584906 0.626953125 0.1772460933962264 0.625 0.18310546886792453 0.625 0.2124023433962264 0.62890625 0.2211914066037736 0.6337890625 0.22851562452830187 0.6416015625 0.23730468773584906 0.6494140625 0.2431640622641509 0.6767578125 0.2519531245283019 0.6796875 0.2475585933962264
18 0.4638671875 0.34277343773584906 0.4677734375 0.33984375 0.470703125 0.3354492188679245 0.470703125 0.3237304688679245 0.46875 0.3178710933962264 0.4287109375 0.25488281226415094 0.4248046875 0.2519531245283019 0.4189453125 0.2519531245283019 0.416015625 0.2563476566037736 0.408203125 0.2797851566037736 0.41015625 0.3002929688679245 0.4140625 0.3090820311320755 0.4248046875 0.32519531226415094 0.4306640625 0.33105468773584906 0.4384765625 0.33691406226415094 0.4521484375 0.34277343773584906 0.4638671875 0.34277343773584906
18 0.412109375 0.3999023433962264 0.4033203125 0.38671875 0.4013671875 0.38671875 0.3984375 0.3911132811320755 0.3828125 0.4409179688679245 0.3857421875 0.4453125 0.3876953125 0.4453125 0.3974609375 0.4394531245283019 0.4033203125 0.43359375 0.412109375 0.4204101566037736 0.4140625 0.4116210933962264 0.412109375 0.3999023433962264
3 0.28515625 0.3588867188679245 0.3154296875 0.40722656226415094 0.337890625 0.3735351566037736 0.337890625 0.3295898433962264 0.3232421875 0.31640625 0.2900390625 0.34277343773584906 0.287109375 0.3471679688679245 0.28515625 0.3588867188679245
3 0.3115234375 0.495117187735849 0.2880859375 0.495117187735849 0.287109375 0.49658203113207544 0.27734375 0.5170898433962264 0.2890625 0.5844726566037736 0.2900390625 0.5859375 0.3369140625 0.5683593754716981 0.337890625 0.5668945311320754 0.337890625 0.5639648433962264 0.326171875 0.5229492188679246 0.3115234375 0.495117187735849
3 0.548828125 0.5903320311320754 0.548828125 0.5844726566037736 0.5439453125 0.577148437735849 0.4619140625 0.4863281245283018 0.4580078125 0.4863281245283018 0.4306640625 0.5214843754716981 0.423828125 0.5317382811320754 0.404296875 0.6723632811320754 0.4052734375 0.6738281245283019 0.4482421875 0.682617187735849 0.4912109375 0.6796875 0.5126953125 0.676757812264151 0.5205078125 0.670898437735849 0.5234375 0.6665039066037736 0.548828125 0.5903320311320754
1 0.4111328125 0.1640625 0.3740234375 0.19335937547169813 0.373046875 0.19482421886792453 0.3857421875 0.21386718773584906 0.3974609375 0.21386718773584906 0.4033203125 0.2109375 0.412109375 0.2006835933962264 0.416015625 0.19189453113207547 0.416015625 0.1743164066037736 0.4111328125 0.1640625
1 0.392578125 0.6196289066037736 0.392578125 0.6108398433962264 0.3896484375 0.606445312264151 0.3564453125 0.609375 0.3515625 0.6196289066037736 0.349609375 0.6254882811320754 0.3515625 0.6313476566037736 0.3544921875 0.635742187735849 0.3603515625 0.6386718754716981 0.3779296875 0.6386718754716981 0.3857421875 0.6328125 0.390625 0.6254882811320754 0.392578125 0.6196289066037736
1 0.3779296875 0.758789062264151 0.38671875 0.7456054688679246 0.38671875 0.7397460933962264 0.384765625 0.7338867188679246 0.3779296875 0.7265625 0.3505859375 0.723632812264151 0.3466796875 0.723632812264151 0.345703125 0.7250976566037736 0.34375 0.7309570311320754 0.34375 0.7426757811320754 0.345703125 0.7514648433962264 0.3525390625 0.76171875 0.3583984375 0.764648437735849 0.3662109375 0.764648437735849 0.3740234375 0.76171875 0.3779296875 0.758789062264151
1 0.64453125 0.5346679688679246 0.6396484375 0.52734375 0.6318359375 0.52734375 0.6171875 0.5493164066037736 0.6171875 0.5581054688679246 0.6220703125 0.5625 0.6279296875 0.565429687735849 0.6318359375 0.565429687735849 0.6416015625 0.559570312264151 0.64453125 0.5522460933962264 0.64453125 0.5346679688679246
14 0.7060546875 0.618164062264151 0.6875 0.6313476566037736 0.68359375 0.6430664066037736 0.68359375 0.6518554688679246 0.6884765625 0.659179687735849 0.6923828125 0.659179687735849 0.7099609375 0.641601562264151 0.712890625 0.6372070311320754 0.7109375 0.6254882811320754 0.7060546875 0.618164062264151
20 0.3134765625 0.6152343754716981 0.310546875 0.6196289066037736 0.30078125 0.6430664066037736 0.298828125 0.6489257811320754 0.298828125 0.6635742188679246 0.3017578125 0.66796875 0.3095703125 0.66796875 0.3349609375 0.659179687735849 0.3359375 0.6577148433962264 0.33203125 0.6372070311320754 0.3134765625 0.6152343754716981
9 0.6142578125 0.24609375 0.6083984375 0.2431640622641509 0.6044921875 0.2431640622641509 0.6015625 0.2475585933962264 0.6015625 0.2563476566037736 0.6103515625 0.26953125 0.6162109375 0.26953125 0.619140625 0.2651367188679245 0.62109375 0.2592773433962264 0.619140625 0.2534179688679245 0.6142578125 0.24609375
9 0.5791015625 0.2636718754716981 0.572265625 0.2739257811320755 0.5703125 0.2797851566037736 0.5703125 0.2915039066037736 0.5751953125 0.29589843773584906 0.5791015625 0.29589843773584906 0.583984375 0.2885742188679245 0.583984375 0.2651367188679245 0.5830078125 0.2636718754716981 0.5791015625 0.2636718754716981
9 0.5732421875 0.3339843754716981 0.5595703125 0.3339843754716981 0.5556640625 0.33691406226415094 0.5546875 0.3383789066037736 0.5546875 0.3530273433962264 0.5556640625 0.35449218773584906 0.5615234375 0.3574218754716981 0.5732421875 0.34863281226415094 0.576171875 0.3442382811320755 0.576171875 0.3383789066037736 0.5732421875 0.3339843754716981
9 0.6572265625 0.32519531226415094 0.6435546875 0.32519531226415094 0.6396484375 0.328125 0.638671875 0.3295898433962264 0.638671875 0.3442382811320755 0.6416015625 0.34863281226415094 0.6474609375 0.34863281226415094 0.6572265625 0.34277343773584906 0.662109375 0.3325195311320755 0.662109375 0.3295898433962264 0.6572265625 0.32519531226415094
9 0.7353515625 0.375 0.7294921875 0.375 0.7216796875 0.3808593754716981 0.716796875 0.3881835933962264 0.716796875 0.3940429688679245 0.7216796875 0.40136718773584906 0.7275390625 0.40136718773584906 0.736328125 0.3881835933962264 0.73828125 0.3823242188679245 0.73828125 0.3793945311320755 0.7353515625 0.375
9 0.73828125 0.4584960933962264 0.7294921875 0.4453125 0.7255859375 0.44238281226415094 0.7216796875 0.44238281226415094 0.716796875 0.4497070311320755 0.716796875 0.4584960933962264 0.7197265625 0.4628906245283019 0.7236328125 0.46582031226415094 0.7294921875 0.46875 0.7353515625 0.46875 0.73828125 0.4643554688679245 0.73828125 0.4584960933962264
9 0.7314453125 0.506835937735849 0.7216796875 0.50390625 0.7177734375 0.50390625 0.712890625 0.5083007811320754 0.7109375 0.5141601566037736 0.712890625 0.5200195311320754 0.7158203125 0.524414062264151 0.7216796875 0.524414062264151 0.7294921875 0.518554687735849 0.732421875 0.5141601566037736 0.732421875 0.5083007811320754 0.7314453125 0.506835937735849
9 0.6298828125 0.42480468773584906 0.6220703125 0.41894531226415094 0.6142578125 0.4160156245283019 0.611328125 0.4204101566037736 0.611328125 0.4262695311320755 0.61328125 0.4321289066037736 0.6201171875 0.44238281226415094 0.6298828125 0.44238281226415094 0.6328125 0.4350585933962264 0.6328125 0.4291992188679245 0.6298828125 0.42480468773584906
9 0.677734375 0.5024414066037736 0.6708984375 0.4921875 0.6669921875 0.489257812264151 0.6650390625 0.489257812264151 0.6640625 0.4907226566037736 0.6640625 0.4936523433962264 0.66796875 0.5112304688679246 0.6708984375 0.518554687735849 0.6748046875 0.518554687735849 0.6796875 0.5112304688679246 0.6796875 0.5083007811320754 0.677734375 0.5024414066037736
9 0.7099609375 0.5566406245283019 0.7080078125 0.5566406245283019 0.7041015625 0.559570312264151 0.701171875 0.5639648433962264 0.703125 0.5698242188679246 0.7138671875 0.5800781245283019 0.7197265625 0.5800781245283019 0.72265625 0.5756835933962264 0.72265625 0.5639648433962264 0.7197265625 0.559570312264151 0.7099609375 0.5566406245283019
9 0.6044921875 0.6035156245283019 0.6025390625 0.6035156245283019 0.599609375 0.6079101566037736 0.59765625 0.6137695311320754 0.59765625 0.6313476566037736 0.6025390625 0.6386718754716981 0.6103515625 0.6386718754716981 0.611328125 0.6372070311320754 0.611328125 0.6225585933962264 0.607421875 0.6079101566037736 0.6044921875 0.6035156245283019
9 0.5810546875 0.665039062264151 0.580078125 0.6665039066037736 0.580078125 0.6752929688679246 0.5908203125 0.688476562264151 0.5927734375 0.688476562264151 0.59765625 0.6811523433962264 0.5908203125 0.6621093754716981 0.5849609375 0.6621093754716981 0.5810546875 0.665039062264151
9 0.6611328125 0.7089843754716981 0.65625 0.7163085933962264 0.654296875 0.7368164066037736 0.65625 0.7514648433962264 0.6650390625 0.758789062264151 0.6669921875 0.758789062264151 0.673828125 0.7485351566037736 0.67578125 0.7104492188679246 0.6728515625 0.706054687735849 0.6611328125 0.7089843754716981
9 0.5556640625 0.665039062264151 0.5517578125 0.665039062264151 0.5419921875 0.6738281245283019 0.541015625 0.6752929688679246 0.541015625 0.6870117188679246 0.5458984375 0.694335937735849 0.5576171875 0.69140625 0.5625 0.6840820311320754 0.5625 0.6723632811320754 0.5595703125 0.66796875 0.5556640625 0.665039062264151
9 0.4541015625 0.421875 0.4501953125 0.421875 0.4384765625 0.42480468773584906 0.435546875 0.4291992188679245 0.435546875 0.4350585933962264 0.4384765625 0.4394531245283019 0.4501953125 0.4453125 0.4541015625 0.4453125 0.458984375 0.4379882811320755 0.458984375 0.4291992188679245 0.4541015625 0.421875
9 0.4404296875 0.46875 0.4375 0.4731445311320755 0.43359375 0.4819335933962264 0.43359375 0.4936523433962264 0.4345703125 0.495117187735849 0.4404296875 0.495117187735849 0.451171875 0.4790039066037736 0.451171875 0.4760742188679245 0.4462890625 0.46875 0.4404296875 0.46875
9 0.3759765625 0.483398437735849 0.369140625 0.4936523433962264 0.3720703125 0.500976562264151 0.3876953125 0.500976562264151 0.390625 0.49658203113207544 0.390625 0.48486328113207544 0.3857421875 0.47753906226415094 0.3818359375 0.47753906226415094 0.3759765625 0.483398437735849
9 0.3408203125 0.43652343773584906 0.3330078125 0.44238281226415094 0.326171875 0.4526367188679245 0.3310546875 0.45996093773584906 0.3447265625 0.45996093773584906 0.349609375 0.4526367188679245 0.349609375 0.4438476566037736 0.3466796875 0.4394531245283019 0.3427734375 0.43652343773584906 0.3408203125 0.43652343773584906
9 0.3486328125 0.26660156226415094 0.3447265625 0.26660156226415094 0.3388671875 0.26953125 0.333984375 0.2768554688679245 0.333984375 0.2797851566037736 0.3388671875 0.2871093754716981 0.3466796875 0.2871093754716981 0.3505859375 0.28417968773584906 0.353515625 0.2797851566037736 0.353515625 0.2709960933962264 0.3486328125 0.26660156226415094
9 0.3564453125 0.26660156226415094 0.35546875 0.2680664066037736 0.35546875 0.2768554688679245 0.3583984375 0.28417968773584906 0.3623046875 0.28417968773584906 0.36328125 0.2827148433962264 0.36328125 0.2709960933962264 0.3603515625 0.26660156226415094 0.3564453125 0.26660156226415094
13 0.6123046875 0.594726562264151 0.5986328125 0.5917968754716981 0.59765625 0.5932617188679246 0.59765625 0.5961914066037736 0.6005859375 0.600585937735849 0.6083984375 0.6035156245283019 0.6181640625 0.6035156245283019 0.619140625 0.6020507811320754 0.6162109375 0.59765625 0.6123046875 0.594726562264151
11 0.6103515625 0.3691406245283019 0.6064453125 0.37207031226415094 0.603515625 0.3764648433962264 0.603515625 0.3940429688679245 0.6044921875 0.39550781226415094 0.6064453125 0.39550781226415094 0.607421875 0.3940429688679245 0.611328125 0.3764648433962264 0.611328125 0.3706054688679245 0.6103515625 0.3691406245283019
11 0.5556640625 0.30761718773584906 0.5517578125 0.30761718773584906 0.55078125 0.3090820311320755 0.55078125 0.3149414066037736 0.552734375 0.3208007811320755 0.5537109375 0.3222656245283019 0.5556640625 0.3222656245283019 0.5590875075 0.3276016377358491 0.556640625 0.3090820311320755 0.5556640625 0.30761718773584906
20 0.5126953125 0.33984375 0.5029296875 0.33691406226415094 0.4951171875 0.33691406226415094 0.494140625 0.3383789066037736 0.494140625 0.3413085933962264 0.5048828125 0.375 0.5205078125 0.37207031226415094 0.521484375 0.3706054688679245 0.5234375 0.3530273433962264 0.5166015625 0.34277343773584906 0.5126953125 0.33984375