6 0.29296875 0.3823242188679245 0.29296875 0.3559570311320755 0.2900390625 0.3515625 0.2646484375 0.3515625 0.2099609375 0.3808593754716981 0.201171875 0.3940429688679245 0.193359375 0.4086914066037736 0.193359375 0.4145507811320755 0.2001953125 0.4277343745283019 0.2099609375 0.43359375 0.2333984375 0.43359375 0.2900390625 0.3984375 0.291015625 0.3969726566037736 0.29296875 0.3823242188679245
18 0.4677734375 0.234375 0.4794921875 0.234375 0.4833984375 0.23144531226415094 0.494140625 0.21533203113207547 0.49609375 0.2094726566037736 0.498046875 0.2006835933962264 0.498046875 0.1860351566037736 0.494140625 0.1743164066037736 0.4912109375 0.16992187547169813 0.4736328125 0.15234375 0.4619140625 0.14355468773584906 0.4462890625 0.13476562452830187 0.4306640625 0.12890625 0.4130859375 0.12890625 0.4091796875 0.13183593773584906 0.400390625 0.14501953113207547 0.396484375 0.15673828113207547 0.396484375 0.1655273433962264 0.3984375 0.1743164066037736 0.40234375 0.18310546886792453 0.4111328125 0.19335937547169813 0.4208984375 0.20214843773584906 0.4501953125 0.22265625 0.4677734375 0.234375
14 0.22265625 0.5639648433962264 0.22265625 0.5815429688679246 0.2236328125 0.583007812264151 0.228515625 0.5756835933962264 0.228515625 0.5522460933962264 0.2255859375 0.547851562264151 0.224609375 0.5493164066037736 0.22265625 0.5639648433962264
9 0.6748046875 0.29589843773584906 0.6669921875 0.29589843773584906 0.666015625 0.2973632811320755 0.666015625 0.3208007811320755 0.6689453125 0.32519531226415094 0.6748046875 0.32519531226415094 0.677734375 0.3208007811320755 0.6796875 0.3149414066037736 0.67578125 0.2973632811320755 0.6748046875 0.29589843773584906
9 0.66015625 0.4028320311320755 0.6572265625 0.3984375 0.6494140625 0.3984375 0.6484375 0.3999023433962264 0.646484375 0.4057617188679245 0.646484375 0.4145507811320755 0.6484375 0.4233398433962264 0.6533203125 0.43066406226415094 0.6552734375 0.43066406226415094 0.658203125 0.4262695311320755 0.662109375 0.4086914066037736 0.66015625 0.4028320311320755
9 0.576171875 0.3002929688679245 0.5732421875 0.29589843773584906 0.5673828125 0.29589843773584906 0.5625 0.3032226566037736 0.5625 0.3120117188679245 0.564453125 0.3295898433962264 0.5654296875 0.33105468773584906 0.5693359375 0.33105468773584906 0.57421875 0.3266601566037736 0.578125 0.3090820311320755 0.576171875 0.3002929688679245
9 0.4853515625 0.33984375 0.4814453125 0.33691406226415094 0.4775390625 0.33984375 0.470703125 0.3500976566037736 0.470703125 0.3618164066037736 0.4716796875 0.36328125 0.4814453125 0.36328125 0.4853515625 0.36035156226415094 0.48828125 0.3559570311320755 0.48828125 0.3442382811320755 0.4853515625 0.33984375
9 0.357421875 0.3295898433962264 0.3466796875 0.31933593773584906 0.3427734375 0.31933593773584906 0.337890625 0.3266601566037736 0.337890625 0.3295898433962264 0.33984375 0.3354492188679245 0.3486328125 0.34863281226415094 0.3544921875 0.34863281226415094 0.359375 0.3413085933962264 0.359375 0.3354492188679245 0.357421875 0.3295898433962264
9 0.529296875 0.4262695311320755 0.5244140625 0.41894531226415094 0.5166015625 0.41894531226415094 0.509765625 0.4291992188679245 0.5078125 0.4350585933962264 0.5078125 0.4409179688679245 0.5107421875 0.4453125 0.5166015625 0.4453125 0.5244140625 0.4394531245283019 0.52734375 0.4350585933962264 0.529296875 0.4291992188679245 0.529296875 0.4262695311320755
0 0.529296875 0.6489257811320754 0.52734375 0.6547851566037736 0.5302734375 0.659179687735849 0.5341796875 0.659179687735849 0.53515625 0.6577148433962264 0.53515625 0.6459960933962264 0.5341796875 0.64453125 0.5322265625 0.64453125 0.529296875 0.6489257811320754
9 0.2666015625 0.6269531245283019 0.2626953125 0.6269531245283019 0.259765625 0.6313476566037736 0.259765625 0.6372070311320754 0.2646484375 0.64453125 0.2685546875 0.647460937735849 0.2705078125 0.647460937735849 0.2734375 0.6430664066037736 0.2734375 0.6372070311320754 0.2666015625 0.6269531245283019