18 0.7578125 0.7338867188679246 0.76171875 0.7104492188679246 0.765625 0.6430664066037736 0.765625 0.6342773433962264 0.763671875 0.6166992188679246 0.76171875 0.6108398433962264 0.7529296875 0.59765625 0.7412109375 0.5917968754716981 0.7373046875 0.5917968754716981 0.7255859375 0.600585937735849 0.71875 0.6137695311320754 0.7109375 0.6459960933962264 0.708984375 0.6635742188679246 0.708984375 0.7250976566037736 0.7109375 0.7338867188679246 0.7197265625 0.747070312264151 0.7294921875 0.752929687735849 0.7490234375 0.752929687735849 0.75390625 0.7456054688679246 0.7578125 0.7338867188679246
18 0.3525390625 0.44824218773584906 0.359375 0.4379882811320755 0.36328125 0.4233398433962264 0.361328125 0.4116210933962264 0.3564453125 0.4042968745283019 0.3525390625 0.40136718773584906 0.3310546875 0.3984375 0.3056640625 0.3984375 0.2939453125 0.40722656226415094 0.2890625 0.4145507811320755 0.2890625 0.4291992188679245 0.2939453125 0.43652343773584906 0.3037109375 0.44824218773584906 0.3134765625 0.4511718745283019 0.3369140625 0.45410156226415094 0.3486328125 0.4511718745283019 0.3525390625 0.44824218773584906
18 0.7841796875 0.45996093773584906 0.7890625 0.4526367188679245 0.798828125 0.4233398433962264 0.798828125 0.3940429688679245 0.7958984375 0.38671875 0.7880859375 0.38378906226415094 0.7255859375 0.41308593773584906 0.720703125 0.4204101566037736 0.720703125 0.4291992188679245 0.724609375 0.4467773433962264 0.7333984375 0.45996093773584906 0.7431640625 0.46582031226415094 0.7529296875 0.46875 0.7705078125 0.46875 0.7841796875 0.45996093773584906
6 0.7099609375 0.43066406226415094 0.7177734375 0.43359375 0.720703125 0.4291992188679245 0.771484375 0.2709960933962264 0.77734375 0.2475585933962264 0.77734375 0.2358398433962264 0.7744140625 0.23144531226415094 0.7333984375 0.22265625 0.7255859375 0.22558593773584906 0.72265625 0.22998046886792453 0.6953125 0.2973632811320755 0.685546875 0.3325195311320755 0.681640625 0.3471679688679245 0.681640625 0.3559570311320755 0.68359375 0.3735351566037736 0.6875 0.3940429688679245 0.69140625 0.4057617188679245 0.6953125 0.4145507811320755 0.7001953125 0.421875 0.7099609375 0.43066406226415094
6 0.70703125 0.5932617188679246 0.68359375 0.5200195311320754 0.6767578125 0.5097656245283019 0.6728515625 0.506835937735849 0.6669921875 0.506835937735849 0.6044921875 0.583007812264151 0.58984375 0.6108398433962264 0.5859375 0.6254882811320754 0.587890625 0.6577148433962264 0.58984375 0.6665039066037736 0.5986328125 0.6796875 0.6376953125 0.7324218754716981 0.6396484375 0.7324218754716981 0.70703125 0.5961914066037736 0.70703125 0.5932617188679246
6 0.501953125 0.4086914066037736 0.5009765625 0.40722656226415094 0.4931640625 0.40722656226415094 0.4833984375 0.41015625 0.4560546875 0.42480468773584906 0.451171875 0.4321289066037736 0.44140625 0.4526367188679245 0.4375 0.4672851566037736 0.43359375 0.5258789066037736 0.43359375 0.5493164066037736 0.435546875 0.5639648433962264 0.4462890625 0.583007812264151 0.4541015625 0.588867187735849 0.4560546875 0.588867187735849 0.486328125 0.4936523433962264 0.501953125 0.4086914066037736
7 0.5791015625 0.676757812264151 0.5537109375 0.670898437735849 0.5146484375 0.682617187735849 0.4716796875 0.6972656245283019 0.462890625 0.7133789066037736 0.4609375 0.7221679688679246 0.455078125 0.7543945311320754 0.455078125 0.7573242188679246 0.4560546875 0.758789062264151 0.5322265625 0.747070312264151 0.5791015625 0.729492187735849 0.580078125 0.7280273433962264 0.580078125 0.6782226566037736 0.5791015625 0.676757812264151
1 0.3740234375 0.6035156245283019 0.3681640625 0.6035156245283019 0.3642578125 0.606445312264151 0.361328125 0.6108398433962264 0.357421875 0.6196289066037736 0.353515625 0.6313476566037736 0.353515625 0.6459960933962264 0.357421875 0.6577148433962264 0.3642578125 0.665039062264151 0.3740234375 0.66796875 0.375 0.6665039066037736 0.38671875 0.6196289066037736 0.3740234375 0.6035156245283019
1 0.5859375 0.6225585933962264 0.5859375 0.6108398433962264 0.5830078125 0.606445312264151 0.5751953125 0.59765625 0.5634765625 0.59765625 0.560546875 0.6020507811320754 0.55859375 0.6079101566037736 0.55859375 0.6196289066037736 0.560546875 0.6254882811320754 0.5654296875 0.6328125 0.5693359375 0.635742187735849 0.5810546875 0.635742187735849 0.583984375 0.6313476566037736 0.5859375 0.6225585933962264
1 0.537109375 0.5581054688679246 0.5390625 0.5493164066037736 0.5390625 0.5375976566037736 0.53515625 0.5258789066037736 0.5322265625 0.5214843754716981 0.5283203125 0.518554687735849 0.5224609375 0.515625 0.5185546875 0.515625 0.517578125 0.5170898433962264 0.50390625 0.5551757811320754 0.50390625 0.5698242188679246 0.5087890625 0.577148437735849 0.5126953125 0.5800781245283019 0.5185546875 0.5800781245283019 0.5263671875 0.57421875 0.5341796875 0.565429687735849 0.537109375 0.5581054688679246
1 0.5751953125 0.512695312264151 0.5693359375 0.5097656245283019 0.5654296875 0.5097656245283019 0.5576171875 0.512695312264151 0.548828125 0.5258789066037736 0.548828125 0.5317382811320754 0.55078125 0.5405273433962264 0.5576171875 0.547851562264151 0.5751953125 0.547851562264151 0.580078125 0.5405273433962264 0.580078125 0.5200195311320754 0.5751953125 0.512695312264151
1 0.658203125 0.3706054688679245 0.6455078125 0.34863281226415094 0.6298828125 0.3574218754716981 0.625 0.3647460933962264 0.625 0.3823242188679245 0.6318359375 0.3925781245283019 0.6357421875 0.39550781226415094 0.6435546875 0.39550781226415094 0.654296875 0.3852539066037736 0.658203125 0.3735351566037736 0.658203125 0.3706054688679245
1 0.501953125 0.2827148433962264 0.50390625 0.2768554688679245 0.50390625 0.2739257811320755 0.5009765625 0.26660156226415094 0.4794921875 0.26660156226415094 0.4755859375 0.26953125 0.47265625 0.2739257811320755 0.47265625 0.2797851566037736 0.474609375 0.2856445311320755 0.4794921875 0.29296875 0.4833984375 0.29589843773584906 0.4912109375 0.29589843773584906 0.4951171875 0.29296875 0.501953125 0.2827148433962264
1 0.36328125 0.3354492188679245 0.36328125 0.3266601566037736 0.361328125 0.3208007811320755 0.3564453125 0.31640625 0.3505859375 0.31347656226415094 0.3486328125 0.31347656226415094 0.3369140625 0.31933593773584906 0.3310546875 0.32519531226415094 0.328125 0.3295898433962264 0.326171875 0.3354492188679245 0.326171875 0.3413085933962264 0.328125 0.3471679688679245 0.3310546875 0.3515625 0.3369140625 0.35449218773584906 0.3447265625 0.35449218773584906 0.3603515625 0.33984375 0.36328125 0.3354492188679245
1 0.396484375 0.2885742188679245 0.3935546875 0.28417968773584906 0.3896484375 0.28125 0.3681640625 0.2753906245283019 0.361328125 0.2973632811320755 0.359375 0.3061523433962264 0.359375 0.3090820311320755 0.361328125 0.3149414066037736 0.3681640625 0.32519531226415094 0.3740234375 0.32519531226415094 0.3857421875 0.31347656226415094 0.396484375 0.3002929688679245 0.396484375 0.2885742188679245
1 0.41796875 0.3120117188679245 0.4150390625 0.30761718773584906 0.4072265625 0.30175781226415094 0.3955078125 0.30175781226415094 0.38671875 0.3149414066037736 0.38671875 0.3295898433962264 0.390625 0.3383789066037736 0.3935546875 0.34277343773584906 0.4169921875 0.34277343773584906 0.419921875 0.3354492188679245 0.419921875 0.3178710933962264 0.41796875 0.3120117188679245
1 0.412109375 0.23876953113207547 0.4091796875 0.23144531226415094 0.4052734375 0.22851562452830187 0.3876953125 0.23144531226415094 0.384765625 0.2358398433962264 0.388671875 0.2475585933962264 0.3935546875 0.25488281226415094 0.4013671875 0.2578125 0.4052734375 0.2578125 0.4091796875 0.25488281226415094 0.412109375 0.2504882811320755 0.412109375 0.23876953113207547
1 0.6103515625 0.10839843773584906 0.6025390625 0.10253906226415094 0.5908203125 0.10253906226415094 0.5849609375 0.10546875 0.580078125 0.11279296886792453 0.576171875 0.12451171886792455 0.576171875 0.1391601566037736 0.5810546875 0.14648437547169813 0.6064453125 0.15527343773584906 0.6123046875 0.14941406226415094 0.619140625 0.1391601566037736 0.619140625 0.12158203113207545 0.6103515625 0.10839843773584906
3 0.736328125 0.18017578113207547 0.734375 0.1743164066037736 0.7294921875 0.16992187547169813 0.7216796875 0.16992187547169813 0.7119140625 0.17285156226415094 0.7021484375 0.18457031226415094 0.697265625 0.19189453113207547 0.693359375 0.2006835933962264 0.693359375 0.2241210933962264 0.6943359375 0.22558593773584906 0.7119140625 0.21386718773584906 0.7314453125 0.19628906226415094 0.734375 0.19189453113207547 0.736328125 0.1860351566037736 0.736328125 0.18017578113207547
3 0.5029296875 0.676757812264151 0.509765625 0.6665039066037736 0.509765625 0.6547851566037736 0.505859375 0.6225585933962264 0.50390625 0.6137695311320754 0.494140625 0.5932617188679246 0.4892578125 0.5859375 0.4873046875 0.5859375 0.486328125 0.5874023433962264 0.4609375 0.6401367188679246 0.46484375 0.6694335933962264 0.46875 0.6811523433962264 0.4736328125 0.688476562264151 0.4775390625 0.69140625 0.4833984375 0.69140625 0.4931640625 0.688476562264151 0.5029296875 0.676757812264151
3 0.375 0.6928710933962264 0.3740234375 0.69140625 0.3642578125 0.682617187735849 0.361328125 0.6899414066037736 0.353515625 0.7163085933962264 0.353515625 0.7485351566037736 0.3583984375 0.7558593754716981 0.3623046875 0.7558593754716981 0.3671875 0.7514648433962264 0.369140625 0.7456054688679246 0.375 0.7075195311320754 0.375 0.6928710933962264
18 0.4208984375 0.65625 0.4169921875 0.653320312264151 0.4130859375 0.653320312264151 0.41015625 0.6577148433962264 0.41015625 0.6635742188679246 0.416015625 0.6782226566037736 0.4169921875 0.6796875 0.4208984375 0.6796875 0.423828125 0.6752929688679246 0.423828125 0.6606445311320754 0.4208984375 0.65625
1 0.6357421875 0.32519531226415094 0.630859375 0.3325195311320755 0.630859375 0.3383789066037736 0.6337890625 0.34277343773584906 0.6416015625 0.34277343773584906 0.646484375 0.3354492188679245 0.6484375 0.3295898433962264 0.6455078125 0.32519531226415094 0.6357421875 0.32519531226415094
15 0.6201171875 0.31933593773584906 0.6162109375 0.31933593773584906 0.6123046875 0.3222656245283019 0.611328125 0.3237304688679245 0.611328125 0.3325195311320755 0.6162109375 0.33984375 0.6240234375 0.33984375 0.625 0.3383789066037736 0.625 0.3237304688679245 0.6240234375 0.3222656245283019 0.6201171875 0.31933593773584906
14 0.4228515625 0.6503906245283019 0.4189453125 0.653320312264151 0.41796875 0.6547851566037736 0.41796875 0.6606445311320754 0.4189453125 0.6621093754716981 0.4228515625 0.6621093754716981 0.4326171875 0.659179687735849 0.435546875 0.6547851566037736 0.4326171875 0.6503906245283019 0.4228515625 0.6503906245283019
9 0.40234375 0.6459960933962264 0.3994140625 0.6386718754716981 0.3955078125 0.635742187735849 0.3876953125 0.6328125 0.3818359375 0.6328125 0.37890625 0.6372070311320754 0.37890625 0.6430664066037736 0.3896484375 0.659179687735849 0.3935546875 0.6621093754716981 0.3955078125 0.6621093754716981 0.3994140625 0.659179687735849 0.40234375 0.6547851566037736 0.40234375 0.6459960933962264
9 0.3447265625 0.59765625 0.3291015625 0.59765625 0.328125 0.5991210933962264 0.328125 0.6079101566037736 0.3330078125 0.6152343754716981 0.3369140625 0.618164062264151 0.3466796875 0.618164062264151 0.349609375 0.6137695311320754 0.349609375 0.6049804688679246 0.3447265625 0.59765625
9 0.3251953125 0.571289062264151 0.3193359375 0.571289062264151 0.310546875 0.5844726566037736 0.310546875 0.5932617188679246 0.3134765625 0.59765625 0.3154296875 0.59765625 0.3251953125 0.5917968754716981 0.328125 0.5874023433962264 0.328125 0.5756835933962264 0.3251953125 0.571289062264151
9 0.4296875 0.5815429688679246 0.42578125 0.5727539066037736 0.4228515625 0.5683593754716981 0.4169921875 0.5683593754716981 0.416015625 0.5698242188679246 0.4140625 0.5786132811320754 0.4140625 0.5874023433962264 0.416015625 0.5932617188679246 0.4189453125 0.59765625 0.4228515625 0.600585937735849 0.4248046875 0.600585937735849 0.4296875 0.5932617188679246 0.4296875 0.5815429688679246
9 0.353515625 0.5288085933962264 0.3466796875 0.518554687735849 0.3408203125 0.518554687735849 0.337890625 0.5229492188679246 0.337890625 0.5346679688679246 0.34375 0.5493164066037736 0.3447265625 0.55078125 0.3486328125 0.55078125 0.3515625 0.5463867188679246 0.353515625 0.5346679688679246 0.353515625 0.5288085933962264
9 0.3662109375 0.4863281245283018 0.3603515625 0.48046875 0.3564453125 0.48046875 0.353515625 0.48486328113207544 0.35546875 0.49951171886792456 0.3583984375 0.506835937735849 0.3623046875 0.5097656245283019 0.3662109375 0.5097656245283019 0.37109375 0.5024414066037736 0.37109375 0.4936523433962264 0.3662109375 0.4863281245283018
9 0.486328125 0.5463867188679246 0.4853515625 0.5449218754716981 0.4814453125 0.5449218754716981 0.4755859375 0.55078125 0.470703125 0.5581054688679246 0.470703125 0.5698242188679246 0.4736328125 0.57421875 0.4775390625 0.577148437735849 0.4814453125 0.57421875 0.484375 0.5698242188679246 0.486328125 0.5639648433962264 0.486328125 0.5463867188679246
9 0.49609375 0.5581054688679246 0.4912109375 0.55078125 0.486328125 0.5581054688679246 0.484375 0.5698242188679246 0.484375 0.5786132811320754 0.4892578125 0.5859375 0.4931640625 0.5859375 0.498046875 0.5815429688679246 0.5 0.5756835933962264 0.5 0.5698242188679246 0.49609375 0.5581054688679246
9 0.599609375 0.5258789066037736 0.5947265625 0.5214843754716981 0.5849609375 0.5214843754716981 0.5810546875 0.524414062264151 0.580078125 0.5258789066037736 0.580078125 0.5375976566037736 0.5830078125 0.541992187735849 0.5869140625 0.5449218754716981 0.5888671875 0.5449218754716981 0.5966796875 0.5390625 0.599609375 0.5346679688679246 0.599609375 0.5258789066037736
9 0.736328125 0.5375976566037736 0.736328125 0.5200195311320754 0.7294921875 0.5097656245283019 0.7197265625 0.5097656245283019 0.712890625 0.5200195311320754 0.712890625 0.5288085933962264 0.71875 0.5522460933962264 0.7255859375 0.5625 0.7275390625 0.5625 0.732421875 0.5581054688679246 0.734375 0.5493164066037736 0.736328125 0.5375976566037736
9 0.74609375 0.5258789066037736 0.74609375 0.5141601566037736 0.7412109375 0.506835937735849 0.7392578125 0.506835937735849 0.7353515625 0.5097656245283019 0.734375 0.5112304688679246 0.734375 0.5170898433962264 0.736328125 0.5288085933962264 0.73828125 0.5346679688679246 0.7392578125 0.536132812264151 0.7412109375 0.536132812264151 0.744140625 0.5317382811320754 0.74609375 0.5258789066037736
9 0.81640625 0.48779296886792456 0.8095703125 0.47753906226415094 0.7919921875 0.47167968773584906 0.7880859375 0.47167968773584906 0.783203125 0.4790039066037736 0.7890625 0.4936523433962264 0.8017578125 0.515625 0.8115234375 0.512695312264151 0.81640625 0.5053710933962264 0.818359375 0.49951171886792456 0.818359375 0.4936523433962264 0.81640625 0.48779296886792456
9 0.62890625 0.4291992188679245 0.6259765625 0.42480468773584906 0.6181640625 0.42480468773584906 0.61328125 0.4321289066037736 0.61328125 0.4379882811320755 0.6201171875 0.44824218773584906 0.6259765625 0.45410156226415094 0.6298828125 0.45410156226415094 0.6328125 0.4497070311320755 0.6328125 0.4409179688679245 0.62890625 0.4291992188679245
9 0.5419921875 0.3984375 0.5380859375 0.40136718773584906 0.5302734375 0.41015625 0.529296875 0.4116210933962264 0.529296875 0.4204101566037736 0.5341796875 0.42480468773584906 0.5458984375 0.421875 0.548828125 0.4174804688679245 0.548828125 0.4057617188679245 0.5458984375 0.40136718773584906 0.5419921875 0.3984375
9 0.5419921875 0.31933593773584906 0.537109375 0.3266601566037736 0.53515625 0.3383789066037736 0.53515625 0.3500976566037736 0.5361328125 0.3515625 0.5400390625 0.3515625 0.548828125 0.3383789066037736 0.548828125 0.3266601566037736 0.5439453125 0.31933593773584906 0.5419921875 0.31933593773584906
9 0.578125 0.3354492188679245 0.5732421875 0.328125 0.5634765625 0.31933593773584906 0.560546875 0.3237304688679245 0.560546875 0.3354492188679245 0.564453125 0.3471679688679245 0.5673828125 0.3515625 0.5732421875 0.3515625 0.5771484375 0.34863281226415094 0.578125 0.3471679688679245 0.578125 0.3354492188679245
9 0.6923828125 0.2636718754716981 0.6845703125 0.2636718754716981 0.68359375 0.2651367188679245 0.677734375 0.2797851566037736 0.677734375 0.2885742188679245 0.6806640625 0.29296875 0.6884765625 0.29296875 0.69140625 0.2885742188679245 0.693359375 0.2768554688679245 0.693359375 0.2651367188679245 0.6923828125 0.2636718754716981
9 0.6396484375 0.29296875 0.6318359375 0.29003906226415094 0.6259765625 0.29003906226415094 0.623046875 0.2944335933962264 0.623046875 0.2973632811320755 0.625 0.3032226566037736 0.6337890625 0.31347656226415094 0.6396484375 0.31347656226415094 0.64453125 0.3061523433962264 0.64453125 0.3002929688679245 0.6396484375 0.29296875
9 0.615234375 0.2885742188679245 0.621725144375 0.3002382603773585 0.6328125 0.2651367188679245 0.6318359375 0.2636718754716981 0.6220703125 0.26074218773584906 0.615234375 0.2709960933962264 0.615234375 0.2885742188679245
9 0.6689453125 0.22558593773584906 0.6630859375 0.22558593773584906 0.658203125 0.2329101566037736 0.654296875 0.2416992188679245 0.654296875 0.2504882811320755 0.6552734375 0.2519531245283019 0.6630859375 0.2519531245283019 0.6669921875 0.2490234377358491 0.671875 0.2416992188679245 0.671875 0.22998046886792453 0.6689453125 0.22558593773584906
14 0.6787109375 0.31640625 0.6728515625 0.3222656245283019 0.671875 0.3237304688679245 0.671875 0.3471679688679245 0.6748046875 0.3515625 0.6787109375 0.3515625 0.68359375 0.3413085933962264 0.68359375 0.3178710933962264 0.6826171875 0.31640625 0.6787109375 0.31640625
9 0.6611328125 0.13769531226415094 0.6494140625 0.13769531226415094 0.634765625 0.14794921886792453 0.6328125 0.15673828113207547 0.6328125 0.1625976566037736 0.6357421875 0.16992187547169813 0.6455078125 0.16992187547169813 0.6591796875 0.16699218773584906 0.666015625 0.15673828113207547 0.666015625 0.14501953113207547 0.6611328125 0.13769531226415094
9 0.61328125 0.2094726566037736 0.6083984375 0.20507812452830187 0.5966796875 0.20800781226415094 0.59375 0.2124023433962264 0.59375 0.21826171886792453 0.5966796875 0.22265625 0.6064453125 0.22558593773584906 0.6103515625 0.22558593773584906 0.61328125 0.2211914066037736 0.615234375 0.21533203113207547 0.61328125 0.2094726566037736
9 0.6064453125 0.2519531245283019 0.6025390625 0.2490234377358491 0.5986328125 0.2519531245283019 0.595703125 0.2563476566037736 0.59375 0.2651367188679245 0.59375 0.2709960933962264 0.595703125 0.2797851566037736 0.6005859375 0.28417968773584906 0.607421875 0.2739257811320755 0.609375 0.2680664066037736 0.609375 0.2563476566037736 0.6064453125 0.2519531245283019
9 0.5791015625 0.28417968773584906 0.5712890625 0.28417968773584906 0.568359375 0.2885742188679245 0.568359375 0.2944335933962264 0.5703125 0.3032226566037736 0.5751953125 0.3105468754716981 0.5791015625 0.3105468754716981 0.583984375 0.3032226566037736 0.583984375 0.2944335933962264 0.5791015625 0.28417968773584906
9 0.6220703125 0.38671875 0.6123046875 0.3925781245283019 0.607421875 0.3999023433962264 0.6142578125 0.41015625 0.6181640625 0.41015625 0.6259765625 0.4042968745283019 0.62890625 0.3999023433962264 0.62890625 0.3911132811320755 0.6259765625 0.38671875 0.6220703125 0.38671875
9 0.5595703125 0.22265625 0.5556640625 0.22265625 0.5517578125 0.22558593773584906 0.548828125 0.22998046886792453 0.548828125 0.2534179688679245 0.5498046875 0.25488281226415094 0.5556640625 0.25488281226415094 0.55859375 0.2504882811320755 0.5625 0.23876953113207547 0.5625 0.22705078113207547 0.5595703125 0.22265625
9 0.5859375 0.19189453113207547 0.5810546875 0.18457031226415094 0.5771484375 0.18457031226415094 0.57421875 0.1889648433962264 0.572265625 0.19482421886792453 0.572265625 0.2006835933962264 0.5771484375 0.20800781226415094 0.5830078125 0.21386718773584906 0.5888671875 0.21386718773584906 0.58984375 0.2124023433962264 0.58984375 0.20654296886792453 0.5859375 0.19189453113207547
9 0.5693359375 0.19042968773584906 0.5576171875 0.1875 0.5556640625 0.1875 0.5546875 0.1889648433962264 0.552734375 0.19482421886792453 0.552734375 0.1977539066037736 0.5576171875 0.20507812452830187 0.5634765625 0.2109375 0.5693359375 0.2109375 0.57421875 0.20654296886792453 0.57421875 0.1977539066037736 0.5693359375 0.19042968773584906
9 0.560546875 0.1420898433962264 0.5576171875 0.13769531226415094 0.5517578125 0.13769531226415094 0.5439453125 0.140625 0.5400390625 0.14355468773584906 0.5390625 0.14501953113207547 0.5390625 0.1508789066037736 0.5419921875 0.15527343773584906 0.5498046875 0.15820312452830187 0.5595703125 0.15820312452830187 0.5625 0.1508789066037736 0.5625 0.14794921886792453 0.560546875 0.1420898433962264
9 0.484375 0.14794921886792453 0.482421875 0.15966796886792453 0.4873046875 0.16699218773584906 0.4931640625 0.16699218773584906 0.494140625 0.1655273433962264 0.494140625 0.14501953113207547 0.4912109375 0.140625 0.4892578125 0.140625 0.484375 0.14794921886792453
9 0.5322265625 0.20800781226415094 0.5224609375 0.20214843773584906 0.5166015625 0.20214843773584906 0.513671875 0.20654296886792453 0.513671875 0.2094726566037736 0.5224609375 0.22558593773584906 0.5263671875 0.22851562452830187 0.5302734375 0.22851562452830187 0.53515625 0.2241210933962264 0.53515625 0.2124023433962264 0.5322265625 0.20800781226415094
9 0.5185546875 0.21679687452830187 0.5107421875 0.21679687452830187 0.509765625 0.21826171886792453 0.5078125 0.2241210933962264 0.5078125 0.22705078113207547 0.509765625 0.2329101566037736 0.5166015625 0.24609375 0.5205078125 0.24609375 0.5234375 0.2416992188679245 0.5234375 0.2241210933962264 0.5185546875 0.21679687452830187
13 0.5283203125 0.26660156226415094 0.5244140625 0.26953125 0.521484375 0.2739257811320755 0.521484375 0.2768554688679245 0.5224609375 0.27832031226415094 0.5263671875 0.27832031226415094 0.5302734375 0.2753906245283019 0.533203125 0.2709960933962264 0.5302734375 0.26660156226415094 0.5283203125 0.26660156226415094
9 0.4677734375 0.10839843773584906 0.4599609375 0.10839843773584906 0.4521484375 0.11132812452830189 0.44921875 0.11572265660377358 0.44921875 0.11865234339622642 0.4521484375 0.12304687547169811 0.4560546875 0.12597656226415094 0.4677734375 0.12597656226415094 0.470703125 0.12158203113207545 0.470703125 0.11279296886792453 0.4677734375 0.10839843773584906
9 0.4775390625 0.20214843773584906 0.4697265625 0.20507812452830187 0.466796875 0.2094726566037736 0.466796875 0.21533203113207547 0.4755859375 0.22265625 0.4853515625 0.22265625 0.490234375 0.21533203113207547 0.490234375 0.20654296886792453 0.4873046875 0.20214843773584906 0.4775390625 0.20214843773584906
9 0.4794921875 0.22265625 0.4716796875 0.21679687452830187 0.4619140625 0.21679687452830187 0.4609375 0.21826171886792453 0.4609375 0.22998046886792453 0.4638671875 0.234375 0.4677734375 0.23730468773584906 0.4794921875 0.23730468773584906 0.482421875 0.2329101566037736 0.482421875 0.22998046886792453 0.4794921875 0.22265625
9 0.4306640625 0.17871093773584906 0.4150390625 0.17871093773584906 0.412109375 0.18310546886792453 0.412109375 0.19189453113207547 0.4169921875 0.19921875 0.4228515625 0.19921875 0.4287109375 0.19628906226415094 0.43359375 0.19189453113207547 0.43359375 0.18310546886792453 0.4306640625 0.17871093773584906
9 0.4833984375 0.2490234377358491 0.4775390625 0.2490234377358491 0.46875 0.2563476566037736 0.466796875 0.2622070311320755 0.4697265625 0.26660156226415094 0.4833984375 0.26660156226415094 0.4892578125 0.2636718754716981 0.490234375 0.2622070311320755 0.490234375 0.2592773433962264 0.48828125 0.2534179688679245 0.4833984375 0.2490234377358491
9 0.375 0.21826171886792453 0.3720703125 0.21386718773584906 0.3662109375 0.20800781226415094 0.3505859375 0.20800781226415094 0.345703125 0.2124023433962264 0.34375 0.21826171886792453 0.34375 0.22998046886792453 0.3466796875 0.234375 0.3505859375 0.23730468773584906 0.3642578125 0.24023437452830187 0.3701171875 0.23730468773584906 0.375 0.22998046886792453 0.375 0.21826171886792453
9 0.3447265625 0.2988281245283019 0.3408203125 0.29589843773584906 0.3349609375 0.29589843773584906 0.330078125 0.3032226566037736 0.333984375 0.3120117188679245 0.3388671875 0.31933593773584906 0.3427734375 0.31933593773584906 0.3466796875 0.31640625 0.34765625 0.3149414066037736 0.34765625 0.3032226566037736 0.3447265625 0.2988281245283019
9 0.427734375 0.2944335933962264 0.4228515625 0.2871093754716981 0.4189453125 0.2871093754716981 0.4140625 0.2944335933962264 0.4140625 0.3061523433962264 0.416015625 0.3120117188679245 0.4208984375 0.31933593773584906 0.4248046875 0.31933593773584906 0.42578125 0.3178710933962264 0.427734375 0.3061523433962264 0.427734375 0.2944335933962264
9 0.435546875 0.3354492188679245 0.4326171875 0.33105468773584906 0.4267578125 0.33105468773584906 0.419921875 0.3413085933962264 0.41796875 0.3500976566037736 0.41796875 0.3559570311320755 0.4208984375 0.36035156226415094 0.4248046875 0.36035156226415094 0.4345703125 0.3515625 0.435546875 0.3500976566037736 0.4375 0.3413085933962264 0.435546875 0.3354492188679245
9 0.4384765625 0.34863281226415094 0.43359375 0.3530273433962264 0.4296875 0.3647460933962264 0.4296875 0.3764648433962264 0.4326171875 0.3808593754716981 0.4384765625 0.3808593754716981 0.443359375 0.3735351566037736 0.443359375 0.3530273433962264 0.4404296875 0.34863281226415094 0.4384765625 0.34863281226415094
9 0.35546875 0.3618164066037736 0.3525390625 0.3574218754716981 0.3486328125 0.35449218773584906 0.3447265625 0.35449218773584906 0.3359375 0.3676757811320755 0.3359375 0.3793945311320755 0.3388671875 0.38378906226415094 0.3427734375 0.38378906226415094 0.3505859375 0.37792968773584906 0.353515625 0.3735351566037736 0.35546875 0.3676757811320755 0.35546875 0.3618164066037736
9 0.3896484375 0.4160156245283019 0.3837890625 0.4160156245283019 0.380859375 0.4204101566037736 0.375 0.4321289066037736 0.375 0.4379882811320755 0.3798828125 0.4453125 0.3837890625 0.4453125 0.388671875 0.4379882811320755 0.390625 0.4291992188679245 0.390625 0.4174804688679245 0.3896484375 0.4160156245283019