1 0.283203125 0.3618164066037736 0.27734375 0.3471679688679245 0.2666015625 0.33105468773584906 0.2568359375 0.32519531226415094 0.2451171875 0.32519531226415094 0.2294921875 0.33105468773584906 0.228515625 0.3325195311320755 0.228515625 0.3354492188679245 0.2373046875 0.35449218773584906 0.2744140625 0.4042968745283019 0.279296875 0.3999023433962264 0.28515625 0.3852539066037736 0.28515625 0.3735351566037736 0.283203125 0.3618164066037736
1 0.3525390625 0.19042968773584906 0.3427734375 0.19628906226415094 0.330078125 0.21533203113207547 0.3662109375 0.24609375 0.3798828125 0.22851562452830187 0.3828125 0.2211914066037736 0.380859375 0.2094726566037736 0.3720703125 0.19628906226415094 0.3642578125 0.19042968773584906 0.3525390625 0.19042968773584906
1 0.255859375 0.6752929688679246 0.255859375 0.6518554688679246 0.25390625 0.6459960933962264 0.248046875 0.6342773433962264 0.2431640625 0.6269531245283019 0.2353515625 0.62109375 0.2314453125 0.62109375 0.2275390625 0.624023437735849 0.22265625 0.6313476566037736 0.22265625 0.6430664066037736 0.2265625 0.6547851566037736 0.2294921875 0.659179687735849 0.2470703125 0.676757812264151 0.2509765625 0.6796875 0.2529296875 0.6796875 0.255859375 0.6752929688679246
1 0.685546875 0.6342773433962264 0.6806640625 0.6269531245283019 0.6748046875 0.624023437735849 0.64453125 0.6606445311320754 0.642578125 0.6694335933962264 0.6552734375 0.688476562264151 0.6611328125 0.688476562264151 0.6669921875 0.6855468754716981 0.6728515625 0.6796875 0.67578125 0.6752929688679246 0.685546875 0.6547851566037736 0.685546875 0.6342773433962264
1 0.5732421875 0.6269531245283019 0.5693359375 0.624023437735849 0.5537109375 0.6386718754716981 0.552734375 0.6401367188679246 0.552734375 0.6459960933962264 0.5576171875 0.653320312264151 0.5634765625 0.653320312264151 0.5712890625 0.647460937735849 0.576171875 0.6401367188679246 0.576171875 0.6313476566037736 0.5732421875 0.6269531245283019
1 0.5908203125 0.22558593773584906 0.5869140625 0.22558593773584906 0.58203125 0.2329101566037736 0.580078125 0.2446289066037736 0.58203125 0.2504882811320755 0.5849609375 0.25488281226415094 0.5947265625 0.25488281226415094 0.59765625 0.2504882811320755 0.59765625 0.2475585933962264 0.59375 0.22998046886792453 0.5908203125 0.22558593773584906
14 0.3447265625 0.35449218773584906 0.3408203125 0.35449218773584906 0.3193359375 0.36621093773584906 0.314453125 0.3735351566037736 0.3173828125 0.3808593754716981 0.3388671875 0.3808593754716981 0.3427734375 0.37792968773584906 0.345703125 0.3735351566037736 0.34765625 0.3676757811320755 0.34765625 0.3588867188679245 0.3447265625 0.35449218773584906
14 0.5380859375 0.4921875 0.5205078125 0.489257812264151 0.5107421875 0.4980468754716982 0.509765625 0.49951171886792456 0.509765625 0.5083007811320754 0.5205078125 0.524414062264151 0.5419921875 0.52734375 0.54296875 0.5258789066037736 0.544921875 0.49658203113207544 0.5439453125 0.495117187735849 0.5380859375 0.4921875
14 0.6171875 0.5844726566037736 0.6044921875 0.57421875 0.6005859375 0.57421875 0.5966796875 0.577148437735849 0.59375 0.5815429688679246 0.59375 0.5903320311320754 0.595703125 0.6020507811320754 0.5986328125 0.606445312264151 0.6083984375 0.6152343754716981 0.6123046875 0.612304687735849 0.61328125 0.6108398433962264 0.6171875 0.5844726566037736
21 0.5224609375 0.694335937735849 0.5234375 0.6928710933962264 0.5234375 0.6899414066037736 0.4892578125 0.612304687735849 0.4443359375 0.612304687735849 0.4248046875 0.629882812264151 0.423828125 0.6313476566037736 0.423828125 0.6342773433962264 0.43359375 0.6577148433962264 0.455078125 0.6958007811320754 0.4619140625 0.706054687735849 0.4677734375 0.7089843754716981 0.4833984375 0.7089843754716981 0.5224609375 0.694335937735849
18 0.28125 0.48779296886792456 0.28125 0.4819335933962264 0.27734375 0.4584960933962264 0.271484375 0.4409179688679245 0.2685546875 0.43652343773584906 0.2646484375 0.43359375 0.2607421875 0.43359375 0.255859375 0.4379882811320755 0.25390625 0.4467773433962264 0.25390625 0.4760742188679245 0.2578125 0.48779296886792456 0.2626953125 0.495117187735849 0.2705078125 0.500976562264151 0.2744140625 0.500976562264151 0.279296875 0.4936523433962264 0.28125 0.48779296886792456
18 0.435546875 0.5258789066037736 0.435546875 0.5170898433962264 0.43359375 0.5053710933962264 0.431640625 0.49951171886792456 0.4287109375 0.495117187735849 0.4228515625 0.495117187735849 0.419921875 0.49951171886792456 0.404296875 0.5434570311320754 0.404296875 0.5493164066037736 0.4052734375 0.55078125 0.4130859375 0.553710937735849 0.4248046875 0.553710937735849 0.4287109375 0.55078125 0.43359375 0.5405273433962264 0.435546875 0.5258789066037736
18 0.4765625 0.5815429688679246 0.470703125 0.5551757811320754 0.46875 0.5493164066037736 0.4638671875 0.541992187735849 0.4599609375 0.541992187735849 0.45703125 0.5463867188679246 0.45703125 0.5756835933962264 0.4609375 0.5903320311320754 0.4638671875 0.594726562264151 0.4697265625 0.600585937735849 0.4736328125 0.59765625 0.4765625 0.5932617188679246 0.4765625 0.5815429688679246
18 0.5126953125 0.31933593773584906 0.513671875 0.3178710933962264 0.515625 0.3090820311320755 0.515625 0.2915039066037736 0.51171875 0.2797851566037736 0.505859375 0.2680664066037736 0.4990234375 0.2578125 0.4951171875 0.25488281226415094 0.4833984375 0.25488281226415094 0.478515625 0.2622070311320755 0.478515625 0.2680664066037736 0.482421875 0.2827148433962264 0.494140625 0.3090820311320755 0.4970703125 0.31347656226415094 0.5009765625 0.31640625 0.5087890625 0.31933593773584906 0.5126953125 0.31933593773584906
18 0.5419921875 0.20507812452830187 0.546875 0.19482421886792453 0.546875 0.1860351566037736 0.544921875 0.1772460933962264 0.53125 0.14501953113207547 0.5244140625 0.13476562452830187 0.5166015625 0.13476562452830187 0.51171875 0.1420898433962264 0.51171875 0.1655273433962264 0.513671875 0.1772460933962264 0.515625 0.18310546886792453 0.51953125 0.19189453113207547 0.5263671875 0.19921875 0.5302734375 0.20214843773584906 0.5419921875 0.20507812452830187
9 0.494140625 0.1508789066037736 0.4892578125 0.14355468773584906 0.4853515625 0.140625 0.4716796875 0.13476562452830187 0.4677734375 0.13769531226415094 0.46484375 0.1420898433962264 0.46484375 0.1538085933962264 0.4716796875 0.1640625 0.4814453125 0.17285156226415094 0.4853515625 0.17285156226415094 0.490234375 0.16845703113207547 0.494140625 0.15966796886792453 0.494140625 0.1508789066037736
9 0.4521484375 0.23730468773584906 0.4482421875 0.24023437452830187 0.443359375 0.2475585933962264 0.443359375 0.2563476566037736 0.4462890625 0.26074218773584906 0.4541015625 0.26074218773584906 0.4609375 0.2504882811320755 0.4609375 0.2416992188679245 0.4580078125 0.23730468773584906 0.4521484375 0.23730468773584906
9 0.5615234375 0.30175781226415094 0.5576171875 0.30175781226415094 0.552734375 0.3090820311320755 0.552734375 0.3178710933962264 0.5556640625 0.32519531226415094 0.5654296875 0.32519531226415094 0.5703125 0.3178710933962264 0.5703125 0.3061523433962264 0.5693359375 0.3046875 0.5615234375 0.30175781226415094
9 0.619140625 0.3442382811320755 0.6123046875 0.33691406226415094 0.6083984375 0.33691406226415094 0.603515625 0.3442382811320755 0.609375 0.3618164066037736 0.6103515625 0.36328125 0.6162109375 0.36621093773584906 0.6201171875 0.36328125 0.62109375 0.3618164066037736 0.62109375 0.3500976566037736 0.619140625 0.3442382811320755
9 0.6318359375 0.32519531226415094 0.6259765625 0.328125 0.625 0.3295898433962264 0.623046875 0.3354492188679245 0.623046875 0.3413085933962264 0.6259765625 0.3457031245283019 0.6337890625 0.3457031245283019 0.638671875 0.3383789066037736 0.640625 0.3325195311320755 0.6376953125 0.32519531226415094 0.6318359375 0.32519531226415094
9 0.583984375 0.3823242188679245 0.5791015625 0.37792968773584906 0.5693359375 0.37792968773584906 0.564453125 0.3823242188679245 0.5625 0.3881835933962264 0.5625 0.3999023433962264 0.5703125 0.4204101566037736 0.5751953125 0.4277343745283019 0.5830078125 0.4277343745283019 0.587890625 0.4204101566037736 0.5859375 0.3911132811320755 0.583984375 0.3823242188679245
9 0.6875 0.4028320311320755 0.68359375 0.3881835933962264 0.6826171875 0.38671875 0.6728515625 0.38671875 0.671875 0.3881835933962264 0.671875 0.3940429688679245 0.673828125 0.4057617188679245 0.67578125 0.4116210933962264 0.6806640625 0.41894531226415094 0.6826171875 0.41894531226415094 0.6875 0.4116210933962264 0.6875 0.4028320311320755
9 0.6201171875 0.5214843754716981 0.6181640625 0.5214843754716981 0.615234375 0.5258789066037736 0.615234375 0.5375976566037736 0.6201171875 0.55078125 0.6279296875 0.55078125 0.630859375 0.5463867188679246 0.630859375 0.5346679688679246 0.6240234375 0.524414062264151 0.6201171875 0.5214843754716981
9 0.7021484375 0.559570312264151 0.6865234375 0.559570312264151 0.68359375 0.5639648433962264 0.68359375 0.5698242188679246 0.6865234375 0.57421875 0.6962890625 0.5800781245283019 0.7001953125 0.5800781245283019 0.705078125 0.5727539066037736 0.705078125 0.5639648433962264 0.7021484375 0.559570312264151
9 0.583984375 0.4790039066037736 0.5830078125 0.47753906226415094 0.5732421875 0.47167968773584906 0.5654296875 0.47167968773584906 0.5625 0.4760742188679245 0.5625 0.4819335933962264 0.5712890625 0.495117187735849 0.5751953125 0.4980468754716982 0.5771484375 0.4980468754716982 0.5810546875 0.495117187735849 0.583984375 0.4907226566037736 0.583984375 0.4790039066037736
9 0.4716796875 0.36621093773584906 0.470703125 0.3676757811320755 0.46875 0.3793945311320755 0.4736328125 0.38671875 0.4794921875 0.38378906226415094 0.48828125 0.3706054688679245 0.48828125 0.3647460933962264 0.4873046875 0.36328125 0.4775390625 0.36328125 0.4716796875 0.36621093773584906
9 0.46875 0.4497070311320755 0.4658203125 0.4453125 0.4619140625 0.44238281226415094 0.4501953125 0.44238281226415094 0.447265625 0.4467773433962264 0.447265625 0.4526367188679245 0.44921875 0.4584960933962264 0.4521484375 0.4628906245283019 0.4677734375 0.4628906245283019 0.470703125 0.4584960933962264 0.470703125 0.4555664066037736 0.46875 0.4497070311320755
9 0.3369140625 0.5097656245283019 0.3251953125 0.518554687735849 0.322265625 0.5229492188679246 0.322265625 0.5288085933962264 0.3271484375 0.5332031245283019 0.3408203125 0.5332031245283019 0.345703125 0.5258789066037736 0.345703125 0.5141601566037736 0.3408203125 0.5097656245283019 0.3369140625 0.5097656245283019
9 0.375 0.6254882811320754 0.3701171875 0.62109375 0.3681640625 0.62109375 0.3642578125 0.624023437735849 0.361328125 0.6313476566037736 0.357421875 0.6459960933962264 0.357421875 0.6489257811320754 0.3583984375 0.6503906245283019 0.3642578125 0.653320312264151 0.3740234375 0.641601562264151 0.376953125 0.6342773433962264 0.376953125 0.6313476566037736 0.375 0.6254882811320754
9 0.3095703125 0.706054687735849 0.2978515625 0.7089843754716981 0.296875 0.7104492188679246 0.296875 0.7192382811320754 0.3056640625 0.7265625 0.3134765625 0.7265625 0.318359375 0.7192382811320754 0.318359375 0.7133789066037736 0.3134765625 0.706054687735849 0.3095703125 0.706054687735849
3 0.2333984375 0.6035156245283019 0.232421875 0.6049804688679246 0.232421875 0.6166992188679246 0.2392578125 0.624023437735849 0.2607421875 0.6269531245283019 0.263671875 0.6225585933962264 0.263671875 0.6108398433962264 0.2607421875 0.606445312264151 0.2333984375 0.6035156245283019