20 0.291015625 0.4731445311320755 0.291015625 0.4379882811320755 0.2880859375 0.43359375 0.2705078125 0.43359375 0.267578125 0.4379882811320755 0.265625 0.4497070311320755 0.265625 0.4760742188679245 0.267578125 0.4819335933962264 0.2744140625 0.489257812264151 0.2783203125 0.489257812264151 0.2841796875 0.4863281245283018 0.287109375 0.4819335933962264 0.291015625 0.4731445311320755
9 0.4072265625 0.45410156226415094 0.4013671875 0.45410156226415094 0.39453125 0.4643554688679245 0.39453125 0.4790039066037736 0.3994140625 0.4863281245283018 0.4013671875 0.4863281245283018 0.41015625 0.4731445311320755 0.412109375 0.4672851566037736 0.412109375 0.4614257811320755 0.4072265625 0.45410156226415094
9 0.3701171875 0.688476562264151 0.3642578125 0.688476562264151 0.357421875 0.6958007811320754 0.35546875 0.7016601566037736 0.35546875 0.7075195311320754 0.3564453125 0.7089843754716981 0.3642578125 0.7089843754716981 0.3701171875 0.703125 0.373046875 0.6987304688679246 0.373046875 0.6928710933962264 0.3701171875 0.688476562264151
9 0.5029296875 0.6035156245283019 0.4912109375 0.6035156245283019 0.4833984375 0.612304687735849 0.482421875 0.6137695311320754 0.482421875 0.6254882811320754 0.4853515625 0.629882812264151 0.4912109375 0.629882812264151 0.4990234375 0.6269531245283019 0.505859375 0.6166992188679246 0.505859375 0.6079101566037736 0.5029296875 0.6035156245283019
9 0.5693359375 0.3339843754716981 0.5576171875 0.3339843754716981 0.556640625 0.3354492188679245 0.552734375 0.3442382811320755 0.552734375 0.3500976566037736 0.5556640625 0.35449218773584906 0.5615234375 0.35449218773584906 0.5673828125 0.3515625 0.5703125 0.3471679688679245 0.5703125 0.3354492188679245 0.5693359375 0.3339843754716981
3 0.7412109375 0.6855468754716981 0.7509765625 0.676757812264151 0.755859375 0.6694335933962264 0.8046875 0.5288085933962264 0.8046875 0.5258789066037736 0.796875 0.5053710933962264 0.78125 0.4760742188679245 0.7705078125 0.4628906245283019 0.7529296875 0.4453125 0.7353515625 0.4453125 0.7197265625 0.44824218773584906 0.71875 0.4497070311320755 0.671875 0.5815429688679246 0.671875 0.5874023433962264 0.673828125 0.6079101566037736 0.681640625 0.6430664066037736 0.68359375 0.6489257811320754 0.6884765625 0.65625 0.7275390625 0.6855468754716981 0.7412109375 0.6855468754716981
14 0.4033203125 0.3105468754716981 0.3837890625 0.3105468754716981 0.380859375 0.3149414066037736 0.380859375 0.3266601566037736 0.3818359375 0.328125 0.4091796875 0.3339843754716981 0.412109375 0.3295898433962264 0.412109375 0.3208007811320755 0.4072265625 0.31347656226415094 0.4033203125 0.3105468754716981
14 0.5595703125 0.547851562264151 0.5556640625 0.547851562264151 0.529296875 0.5698242188679246 0.52734375 0.5756835933962264 0.52734375 0.5786132811320754 0.5322265625 0.583007812264151 0.5576171875 0.5859375 0.560546875 0.5815429688679246 0.564453125 0.5698242188679246 0.564453125 0.5551757811320754 0.5595703125 0.547851562264151
14 0.62109375 0.5551757811320754 0.6181640625 0.55078125 0.6123046875 0.55078125 0.609375 0.5551757811320754 0.607421875 0.5639648433962264 0.607421875 0.5903320311320754 0.609375 0.5961914066037736 0.6103515625 0.59765625 0.6337890625 0.59765625 0.63671875 0.5903320311320754 0.63671875 0.5874023433962264 0.62109375 0.5551757811320754
9 0.6201171875 0.34277343773584906 0.6083984375 0.34277343773584906 0.603515625 0.3500976566037736 0.6015625 0.3559570311320755 0.6044921875 0.36035156226415094 0.6162109375 0.3691406245283019 0.6240234375 0.3691406245283019 0.626953125 0.3647460933962264 0.626953125 0.3500976566037736 0.6240234375 0.3457031245283019 0.6201171875 0.34277343773584906
9 0.57421875 0.1977539066037736 0.572265625 0.19189453113207547 0.5712890625 0.19042968773584906 0.5673828125 0.19042968773584906 0.560546875 0.2006835933962264 0.556640625 0.2094726566037736 0.5546875 0.21533203113207547 0.5546875 0.2241210933962264 0.556640625 0.22998046886792453 0.5576171875 0.23144531226415094 0.5673828125 0.23144531226415094 0.572265625 0.2211914066037736 0.57421875 0.2124023433962264 0.57421875 0.1977539066037736
9 0.4951171875 0.29589843773584906 0.4853515625 0.29589843773584906 0.482421875 0.3002929688679245 0.482421875 0.3208007811320755 0.4912109375 0.328125 0.4931640625 0.328125 0.494140625 0.3266601566037736 0.498046875 0.3120117188679245 0.49609375 0.2973632811320755 0.4951171875 0.29589843773584906
9 0.4306640625 0.612304687735849 0.4267578125 0.609375 0.4111328125 0.612304687735849 0.4033203125 0.618164062264151 0.39453125 0.6313476566037736 0.388671875 0.6430664066037736 0.384765625 0.6694335933962264 0.3896484375 0.676757812264151 0.4111328125 0.676757812264151 0.427734375 0.6518554688679246 0.431640625 0.6430664066037736 0.43359375 0.6313476566037736 0.43359375 0.6166992188679246 0.4306640625 0.612304687735849