1 0.421875 0.6430664066037736 0.416015625 0.6313476566037736 0.4091796875 0.62109375 0.3994140625 0.609375 0.396484375 0.6166992188679246 0.384765625 0.6811523433962264 0.384765625 0.7104492188679246 0.38671875 0.7192382811320754 0.3876953125 0.7207031245283019 0.3916015625 0.7207031245283019 0.392578125 0.7192382811320754 0.421875 0.6606445311320754 0.421875 0.6430664066037736
9 0.6435546875 0.31640625 0.6298828125 0.31933593773584906 0.626953125 0.3237304688679245 0.626953125 0.3325195311320755 0.6318359375 0.33984375 0.6357421875 0.33984375 0.6416015625 0.3339843754716981 0.646484375 0.3266601566037736 0.646484375 0.3208007811320755 0.6435546875 0.31640625
9 0.4873046875 0.29296875 0.4755859375 0.2988281245283019 0.470703125 0.3061523433962264 0.470703125 0.3120117188679245 0.4755859375 0.31933593773584906 0.4794921875 0.31933593773584906 0.4833984375 0.31640625 0.4921875 0.3032226566037736 0.4921875 0.3002929688679245 0.4873046875 0.29296875
9 0.3466796875 0.44238281226415094 0.3369140625 0.43652343773584906 0.3330078125 0.43652343773584906 0.3291015625 0.4394531245283019 0.326171875 0.4438476566037736 0.328125 0.4497070311320755 0.3310546875 0.45410156226415094 0.3349609375 0.45703125 0.3447265625 0.45996093773584906 0.349609375 0.4555664066037736 0.349609375 0.4467773433962264 0.3466796875 0.44238281226415094
9 0.2998046875 0.4921875 0.2919921875 0.4980468754716982 0.2890625 0.5024414066037736 0.2890625 0.5258789066037736 0.2919921875 0.530273437735849 0.2958984375 0.530273437735849 0.298828125 0.5258789066037736 0.302734375 0.5112304688679246 0.302734375 0.49658203113207544 0.2998046875 0.4921875
9 0.494140625 0.5874023433962264 0.4921875 0.5815429688679246 0.4833984375 0.5683593754716981 0.4794921875 0.565429687735849 0.4736328125 0.565429687735849 0.47265625 0.5668945311320754 0.470703125 0.5727539066037736 0.470703125 0.5844726566037736 0.474609375 0.5932617188679246 0.4775390625 0.59765625 0.4833984375 0.6035156245283019 0.4931640625 0.6035156245283019 0.494140625 0.6020507811320754 0.494140625 0.5874023433962264
9 0.5576171875 0.524414062264151 0.5498046875 0.52734375 0.5458984375 0.530273437735849 0.54296875 0.5346679688679246 0.54296875 0.5434570311320754 0.5498046875 0.553710937735849 0.5517578125 0.553710937735849 0.5634765625 0.547851562264151 0.580078125 0.5346679688679246 0.5732421875 0.524414062264151 0.5576171875 0.524414062264151
9 0.6396484375 0.565429687735849 0.6337890625 0.565429687735849 0.6259765625 0.571289062264151 0.62109375 0.5786132811320754 0.62109375 0.5874023433962264 0.6240234375 0.5917968754716981 0.6318359375 0.5917968754716981 0.640625 0.5786132811320754 0.642578125 0.5727539066037736 0.642578125 0.5698242188679246 0.6396484375 0.565429687735849
9 0.6904296875 0.524414062264151 0.685546875 0.5317382811320754 0.681640625 0.5434570311320754 0.681640625 0.5493164066037736 0.68359375 0.5551757811320754 0.6865234375 0.559570312264151 0.6904296875 0.559570312264151 0.6953125 0.5522460933962264 0.6953125 0.5288085933962264 0.6904296875 0.524414062264151
9 0.62890625 0.6752929688679246 0.6259765625 0.670898437735849 0.6201171875 0.670898437735849 0.6171875 0.6752929688679246 0.6171875 0.6782226566037736 0.6201171875 0.682617187735849 0.6240234375 0.6855468754716981 0.6298828125 0.6855468754716981 0.630859375 0.6840820311320754 0.630859375 0.6811523433962264 0.62890625 0.6752929688679246
14 0.4931640625 0.46582031226415094 0.4873046875 0.47167968773584906 0.48046875 0.4819335933962264 0.48046875 0.49658203113207544 0.4853515625 0.50390625 0.4873046875 0.50390625 0.4921875 0.49658203113207544 0.50390625 0.4702148433962264 0.4990234375 0.46582031226415094 0.4931640625 0.46582031226415094
1 0.587890625 0.4438476566037736 0.591796875 0.4350585933962264 0.591796875 0.4291992188679245 0.58984375 0.4204101566037736 0.5791015625 0.4042968745283019 0.5751953125 0.4042968745283019 0.5576171875 0.41015625 0.5537109375 0.41308593773584906 0.548828125 0.4204101566037736 0.548828125 0.4350585933962264 0.5595703125 0.4511718745283019 0.5634765625 0.45410156226415094 0.5712890625 0.45703125 0.5771484375 0.45703125 0.5810546875 0.45410156226415094 0.587890625 0.4438476566037736
14 0.5556640625 0.3808593754716981 0.552734375 0.3852539066037736 0.548828125 0.3999023433962264 0.5576171875 0.41015625 0.5654296875 0.41015625 0.568359375 0.4057617188679245 0.5703125 0.3999023433962264 0.5703125 0.3940429688679245 0.5615234375 0.3808593754716981 0.5556640625 0.3808593754716981