18 0.728515625 0.2768554688679245 0.728515625 0.2651367188679245 0.7255859375 0.26074218773584906 0.7197265625 0.2578125 0.7158203125 0.2578125 0.7119140625 0.26074218773584906 0.701171875 0.2768554688679245 0.693359375 0.3002929688679245 0.693359375 0.3120117188679245 0.6953125 0.3237304688679245 0.6982421875 0.328125 0.7021484375 0.33105468773584906 0.7041015625 0.33105468773584906 0.712890625 0.3178710933962264 0.728515625 0.2768554688679245
18 0.572265625 0.6899414066037736 0.57421875 0.6782226566037736 0.57421875 0.6108398433962264 0.5703125 0.5991210933962264 0.5673828125 0.594726562264151 0.5615234375 0.588867187735849 0.5537109375 0.588867187735849 0.5498046875 0.5917968754716981 0.541015625 0.6049804688679246 0.5390625 0.6166992188679246 0.541015625 0.6752929688679246 0.54296875 0.6811523433962264 0.5517578125 0.694335937735849 0.5595703125 0.6972656245283019 0.5634765625 0.6972656245283019 0.5693359375 0.694335937735849 0.572265625 0.6899414066037736
18 0.5078125 0.6928710933962264 0.5068359375 0.69140625 0.4951171875 0.688476562264151 0.4853515625 0.688476562264151 0.4755859375 0.694335937735849 0.470703125 0.7016601566037736 0.46875 0.7075195311320754 0.466796875 0.7163085933962264 0.466796875 0.7338867188679246 0.470703125 0.7456054688679246 0.4716796875 0.747070312264151 0.4736328125 0.747070312264151 0.5009765625 0.71484375 0.505859375 0.7075195311320754 0.5078125 0.6928710933962264
18 0.4140625 0.3823242188679245 0.416015625 0.3706054688679245 0.4140625 0.3647460933962264 0.4091796875 0.3574218754716981 0.3974609375 0.3574218754716981 0.380859375 0.3823242188679245 0.373046875 0.3969726566037736 0.373046875 0.4028320311320755 0.375 0.4174804688679245 0.3798828125 0.42480468773584906 0.3896484375 0.42480468773584906 0.396484375 0.4174804688679245 0.412109375 0.3881835933962264 0.4140625 0.3823242188679245
6 0.3955078125 0.23730468773584906 0.3623046875 0.23730468773584906 0.3232421875 0.26074218773584906 0.30859375 0.3061523433962264 0.302734375 0.3676757811320755 0.3056640625 0.37207031226415094 0.3466796875 0.37792968773584906 0.39453125 0.3002929688679245 0.40625 0.2504882811320755 0.40625 0.2475585933962264 0.4033203125 0.2431640622641509 0.3955078125 0.23730468773584906
20 0.705078125 0.2006835933962264 0.705078125 0.1889648433962264 0.703125 0.18310546886792453 0.7001953125 0.17871093773584906 0.6904296875 0.17871093773584906 0.6845703125 0.18164062452830187 0.6748046875 0.19335937547169813 0.66796875 0.20361328113207547 0.666015625 0.2094726566037736 0.666015625 0.21826171886792453 0.6689453125 0.22265625 0.6767578125 0.22265625 0.6845703125 0.21972656226415094 0.6904296875 0.21679687452830187 0.6982421875 0.2109375 0.705078125 0.2006835933962264
20 0.603515625 0.5317382811320754 0.58209675875 0.5085112037735849 0.5653021175 0.5240690811320755 0.55245915625 0.5406147669811321 0.554764313125 0.5574073886792452 0.5693359375 0.5683593754716981 0.5791015625 0.5683593754716981 0.5888671875 0.565429687735849 0.5927734375 0.5625 0.595703125 0.5581054688679246 0.603515625 0.5317382811320754
20 0.4677734375 0.38378906226415094 0.4609375 0.3911132811320755 0.458984375 0.3999023433962264 0.45703125 0.4467773433962264 0.4580078125 0.44824218773584906 0.4599609375 0.44824218773584906 0.4951171875 0.42480468773584906 0.505859375 0.4086914066037736 0.4892578125 0.37792968773584906 0.4736328125 0.3808593754716981 0.4677734375 0.38378906226415094
20 0.494140625 0.20361328113207547 0.4931640625 0.20214843773584906 0.4912109375 0.20214843773584906 0.4765625 0.2241210933962264 0.462890625 0.2563476566037736 0.462890625 0.2592773433962264 0.46484375 0.2651367188679245 0.4677734375 0.26953125 0.4736328125 0.26953125 0.4892578125 0.2490234377358491 0.494140625 0.23876953113207547 0.494140625 0.20361328113207547
7 0.68130961625 0.6751503735849057 0.6396484375 0.6796875 0.6279296875 0.6855468754716981 0.603515625 0.7075195311320754 0.599609375 0.7221679688679246 0.60546875 0.7602539066037736 0.6064453125 0.76171875 0.6982421875 0.7265625 0.69921875 0.7250976566037736 0.69921875 0.7221679688679246 0.6844380200000001 0.6832997377358491 0.68130961625 0.6751503735849057
7 0.3642578125 0.565429687735849 0.3544921875 0.571289062264151 0.349609375 0.5786132811320754 0.349609375 0.5961914066037736 0.3525390625 0.600585937735849 0.3935546875 0.6386718754716981 0.40625 0.6284179688679246 0.40625 0.6225585933962264 0.3740234375 0.571289062264151 0.3642578125 0.565429687735849
7 0.572265625 0.2592773433962264 0.564453125 0.2768554688679245 0.560546875 0.2915039066037736 0.556640625 0.3618164066037736 0.556640625 0.3735351566037736 0.5615234375 0.38671875 0.5703125 0.3706054688679245 0.58984375 0.2504882811320755 0.5849609375 0.2431640622641509 0.5810546875 0.24609375 0.572265625 0.2592773433962264
14 0.6259765625 0.606445312264151 0.6220703125 0.606445312264151 0.62109375 0.6079101566037736 0.619140625 0.6166992188679246 0.62890625 0.6372070311320754 0.6396484375 0.653320312264151 0.6435546875 0.65625 0.6474609375 0.653320312264151 0.650390625 0.6489257811320754 0.650390625 0.6430664066037736 0.6259765625 0.606445312264151
14 0.7451171875 0.37792968773584906 0.732421875 0.3969726566037736 0.728515625 0.4086914066037736 0.728515625 0.4174804688679245 0.7294921875 0.41894531226415094 0.7333984375 0.41894531226415094 0.7373046875 0.4160156245283019 0.7578125 0.3881835933962264 0.7509765625 0.37792968773584906 0.7451171875 0.37792968773584906
9 0.359375 0.5024414066037736 0.3505859375 0.495117187735849 0.3349609375 0.495117187735849 0.3212890625 0.506835937735849 0.318359375 0.5112304688679246 0.318359375 0.5229492188679246 0.3212890625 0.52734375 0.3271484375 0.5332031245283019 0.3291015625 0.5332031245283019 0.3466796875 0.52734375 0.35546875 0.5141601566037736 0.359375 0.5024414066037736
9 0.6220703125 0.31640625 0.6162109375 0.31347656226415094 0.6103515625 0.31347656226415094 0.607421875 0.3178710933962264 0.607421875 0.3266601566037736 0.6142578125 0.33691406226415094 0.6181640625 0.33984375 0.6220703125 0.33984375 0.626953125 0.3325195311320755 0.626953125 0.3237304688679245 0.6220703125 0.31640625
21 0.548828125 0.15673828113207547 0.5478515625 0.15527343773584906 0.5185546875 0.12890625 0.5068359375 0.13476562452830187 0.505859375 0.13623046886792453 0.501953125 0.1625976566037736 0.501953125 0.1743164066037736 0.505859375 0.18310546886792453 0.5087890625 0.1875 0.5166015625 0.19335937547169813 0.5205078125 0.19335937547169813 0.548828125 0.17138671886792453 0.548828125 0.15673828113207547
21 0.6796875 0.4643554688679245 0.6708984375 0.44824218773584906 0.6669921875 0.44824218773584906 0.6630859375 0.4511718745283019 0.66015625 0.4555664066037736 0.6484375 0.4790039066037736 0.642578125 0.5024414066037736 0.642578125 0.5083007811320754 0.6435546875 0.5097656245283019 0.6591796875 0.500976562264151 0.6748046875 0.489257812264151 0.677734375 0.4819335933962264 0.6796875 0.4702148433962264 0.6796875 0.4643554688679245
1 0.390625 0.7309570311320754 0.392578125 0.7192382811320754 0.392578125 0.7104492188679246 0.390625 0.7016601566037736 0.3876953125 0.6972656245283019 0.3564453125 0.700195312264151 0.35546875 0.7016601566037736 0.353515625 0.7104492188679246 0.353515625 0.7163085933962264 0.357421875 0.7309570311320754 0.3642578125 0.741210937735849 0.3681640625 0.7441406245283019 0.3779296875 0.7441406245283019 0.3857421875 0.73828125 0.390625 0.7309570311320754
1 0.484375 0.6166992188679246 0.484375 0.5991210933962264 0.4794921875 0.5917968754716981 0.4716796875 0.5917968754716981 0.4677734375 0.594726562264151 0.46484375 0.5991210933962264 0.453125 0.6225585933962264 0.44921875 0.6342773433962264 0.44921875 0.6372070311320754 0.451171875 0.6430664066037736 0.4541015625 0.647460937735849 0.4580078125 0.6503906245283019 0.4658203125 0.647460937735849 0.48046875 0.6254882811320754 0.484375 0.6166992188679246
1 0.416015625 0.5170898433962264 0.4111328125 0.5097656245283019 0.3994140625 0.5097656245283019 0.390625 0.5229492188679246 0.390625 0.5288085933962264 0.392578125 0.5375976566037736 0.3974609375 0.5449218754716981 0.4111328125 0.5449218754716981 0.4140625 0.5405273433962264 0.416015625 0.5346679688679246 0.416015625 0.5170898433962264
1 0.4951171875 0.4863281245283018 0.4873046875 0.4863281245283018 0.484375 0.4907226566037736 0.484375 0.5083007811320754 0.4873046875 0.512695312264151 0.4931640625 0.512695312264151 0.4990234375 0.5097656245283019 0.501953125 0.5053710933962264 0.501953125 0.49658203113207544 0.4951171875 0.4863281245283018
1 0.734375 0.4409179688679245 0.7294921875 0.4277343745283019 0.7255859375 0.42480468773584906 0.7177734375 0.42480468773584906 0.708984375 0.4379882811320755 0.708984375 0.4497070311320755 0.71484375 0.4731445311320755 0.7177734375 0.47753906226415094 0.7197265625 0.47753906226415094 0.732421875 0.4614257811320755 0.734375 0.4555664066037736 0.734375 0.4409179688679245
15 0.7314453125 0.65625 0.7373046875 0.653320312264151 0.7685546875 0.624023437735849 0.77734375 0.6108398433962264 0.78125 0.5991210933962264 0.78125 0.5815429688679246 0.775390625 0.5639648433962264 0.7685546875 0.553710937735849 0.7607421875 0.5449218754716981 0.7529296875 0.5390625 0.7451171875 0.536132812264151 0.7255859375 0.536132812264151 0.7158203125 0.5390625 0.7041015625 0.547851562264151 0.6953125 0.5610351566037736 0.69140625 0.5698242188679246 0.6875 0.5815429688679246 0.6875 0.6137695311320754 0.689453125 0.6225585933962264 0.69140625 0.6284179688679246 0.7021484375 0.64453125 0.7080078125 0.6503906245283019 0.7158203125 0.65625 0.7314453125 0.65625