14 0.58766025625 0.08389423113207548 0.585737179375 0.08774038490566037 0.5860576925000001 0.09182692264150943 0.5911858975 0.10336538490566037 0.599519230625 0.1132211537735849 0.600641025625 0.11129807735849057 0.596955128125 0.1 0.5918269231250001 0.0899038462264151 0.58766025625 0.08389423113207548
9 0.48125 0.06971153867924529 0.480769230625 0.06418269245283019 0.47884615375 0.05985576886792453 0.45881410250000004 0.05240384622641509 0.455769230625 0.05360576886792452 0.45128205125 0.06057692264150944 0.45096153875 0.06322115377358489 0.450480769375 0.07620192264150943 0.4514423075 0.0805288462264151 0.4548076925 0.08389423113207548 0.46666666687499997 0.08774038490566037 0.470673076875 0.08774038490566037 0.474358974375 0.08341346132075471 0.479487179375 0.0757211537735849 0.48125 0.06971153867924529
9 0.57884615375 0.08076923113207547 0.5836538462499999 0.07620192264150943 0.58653846125 0.0694711537735849 0.5875 0.0625 0.585897435625 0.05697115377358491 0.57996794875 0.049759615094339626 0.572916666875 0.047115384905660376 0.559615384375 0.04615384622641509 0.552884615625 0.048798077358490566 0.540865384375 0.057211538679245284 0.536698718125 0.06418269245283019 0.535416666875 0.06826923113207548 0.53525641 0.07235576886792452 0.53621794875 0.07644230754716981 0.5389423074999999 0.08076923113207547 0.543108974375 0.08413461509433963 0.55224359 0.08725961509433963 0.565705128125 0.08798076886792452 0.568269230625 0.0875 0.57884615375 0.08076923113207547
14 0.43541666687499997 0.1266826924528302 0.411698718125 0.14254807735849057 0.410737179375 0.14879807735849057 0.41057692312500005 0.15408653867924527 0.411698718125 0.15625 0.41987179500000005 0.16129807735849058 0.435897435625 0.15024038490566038 0.44278846125 0.14254807735849057 0.44711538437500004 0.1305288462264151 0.44727564125 0.12475961509433962 0.43541666687499997 0.1266826924528302
9 0.685416666875 0.18725961509433964 0.693269230625 0.16899038490566037 0.6950320512499999 0.16225961509433962 0.6945512818749999 0.1579326924528302 0.693269230625 0.1545673075471698 0.6889423075000001 0.1507211537735849 0.66778846125 0.16201923113207548 0.6536858975 0.18076923113207546 0.65016025625 0.18942307735849057 0.6487179487500001 0.1975961537735849 0.64775641 0.2057692311320755 0.6487179487500001 0.20985576886792454 0.65016025625 0.21201923113207546 0.6584935900000001 0.2144230773584906 0.6645833331250001 0.21274038490566038 0.66971153875 0.209375 0.6799679487500001 0.19807692264150942 0.685416666875 0.18725961509433964
9 0.5836538462499999 0.14399038490566038 0.580448718125 0.14206730754716979 0.576121795 0.14375 0.57371794875 0.14663461509433962 0.572115384375 0.153125 0.576121795 0.18942307735849057 0.591666666875 0.2161057688679245 0.59983974375 0.2233173075471698 0.601602564375 0.22067307735849057 0.607852564375 0.19326923113207548 0.606730769375 0.18149038490566038 0.59871794875 0.16129807735849058 0.5836538462499999 0.14399038490566038
18 0.329647435625 0.18413461509433962 0.32596153875 0.18533653867924527 0.323878205 0.18725961509433964 0.31875 0.19711538490566038 0.31233974375 0.22836538490566038 0.31201923062500003 0.23942307735849058 0.314262820625 0.24471153867924528 0.31858974375 0.24471153867924528 0.33028846125 0.234375 0.33942307687499995 0.21730769245283021 0.34230769250000004 0.2057692311320755 0.345673076875 0.18461538490566037 0.329647435625 0.18413461509433962
9 0.37387820499999996 0.28341346132075473 0.37387820499999996 0.2798076924528302 0.37147435875 0.27307692264150946 0.36891025624999996 0.2689903849056604 0.35753205125 0.26274038490566043 0.349519230625 0.2603365386792453 0.33653846125000003 0.26514423113207547 0.33141025625 0.26875 0.318269230625 0.2858173075471698 0.318108974375 0.2872596150943396 0.32131410250000003 0.29110576886792455 0.33012820499999995 0.29903846132075473 0.33766025624999996 0.3016826924528302 0.3463141025 0.30192307735849055 0.35464743562499995 0.29975961509433957 0.3701923075 0.2915865386792453 0.37387820499999996 0.28341346132075473
1 0.4536858975 0.2875 0.4548076925 0.26346153867924527 0.45272435875 0.25576923113207545 0.44935897437500005 0.24807692264150946 0.439262820625 0.23485576886792453 0.430769230625 0.2319711537735849 0.427083333125 0.2336538462264151 0.42564102562499995 0.2360576924528302 0.42227564125 0.25192307735849057 0.423076923125 0.27139423113207545 0.42724359 0.2848557688679245 0.436698718125 0.29759615377358495 0.442948718125 0.30072115377358494 0.44743589749999996 0.3002403849056604 0.4525641025 0.2927884613207547 0.4536858975 0.2875
1 0.506730769375 0.25192307735849057 0.50753205125 0.24807692264150946 0.50625 0.21658653867924527 0.503205128125 0.20841346132075472 0.49759615375000005 0.19711538490566038 0.49102564125000003 0.19495192264150943 0.48846153875 0.1961538462264151 0.483012820625 0.20336538490566036 0.48141025625 0.21274038490566038 0.480929486875 0.221875 0.48157051312500004 0.23629807735849057 0.48541666687499996 0.24783653867924527 0.49006410250000004 0.25432692264150947 0.494551281875 0.2569711537735849 0.498237179375 0.2584134613207547 0.50352564125 0.2564903849056604 0.506730769375 0.25192307735849057
14 0.562019230625 0.2625 0.560416666875 0.26129807735849053 0.556570513125 0.2610576924528302 0.5514423075 0.2668269226415095 0.5485576925 0.275 0.5466346156249999 0.29951923113207546 0.5464743587499999 0.31033653867924527 0.54871794875 0.31514423113207546 0.5530448718750001 0.3127403849056604 0.55528846125 0.3100961537735849 0.5578525643750001 0.3028846150943396 0.56474359 0.27139423113207545 0.563141025625 0.2641826924528302 0.562019230625 0.2625
9 0.713301281875 0.29951923113207546 0.7139423075000001 0.29471153867924527 0.712820513125 0.2908653849056604 0.707852564375 0.28197115377358495 0.70528846125 0.2800480773584905 0.6931089743750001 0.2778846150943396 0.67371794875 0.28076923113207547 0.6467948718750001 0.29182692264150945 0.640384615625 0.3024038462264151 0.639102564375 0.3064903849056604 0.6389423075 0.3108173075471698 0.639583333125 0.3125 0.646634615625 0.3228365386792453 0.669391025625 0.325 0.681570513125 0.325 0.689583333125 0.3235576924528302 0.709134615625 0.31466346132075473 0.713301281875 0.29951923113207546
1 0.76778846125 0.34086538490566043 0.7671474356250001 0.32596153867924527 0.7663461537499999 0.3233173075471698 0.761858974375 0.31346153867924526 0.755929486875 0.3076923075471698 0.751923076875 0.3076923075471698 0.748397435625 0.31033653867924527 0.730929486875 0.3346153849056604 0.730769230625 0.3579326924528302 0.73141025625 0.35985576886792453 0.7392628206249999 0.36875 0.744871795 0.3701923075471698 0.7517628206249999 0.3694711537735849 0.759615384375 0.36322115377358494 0.765705128125 0.3497596150943396 0.76778846125 0.34086538490566043
1 0.73653846125 0.3838942311320755 0.728365384375 0.37548076886792453 0.716826923125 0.37067307735849053 0.705608974375 0.3709134613207547 0.694230769375 0.375 0.6846153843749999 0.3822115386792453 0.68028846125 0.38677884622641506 0.676602564375 0.3920673075471698 0.6724358975 0.4009615386792453 0.670512820625 0.40817307735849057 0.670512820625 0.4139423075471698 0.6738782050000001 0.4389423075471698 0.6772435900000001 0.4451923075471698 0.693269230625 0.4615384613207547 0.697115384375 0.459375 0.739102564375 0.4158653849056604 0.73653846125 0.3838942311320755
1 0.56602564125 0.45600961509433957 0.572115384375 0.43533653867924527 0.55496794875 0.3951923075471698 0.52147435875 0.38774038490566043 0.5173076925 0.3942307688679245 0.515544871875 0.4002403849056604 0.515705128125 0.4125 0.523397435625 0.4478365386792453 0.526762820625 0.4586538462264151 0.5320512818750001 0.4651442311320755 0.537179486875 0.4689903849056604 0.548237179375 0.4689903849056604 0.55625 0.465625 0.56602564125 0.45600961509433957
14 0.51490384625 0.36514423113207545 0.5150641025 0.3569711537735849 0.513621795 0.3504807688679245 0.48990384625 0.3507211537735849 0.4860576925 0.3524038462264151 0.48445512812499997 0.35552884622641506 0.484134615625 0.36129807735849057 0.486698718125 0.3682692311320755 0.48878205125 0.3709134613207547 0.49358974375000003 0.3737980773584905 0.5025641025 0.37451923113207547 0.5110576925 0.3701923075471698 0.513621795 0.3677884613207547 0.51490384625 0.36514423113207545
9 0.46057692312500004 0.3805288462264151 0.44711538437500004 0.3735576924528302 0.43237179500000006 0.37307692264150943 0.412019230625 0.3786057688679245 0.40576923062500003 0.3858173075471698 0.40416666687499997 0.390625 0.40416666687499997 0.39567307735849055 0.405448718125 0.4002403849056604 0.41233974375000004 0.40721153867924526 0.41971153875 0.4115384613207547 0.43477564125 0.4110576924528302 0.443108974375 0.40817307735849057 0.44775641 0.40432692264150943 0.46057692312500004 0.3805288462264151
1 0.39631410250000004 0.3617788462264151 0.39807692312500004 0.35745192264150943 0.397916666875 0.34567307735849057 0.39647435875 0.3377403849056604 0.38846153875 0.3245192311320755 0.38477564125 0.32067307735849054 0.380769230625 0.31995192264150946 0.37403846125 0.3235576924528302 0.369551281875 0.3298076924528302 0.366666666875 0.34086538490566043 0.36650641 0.34567307735849057 0.368429486875 0.3557692311320755 0.370512820625 0.36129807735849057 0.37548076937499997 0.3665865386792453 0.380769230625 0.3689903849056604 0.38862179500000005 0.36875 0.393269230625 0.365625 0.39631410250000004 0.3617788462264151
14 0.30272435875 0.33557692264150946 0.29903846125 0.3334134613207547 0.29391025625 0.33389423113207545 0.286698718125 0.3370192311320755 0.28269230749999996 0.34182692264150943 0.27900641 0.3492788462264151 0.27628205125 0.3576923075471698 0.275320513125 0.3617788462264151 0.2764423075 0.3673076924528302 0.28269230749999996 0.3697115386792453 0.287179486875 0.3697115386792453 0.305128205 0.34951923113207545 0.30625 0.3461538462264151 0.305769230625 0.34158653867924527 0.30272435875 0.33557692264150946
18 0.290705128125 0.5137019226415095 0.314102564375 0.5016826924528301 0.326762820625 0.48245192264150943 0.32772435875 0.47451923113207545 0.326923076875 0.45504807735849057 0.309615384375 0.4483173075471698 0.263621795 0.4399038462264151 0.243108974375 0.4617788462264151 0.239262820625 0.46947115377358495 0.237820513125 0.4757211537735849 0.23766025625 0.4831730773584905 0.23990384625 0.49711538490566043 0.24391025625 0.5048076924528302 0.248237179375 0.5096153849056604 0.255128205 0.5141826924528301 0.266826923125 0.5185096150943396 0.27884615375 0.5168269226415094 0.290705128125 0.5137019226415095
14 0.387980769375 0.5170673075471699 0.387179486875 0.5139423075471699 0.38477564125 0.5103365386792452 0.38012820499999994 0.5103365386792452 0.36891025624999996 0.5163461537735848 0.36698717937499997 0.5194711537735849 0.36698717937499997 0.5242788462264151 0.368269230625 0.5286057688679245 0.37227564125 0.5319711537735848 0.37483974375 0.5322115386792453 0.376923076875 0.5319711537735848 0.38509615375 0.5257211537735849 0.38766025625 0.5216346150943396 0.387980769375 0.5170673075471699
9 0.48621794875 0.5007211537735848 0.47628205125 0.4882211537735849 0.47099359 0.4846153849056604 0.465865384375 0.48581730754716984 0.462820513125 0.4884615386792453 0.45961538437500005 0.4939903849056604 0.459455128125 0.49783653867924527 0.460416666875 0.5019230773584905 0.474519230625 0.5447115386792453 0.47836538437500004 0.5444711537735849 0.48365384624999996 0.5408653849056604 0.48621794875 0.5370192311320754 0.48814102562499995 0.5228365386792453 0.48621794875 0.5007211537735848
14 0.61522435875 0.4747596150943396 0.58397435875 0.48942307735849055 0.58397435875 0.4939903849056604 0.59375 0.5175480773584905 0.595512820625 0.5189903849056604 0.6 0.5175480773584905 0.61971153875 0.49543269245283017 0.6224358975 0.49014423113207545 0.619551281875 0.48004807735849053 0.61522435875 0.4747596150943396
14 0.6673076925 0.5295673075471699 0.662019230625 0.5201923075471698 0.654647435625 0.5170673075471699 0.6413461537499999 0.5141826924528301 0.637980769375 0.5141826924528301 0.634294871875 0.5161057688679246 0.63349359 0.5175480773584905 0.635416666875 0.5213942311320754 0.6467948718750001 0.5331730773584905 0.662980769375 0.5423076924528302 0.66602564125 0.5425480773584905 0.668269230625 0.5384615386792453 0.668429486875 0.5341346150943396 0.6673076925 0.5295673075471699
1 0.7540064099999999 0.5605769226415095 0.751923076875 0.5552884613207547 0.74471153875 0.5447115386792453 0.7413461537499999 0.5447115386792453 0.728365384375 0.5502403849056604 0.723397435625 0.5641826924528301 0.7205128206249999 0.6110576924528301 0.7213141025 0.6146634613207548 0.734615384375 0.6278846150943396 0.744230769375 0.6286057688679246 0.752083333125 0.6269230773584905 0.759294871875 0.6112980773584905 0.7594551281249999 0.5956730773584905 0.7540064099999999 0.5605769226415095
1 0.66522435875 0.5665865386792452 0.654647435625 0.5591346150943396 0.64903846125 0.5596153849056604 0.644070513125 0.5634615386792453 0.640705128125 0.5759615386792453 0.640384615625 0.5798076924528301 0.641666666875 0.5848557688679246 0.6580128206249999 0.6110576924528301 0.6661858975 0.6069711537735849 0.6714743587499999 0.6004807688679246 0.673237179375 0.5920673075471699 0.672115384375 0.5759615386792453 0.66522435875 0.5665865386792452
1 0.6862179487500001 0.6629807688679246 0.688141025625 0.6548076924528301 0.687820513125 0.6463942311320754 0.682051281875 0.6389423075471699 0.6738782050000001 0.6362980773584905 0.669230769375 0.6360576924528302 0.652884615625 0.6473557688679246 0.651121795 0.6543269226415095 0.65096153875 0.6579326924528301 0.65272435875 0.6665865386792452 0.657852564375 0.6814903849056604 0.662019230625 0.6841346150943396 0.671794871875 0.6838942311320754 0.675 0.6824519226415094 0.6783653843749999 0.6788461537735849 0.6862179487500001 0.6629807688679246
6 0.69727564125 0.7475961537735849 0.6980769231249999 0.7442307688679246 0.69727564125 0.7372596150943396 0.694871795 0.7353365386792453 0.67772435875 0.7286057688679246 0.635416666875 0.7185096150943396 0.5842948718750001 0.7103365386792453 0.580128205 0.7125 0.575801281875 0.7177884613207547 0.576121795 0.728125 0.580769230625 0.7521634613207547 0.5956730768749999 0.7651442311320754 0.6251602562499999 0.7716346150943396 0.681570513125 0.7689903849056604 0.6852564099999999 0.765625 0.694391025625 0.7521634613207547 0.69727564125 0.7475961537735849
1 0.579326923125 0.6314903849056605 0.5798076925 0.621875 0.5785256412500001 0.6096153849056604 0.5775641025 0.6074519226415095 0.57099359 0.6012019226415094 0.560416666875 0.6007211537735849 0.556730769375 0.6026442311320754 0.551121795 0.6072115386792453 0.5466346156249999 0.6173076924528301 0.5471153843750001 0.6307692311320754 0.548237179375 0.6336538462264151 0.5524038462499999 0.6401442311320754 0.5616987181249999 0.6509615386792452 0.5650641025 0.6512019226415094 0.57403846125 0.6432692311320755 0.57724359 0.6387019226415095 0.579326923125 0.6314903849056605
17 0.456730769375 0.65 0.44903846125 0.6502403849056604 0.44711538437500004 0.6514423075471698 0.44599359 0.6536057688679245 0.430929486875 0.6932692311320754 0.42387820499999995 0.7413461537735849 0.51346153875 0.7887019226415094 0.51746794875 0.7882211537735849 0.530128205 0.7713942311320754 0.519391025625 0.6615384613207548 0.51875 0.6581730773584905 0.517628205 0.6567307688679246 0.456730769375 0.65
14 0.43541666687499997 0.5682692311320754 0.431891025625 0.5661057688679246 0.4235576925 0.5663461537735849 0.42115384624999996 0.5680288462264151 0.41939102562499997 0.5711538462264151 0.41971153875 0.5769230773584906 0.431570513125 0.6199519226415094 0.43541666687499997 0.621875 0.4411858975 0.6110576924528301 0.443269230625 0.5915865386792453 0.443269230625 0.5838942311320754 0.43862179500000004 0.5721153849056604 0.43541666687499997 0.5682692311320754
1 0.324519230625 0.6040865386792452 0.326762820625 0.5915865386792453 0.326762820625 0.5776442311320754 0.321794871875 0.5603365386792453 0.314102564375 0.5519230773584906 0.310416666875 0.5495192311320755 0.306730769375 0.55 0.3014423075 0.5603365386792453 0.28974359 0.5995192311320754 0.288141025625 0.6108173075471699 0.28878205125 0.6149038462264151 0.290705128125 0.6206730773584905 0.29471153875 0.6252403849056604 0.30400641 0.6252403849056604 0.31634615374999997 0.6168269226415094 0.32259615375 0.6081730773584906 0.324519230625 0.6040865386792452
9 0.369070513125 0.6538461537735849 0.36506410250000004 0.6536057688679245 0.349519230625 0.6637019226415094 0.33621794875 0.6764423075471698 0.33461538437500005 0.6790865386792453 0.33397435875 0.6814903849056604 0.33477564125000003 0.6853365386792453 0.342948718125 0.6939903849056605 0.34615384624999995 0.6956730773584906 0.35272435874999997 0.6927884613207548 0.369070513125 0.6776442311320754 0.370352564375 0.6658653849056604 0.369070513125 0.6538461537735849
9 0.376602564375 0.7490384613207547 0.375 0.7403846150943396 0.36891025624999996 0.7375 0.3588141025 0.7423076924528301 0.34246794875 0.7658653849056604 0.33942307687499995 0.7742788462264151 0.33846153875 0.7793269226415095 0.33862179500000006 0.7901442311320754 0.3411858975 0.7918269226415094 0.35352564125 0.7913461537735849 0.35737179500000005 0.7899038462264151 0.36137820499999995 0.7867788462264151 0.36538461562499996 0.78125 0.37435897437500004 0.7634615386792453 0.376602564375 0.7490384613207547