11 0.5751953125 0.20800781226415094 0.5712890625 0.2109375 0.5703125 0.2124023433962264 0.5703125 0.2211914066037736 0.5771484375 0.23144531226415094 0.5888671875 0.23144531226415094 0.591796875 0.22705078113207547 0.591796875 0.2211914066037736 0.5908203125 0.21972656226415094 0.5751953125 0.20800781226415094
9 0.474609375 0.5463867188679246 0.4716796875 0.541992187735849 0.4677734375 0.5390625 0.4658203125 0.5390625 0.4619140625 0.541992187735849 0.45703125 0.5493164066037736 0.45703125 0.5581054688679246 0.458984375 0.5786132811320754 0.4638671875 0.583007812264151 0.4658203125 0.583007812264151 0.470703125 0.5756835933962264 0.474609375 0.5610351566037736 0.474609375 0.5463867188679246
11 0.4716796875 0.29296875 0.4677734375 0.29296875 0.4580078125 0.29589843773584906 0.4501953125 0.3046875 0.447265625 0.3090820311320755 0.4482421875 0.3105468754716981 0.4580078125 0.3105468754716981 0.4658203125 0.30761718773584906 0.4697265625 0.3046875 0.47265625 0.3002929688679245 0.47265625 0.2944335933962264 0.4716796875 0.29296875
9 0.666015625 0.5493164066037736 0.6640625 0.5434570311320754 0.6591796875 0.536132812264151 0.6513671875 0.536132812264151 0.6474609375 0.5390625 0.646484375 0.5405273433962264 0.646484375 0.5551757811320754 0.65234375 0.5727539066037736 0.6552734375 0.577148437735849 0.6611328125 0.577148437735849 0.6640625 0.5698242188679246 0.666015625 0.5581054688679246 0.666015625 0.5493164066037736
11 0.4833984375 0.2578125 0.470703125 0.2768554688679245 0.470703125 0.2856445311320755 0.4716796875 0.2871093754716981 0.4736328125 0.2871093754716981 0.48828125 0.2622070311320755 0.48828125 0.2592773433962264 0.4873046875 0.2578125 0.4833984375 0.2578125
12 0.4169921875 0.3046875 0.3955078125 0.29003906226415094 0.3857421875 0.29003906226415094 0.380859375 0.2973632811320755 0.380859375 0.3266601566037736 0.3837890625 0.33105468773584906 0.3896484375 0.33105468773584906 0.4169921875 0.31640625 0.419921875 0.3120117188679245 0.419921875 0.3090820311320755 0.4169921875 0.3046875
3 0.5087890625 0.34863281226415094 0.4931640625 0.34863281226415094 0.490234375 0.3530273433962264 0.490234375 0.3588867188679245 0.49609375 0.3735351566037736 0.4990234375 0.37792968773584906 0.5107421875 0.3808593754716981 0.51171875 0.3793945311320755 0.51171875 0.3530273433962264 0.5087890625 0.34863281226415094
11 0.4111328125 0.4453125 0.3935546875 0.44238281226415094 0.390625 0.4467773433962264 0.390625 0.4555664066037736 0.3916015625 0.45703125 0.4052734375 0.45703125 0.4111328125 0.45410156226415094 0.412109375 0.4526367188679245 0.412109375 0.4467773433962264 0.4111328125 0.4453125
11 0.4345703125 0.38964843773584906 0.4296875 0.3969726566037736 0.42578125 0.4086914066037736 0.423828125 0.4233398433962264 0.4248046875 0.42480468773584906 0.4267578125 0.42480468773584906 0.4326171875 0.421875 0.44140625 0.3969726566037736 0.44140625 0.3911132811320755 0.4404296875 0.38964843773584906 0.4345703125 0.38964843773584906
14 0.5380859375 0.4277343745283019 0.5341796875 0.42480468773584906 0.5263671875 0.42480468773584906 0.51953125 0.4350585933962264 0.51953125 0.4409179688679245 0.5400390625 0.47167968773584906 0.5439453125 0.47167968773584906 0.546875 0.4672851566037736 0.546875 0.4526367188679245 0.54296875 0.4350585933962264 0.5380859375 0.4277343745283019
11 0.544921875 0.4174804688679245 0.5419921875 0.41308593773584906 0.5341796875 0.40722656226415094 0.5283203125 0.4042968745283019 0.5244140625 0.4042968745283019 0.5234375 0.4057617188679245 0.5234375 0.4086914066037736 0.5244140625 0.41015625 0.5361328125 0.41894531226415094 0.5419921875 0.421875 0.5439453125 0.421875 0.544921875 0.4204101566037736 0.544921875 0.4174804688679245
11 0.5732421875 0.3808593754716981 0.5654296875 0.3808593754716981 0.5537109375 0.38671875 0.552734375 0.3881835933962264 0.552734375 0.3911132811320755 0.5556640625 0.39550781226415094 0.5615234375 0.39550781226415094 0.5712890625 0.38964843773584906 0.57421875 0.3852539066037736 0.57421875 0.3823242188679245 0.5732421875 0.3808593754716981
11 0.392578125 0.6928710933962264 0.3896484375 0.688476562264151 0.3876953125 0.688476562264151 0.384765625 0.6928710933962264 0.384765625 0.6987304688679246 0.3935546875 0.711914062264151 0.3974609375 0.711914062264151 0.3984375 0.7104492188679246 0.3984375 0.7075195311320754 0.396484375 0.7016601566037736 0.392578125 0.6928710933962264
9 0.63671875 0.4204101566037736 0.6318359375 0.41308593773584906 0.6279296875 0.41308593773584906 0.625 0.4174804688679245 0.625 0.4379882811320755 0.62890625 0.4497070311320755 0.6318359375 0.45410156226415094 0.6357421875 0.45410156226415094 0.642578125 0.4438476566037736 0.642578125 0.4321289066037736 0.63671875 0.4204101566037736
0 0.67578044875 0.3837896632075472 0.6699214743749999 0.3837896632075472 0.6699214743749999 0.4013689905660377 0.67578044875 0.4013689905660377 0.67578044875 0.3837896632075472
11 0.5888671875 0.07324218773584906 0.5830078125 0.07324218773584906 0.580078125 0.07763671886792453 0.59375 0.10107421886792453 0.5947265625 0.10253906226415094 0.6005859375 0.10253906226415094 0.603515625 0.09521484339622642 0.6015625 0.08935546886792453 0.5927734375 0.07617187547169811 0.5888671875 0.07324218773584906
9 0.44140625 0.1743164066037736 0.439453125 0.1655273433962264 0.4384765625 0.1640625 0.4326171875 0.1640625 0.4296875 0.16845703113207547 0.42578125 0.18017578113207547 0.42578125 0.19189453113207547 0.427734375 0.1977539066037736 0.4306640625 0.20214843773584906 0.4365234375 0.20214843773584906 0.439453125 0.1977539066037736 0.44140625 0.1889648433962264 0.44140625 0.1743164066037736
11 0.4892578125 0.21679687452830187 0.486328125 0.2211914066037736 0.4931640625 0.23144531226415094 0.5029296875 0.23144531226415094 0.5068359375 0.22851562452830187 0.51171875 0.2211914066037736 0.51171875 0.21533203113207547 0.5107421875 0.21386718773584906 0.4892578125 0.21679687452830187
9 0.6328125 0.2211914066037736 0.6279296875 0.2109375 0.6220703125 0.2109375 0.6162109375 0.21386718773584906 0.609375 0.2211914066037736 0.607421875 0.22705078113207547 0.607421875 0.2329101566037736 0.6103515625 0.23730468773584906 0.6181640625 0.23730468773584906 0.6259765625 0.234375 0.6298828125 0.23144531226415094 0.6328125 0.22705078113207547 0.6328125 0.2211914066037736
11 0.705078125 0.2534179688679245 0.705078125 0.2651367188679245 0.7119140625 0.2753906245283019 0.7177734375 0.2753906245283019 0.71875 0.2739257811320755 0.71875 0.2709960933962264 0.7060546875 0.2519531245283019 0.705078125 0.2534179688679245
14 0.6474609375 0.2988281245283019 0.6435546875 0.29589843773584906 0.6357421875 0.2988281245283019 0.62890625 0.3090820311320755 0.630859375 0.3178710933962264 0.6396484375 0.328125 0.6435546875 0.33105468773584906 0.6513671875 0.33105468773584906 0.654296875 0.3266601566037736 0.658203125 0.3149414066037736 0.6474609375 0.2988281245283019
11 0.6708984375 0.2636718754716981 0.6689453125 0.2636718754716981 0.6533203125 0.27832031226415094 0.65234375 0.2797851566037736 0.65234375 0.2827148433962264 0.6572265625 0.2871093754716981 0.6591796875 0.2871093754716981 0.6630859375 0.28417968773584906 0.671875 0.2709960933962264 0.671875 0.2651367188679245 0.6708984375 0.2636718754716981
9 0.619140625 0.3061523433962264 0.62109375 0.2944335933962264 0.619140625 0.2885742188679245 0.6103515625 0.2753906245283019 0.6025390625 0.2753906245283019 0.599609375 0.2797851566037736 0.599609375 0.2885742188679245 0.6015625 0.2973632811320755 0.603515625 0.3032226566037736 0.6083984375 0.3105468754716981 0.6123046875 0.31347656226415094 0.6162109375 0.3105468754716981 0.619140625 0.3061523433962264
9 0.716796875 0.3442382811320755 0.71484375 0.3383789066037736 0.7138671875 0.33691406226415094 0.7041015625 0.33691406226415094 0.701171875 0.3413085933962264 0.69921875 0.3471679688679245 0.69921875 0.3559570311320755 0.703125 0.3706054688679245 0.7041015625 0.37207031226415094 0.7119140625 0.37207031226415094 0.712890625 0.3706054688679245 0.716796875 0.3500976566037736 0.716796875 0.3442382811320755
9 0.76171875 0.3852539066037736 0.7587890625 0.3808593754716981 0.7451171875 0.3808593754716981 0.7373046875 0.38378906226415094 0.734375 0.3881835933962264 0.734375 0.3940429688679245 0.7412109375 0.40136718773584906 0.7509765625 0.40722656226415094 0.7548828125 0.40722656226415094 0.7587890625 0.4042968745283019 0.76171875 0.3969726566037736 0.76171875 0.3852539066037736
9 0.7236328125 0.45410156226415094 0.720703125 0.4584960933962264 0.720703125 0.4672851566037736 0.7236328125 0.47167968773584906 0.7314453125 0.4746093745283019 0.736328125 0.4702148433962264 0.736328125 0.4614257811320755 0.7314453125 0.45410156226415094 0.7236328125 0.45410156226415094
11 0.6689453125 0.45703125 0.6669921875 0.45703125 0.6640625 0.4614257811320755 0.662109375 0.4672851566037736 0.658203125 0.4819335933962264 0.658203125 0.48486328113207544 0.6591796875 0.4863281245283018 0.6630859375 0.4863281245283018 0.666015625 0.4819335933962264 0.669921875 0.4672851566037736 0.669921875 0.4584960933962264 0.6689453125 0.45703125
14 0.755859375 0.5961914066037736 0.7529296875 0.588867187735849 0.7412109375 0.588867187735849 0.732421875 0.6020507811320754 0.732421875 0.6108398433962264 0.734375 0.6166992188679246 0.7373046875 0.62109375 0.7431640625 0.624023437735849 0.7470703125 0.624023437735849 0.755859375 0.6049804688679246 0.755859375 0.5961914066037736
9 0.693359375 0.6899414066037736 0.6904296875 0.6855468754716981 0.6826171875 0.6855468754716981 0.677734375 0.6928710933962264 0.677734375 0.7045898433962264 0.6884765625 0.723632812264151 0.6943359375 0.723632812264151 0.697265625 0.7192382811320754 0.697265625 0.7104492188679246 0.6953125 0.6958007811320754 0.693359375 0.6899414066037736
11 0.68359375 0.5610351566037736 0.6826171875 0.559570312264151 0.6806640625 0.559570312264151 0.677734375 0.5639648433962264 0.677734375 0.5727539066037736 0.681640625 0.5844726566037736 0.6845703125 0.588867187735849 0.6904296875 0.588867187735849 0.69140625 0.5874023433962264 0.69140625 0.5815429688679246 0.68359375 0.5610351566037736
11 0.5556640625 0.723632812264151 0.5478515625 0.723632812264151 0.546875 0.7250976566037736 0.548828125 0.7309570311320754 0.5498046875 0.7324218754716981 0.5556640625 0.735351562264151 0.5654296875 0.735351562264151 0.568359375 0.7309570311320754 0.5654296875 0.7265625 0.5556640625 0.723632812264151
9 0.59765625 0.6958007811320754 0.5908203125 0.6855468754716981 0.5869140625 0.688476562264151 0.583984375 0.6958007811320754 0.58203125 0.7045898433962264 0.58203125 0.7163085933962264 0.5849609375 0.723632812264151 0.5888671875 0.7265625 0.5927734375 0.7265625 0.599609375 0.7075195311320754 0.599609375 0.7016601566037736 0.59765625 0.6958007811320754
11 0.6259765625 0.6503906245283019 0.623046875 0.6547851566037736 0.6259765625 0.659179687735849 0.6337890625 0.659179687735849 0.638671875 0.6518554688679246 0.638671875 0.6489257811320754 0.6376953125 0.647460937735849 0.6337890625 0.647460937735849 0.6259765625 0.6503906245283019
11 0.6552734375 0.641601562264151 0.6513671875 0.64453125 0.650390625 0.6459960933962264 0.6552734375 0.6503906245283019 0.6650390625 0.6503906245283019 0.6708984375 0.647460937735849 0.671875 0.6459960933962264 0.671875 0.6430664066037736 0.6708984375 0.641601562264151 0.6552734375 0.641601562264151
9 0.615234375 0.6342773433962264 0.615234375 0.6284179688679246 0.6123046875 0.62109375 0.5966796875 0.62109375 0.59375 0.6254882811320754 0.59375 0.6372070311320754 0.5966796875 0.641601562264151 0.6005859375 0.64453125 0.6025390625 0.64453125 0.6123046875 0.641601562264151 0.61328125 0.6401367188679246 0.615234375 0.6342773433962264
9 0.609375 0.5610351566037736 0.6044921875 0.553710937735849 0.599609375 0.5668945311320754 0.59765625 0.5786132811320754 0.6005859375 0.583007812264151 0.6025390625 0.583007812264151 0.6064453125 0.5800781245283019 0.609375 0.5756835933962264 0.611328125 0.5698242188679246 0.611328125 0.5668945311320754 0.609375 0.5610351566037736
11 0.6103515625 0.495117187735849 0.607421875 0.49951171886792456 0.607421875 0.5024414066037736 0.6123046875 0.506835937735849 0.6240234375 0.506835937735849 0.626953125 0.5024414066037736 0.626953125 0.49658203113207544 0.6259765625 0.495117187735849 0.6103515625 0.495117187735849
11 0.5927734375 0.3808593754716981 0.58984375 0.3852539066037736 0.58203125 0.3999023433962264 0.58203125 0.4057617188679245 0.5830078125 0.40722656226415094 0.5869140625 0.40722656226415094 0.595703125 0.3940429688679245 0.595703125 0.3823242188679245 0.5947265625 0.3808593754716981 0.5927734375 0.3808593754716981
9 0.5302734375 0.5390625 0.5263671875 0.541992187735849 0.515625 0.5581054688679246 0.515625 0.5698242188679246 0.5205078125 0.577148437735849 0.5283203125 0.577148437735849 0.53125 0.5727539066037736 0.537109375 0.5522460933962264 0.537109375 0.5493164066037736 0.5302734375 0.5390625
9 0.4775390625 0.676757812264151 0.4716796875 0.676757812264151 0.4677734375 0.6796875 0.4609375 0.6899414066037736 0.458984375 0.6958007811320754 0.458984375 0.7045898433962264 0.4638671875 0.7089843754716981 0.4677734375 0.7089843754716981 0.4775390625 0.700195312264151 0.482421875 0.6928710933962264 0.482421875 0.6840820311320754 0.4775390625 0.676757812264151
9 0.48828125 0.6284179688679246 0.486328125 0.6166992188679246 0.4853515625 0.6152343754716981 0.4794921875 0.6152343754716981 0.474609375 0.6196289066037736 0.47265625 0.6254882811320754 0.47265625 0.6342773433962264 0.474609375 0.6430664066037736 0.4765625 0.6489257811320754 0.4794921875 0.653320312264151 0.4833984375 0.653320312264151 0.486328125 0.6489257811320754 0.48828125 0.6284179688679246
9 0.5048828125 0.518554687735849 0.4970703125 0.515625 0.4921875 0.5229492188679246 0.4921875 0.5434570311320754 0.4970703125 0.55078125 0.5009765625 0.55078125 0.50390625 0.5463867188679246 0.5078125 0.5288085933962264 0.5078125 0.5229492188679246 0.5048828125 0.518554687735849
11 0.388671875 0.5229492188679246 0.3916015625 0.530273437735849 0.3984375 0.5200195311320754 0.404296875 0.5053710933962264 0.4013671875 0.500976562264151 0.3994140625 0.500976562264151 0.390625 0.5141601566037736 0.388671875 0.5229492188679246
11 0.4365234375 0.50390625 0.4306640625 0.500976562264151 0.4228515625 0.500976562264151 0.421875 0.5024414066037736 0.421875 0.5083007811320754 0.4248046875 0.512695312264151 0.4345703125 0.515625 0.4404296875 0.515625 0.44140625 0.5141601566037736 0.44140625 0.5083007811320754 0.4365234375 0.50390625
9 0.4775390625 0.45410156226415094 0.4736328125 0.4511718745283019 0.4716796875 0.4511718745283019 0.4677734375 0.45410156226415094 0.46484375 0.4614257811320755 0.4609375 0.4819335933962264 0.4658203125 0.4863281245283018 0.4697265625 0.4863281245283018 0.4736328125 0.483398437735849 0.478515625 0.4760742188679245 0.48046875 0.4702148433962264 0.48046875 0.4584960933962264 0.4775390625 0.45410156226415094
11 0.3095703125 0.500976562264151 0.3056640625 0.50390625 0.3046875 0.5053710933962264 0.3046875 0.5141601566037736 0.3056640625 0.515625 0.3193359375 0.5097656245283019 0.322265625 0.5053710933962264 0.322265625 0.5024414066037736 0.3212890625 0.500976562264151 0.3095703125 0.500976562264151
9 0.2216796875 0.45410156226415094 0.2158203125 0.45410156226415094 0.2109375 0.4614257811320755 0.208984375 0.4672851566037736 0.2109375 0.48779296886792456 0.2138671875 0.4921875 0.2197265625 0.4921875 0.22265625 0.48779296886792456 0.224609375 0.4731445311320755 0.224609375 0.4584960933962264 0.2216796875 0.45410156226415094
11 0.3408203125 0.3925781245283019 0.3388671875 0.3925781245283019 0.3359375 0.3969726566037736 0.3359375 0.4086914066037736 0.337890625 0.4174804688679245 0.3408203125 0.42480468773584906 0.3466796875 0.42480468773584906 0.34765625 0.4233398433962264 0.34375 0.3969726566037736 0.3408203125 0.3925781245283019
11 0.5244140625 0.26074218773584906 0.5048828125 0.26074218773584906 0.50390625 0.2622070311320755 0.50390625 0.2651367188679245 0.5068359375 0.26953125 0.5126953125 0.27246093773584906 0.5224609375 0.27246093773584906 0.525390625 0.2680664066037736 0.525390625 0.2622070311320755 0.5244140625 0.26074218773584906
11 0.5341796875 0.2636718754716981 0.5322265625 0.2636718754716981 0.5263671875 0.26660156226415094 0.5205078125 0.27246093773584906 0.51953125 0.2739257811320755 0.51953125 0.2827148433962264 0.5205078125 0.28417968773584906 0.5224609375 0.28417968773584906 0.5283203125 0.27832031226415094 0.53515625 0.2680664066037736 0.53515625 0.2651367188679245 0.5341796875 0.2636718754716981