18 0.283203125 0.6665039066037736 0.283203125 0.6459960933962264 0.279296875 0.6313476566037736 0.2763671875 0.6269531245283019 0.2724609375 0.624023437735849 0.2685546875 0.624023437735849 0.2626953125 0.6269531245283019 0.255859375 0.6372070311320754 0.251953125 0.6489257811320754 0.240234375 0.6928710933962264 0.240234375 0.7104492188679246 0.2421875 0.7163085933962264 0.2470703125 0.723632812264151 0.2607421875 0.723632812264151 0.275390625 0.7016601566037736 0.28125 0.6840820311320754 0.283203125 0.6665039066037736
3 0.6845703125 0.700195312264151 0.6943359375 0.694335937735849 0.703125 0.6782226566037736 0.70703125 0.6665039066037736 0.708984375 0.6577148433962264 0.7109375 0.6313476566037736 0.705078125 0.6166992188679246 0.7021484375 0.612304687735849 0.6416015625 0.5449218754716981 0.6298828125 0.5449218754716981 0.6220703125 0.55078125 0.6171875 0.5581054688679246 0.6015625 0.6225585933962264 0.6015625 0.6254882811320754 0.603515625 0.6518554688679246 0.626953125 0.7045898433962264 0.6298828125 0.7089843754716981 0.6474609375 0.717773437735849 0.6494140625 0.717773437735849 0.6845703125 0.700195312264151
3 0.30859375 0.3383789066037736 0.3037109375 0.3339843754716981 0.2939453125 0.3339843754716981 0.2822265625 0.33984375 0.2626953125 0.35449218773584906 0.255859375 0.3647460933962264 0.248046875 0.3823242188679245 0.244140625 0.3940429688679245 0.2421875 0.4057617188679245 0.2421875 0.4174804688679245 0.244140625 0.4233398433962264 0.2646484375 0.45703125 0.2802734375 0.46582031226415094 0.2861328125 0.46582031226415094 0.30859375 0.4116210933962264 0.30859375 0.3383789066037736
6 0.3603515625 0.17871093773584906 0.3466796875 0.17871093773584906 0.3427734375 0.18164062452830187 0.337890625 0.19482421886792453 0.3359375 0.20654296886792453 0.33203125 0.2651367188679245 0.3720703125 0.32519531226415094 0.3798828125 0.33105468773584906 0.3876953125 0.33105468773584906 0.39453125 0.3178710933962264 0.396484375 0.2475585933962264 0.365234375 0.1860351566037736 0.3603515625 0.17871093773584906
6 0.5869140625 0.40136718773584906 0.5537109375 0.3808593754716981 0.5419921875 0.37792968773584906 0.5263671875 0.37792968773584906 0.5234375 0.3823242188679245 0.521484375 0.4379882811320755 0.5458984375 0.4746093745283019 0.6064453125 0.506835937735849 0.6103515625 0.506835937735849 0.61328125 0.5024414066037736 0.615234375 0.49658203113207544 0.615234375 0.4907226566037736 0.5869140625 0.40136718773584906
6 0.732421875 0.4790039066037736 0.740234375 0.3999023433962264 0.7060546875 0.33691406226415094 0.6982421875 0.33691406226415094 0.6884765625 0.3457031245283019 0.6875 0.3471679688679245 0.68359375 0.3647460933962264 0.677734375 0.4204101566037736 0.677734375 0.4291992188679245 0.6953125 0.4760742188679245 0.7041015625 0.489257812264151 0.7158203125 0.50390625 0.7216796875 0.50390625 0.7265625 0.49658203113207544 0.732421875 0.4790039066037736
20 0.576171875 0.6694335933962264 0.5712890625 0.6621093754716981 0.5673828125 0.659179687735849 0.5556640625 0.659179687735849 0.5322265625 0.682617187735849 0.529296875 0.6870117188679246 0.529296875 0.6899414066037736 0.533203125 0.7045898433962264 0.5380859375 0.7089843754716981 0.5751953125 0.7089843754716981 0.578125 0.7045898433962264 0.578125 0.6782226566037736 0.576171875 0.6694335933962264
20 0.6025390625 0.140625 0.5810546875 0.1171875 0.5634765625 0.10546875 0.5576171875 0.10253906226415094 0.5478515625 0.10253906226415094 0.54296875 0.10986328113207547 0.541015625 0.11572265660377358 0.5390625 0.12451171886792455 0.5478515625 0.13769531226415094 0.5556640625 0.14648437547169813 0.5810546875 0.16113281226415094 0.5986328125 0.16699218773584906 0.607421875 0.1538085933962264 0.607421875 0.14794921886792453 0.6025390625 0.140625
20 0.380859375 0.5844726566037736 0.390625 0.5551757811320754 0.390625 0.5405273433962264 0.3740234375 0.4921875 0.37109375 0.49951171886792456 0.361328125 0.5375976566037736 0.357421875 0.5610351566037736 0.359375 0.5903320311320754 0.361328125 0.5961914066037736 0.3642578125 0.600585937735849 0.3701171875 0.600585937735849 0.3740234375 0.59765625 0.376953125 0.5932617188679246 0.380859375 0.5844726566037736
20 0.4267578125 0.18164062452830187 0.4296875 0.1772460933962264 0.4296875 0.1655273433962264 0.42578125 0.1508789066037736 0.4248046875 0.14941406226415094 0.3955078125 0.13769531226415094 0.3818359375 0.140625 0.380859375 0.1420898433962264 0.380859375 0.14501953113207547 0.388671875 0.17138671886792453 0.3935546875 0.17871093773584906 0.3994140625 0.18457031226415094 0.4052734375 0.1875 0.4189453125 0.1875 0.4267578125 0.18164062452830187
20 0.482421875 0.2797851566037736 0.4794921875 0.2753906245283019 0.4775390625 0.2753906245283019 0.47265625 0.2856445311320755 0.466796875 0.3120117188679245 0.46875 0.3647460933962264 0.4697265625 0.36621093773584906 0.4833984375 0.3574218754716981 0.4892578125 0.3515625 0.494140625 0.3413085933962264 0.494140625 0.3120117188679245 0.482421875 0.2797851566037736
20 0.236328125 0.5053710933962264 0.2333984375 0.500976562264151 0.2275390625 0.500976562264151 0.22265625 0.5083007811320754 0.220703125 0.5141601566037736 0.216796875 0.5551757811320754 0.216796875 0.5581054688679246 0.21875 0.5639648433962264 0.2236328125 0.571289062264151 0.2470703125 0.571289062264151 0.248046875 0.5698242188679246 0.248046875 0.5581054688679246 0.236328125 0.5053710933962264
5 0.470703125 0.4526367188679245 0.46875 0.4467773433962264 0.4580078125 0.43066406226415094 0.4248046875 0.42480468773584906 0.4189453125 0.42480468773584906 0.3955078125 0.44824218773584906 0.39453125 0.4497070311320755 0.396484375 0.48779296886792456 0.3994140625 0.495117187735849 0.4150390625 0.506835937735849 0.4326171875 0.506835937735849 0.4580078125 0.47753906226415094 0.470703125 0.4614257811320755 0.470703125 0.4526367188679245
13 0.64453125 0.7338867188679246 0.64453125 0.7426757811320754 0.6474609375 0.747070312264151 0.6494140625 0.747070312264151 0.650390625 0.7456054688679246 0.650390625 0.7338867188679246 0.6474609375 0.729492187735849 0.64453125 0.7338867188679246