6 0.6875 0.7895507811320754 0.71875 0.5991210933962264 0.7177734375 0.59765625 0.6474609375 0.59765625 0.6396484375 0.6035156245283019 0.6328125 0.6137695311320754 0.625 0.6342773433962264 0.62109375 0.6489257811320754 0.62109375 0.6665039066037736 0.6328125 0.7368164066037736 0.65625 0.7836914066037736 0.6591796875 0.788085937735849 0.6748046875 0.799804687735849 0.6806640625 0.799804687735849 0.6875 0.7895507811320754
6 0.5439453125 0.4160156245283019 0.546875 0.4116210933962264 0.55078125 0.4028320311320755 0.55078125 0.3588867188679245 0.54296875 0.3295898433962264 0.525390625 0.2915039066037736 0.513671875 0.2709960933962264 0.5068359375 0.26074218773584906 0.4873046875 0.23730468773584906 0.4853515625 0.23730468773584906 0.48046875 0.2416992188679245 0.478515625 0.2475585933962264 0.478515625 0.2592773433962264 0.48046875 0.2856445311320755 0.484375 0.3120117188679245 0.486328125 0.3208007811320755 0.50390625 0.3735351566037736 0.5361328125 0.41894531226415094 0.5439453125 0.4160156245283019
6 0.4716796875 0.41894531226415094 0.484375 0.3969726566037736 0.4169921875 0.27832031226415094 0.3916015625 0.29589843773584906 0.38671875 0.3032226566037736 0.384765625 0.3090820311320755 0.3828125 0.3178710933962264 0.3828125 0.3266601566037736 0.38671875 0.3383789066037736 0.396484375 0.3588867188679245 0.4189453125 0.40136718773584906 0.4521484375 0.421875 0.4580078125 0.421875 0.4716796875 0.41894531226415094
6 0.42578125 0.20361328113207547 0.416015625 0.1538085933962264 0.4150390625 0.15234375 0.3896484375 0.15234375 0.3515625 0.1977539066037736 0.333984375 0.2709960933962264 0.333984375 0.2768554688679245 0.3369140625 0.28125 0.3447265625 0.28125 0.3544921875 0.27832031226415094 0.4013671875 0.25488281226415094 0.42578125 0.21533203113207547 0.42578125 0.20361328113207547
6 0.3046875 0.2358398433962264 0.3037109375 0.234375 0.2978515625 0.234375 0.2548828125 0.2578125 0.23828125 0.3061523433962264 0.232421875 0.3618164066037736 0.232421875 0.3764648433962264 0.2333984375 0.37792968773584906 0.2373046875 0.37792968773584906 0.2646484375 0.3574218754716981 0.310546875 0.3002929688679245 0.306640625 0.2504882811320755 0.3046875 0.2358398433962264
6 0.6259765625 0.36035156226415094 0.634765625 0.3500976566037736 0.63671875 0.3442382811320755 0.63671875 0.3383789066037736 0.630859375 0.3002929688679245 0.6298828125 0.2988281245283019 0.5576171875 0.23730468773584906 0.5478515625 0.24023437452830187 0.546875 0.2416992188679245 0.544921875 0.2592773433962264 0.544921875 0.2709960933962264 0.548828125 0.2973632811320755 0.55078125 0.3061523433962264 0.5595703125 0.3222656245283019 0.6044921875 0.37207031226415094 0.6064453125 0.37207031226415094 0.6259765625 0.36035156226415094
13 0.7421875 0.3325195311320755 0.7392578125 0.328125 0.7138671875 0.31347656226415094 0.6943359375 0.30761718773584906 0.6748046875 0.30761718773584906 0.669921875 0.3120117188679245 0.66796875 0.3735351566037736 0.6708984375 0.37792968773584906 0.6748046875 0.3808593754716981 0.7099609375 0.3808593754716981 0.7392578125 0.36621093773584906 0.74609375 0.3559570311320755 0.74609375 0.3442382811320755 0.7421875 0.3325195311320755
13 0.314453125 0.4467773433962264 0.32421875 0.3911132811320755 0.32421875 0.3706054688679245 0.3212890625 0.36621093773584906 0.3193359375 0.36621093773584906 0.2939453125 0.375 0.2685546875 0.38964843773584906 0.267578125 0.3911132811320755 0.267578125 0.3999023433962264 0.296875 0.4555664066037736 0.2998046875 0.45996093773584906 0.3056640625 0.45996093773584906 0.3095703125 0.45703125 0.3125 0.4526367188679245 0.314453125 0.4467773433962264
18 0.46484375 0.15966796886792453 0.46484375 0.13623046886792453 0.4609375 0.12158203113207545 0.4580078125 0.11425781226415094 0.4521484375 0.10839843773584906 0.4443359375 0.10546875 0.4423828125 0.10546875 0.44140625 0.10693359339622642 0.4375 0.11865234339622642 0.4375 0.1303710933962264 0.439453125 0.1420898433962264 0.4453125 0.15966796886792453 0.4501953125 0.16699218773584906 0.4541015625 0.16992187547169813 0.4580078125 0.16992187547169813 0.46484375 0.15966796886792453
18 0.4931640625 0.22851562452830187 0.49609375 0.2241210933962264 0.498046875 0.21826171886792453 0.498046875 0.2124023433962264 0.494140625 0.19482421886792453 0.486328125 0.1772460933962264 0.4833984375 0.17285156226415094 0.4736328125 0.1640625 0.4697265625 0.16699218773584906 0.46484375 0.1743164066037736 0.46484375 0.1860351566037736 0.46875 0.1977539066037736 0.48046875 0.2241210933962264 0.4833984375 0.22851562452830187 0.4873046875 0.23144531226415094 0.4892578125 0.23144531226415094 0.4931640625 0.22851562452830187
18 0.583984375 0.5405273433962264 0.5859375 0.5346679688679246 0.5859375 0.4907226566037736 0.58203125 0.4790039066037736 0.5791015625 0.4746093745283019 0.5751953125 0.47167968773584906 0.5693359375 0.47167968773584906 0.5625 0.4819335933962264 0.560546875 0.48779296886792456 0.560546875 0.5258789066037736 0.5625 0.5346679688679246 0.56640625 0.5463867188679246 0.5693359375 0.55078125 0.5771484375 0.547851562264151 0.5810546875 0.5449218754716981 0.583984375 0.5405273433962264
18 0.50390625 0.4672851566037736 0.4990234375 0.4628906245283019 0.4853515625 0.4628906245283019 0.4736328125 0.47167968773584906 0.46875 0.4790039066037736 0.46875 0.4907226566037736 0.4755859375 0.500976562264151 0.4814453125 0.500976562264151 0.4931640625 0.4921875 0.4990234375 0.4863281245283018 0.50390625 0.4790039066037736 0.50390625 0.4672851566037736
18 0.55859375 0.5786132811320754 0.55859375 0.5698242188679246 0.5546875 0.5581054688679246 0.5458984375 0.5449218754716981 0.5419921875 0.541992187735849 0.5302734375 0.541992187735849 0.529296875 0.5434570311320754 0.529296875 0.5522460933962264 0.5390625 0.5991210933962264 0.5458984375 0.609375 0.5478515625 0.609375 0.55078125 0.6049804688679246 0.556640625 0.5874023433962264 0.55859375 0.5786132811320754
18 0.4716796875 0.583007812264151 0.474609375 0.5786132811320754 0.4765625 0.5727539066037736 0.4765625 0.5639648433962264 0.470703125 0.5522460933962264 0.4599609375 0.536132812264151 0.4521484375 0.530273437735849 0.4482421875 0.530273437735849 0.443359375 0.5346679688679246 0.44140625 0.5405273433962264 0.443359375 0.5522460933962264 0.4453125 0.5581054688679246 0.451171875 0.5698242188679246 0.4599609375 0.583007812264151 0.4658203125 0.5859375 0.4677734375 0.5859375 0.4716796875 0.583007812264151
18 0.390625 0.5258789066037736 0.388671875 0.5200195311320754 0.3818359375 0.5097656245283019 0.3798828125 0.5097656245283019 0.3720703125 0.515625 0.369140625 0.5200195311320754 0.369140625 0.5727539066037736 0.37109375 0.5786132811320754 0.3740234375 0.583007812264151 0.3818359375 0.583007812264151 0.38671875 0.5756835933962264 0.390625 0.5610351566037736 0.390625 0.5258789066037736
18 0.484375 0.6899414066037736 0.484375 0.6811523433962264 0.482421875 0.6723632811320754 0.4755859375 0.6621093754716981 0.4716796875 0.659179687735849 0.4580078125 0.659179687735849 0.4541015625 0.6621093754716981 0.44921875 0.6694335933962264 0.447265625 0.6782226566037736 0.447265625 0.6870117188679246 0.44921875 0.6928710933962264 0.4599609375 0.7089843754716981 0.4677734375 0.711914062264151 0.4736328125 0.711914062264151 0.48046875 0.7016601566037736 0.484375 0.6899414066037736
18 0.4140625 0.5844726566037736 0.412109375 0.5756835933962264 0.4052734375 0.565429687735849 0.3984375 0.5756835933962264 0.396484375 0.5815429688679246 0.396484375 0.6137695311320754 0.40234375 0.6372070311320754 0.40625 0.6459960933962264 0.4111328125 0.6503906245283019 0.41796875 0.6401367188679246 0.41796875 0.6284179688679246 0.4140625 0.5844726566037736
18 0.267578125 0.4731445311320755 0.267578125 0.4672851566037736 0.263671875 0.4497070311320755 0.259765625 0.4379882811320755 0.2529296875 0.4277343745283019 0.2451171875 0.42480468773584906 0.2412109375 0.42480468773584906 0.23828125 0.4291992188679245 0.236328125 0.4350585933962264 0.236328125 0.4467773433962264 0.248046875 0.4790039066037736 0.2509765625 0.483398437735849 0.2548828125 0.4863281245283018 0.2626953125 0.4863281245283018 0.265625 0.4819335933962264 0.267578125 0.4731445311320755
18 0.5849609375 0.10839843773584906 0.5791015625 0.10839843773584906 0.572265625 0.11865234339622642 0.5703125 0.12451171886792455 0.5771484375 0.14648437547169813 0.5869140625 0.14648437547169813 0.5927734375 0.14355468773584906 0.603515625 0.1274414066037736 0.603515625 0.11865234339622642 0.6005859375 0.11425781226415094 0.5849609375 0.10839843773584906
1 0.6669921875 0.19921875 0.6611328125 0.19335937547169813 0.6513671875 0.19042968773584906 0.6416015625 0.19042968773584906 0.6357421875 0.19335937547169813 0.6259765625 0.20214843773584906 0.5966796875 0.2431640622641509 0.595703125 0.2446289066037736 0.5966796875 0.24609375 0.6533203125 0.29003906226415094 0.666015625 0.2797851566037736 0.677734375 0.22705078113207547 0.677734375 0.2211914066037736 0.673828125 0.2094726566037736 0.6669921875 0.19921875
1 0.595703125 0.7573242188679246 0.59765625 0.7514648433962264 0.58984375 0.7309570311320754 0.5849609375 0.723632812264151 0.5791015625 0.7207031245283019 0.5712890625 0.7207031245283019 0.5673828125 0.723632812264151 0.5625 0.7309570311320754 0.5625 0.7368164066037736 0.568359375 0.7543945311320754 0.5751953125 0.764648437735849 0.5791015625 0.7675781245283019 0.5869140625 0.7675781245283019 0.5908203125 0.764648437735849 0.595703125 0.7573242188679246
1 0.291015625 0.6899414066037736 0.291015625 0.6840820311320754 0.287109375 0.6635742188679246 0.2861328125 0.6621093754716981 0.2548828125 0.66796875 0.25 0.6752929688679246 0.25 0.6899414066037736 0.251953125 0.6958007811320754 0.2626953125 0.7089843754716981 0.2724609375 0.711914062264151 0.2783203125 0.711914062264151 0.287109375 0.7016601566037736 0.291015625 0.6899414066037736
18 0.3271484375 0.764648437735849 0.3173828125 0.758789062264151 0.3056640625 0.758789062264151 0.2998046875 0.76171875 0.294921875 0.7690429688679246 0.29296875 0.7749023433962264 0.29296875 0.7924804688679246 0.2939453125 0.793945312264151 0.3232421875 0.796875 0.3271484375 0.793945312264151 0.33203125 0.7866210933962264 0.33203125 0.7719726566037736 0.3271484375 0.764648437735849
21 0.55078125 0.6665039066037736 0.55078125 0.6459960933962264 0.544921875 0.6284179688679246 0.5234375 0.5903320311320754 0.5185546875 0.5859375 0.4892578125 0.5859375 0.4345703125 0.647460937735849 0.431640625 0.6518554688679246 0.431640625 0.6577148433962264 0.4326171875 0.659179687735849 0.5263671875 0.682617187735849 0.5400390625 0.682617187735849 0.5439453125 0.6796875 0.548828125 0.6723632811320754 0.55078125 0.6665039066037736
14 0.3271484375 0.6855468754716981 0.3251953125 0.6855468754716981 0.31640625 0.6987304688679246 0.31640625 0.7045898433962264 0.3212890625 0.711914062264151 0.3388671875 0.71484375 0.33984375 0.7133789066037736 0.33984375 0.7016601566037736 0.3349609375 0.694335937735849 0.3271484375 0.6855468754716981
11 0.3564453125 0.76171875 0.341796875 0.7836914066037736 0.33984375 0.7895507811320754 0.3427734375 0.793945312264151 0.3466796875 0.7910156245283019 0.357421875 0.7749023433962264 0.359375 0.7690429688679246 0.359375 0.7631835933962264 0.3583984375 0.76171875 0.3564453125 0.76171875
11 0.4169921875 0.4746093745283019 0.416015625 0.4760742188679245 0.41796875 0.4819335933962264 0.4326171875 0.500976562264151 0.43359375 0.49951171886792456 0.43359375 0.4907226566037736 0.4248046875 0.47753906226415094 0.4208984375 0.4746093745283019 0.4169921875 0.4746093745283019
14 0.4443359375 0.483398437735849 0.4365234375 0.489257812264151 0.431640625 0.49658203113207544 0.431640625 0.49951171886792456 0.4365234375 0.506835937735849 0.4384765625 0.506835937735849 0.4462890625 0.4980468754716982 0.455078125 0.48486328113207544 0.4541015625 0.483398437735849 0.4443359375 0.483398437735849
9 0.3984375 0.10400390660377358 0.3955078125 0.09960937547169811 0.3916015625 0.09960937547169811 0.388671875 0.10400390660377358 0.38671875 0.10986328113207547 0.38671875 0.11865234339622642 0.388671875 0.12451171886792455 0.3916015625 0.12890625 0.3994140625 0.12890625 0.40234375 0.12451171886792455 0.40234375 0.11572265660377358 0.3984375 0.10400390660377358
9 0.3046875 0.2124023433962264 0.2978515625 0.20214843773584906 0.2958984375 0.20214843773584906 0.2919921875 0.20507812452830187 0.2890625 0.2094726566037736 0.2890625 0.21533203113207547 0.291015625 0.2211914066037736 0.2939453125 0.22558593773584906 0.2978515625 0.22851562452830187 0.3017578125 0.22851562452830187 0.3046875 0.2241210933962264 0.3046875 0.2124023433962264
9 0.5166015625 0.1171875 0.5029296875 0.1171875 0.5 0.12158203113207545 0.5 0.1303710933962264 0.5009765625 0.13183593773584906 0.5068359375 0.13476562452830187 0.5146484375 0.13476562452830187 0.517578125 0.1303710933962264 0.517578125 0.11865234339622642 0.5166015625 0.1171875
9 0.37109375 0.3295898433962264 0.3603515625 0.31347656226415094 0.3544921875 0.31347656226415094 0.349609375 0.3208007811320755 0.349609375 0.3295898433962264 0.3515625 0.3413085933962264 0.3564453125 0.3515625 0.3662109375 0.3515625 0.373046875 0.3413085933962264 0.373046875 0.3354492188679245 0.37109375 0.3295898433962264
9 0.224609375 0.4350585933962264 0.2216796875 0.43066406226415094 0.2138671875 0.43066406226415094 0.208984375 0.4379882811320755 0.205078125 0.4497070311320755 0.203125 0.4584960933962264 0.203125 0.4643554688679245 0.2080078125 0.4746093745283019 0.2119140625 0.47753906226415094 0.2177734375 0.47753906226415094 0.224609375 0.4672851566037736 0.2265625 0.4555664066037736 0.224609375 0.4350585933962264
9 0.2236328125 0.36328125 0.21875 0.3676757811320755 0.216796875 0.3735351566037736 0.21875 0.3881835933962264 0.2197265625 0.38964843773584906 0.2255859375 0.38964843773584906 0.228515625 0.3852539066037736 0.23046875 0.3764648433962264 0.228515625 0.3676757811320755 0.2236328125 0.36328125
9 0.37109375 0.4174804688679245 0.37109375 0.4028320311320755 0.3662109375 0.39550781226415094 0.3564453125 0.39550781226415094 0.3515625 0.4028320311320755 0.345703125 0.4204101566037736 0.345703125 0.4233398433962264 0.34765625 0.4291992188679245 0.3505859375 0.43359375 0.3583984375 0.43359375 0.3662109375 0.4277343745283019 0.369140625 0.4233398433962264 0.37109375 0.4174804688679245
9 0.337890625 0.5024414066037736 0.3330078125 0.495117187735849 0.3173828125 0.4863281245283018 0.3056640625 0.489257812264151 0.3046875 0.4907226566037736 0.302734375 0.49658203113207544 0.3056640625 0.500976562264151 0.3251953125 0.5214843754716981 0.3291015625 0.524414062264151 0.3349609375 0.524414062264151 0.33984375 0.5200195311320754 0.33984375 0.5083007811320754 0.337890625 0.5024414066037736
9 0.2724609375 0.530273437735849 0.2587890625 0.530273437735849 0.255859375 0.5346679688679246 0.255859375 0.5405273433962264 0.2587890625 0.5449218754716981 0.2646484375 0.547851562264151 0.2744140625 0.547851562264151 0.27734375 0.5434570311320754 0.27734375 0.5346679688679246 0.2724609375 0.530273437735849
9 0.2431640625 0.515625 0.2333984375 0.515625 0.232421875 0.5170898433962264 0.23046875 0.5229492188679246 0.232421875 0.5346679688679246 0.2412109375 0.55078125 0.2490234375 0.55078125 0.25 0.5493164066037736 0.25 0.5346679688679246 0.248046875 0.5229492188679246 0.2431640625 0.515625
9 0.265625 0.5844726566037736 0.263671875 0.5786132811320754 0.2587890625 0.57421875 0.2412109375 0.577148437735849 0.240234375 0.5786132811320754 0.236328125 0.5874023433962264 0.236328125 0.5961914066037736 0.2392578125 0.6035156245283019 0.2451171875 0.606445312264151 0.2490234375 0.606445312264151 0.2626953125 0.594726562264151 0.265625 0.5903320311320754 0.265625 0.5844726566037736
9 0.2431640625 0.6328125 0.2373046875 0.635742187735849 0.232421875 0.6430664066037736 0.232421875 0.6518554688679246 0.2373046875 0.659179687735849 0.2412109375 0.659179687735849 0.251953125 0.6430664066037736 0.251953125 0.6342773433962264 0.2509765625 0.6328125 0.2431640625 0.6328125
9 0.28515625 0.6166992188679246 0.283203125 0.6079101566037736 0.2763671875 0.59765625 0.2724609375 0.59765625 0.2685546875 0.600585937735849 0.265625 0.6049804688679246 0.265625 0.6137695311320754 0.271484375 0.6284179688679246 0.2744140625 0.6328125 0.2783203125 0.6328125 0.2822265625 0.629882812264151 0.28515625 0.6254882811320754 0.28515625 0.6166992188679246
9 0.3134765625 0.588867187735849 0.3076171875 0.588867187735849 0.306640625 0.5903320311320754 0.3046875 0.6049804688679246 0.3046875 0.6137695311320754 0.3095703125 0.62109375 0.3154296875 0.62109375 0.318359375 0.6166992188679246 0.318359375 0.6020507811320754 0.31640625 0.5932617188679246 0.3134765625 0.588867187735849
9 0.3603515625 0.6386718754716981 0.357421875 0.6430664066037736 0.357421875 0.6547851566037736 0.3603515625 0.659179687735849 0.3681640625 0.659179687735849 0.375 0.6489257811320754 0.375 0.6401367188679246 0.3740234375 0.6386718754716981 0.3603515625 0.6386718754716981
9 0.36328125 0.8159179688679246 0.361328125 0.8100585933962264 0.3583984375 0.805664062264151 0.3544921875 0.8027343745283019 0.3466796875 0.8027343745283019 0.33984375 0.8129882811320754 0.333984375 0.8334960933962264 0.333984375 0.8422851566037736 0.3369140625 0.8496093745283019 0.3447265625 0.852539062264151 0.3486328125 0.8496093745283019 0.361328125 0.8305664066037736 0.36328125 0.8247070311320754 0.36328125 0.8159179688679246
9 0.404296875 0.7045898433962264 0.3955078125 0.6972656245283019 0.3896484375 0.6972656245283019 0.3857421875 0.700195312264151 0.3828125 0.7045898433962264 0.3828125 0.7250976566037736 0.3916015625 0.741210937735849 0.4013671875 0.741210937735849 0.404296875 0.7368164066037736 0.40625 0.7309570311320754 0.40625 0.7133789066037736 0.404296875 0.7045898433962264
9 0.533203125 0.7280273433962264 0.533203125 0.7221679688679246 0.5283203125 0.71484375 0.5068359375 0.71484375 0.5029296875 0.717773437735849 0.5 0.7221679688679246 0.498046875 0.7280273433962264 0.498046875 0.7397460933962264 0.5009765625 0.747070312264151 0.5068359375 0.75 0.5146484375 0.75 0.5185546875 0.747070312264151 0.5263671875 0.73828125 0.533203125 0.7280273433962264
9 0.619140625 0.5698242188679246 0.6181640625 0.5683593754716981 0.6103515625 0.559570312264151 0.6005859375 0.55078125 0.5927734375 0.55078125 0.5859375 0.5610351566037736 0.5859375 0.5727539066037736 0.5927734375 0.583007812264151 0.6083984375 0.5859375 0.6162109375 0.583007812264151 0.6171875 0.5815429688679246 0.619140625 0.5756835933962264 0.619140625 0.5698242188679246
9 0.54296875 0.4379882811320755 0.5361328125 0.4277343745283019 0.5244140625 0.4277343745283019 0.51953125 0.4321289066037736 0.517578125 0.4379882811320755 0.51953125 0.4497070311320755 0.521484375 0.4555664066037736 0.5322265625 0.47167968773584906 0.5380859375 0.47167968773584906 0.544921875 0.4614257811320755 0.544921875 0.4438476566037736 0.54296875 0.4379882811320755
9 0.5947265625 0.421875 0.5908203125 0.421875 0.5830078125 0.4277343745283019 0.580078125 0.4321289066037736 0.578125 0.4467773433962264 0.5810546875 0.4511718745283019 0.5849609375 0.4511718745283019 0.5927734375 0.4453125 0.595703125 0.4409179688679245 0.59765625 0.4350585933962264 0.59765625 0.4262695311320755 0.5947265625 0.421875
9 0.7119140625 0.50390625 0.6982421875 0.50390625 0.6923828125 0.506835937735849 0.6748046875 0.524414062264151 0.673828125 0.5258789066037736 0.673828125 0.5346679688679246 0.6748046875 0.536132812264151 0.7041015625 0.536132812264151 0.7099609375 0.530273437735849 0.720703125 0.5141601566037736 0.7177734375 0.506835937735849 0.7119140625 0.50390625
9 0.7509765625 0.489257812264151 0.7470703125 0.4863281245283018 0.7451171875 0.4863281245283018 0.740234375 0.4936523433962264 0.740234375 0.5024414066037736 0.7490234375 0.515625 0.7529296875 0.515625 0.755859375 0.5112304688679246 0.755859375 0.5053710933962264 0.75390625 0.4936523433962264 0.7509765625 0.489257812264151
9 0.73828125 0.4350585933962264 0.7353515625 0.4277343745283019 0.7177734375 0.4277343745283019 0.712890625 0.4350585933962264 0.712890625 0.4438476566037736 0.7158203125 0.44824218773584906 0.7197265625 0.4511718745283019 0.7314453125 0.4511718745283019 0.7353515625 0.44824218773584906 0.73828125 0.4438476566037736 0.73828125 0.4350585933962264