15 0.3642578125 0.2578125 0.3896484375 0.2578125 0.3955078125 0.25488281226415094 0.4169921875 0.24023437452830187 0.4306640625 0.22851562452830187 0.439453125 0.21533203113207547 0.4453125 0.1977539066037736 0.447265625 0.1889648433962264 0.447265625 0.17138671886792453 0.4453125 0.1625976566037736 0.44140625 0.1538085933962264 0.4287109375 0.13476562452830187 0.4208984375 0.12597656226415094 0.4111328125 0.12011718773584906 0.4033203125 0.1171875 0.3740234375 0.1171875 0.3662109375 0.12011718773584906 0.3583984375 0.12597656226415094 0.3525390625 0.13183593773584906 0.333984375 0.15966796886792453 0.33203125 0.1655273433962264 0.330078125 0.18017578113207547 0.330078125 0.20361328113207547 0.33203125 0.21533203113207547 0.333984375 0.2211914066037736 0.337890625 0.22998046886792453 0.3505859375 0.2490234377358491 0.3583984375 0.25488281226415094 0.3642578125 0.2578125
18 0.27734375 0.5112304688679246 0.283203125 0.49658203113207544 0.2890625 0.4760742188679245 0.29296875 0.4584960933962264 0.29296875 0.4321289066037736 0.287109375 0.4204101566037736 0.2802734375 0.41308593773584906 0.2744140625 0.41308593773584906 0.2666015625 0.4160156245283019 0.2578125 0.4291992188679245 0.25390625 0.4438476566037736 0.248046875 0.4731445311320755 0.24609375 0.48486328113207544 0.24609375 0.5024414066037736 0.248046875 0.5141601566037736 0.2529296875 0.5214843754716981 0.2587890625 0.524414062264151 0.2666015625 0.524414062264151 0.2724609375 0.518554687735849 0.27734375 0.5112304688679246
18 0.505859375 0.3530273433962264 0.51171875 0.3383789066037736 0.513671875 0.3295898433962264 0.513671875 0.3208007811320755 0.51171875 0.3090820311320755 0.5048828125 0.2988281245283019 0.4990234375 0.29589843773584906 0.4873046875 0.2988281245283019 0.4814453125 0.3046875 0.474609375 0.3149414066037736 0.44921875 0.3618164066037736 0.4453125 0.3735351566037736 0.4453125 0.3940429688679245 0.4482421875 0.40136718773584906 0.4560546875 0.41015625 0.4658203125 0.41015625 0.4775390625 0.40136718773584906 0.494140625 0.3764648433962264 0.505859375 0.3530273433962264
18 0.712890625 0.3764648433962264 0.712890625 0.3618164066037736 0.7109375 0.3559570311320755 0.7060546875 0.3515625 0.6787109375 0.3515625 0.6689453125 0.3574218754716981 0.658203125 0.3735351566037736 0.658203125 0.3823242188679245 0.6611328125 0.38964843773584906 0.6728515625 0.39550781226415094 0.6904296875 0.39550781226415094 0.6982421875 0.3925781245283019 0.7060546875 0.38671875 0.712890625 0.3764648433962264
18 0.5673828125 0.3222656245283019 0.5556640625 0.32519531226415094 0.5458984375 0.33105468773584906 0.541015625 0.3383789066037736 0.5615234375 0.375 0.5751953125 0.375 0.5830078125 0.36621093773584906 0.587890625 0.3559570311320755 0.587890625 0.3383789066037736 0.5791015625 0.32519531226415094 0.5673828125 0.3222656245283019
18 0.6640625 0.2446289066037736 0.66796875 0.2358398433962264 0.669921875 0.22705078113207547 0.66796875 0.2006835933962264 0.6572265625 0.18457031226415094 0.6396484375 0.18457031226415094 0.6357421875 0.1875 0.62890625 0.1977539066037736 0.625 0.2094726566037736 0.62109375 0.2241210933962264 0.62109375 0.2358398433962264 0.6337890625 0.2519531245283019 0.6376953125 0.25488281226415094 0.6455078125 0.2578125 0.6513671875 0.2578125 0.6611328125 0.2490234377358491 0.6640625 0.2446289066037736
18 0.578125 0.7280273433962264 0.578125 0.7133789066037736 0.57421875 0.6958007811320754 0.5732421875 0.694335937735849 0.5654296875 0.694335937735849 0.5595703125 0.6972656245283019 0.5517578125 0.703125 0.544921875 0.7133789066037736 0.544921875 0.7368164066037736 0.546875 0.7426757811320754 0.5556640625 0.75 0.5654296875 0.75 0.5693359375 0.747070312264151 0.576171875 0.7338867188679246 0.578125 0.7280273433962264
18 0.4833984375 0.5917968754716981 0.4775390625 0.5917968754716981 0.4658203125 0.606445312264151 0.45703125 0.6196289066037736 0.45703125 0.6313476566037736 0.4599609375 0.635742187735849 0.4638671875 0.6386718754716981 0.4697265625 0.635742187735849 0.48828125 0.6079101566037736 0.48828125 0.5991210933962264 0.4833984375 0.5917968754716981
18 0.5244140625 0.565429687735849 0.5205078125 0.5625 0.5087890625 0.5625 0.50390625 0.5698242188679246 0.501953125 0.5786132811320754 0.501953125 0.5961914066037736 0.50390625 0.6020507811320754 0.5107421875 0.612304687735849 0.5126953125 0.612304687735849 0.53125 0.5786132811320754 0.529296875 0.5727539066037736 0.5244140625 0.565429687735849
1 0.296875 0.3413085933962264 0.2919921875 0.3339843754716981 0.2841796875 0.328125 0.2724609375 0.32519531226415094 0.2705078125 0.32519531226415094 0.267578125 0.3295898433962264 0.259765625 0.3442382811320755 0.259765625 0.4204101566037736 0.2607421875 0.421875 0.2685546875 0.41308593773584906 0.29296875 0.3793945311320755 0.294921875 0.3735351566037736 0.296875 0.3530273433962264 0.296875 0.3413085933962264
1 0.333984375 0.2856445311320755 0.333984375 0.2797851566037736 0.3251953125 0.26660156226415094 0.3115234375 0.26660156226415094 0.3076171875 0.26953125 0.30078125 0.2797851566037736 0.298828125 0.2915039066037736 0.298828125 0.3061523433962264 0.302734375 0.3208007811320755 0.3076171875 0.32519531226415094 0.3134765625 0.32519531226415094 0.3212890625 0.3222656245283019 0.330078125 0.3061523433962264 0.333984375 0.2856445311320755
1 0.3828125 0.3471679688679245 0.384765625 0.3413085933962264 0.384765625 0.3237304688679245 0.3828125 0.3178710933962264 0.3798828125 0.31347656226415094 0.3525390625 0.31347656226415094 0.3515625 0.3149414066037736 0.33984375 0.3413085933962264 0.33984375 0.3530273433962264 0.341796875 0.3588867188679245 0.3447265625 0.36328125 0.3544921875 0.3691406245283019 0.3642578125 0.3691406245283019 0.3701171875 0.36621093773584906 0.3828125 0.3471679688679245
1 0.58203125 0.13623046886792453 0.58203125 0.13330078113207547 0.580078125 0.1274414066037736 0.5751953125 0.12011718773584906 0.5693359375 0.11425781226415094 0.5576171875 0.11132812452830189 0.5498046875 0.11132812452830189 0.544921875 0.11865234339622642 0.544921875 0.12451171886792455 0.5458984375 0.12597656226415094 0.5693359375 0.14355468773584906 0.5751953125 0.14648437547169813 0.5771484375 0.14648437547169813 0.580078125 0.1420898433962264 0.58203125 0.13623046886792453
1 0.58984375 0.2241210933962264 0.5830078125 0.21386718773584906 0.5751953125 0.20800781226415094 0.5634765625 0.20800781226415094 0.5595703125 0.2109375 0.5546875 0.21826171886792453 0.552734375 0.2241210933962264 0.552734375 0.23876953113207547 0.5546875 0.2446289066037736 0.5556640625 0.24609375 0.5791015625 0.2578125 0.587890625 0.2446289066037736 0.591796875 0.2329101566037736 0.58984375 0.2241210933962264
1 0.6201171875 0.375 0.630859375 0.3588867188679245 0.630859375 0.2973632811320755 0.62890625 0.2885742188679245 0.6259765625 0.28417968773584906 0.6220703125 0.28417968773584906 0.6103515625 0.29296875 0.6025390625 0.30175781226415094 0.59375 0.3149414066037736 0.591796875 0.3208007811320755 0.591796875 0.3442382811320755 0.59375 0.3588867188679245 0.595703125 0.3647460933962264 0.6005859375 0.37207031226415094 0.6083984375 0.37792968773584906 0.6162109375 0.37792968773584906 0.6201171875 0.375
1 0.7177734375 0.47753906226415094 0.7021484375 0.45996093773584906 0.693359375 0.4731445311320755 0.69140625 0.48486328113207544 0.69140625 0.4907226566037736 0.7021484375 0.506835937735849 0.7099609375 0.506835937735849 0.716796875 0.49951171886792456 0.720703125 0.48779296886792456 0.71875 0.4790039066037736 0.7177734375 0.47753906226415094
1 0.5146484375 0.71484375 0.51953125 0.7075195311320754 0.5390625 0.6665039066037736 0.5380859375 0.665039062264151 0.4814453125 0.64453125 0.466796875 0.6782226566037736 0.46484375 0.6840820311320754 0.46484375 0.6958007811320754 0.4677734375 0.703125 0.4775390625 0.71484375 0.4873046875 0.723632812264151 0.5009765625 0.723632812264151 0.5068359375 0.7207031245283019 0.5146484375 0.71484375
6 0.396484375 0.5844726566037736 0.392578125 0.5668945311320754 0.3857421875 0.5566406245283019 0.3798828125 0.553710937735849 0.3759765625 0.553710937735849 0.3681640625 0.5566406245283019 0.2880859375 0.612304687735849 0.275390625 0.6284179688679246 0.2734375 0.6372070311320754 0.2734375 0.6518554688679246 0.298828125 0.7309570311320754 0.3037109375 0.73828125 0.3232421875 0.752929687735849 0.3251953125 0.752929687735849 0.380859375 0.6313476566037736 0.396484375 0.5844726566037736
6 0.4111328125 0.3515625 0.4072265625 0.3515625 0.3994140625 0.36035156226415094 0.392578125 0.3706054688679245 0.373046875 0.4145507811320755 0.376953125 0.4702148433962264 0.3935546875 0.4921875 0.4013671875 0.500976562264151 0.4072265625 0.500976562264151 0.41015625 0.49658203113207544 0.439453125 0.3911132811320755 0.4111328125 0.3515625
6 0.53125 0.4409179688679245 0.5302734375 0.4394531245283019 0.4912109375 0.421875 0.451171875 0.48486328113207544 0.439453125 0.5346679688679246 0.439453125 0.5405273433962264 0.458984375 0.5815429688679246 0.4638671875 0.588867187735849 0.4716796875 0.588867187735849 0.474609375 0.5844726566037736 0.521484375 0.4907226566037736 0.53125 0.4409179688679245
6 0.517578125 0.2475585933962264 0.54296875 0.19189453113207547 0.54296875 0.1889648433962264 0.5224609375 0.1640625 0.4228515625 0.23144531226415094 0.421875 0.2329101566037736 0.42578125 0.2680664066037736 0.4306640625 0.2753906245283019 0.4599609375 0.29296875 0.4755859375 0.30175781226415094 0.4775390625 0.30175781226415094 0.5078125 0.2651367188679245 0.517578125 0.2475585933962264
6 0.720703125 0.2416992188679245 0.720703125 0.21826171886792453 0.7109375 0.1743164066037736 0.70703125 0.1625976566037736 0.69921875 0.14794921886792453 0.6962890625 0.14355468773584906 0.6904296875 0.13769531226415094 0.6826171875 0.13183593773584906 0.6806640625 0.13183593773584906 0.677734375 0.13623046886792453 0.630859375 0.3325195311320755 0.630859375 0.3354492188679245 0.6318359375 0.33691406226415094 0.6474609375 0.3339843754716981 0.6884765625 0.3222656245283019 0.69140625 0.3178710933962264 0.703125 0.2944335933962264 0.720703125 0.2416992188679245
6 0.763671875 0.4819335933962264 0.79296875 0.3823242188679245 0.787109375 0.3383789066037736 0.7802734375 0.328125 0.7763671875 0.32519531226415094 0.7626953125 0.32519531226415094 0.7548828125 0.328125 0.7451171875 0.33691406226415094 0.7421875 0.3413085933962264 0.732421875 0.3647460933962264 0.728515625 0.3764648433962264 0.724609375 0.4321289066037736 0.724609375 0.4643554688679245 0.7265625 0.4790039066037736 0.732421875 0.4936523433962264 0.7373046875 0.500976562264151 0.7431640625 0.500976562264151 0.7587890625 0.489257812264151 0.763671875 0.4819335933962264
13 0.7412109375 0.735351562264151 0.744140625 0.7280273433962264 0.744140625 0.7192382811320754 0.7255859375 0.6738281245283019 0.7158203125 0.670898437735849 0.701171875 0.6899414066037736 0.67578125 0.7368164066037736 0.67578125 0.7426757811320754 0.677734375 0.7543945311320754 0.6806640625 0.758789062264151 0.6845703125 0.76171875 0.6904296875 0.76171875 0.7119140625 0.7558593754716981 0.7412109375 0.735351562264151
21 0.7734375 0.5493164066037736 0.7734375 0.5463867188679246 0.7685546875 0.5390625 0.7646484375 0.536132812264151 0.7099609375 0.5214843754716981 0.708984375 0.5229492188679246 0.673828125 0.6225585933962264 0.673828125 0.6254882811320754 0.6806640625 0.635742187735849 0.7275390625 0.635742187735849 0.7353515625 0.6328125 0.7451171875 0.6269531245283019 0.7578125 0.6079101566037736 0.7734375 0.5493164066037736
14 0.6181640625 0.45410156226415094 0.6123046875 0.45410156226415094 0.603515625 0.4702148433962264 0.599609375 0.4936523433962264 0.599609375 0.49951171886792456 0.6005859375 0.500976562264151 0.6044921875 0.500976562264151 0.611328125 0.4907226566037736 0.619140625 0.4702148433962264 0.62109375 0.4584960933962264 0.6181640625 0.45410156226415094
14 0.5458984375 0.6328125 0.5419921875 0.6328125 0.5390625 0.6372070311320754 0.5390625 0.6430664066037736 0.541015625 0.6547851566037736 0.5478515625 0.6621093754716981 0.5576171875 0.665039062264151 0.5625 0.6518554688679246 0.5625 0.6489257811320754 0.5458984375 0.6328125
14 0.5634765625 0.5097656245283019 0.5615234375 0.5097656245283019 0.5537109375 0.515625 0.55078125 0.5200195311320754 0.548828125 0.5258789066037736 0.552734375 0.5405273433962264 0.5556640625 0.5449218754716981 0.5595703125 0.5449218754716981 0.572265625 0.5258789066037736 0.572265625 0.5200195311320754 0.5673828125 0.512695312264151 0.5634765625 0.5097656245283019
13 0.6533203125 0.5800781245283019 0.650390625 0.5844726566037736 0.6591796875 0.594726562264151 0.6708984375 0.600585937735849 0.6728515625 0.600585937735849 0.673828125 0.5991210933962264 0.673828125 0.5932617188679246 0.6630859375 0.5800781245283019 0.6533203125 0.5800781245283019
7 0.421875 0.5141601566037736 0.421875 0.5112304688679246 0.4208984375 0.5097656245283019 0.3544921875 0.47753906226415094 0.3525390625 0.47753906226415094 0.3515625 0.4790039066037736 0.357421875 0.5112304688679246 0.3681640625 0.52734375 0.3818359375 0.536132812264151 0.3955078125 0.5390625 0.4013671875 0.536132812264151 0.4111328125 0.530273437735849 0.421875 0.5141601566037736
9 0.671875 0.7895507811320754 0.669921875 0.7836914066037736 0.6650390625 0.776367187735849 0.6552734375 0.7675781245283019 0.6513671875 0.770507812264151 0.6484375 0.7749023433962264 0.6484375 0.7807617188679246 0.65234375 0.7954101566037736 0.6591796875 0.805664062264151 0.6650390625 0.805664062264151 0.6689453125 0.8027343745283019 0.671875 0.7954101566037736 0.671875 0.7895507811320754
9 0.626953125 0.7163085933962264 0.6240234375 0.711914062264151 0.6162109375 0.711914062264151 0.611328125 0.7192382811320754 0.611328125 0.7309570311320754 0.61328125 0.7368164066037736 0.6181640625 0.7441406245283019 0.6201171875 0.7441406245283019 0.625 0.7368164066037736 0.626953125 0.7280273433962264 0.626953125 0.7163085933962264
9 0.6103515625 0.717773437735849 0.6064453125 0.71484375 0.5966796875 0.71484375 0.59375 0.7192382811320754 0.59375 0.7309570311320754 0.5966796875 0.735351562264151 0.6044921875 0.735351562264151 0.6083984375 0.7324218754716981 0.611328125 0.7280273433962264 0.611328125 0.7192382811320754 0.6103515625 0.717773437735849
9 0.5888671875 0.600585937735849 0.5869140625 0.600585937735849 0.5830078125 0.6035156245283019 0.57421875 0.6166992188679246 0.57421875 0.6225585933962264 0.5771484375 0.6269531245283019 0.5849609375 0.6269531245283019 0.5888671875 0.624023437735849 0.59375 0.6166992188679246 0.59375 0.6079101566037736 0.5888671875 0.600585937735849
9 0.6025390625 0.559570312264151 0.5947265625 0.559570312264151 0.58984375 0.5668945311320754 0.58984375 0.5786132811320754 0.5927734375 0.583007812264151 0.6044921875 0.5917968754716981 0.6123046875 0.5917968754716981 0.615234375 0.5874023433962264 0.61328125 0.5756835933962264 0.6025390625 0.559570312264151
9 0.658203125 0.5991210933962264 0.658203125 0.5932617188679246 0.6494140625 0.5800781245283019 0.6455078125 0.577148437735849 0.6416015625 0.577148437735849 0.63671875 0.5844726566037736 0.63671875 0.5932617188679246 0.640625 0.6049804688679246 0.6435546875 0.609375 0.6474609375 0.612304687735849 0.6513671875 0.612304687735849 0.65625 0.6049804688679246 0.658203125 0.5991210933962264
9 0.669921875 0.5668945311320754 0.66796875 0.5610351566037736 0.6591796875 0.547851562264151 0.6494140625 0.547851562264151 0.64453125 0.5551757811320754 0.64453125 0.5610351566037736 0.646484375 0.5668945311320754 0.6494140625 0.571289062264151 0.6591796875 0.5800781245283019 0.6669921875 0.5800781245283019 0.669921875 0.5756835933962264 0.669921875 0.5668945311320754
9 0.69921875 0.49658203113207544 0.6962890625 0.4921875 0.6787109375 0.4921875 0.67578125 0.49658203113207544 0.67578125 0.5053710933962264 0.6806640625 0.512695312264151 0.6865234375 0.512695312264151 0.6923828125 0.5097656245283019 0.6962890625 0.506835937735849 0.69921875 0.5024414066037736 0.69921875 0.49658203113207544
9 0.5322265625 0.515625 0.5263671875 0.5097656245283019 0.5224609375 0.5097656245283019 0.51953125 0.5141601566037736 0.51953125 0.5200195311320754 0.521484375 0.5258789066037736 0.5283203125 0.536132812264151 0.5322265625 0.536132812264151 0.537109375 0.5288085933962264 0.537109375 0.5229492188679246 0.5322265625 0.515625
9 0.4248046875 0.665039062264151 0.4228515625 0.665039062264151 0.4130859375 0.670898437735849 0.408203125 0.6782226566037736 0.408203125 0.6870117188679246 0.4130859375 0.694335937735849 0.4150390625 0.694335937735849 0.4189453125 0.69140625 0.4296875 0.6752929688679246 0.4296875 0.6694335933962264 0.4248046875 0.665039062264151
9 0.5810546875 0.46582031226415094 0.5751953125 0.46582031226415094 0.5673828125 0.46875 0.5634765625 0.47167968773584906 0.5625 0.4731445311320755 0.5625 0.4819335933962264 0.5673828125 0.489257812264151 0.5732421875 0.489257812264151 0.5791015625 0.483398437735849 0.583984375 0.4760742188679245 0.583984375 0.4702148433962264 0.5810546875 0.46582031226415094
9 0.5458984375 0.4042968745283019 0.5361328125 0.41015625 0.53515625 0.4116210933962264 0.533203125 0.4174804688679245 0.533203125 0.4262695311320755 0.5380859375 0.43066406226415094 0.5439453125 0.43066406226415094 0.5546875 0.4145507811320755 0.5546875 0.4116210933962264 0.5517578125 0.4042968745283019 0.5458984375 0.4042968745283019
9 0.517578125 0.3706054688679245 0.5107421875 0.36035156226415094 0.5068359375 0.36035156226415094 0.5009765625 0.36328125 0.494140625 0.3735351566037736 0.494140625 0.3793945311320755 0.4970703125 0.38378906226415094 0.5029296875 0.38671875 0.5126953125 0.38671875 0.515625 0.3823242188679245 0.517578125 0.3764648433962264 0.517578125 0.3706054688679245
9 0.3994140625 0.5390625 0.3896484375 0.5449218754716981 0.38671875 0.5493164066037736 0.38671875 0.5581054688679246 0.3916015625 0.565429687735849 0.3974609375 0.565429687735849 0.408203125 0.5522460933962264 0.408203125 0.5463867188679246 0.4033203125 0.5390625 0.3994140625 0.5390625
9 0.2900390625 0.518554687735849 0.2880859375 0.518554687735849 0.2841796875 0.5214843754716981 0.27734375 0.5317382811320754 0.275390625 0.5375976566037736 0.27734375 0.5434570311320754 0.2802734375 0.547851562264151 0.2861328125 0.547851562264151 0.2890625 0.5434570311320754 0.294921875 0.5288085933962264 0.294921875 0.5229492188679246 0.2900390625 0.518554687735849
9 0.330078125 0.49658203113207544 0.3251953125 0.489257812264151 0.3212890625 0.4863281245283018 0.3193359375 0.4863281245283018 0.31640625 0.4907226566037736 0.30859375 0.5053710933962264 0.310546875 0.5112304688679246 0.3134765625 0.515625 0.3154296875 0.515625 0.3251953125 0.5097656245283019 0.328125 0.5053710933962264 0.330078125 0.49951171886792456 0.330078125 0.49658203113207544
9 0.3544921875 0.4394531245283019 0.3505859375 0.4394531245283019 0.3466796875 0.44238281226415094 0.34375 0.4467773433962264 0.33984375 0.4584960933962264 0.33984375 0.4643554688679245 0.3466796875 0.4746093745283019 0.3525390625 0.4746093745283019 0.3564453125 0.47167968773584906 0.359375 0.4643554688679245 0.359375 0.4438476566037736 0.3544921875 0.4394531245283019
9 0.306640625 0.3706054688679245 0.3056640625 0.3691406245283019 0.2978515625 0.3691406245283019 0.294921875 0.3735351566037736 0.294921875 0.3793945311320755 0.296875 0.3852539066037736 0.3017578125 0.3925781245283019 0.3076171875 0.3925781245283019 0.310546875 0.3881835933962264 0.310546875 0.3852539066037736 0.306640625 0.3706054688679245
9 0.2880859375 0.29003906226415094 0.2822265625 0.29003906226415094 0.279296875 0.2944335933962264 0.28515625 0.3120117188679245 0.2880859375 0.31640625 0.2958984375 0.31640625 0.298828125 0.3120117188679245 0.298828125 0.3002929688679245 0.2958984375 0.29589843773584906 0.2880859375 0.29003906226415094
9 0.3837890625 0.26074218773584906 0.380859375 0.2651367188679245 0.37890625 0.2709960933962264 0.3818359375 0.2753906245283019 0.3955078125 0.2753906245283019 0.400390625 0.2680664066037736 0.400390625 0.2592773433962264 0.3974609375 0.25488281226415094 0.3916015625 0.25488281226415094 0.3837890625 0.26074218773584906
9 0.5986328125 0.16992187547169813 0.5888671875 0.17285156226415094 0.583984375 0.18017578113207547 0.583984375 0.1889648433962264 0.5869140625 0.19335937547169813 0.5947265625 0.19335937547169813 0.60546875 0.18017578113207547 0.60546875 0.1743164066037736 0.6025390625 0.16992187547169813 0.5986328125 0.16992187547169813
9 0.5029296875 0.09667968773584906 0.4951171875 0.09375 0.4873046875 0.09375 0.482421875 0.10107421886792453 0.482421875 0.10693359339622642 0.4873046875 0.11425781226415094 0.5048828125 0.11425781226415094 0.509765625 0.10693359339622642 0.509765625 0.10400390660377358 0.5068359375 0.09960937547169811 0.5029296875 0.09667968773584906