1 0.748046875 0.6635742188679246 0.748046875 0.6606445311320754 0.740234375 0.6254882811320754 0.7392578125 0.624023437735849 0.7255859375 0.624023437735849 0.72265625 0.6284179688679246 0.71875 0.6401367188679246 0.716796875 0.6489257811320754 0.716796875 0.6577148433962264 0.720703125 0.6723632811320754 0.7236328125 0.676757812264151 0.7294921875 0.6796875 0.7412109375 0.676757812264151 0.74609375 0.6694335933962264 0.748046875 0.6635742188679246
1 0.7744140625 0.5625 0.78125 0.5522460933962264 0.783203125 0.5405273433962264 0.78125 0.5317382811320754 0.7783203125 0.52734375 0.7744140625 0.524414062264151 0.7705078125 0.524414062264151 0.7509765625 0.530273437735849 0.74609375 0.5375976566037736 0.74609375 0.5463867188679246 0.748046875 0.5551757811320754 0.7548828125 0.565429687735849 0.7587890625 0.5683593754716981 0.7646484375 0.5683593754716981 0.7705078125 0.565429687735849 0.7744140625 0.5625
1 0.6328125 0.5112304688679246 0.6298828125 0.506835937735849 0.6259765625 0.50390625 0.6240234375 0.50390625 0.6142578125 0.506835937735849 0.6044921875 0.512695312264151 0.59765625 0.5200195311320754 0.595703125 0.5258789066037736 0.595703125 0.5405273433962264 0.5986328125 0.5449218754716981 0.6025390625 0.547851562264151 0.6083984375 0.547851562264151 0.6318359375 0.5214843754716981 0.6328125 0.5200195311320754 0.6328125 0.5112304688679246
1 0.625 0.13623046886792453 0.625 0.1303710933962264 0.623046875 0.12451171886792455 0.6201171875 0.12011718773584906 0.5986328125 0.12011718773584906 0.5947265625 0.12304687547169811 0.587890625 0.13330078113207547 0.5859375 0.1391601566037736 0.583984375 0.14794921886792453 0.583984375 0.1538085933962264 0.5859375 0.15966796886792453 0.5888671875 0.1640625 0.5986328125 0.1640625 0.6162109375 0.15527343773584906 0.62109375 0.14794921886792453 0.625 0.13623046886792453
1 0.5625 0.09814453113207547 0.5419921875 0.07910156226415094 0.521484375 0.10693359339622642 0.517578125 0.12158203113207545 0.515625 0.1303710933962264 0.515625 0.13623046886792453 0.517578125 0.1508789066037736 0.5205078125 0.15820312452830187 0.5244140625 0.16113281226415094 0.5263671875 0.16113281226415094 0.55859375 0.11279296886792453 0.5625 0.09814453113207547
6 0.66796875 0.6723632811320754 0.6484375 0.5932617188679246 0.6474609375 0.5917968754716981 0.6025390625 0.55078125 0.6005859375 0.55078125 0.576171875 0.5756835933962264 0.541015625 0.6577148433962264 0.541015625 0.6606445311320754 0.5419921875 0.6621093754716981 0.5810546875 0.6738281245283019 0.6435546875 0.688476562264151 0.6591796875 0.688476562264151 0.6640625 0.6811523433962264 0.66796875 0.6723632811320754
6 0.7958984375 0.483398437735849 0.80078125 0.4760742188679245 0.802734375 0.4702148433962264 0.80078125 0.4291992188679245 0.79296875 0.3911132811320755 0.7509765625 0.3339843754716981 0.7470703125 0.33105468773584906 0.7431640625 0.33105468773584906 0.6923828125 0.37792968773584906 0.69140625 0.3793945311320755 0.69140625 0.3852539066037736 0.693359375 0.3940429688679245 0.7001953125 0.4042968745283019 0.7294921875 0.44238281226415094 0.7822265625 0.47753906226415094 0.7939453125 0.483398437735849 0.7958984375 0.483398437735849
6 0.392578125 0.5786132811320754 0.392578125 0.5756835933962264 0.384765625 0.5024414066037736 0.3720703125 0.48046875 0.3681640625 0.47753906226415094 0.3603515625 0.47753906226415094 0.357421875 0.4819335933962264 0.33203125 0.5551757811320754 0.33203125 0.5639648433962264 0.333984375 0.5844726566037736 0.357421875 0.6459960933962264 0.3603515625 0.6503906245283019 0.3720703125 0.6503906245283019 0.373046875 0.6489257811320754 0.392578125 0.5786132811320754
14 0.587890625 0.2211914066037736 0.5859375 0.22998046886792453 0.587890625 0.2358398433962264 0.5908203125 0.24023437452830187 0.5927734375 0.24023437452830187 0.615234375 0.2094726566037736 0.6083984375 0.19921875 0.5927734375 0.21386718773584906 0.587890625 0.2211914066037736
14 0.6357421875 0.41894531226415094 0.623046875 0.4409179688679245 0.62109375 0.4467773433962264 0.6240234375 0.4511718745283019 0.6455078125 0.4511718745283019 0.646484375 0.4497070311320755 0.64453125 0.4262695311320755 0.6416015625 0.421875 0.6376953125 0.41894531226415094 0.6357421875 0.41894531226415094
9 0.6923828125 0.20800781226415094 0.6904296875 0.20800781226415094 0.6875 0.2124023433962264 0.685546875 0.21826171886792453 0.68359375 0.22705078113207547 0.68359375 0.2329101566037736 0.6884765625 0.24023437452830187 0.6923828125 0.24023437452830187 0.6962890625 0.23730468773584906 0.69921875 0.22998046886792453 0.697265625 0.21533203113207547 0.6923828125 0.20800781226415094
9 0.4345703125 0.15820312452830187 0.4306640625 0.15820312452830187 0.42578125 0.1655273433962264 0.42578125 0.17138671886792453 0.4296875 0.1860351566037736 0.4345703125 0.19335937547169813 0.4423828125 0.19335937547169813 0.4453125 0.1889648433962264 0.4453125 0.1743164066037736 0.4345703125 0.15820312452830187
9 0.3662109375 0.234375 0.3603515625 0.234375 0.359375 0.2358398433962264 0.359375 0.2446289066037736 0.36328125 0.2592773433962264 0.3681640625 0.2636718754716981 0.3720703125 0.2636718754716981 0.376953125 0.2563476566037736 0.376953125 0.2504882811320755 0.3662109375 0.234375
9 0.419921875 0.2856445311320755 0.419921875 0.2739257811320755 0.4169921875 0.26953125 0.4091796875 0.2636718754716981 0.4072265625 0.2636718754716981 0.40625 0.2651367188679245 0.39453125 0.2973632811320755 0.39453125 0.3002929688679245 0.3994140625 0.30761718773584906 0.4033203125 0.30761718773584906 0.4072265625 0.3046875 0.4150390625 0.29589843773584906 0.41796875 0.2915039066037736 0.419921875 0.2856445311320755
9 0.4873046875 0.33105468773584906 0.482421875 0.3354492188679245 0.48046875 0.3413085933962264 0.48046875 0.3442382811320755 0.482421875 0.3500976566037736 0.4873046875 0.36035156226415094 0.4931640625 0.36035156226415094 0.49609375 0.3559570311320755 0.4921875 0.3383789066037736 0.4873046875 0.33105468773584906
9 0.49609375 0.6635742188679246 0.4892578125 0.653320312264151 0.4814453125 0.659179687735849 0.470703125 0.6723632811320754 0.466796875 0.6811523433962264 0.466796875 0.6899414066037736 0.4716796875 0.700195312264151 0.4794921875 0.700195312264151 0.4853515625 0.694335937735849 0.48828125 0.6899414066037736 0.49609375 0.6694335933962264 0.49609375 0.6635742188679246
7 0.421875 0.6899414066037736 0.431640625 0.6694335933962264 0.435546875 0.6577148433962264 0.4306640625 0.653320312264151 0.4111328125 0.6738281245283019 0.3759765625 0.71484375 0.375 0.7163085933962264 0.375 0.7192382811320754 0.3779296875 0.723632812264151 0.3837890625 0.7265625 0.3935546875 0.7265625 0.4013671875 0.723632812264151 0.412109375 0.7075195311320754 0.421875 0.6899414066037736
18 0.763671875 0.2651367188679245 0.7548828125 0.2519531245283019 0.7451171875 0.24609375 0.7412109375 0.24609375 0.7333984375 0.2490234377358491 0.7294921875 0.2519531245283019 0.7265625 0.2563476566037736 0.72265625 0.2680664066037736 0.72265625 0.2915039066037736 0.7314453125 0.3046875 0.7353515625 0.30761718773584906 0.7490234375 0.30761718773584906 0.759765625 0.2973632811320755 0.763671875 0.2827148433962264 0.763671875 0.2651367188679245
18 0.578125 0.4291992188679245 0.578125 0.4057617188679245 0.56640625 0.3735351566037736 0.5615234375 0.36621093773584906 0.5517578125 0.36621093773584906 0.55078125 0.3676757811320755 0.548828125 0.3735351566037736 0.548828125 0.3881835933962264 0.556640625 0.4174804688679245 0.560546875 0.4262695311320755 0.5654296875 0.43359375 0.5732421875 0.43359375 0.5771484375 0.43066406226415094 0.578125 0.4291992188679245
18 0.3515625 0.3735351566037736 0.3515625 0.3706054688679245 0.349609375 0.3618164066037736 0.3466796875 0.3574218754716981 0.3427734375 0.35449218773584906 0.3388671875 0.35449218773584906 0.3291015625 0.36328125 0.322265625 0.3735351566037736 0.31640625 0.3911132811320755 0.31640625 0.4028320311320755 0.318359375 0.4145507811320755 0.3271484375 0.4277343745283019 0.3330078125 0.4277343745283019 0.3359375 0.4233398433962264 0.337890625 0.4174804688679245 0.3515625 0.3735351566037736
3 0.5078125 0.5229492188679246 0.5078125 0.5083007811320754 0.5 0.4614257811320755 0.498046875 0.4555664066037736 0.4931640625 0.4511718745283019 0.4833984375 0.4511718745283019 0.4765625 0.4614257811320755 0.421875 0.5493164066037736 0.439453125 0.6137695311320754 0.4404296875 0.6152343754716981 0.4619140625 0.624023437735849 0.4990234375 0.6328125 0.5 0.6313476566037736 0.505859375 0.5522460933962264 0.5078125 0.5229492188679246
24 0.5703125 0.2768554688679245 0.5751953125 0.28417968773584906 0.5791015625 0.28417968773584906 0.58203125 0.2797851566037736 0.58203125 0.2768554688679245 0.5791015625 0.26953125 0.5751953125 0.26953125 0.5703125 0.2768554688679245