18 0.30078125 0.3237304688679245 0.302734375 0.2885742188679245 0.302734375 0.2622070311320755 0.298828125 0.2475585933962264 0.2939453125 0.2431640622641509 0.2841796875 0.2431640622641509 0.2802734375 0.24609375 0.27734375 0.2504882811320755 0.271484375 0.2680664066037736 0.26953125 0.2768554688679245 0.267578125 0.2885742188679245 0.267578125 0.3413085933962264 0.2724609375 0.35449218773584906 0.2783203125 0.35449218773584906 0.2880859375 0.3515625 0.29296875 0.3471679688679245 0.296875 0.3383789066037736 0.30078125 0.3237304688679245
18 0.392578125 0.2504882811320755 0.392578125 0.2358398433962264 0.3876953125 0.22851562452830187 0.3603515625 0.20214843773584906 0.3486328125 0.20214843773584906 0.345703125 0.20654296886792453 0.345703125 0.22705078113207547 0.34765625 0.2329101566037736 0.3603515625 0.2519531245283019 0.3701171875 0.26074218773584906 0.3837890625 0.26074218773584906 0.3876953125 0.2578125 0.392578125 0.2504882811320755
18 0.44140625 0.22705078113207547 0.44140625 0.2241210933962264 0.4365234375 0.21679687452830187 0.4326171875 0.21386718773584906 0.4150390625 0.21386718773584906 0.4052734375 0.21972656226415094 0.40234375 0.2241210933962264 0.400390625 0.22998046886792453 0.400390625 0.2416992188679245 0.4033203125 0.24609375 0.4072265625 0.2490234377358491 0.4326171875 0.24023437452830187 0.4365234375 0.23730468773584906 0.439453125 0.2329101566037736 0.44140625 0.22705078113207547
18 0.63671875 0.3032226566037736 0.63671875 0.2973632811320755 0.634765625 0.2915039066037736 0.6298828125 0.2871093754716981 0.6259765625 0.2871093754716981 0.6044921875 0.29296875 0.5986328125 0.29589843773584906 0.59375 0.3002929688679245 0.591796875 0.3061523433962264 0.591796875 0.3149414066037736 0.5986328125 0.32519531226415094 0.6025390625 0.328125 0.6083984375 0.328125 0.6279296875 0.31933593773584906 0.634765625 0.3120117188679245 0.63671875 0.3032226566037736
18 0.30859375 0.4028320311320755 0.30859375 0.3881835933962264 0.3037109375 0.3808593754716981 0.2978515625 0.3808593754716981 0.291015625 0.3911132811320755 0.2890625 0.3969726566037736 0.28515625 0.4204101566037736 0.28515625 0.4291992188679245 0.287109375 0.4379882811320755 0.2880859375 0.4394531245283019 0.2978515625 0.4394531245283019 0.302734375 0.4321289066037736 0.306640625 0.4174804688679245 0.30859375 0.4028320311320755
18 0.271484375 0.5053710933962264 0.267578125 0.4936523433962264 0.2646484375 0.489257812264151 0.2607421875 0.489257812264151 0.2548828125 0.4921875 0.25 0.49951171886792456 0.2421875 0.5229492188679246 0.2421875 0.5434570311320754 0.2490234375 0.55078125 0.2529296875 0.55078125 0.2568359375 0.547851562264151 0.26171875 0.5405273433962264 0.26953125 0.5170898433962264 0.271484375 0.5053710933962264
18 0.2587890625 0.55078125 0.2509765625 0.55078125 0.2421875 0.5639648433962264 0.2421875 0.5903320311320754 0.2470703125 0.59765625 0.2568359375 0.59765625 0.259765625 0.5932617188679246 0.26171875 0.5786132811320754 0.26171875 0.5551757811320754 0.2587890625 0.55078125
18 0.294921875 0.6489257811320754 0.29296875 0.6430664066037736 0.2841796875 0.629882812264151 0.2802734375 0.6269531245283019 0.2548828125 0.62109375 0.2509765625 0.62109375 0.2451171875 0.624023437735849 0.23828125 0.6342773433962264 0.23828125 0.6459960933962264 0.240234375 0.6518554688679246 0.2431640625 0.65625 0.2587890625 0.665039062264151 0.2841796875 0.670898437735849 0.291015625 0.6635742188679246 0.294921875 0.6489257811320754
18 0.39453125 0.6694335933962264 0.384765625 0.6518554688679246 0.3740234375 0.641601562264151 0.3701171875 0.64453125 0.3671875 0.6489257811320754 0.365234375 0.6547851566037736 0.3671875 0.6694335933962264 0.37109375 0.6782226566037736 0.3818359375 0.694335937735849 0.3935546875 0.694335937735849 0.396484375 0.6899414066037736 0.396484375 0.6752929688679246 0.39453125 0.6694335933962264
18 0.435546875 0.6840820311320754 0.439453125 0.6752929688679246 0.44140625 0.6665039066037736 0.4453125 0.6372070311320754 0.4453125 0.6020507811320754 0.4345703125 0.588867187735849 0.4189453125 0.583007812264151 0.4169921875 0.583007812264151 0.408203125 0.5961914066037736 0.404296875 0.6577148433962264 0.404296875 0.6723632811320754 0.40625 0.6811523433962264 0.4150390625 0.694335937735849 0.4208984375 0.6972656245283019 0.4248046875 0.6972656245283019 0.4287109375 0.694335937735849 0.435546875 0.6840820311320754
18 0.58203125 0.7163085933962264 0.580078125 0.7075195311320754 0.57421875 0.6899414066037736 0.5615234375 0.66796875 0.5537109375 0.6621093754716981 0.5478515625 0.659179687735849 0.5419921875 0.659179687735849 0.53515625 0.6694335933962264 0.53515625 0.6782226566037736 0.541015625 0.6958007811320754 0.55078125 0.7133789066037736 0.5654296875 0.7324218754716981 0.5732421875 0.7324218754716981 0.580078125 0.7221679688679246 0.58203125 0.7163085933962264
18 0.615234375 0.6928710933962264 0.615234375 0.6840820311320754 0.61328125 0.6752929688679246 0.59765625 0.6430664066037736 0.5888671875 0.629882812264151 0.5810546875 0.629882812264151 0.576171875 0.6372070311320754 0.576171875 0.6518554688679246 0.580078125 0.6694335933962264 0.58984375 0.6870117188679246 0.5986328125 0.700195312264151 0.6025390625 0.703125 0.6103515625 0.700195312264151 0.615234375 0.6928710933962264
18 0.65625 0.7602539066037736 0.65625 0.7514648433962264 0.654296875 0.7426757811320754 0.6435546875 0.7265625 0.6376953125 0.723632812264151 0.6279296875 0.723632812264151 0.6220703125 0.7265625 0.615234375 0.7368164066037736 0.615234375 0.7514648433962264 0.6220703125 0.76171875 0.6376953125 0.776367187735849 0.6455078125 0.776367187735849 0.6494140625 0.7734375 0.654296875 0.7661132811320754 0.65625 0.7602539066037736
18 0.73828125 0.5141601566037736 0.744140625 0.49951171886792456 0.744140625 0.4819335933962264 0.7421875 0.4760742188679245 0.7373046875 0.46875 0.7294921875 0.46582031226415094 0.7255859375 0.46875 0.720703125 0.4760742188679245 0.70703125 0.5024414066037736 0.70703125 0.5141601566037736 0.7109375 0.5229492188679246 0.7138671875 0.52734375 0.7177734375 0.530273437735849 0.7236328125 0.530273437735849 0.7314453125 0.524414062264151 0.73828125 0.5141601566037736
18 0.724609375 0.4702148433962264 0.7265625 0.4643554688679245 0.7109375 0.4233398433962264 0.7080078125 0.41894531226415094 0.7060546875 0.41894531226415094 0.701171875 0.4262695311320755 0.69921875 0.4350585933962264 0.69921875 0.4438476566037736 0.703125 0.4643554688679245 0.7099609375 0.4746093745283019 0.7138671875 0.47753906226415094 0.7177734375 0.47753906226415094 0.7216796875 0.4746093745283019 0.724609375 0.4702148433962264
18 0.7109375 0.3647460933962264 0.7080078125 0.36035156226415094 0.7021484375 0.36035156226415094 0.6982421875 0.36328125 0.693359375 0.3706054688679245 0.689453125 0.3852539066037736 0.689453125 0.3999023433962264 0.693359375 0.4145507811320755 0.7021484375 0.421875 0.7041015625 0.421875 0.708984375 0.4174804688679245 0.7109375 0.4086914066037736 0.7109375 0.3647460933962264
18 0.568359375 0.4116210933962264 0.5615234375 0.40136718773584906 0.5478515625 0.40136718773584906 0.5322265625 0.40722656226415094 0.5224609375 0.41308593773584906 0.521484375 0.4145507811320755 0.521484375 0.4262695311320755 0.5234375 0.4321289066037736 0.5263671875 0.43652343773584906 0.5302734375 0.4394531245283019 0.5439453125 0.4394531245283019 0.5576171875 0.4277343745283019 0.568359375 0.4116210933962264
18 0.6015625 0.4790039066037736 0.599609375 0.4702148433962264 0.595703125 0.4584960933962264 0.5908203125 0.4511718745283019 0.5830078125 0.4511718745283019 0.578125 0.4584960933962264 0.578125 0.4731445311320755 0.580078125 0.48486328113207544 0.583984375 0.49658203113207544 0.5908203125 0.506835937735849 0.5966796875 0.506835937735849 0.6015625 0.49951171886792456 0.6015625 0.4790039066037736
18 0.5478515625 0.500976562264151 0.5419921875 0.495117187735849 0.5341796875 0.489257812264151 0.5283203125 0.4863281245283018 0.5244140625 0.489257812264151 0.521484375 0.4936523433962264 0.521484375 0.5053710933962264 0.5263671875 0.512695312264151 0.5419921875 0.524414062264151 0.5478515625 0.524414062264151 0.552734375 0.5170898433962264 0.552734375 0.5083007811320754 0.5478515625 0.500976562264151
13 0.5048828125 0.12011718773584906 0.4951171875 0.12304687547169811 0.4638671875 0.15527343773584906 0.453125 0.16845703113207547 0.44921875 0.1772460933962264 0.44921875 0.18017578113207547 0.4775390625 0.22558593773584906 0.4814453125 0.22265625 0.4921875 0.20654296886792453 0.52734375 0.14501953113207547 0.5166015625 0.12890625 0.5048828125 0.12011718773584906
13 0.59375 0.2709960933962264 0.595703125 0.2592773433962264 0.59765625 0.2124023433962264 0.595703125 0.17138671886792453 0.59375 0.1655273433962264 0.5869140625 0.15527343773584906 0.5830078125 0.15527343773584906 0.5224609375 0.19628906226415094 0.51953125 0.2006835933962264 0.51953125 0.20361328113207547 0.5234375 0.21533203113207547 0.5419921875 0.2431640622641509 0.5712890625 0.28125 0.5849609375 0.28125 0.5888671875 0.27832031226415094 0.59375 0.2709960933962264
6 0.4169921875 0.2871093754716981 0.3955078125 0.26660156226415094 0.3935546875 0.26660156226415094 0.3779296875 0.2753906245283019 0.3505859375 0.29589843773584906 0.33203125 0.3325195311320755 0.318359375 0.3793945311320755 0.318359375 0.3823242188679245 0.3349609375 0.40136718773584906 0.3642578125 0.3691406245283019 0.4189453125 0.3046875 0.421875 0.2973632811320755 0.421875 0.2944335933962264 0.4169921875 0.2871093754716981
6 0.4697265625 0.2431640622641509 0.4521484375 0.23144531226415094 0.4443359375 0.23144531226415094 0.44140625 0.2358398433962264 0.439453125 0.2680664066037736 0.4375 0.3618164066037736 0.4775390625 0.4160156245283019 0.4814453125 0.41894531226415094 0.4853515625 0.4160156245283019 0.48828125 0.4086914066037736 0.494140625 0.3237304688679245 0.494140625 0.3120117188679245 0.4697265625 0.2431640622641509
6 0.455078125 0.4116210933962264 0.423828125 0.3354492188679245 0.4189453125 0.328125 0.4130859375 0.3222656245283019 0.4111328125 0.3222656245283019 0.41015625 0.3237304688679245 0.3984375 0.3735351566037736 0.404296875 0.4555664066037736 0.4365234375 0.483398437735849 0.4404296875 0.483398437735849 0.4443359375 0.48046875 0.44921875 0.4731445311320755 0.455078125 0.4555664066037736 0.455078125 0.4116210933962264
6 0.466796875 0.5639648433962264 0.482421875 0.5317382811320754 0.4921875 0.5083007811320754 0.49609375 0.48486328113207544 0.494140625 0.4467773433962264 0.4921875 0.4350585933962264 0.4873046875 0.4277343745283019 0.4814453125 0.4277343745283019 0.4775390625 0.43066406226415094 0.4609375 0.4584960933962264 0.431640625 0.5112304688679246 0.431640625 0.5200195311320754 0.4375 0.5639648433962264 0.439453125 0.5756835933962264 0.4423828125 0.5800781245283019 0.4462890625 0.5800781245283019 0.4599609375 0.57421875 0.466796875 0.5639648433962264
6 0.5078125 0.7075195311320754 0.51171875 0.6958007811320754 0.515625 0.6782226566037736 0.515625 0.6372070311320754 0.513671875 0.6049804688679246 0.501953125 0.5668945311320754 0.5009765625 0.565429687735849 0.4892578125 0.565429687735849 0.48828125 0.5668945311320754 0.486328125 0.5727539066037736 0.490234375 0.6723632811320754 0.4921875 0.7045898433962264 0.494140625 0.7163085933962264 0.4970703125 0.7207031245283019 0.4990234375 0.7207031245283019 0.5029296875 0.717773437735849 0.5078125 0.7075195311320754
17 0.3486328125 0.700195312264151 0.361328125 0.6811523433962264 0.36328125 0.6752929688679246 0.365234375 0.6665039066037736 0.365234375 0.6430664066037736 0.337890625 0.5698242188679246 0.3369140625 0.5683593754716981 0.3349609375 0.5683593754716981 0.2978515625 0.57421875 0.294921875 0.5815429688679246 0.29296875 0.6020507811320754 0.29296875 0.6284179688679246 0.296875 0.6401367188679246 0.3046875 0.6547851566037736 0.3291015625 0.69140625 0.3388671875 0.703125 0.3447265625 0.703125 0.3486328125 0.700195312264151
20 0.7255859375 0.565429687735849 0.7138671875 0.559570312264151 0.6904296875 0.553710937735849 0.6875 0.5610351566037736 0.677734375 0.5961914066037736 0.6787109375 0.59765625 0.6884765625 0.6035156245283019 0.7041015625 0.600585937735849 0.7255859375 0.5917968754716981 0.7314453125 0.588867187735849 0.736328125 0.5815429688679246 0.7255859375 0.565429687735849
20 0.408203125 0.5258789066037736 0.404296875 0.4731445311320755 0.4033203125 0.47167968773584906 0.4013671875 0.47167968773584906 0.3916015625 0.47753906226415094 0.3828125 0.4907226566037736 0.375 0.5112304688679246 0.375 0.5170898433962264 0.384765625 0.5639648433962264 0.3916015625 0.57421875 0.3994140625 0.57421875 0.40625 0.5639648433962264 0.408203125 0.5522460933962264 0.408203125 0.5258789066037736
20 0.318359375 0.5229492188679246 0.3154296875 0.518554687735849 0.3115234375 0.515625 0.2919921875 0.506835937735849 0.2822265625 0.506835937735849 0.27734375 0.5112304688679246 0.275390625 0.5170898433962264 0.275390625 0.5258789066037736 0.27734375 0.5317382811320754 0.2822265625 0.5390625 0.3017578125 0.5566406245283019 0.3173828125 0.5449218754716981 0.3203125 0.5405273433962264 0.318359375 0.5229492188679246
9 0.248046875 0.4584960933962264 0.244140625 0.4409179688679245 0.2412109375 0.43652343773584906 0.2373046875 0.43652343773584906 0.2333984375 0.4394531245283019 0.23046875 0.4438476566037736 0.228515625 0.4526367188679245 0.228515625 0.4643554688679245 0.232421875 0.48486328113207544 0.2333984375 0.4863281245283018 0.2392578125 0.489257812264151 0.2431640625 0.489257812264151 0.248046875 0.4790039066037736 0.248046875 0.4584960933962264
9 0.349609375 0.4731445311320755 0.34375 0.4614257811320755 0.3388671875 0.45410156226415094 0.3349609375 0.4511718745283019 0.3271484375 0.4511718745283019 0.322265625 0.4584960933962264 0.3203125 0.4643554688679245 0.3203125 0.4672851566037736 0.322265625 0.4731445311320755 0.3291015625 0.483398437735849 0.3369140625 0.489257812264151 0.3466796875 0.489257812264151 0.349609375 0.48486328113207544 0.349609375 0.4731445311320755
9 0.37109375 0.5727539066037736 0.37109375 0.5698242188679246 0.35546875 0.5258789066037736 0.3486328125 0.515625 0.3447265625 0.512695312264151 0.3349609375 0.512695312264151 0.328125 0.5229492188679246 0.328125 0.5493164066037736 0.341796875 0.5844726566037736 0.349609375 0.5991210933962264 0.3525390625 0.6035156245283019 0.3544921875 0.6035156245283019 0.361328125 0.5961914066037736 0.37109375 0.5727539066037736
9 0.572265625 0.6049804688679246 0.5673828125 0.59765625 0.5595703125 0.59765625 0.5458984375 0.606445312264151 0.537109375 0.6196289066037736 0.537109375 0.6225585933962264 0.5419921875 0.629882812264151 0.5517578125 0.6328125 0.5615234375 0.6328125 0.5654296875 0.629882812264151 0.57421875 0.6166992188679246 0.572265625 0.6049804688679246
9 0.68359375 0.5112304688679246 0.681640625 0.5053710933962264 0.6748046875 0.495117187735849 0.6669921875 0.4921875 0.6572265625 0.4921875 0.654296875 0.49658203113207544 0.65234375 0.5024414066037736 0.65234375 0.5083007811320754 0.658203125 0.5200195311320754 0.6611328125 0.524414062264151 0.6650390625 0.52734375 0.6748046875 0.52734375 0.681640625 0.5170898433962264 0.68359375 0.5112304688679246
9 0.666015625 0.2651367188679245 0.6640625 0.2592773433962264 0.6533203125 0.2431640622641509 0.6494140625 0.24023437452830187 0.6416015625 0.24023437452830187 0.6376953125 0.2431640622641509 0.634765625 0.2475585933962264 0.6328125 0.2534179688679245 0.6328125 0.2563476566037736 0.634765625 0.2651367188679245 0.6376953125 0.26953125 0.6533203125 0.27832031226415094 0.6630859375 0.27832031226415094 0.666015625 0.2739257811320755 0.666015625 0.2651367188679245
9 0.6279296875 0.21972656226415094 0.6328125 0.2124023433962264 0.6328125 0.20361328113207547 0.6259765625 0.19628906226415094 0.6181640625 0.19628906226415094 0.6083984375 0.19921875 0.599609375 0.2124023433962264 0.599609375 0.2211914066037736 0.6015625 0.22705078113207547 0.6044921875 0.23144531226415094 0.6083984375 0.234375 0.6142578125 0.234375 0.6181640625 0.23144531226415094 0.6279296875 0.21972656226415094
14 0.2392578125 0.421875 0.2314453125 0.421875 0.228515625 0.4262695311320755 0.228515625 0.4291992188679245 0.2490234375 0.45703125 0.251953125 0.4526367188679245 0.251953125 0.4409179688679245 0.25 0.4350585933962264 0.2431640625 0.42480468773584906 0.2392578125 0.421875
14 0.2734375 0.3881835933962264 0.2724609375 0.38671875 0.2685546875 0.38671875 0.263671875 0.3940429688679245 0.259765625 0.4028320311320755 0.25390625 0.4204101566037736 0.25390625 0.4291992188679245 0.2568359375 0.43359375 0.2607421875 0.43359375 0.263671875 0.4291992188679245 0.271484375 0.4057617188679245 0.2734375 0.3969726566037736 0.2734375 0.3881835933962264
1 0.3564453125 0.7910156245283019 0.361328125 0.7866210933962264 0.365234375 0.7778320311320754 0.3671875 0.7719726566037736 0.3671875 0.7690429688679246 0.3603515625 0.752929687735849 0.2978515625 0.7089843754716981 0.2939453125 0.7089843754716981 0.29296875 0.7104492188679246 0.302734375 0.7543945311320754 0.30859375 0.7690429688679246 0.3173828125 0.782226562264151 0.3291015625 0.7910156245283019 0.3349609375 0.793945312264151 0.3505859375 0.793945312264151 0.3564453125 0.7910156245283019
1 0.375 0.7280273433962264 0.3681640625 0.717773437735849 0.3642578125 0.71484375 0.3544921875 0.7207031245283019 0.3515625 0.7250976566037736 0.3515625 0.7280273433962264 0.357421875 0.7426757811320754 0.3681640625 0.7558593754716981 0.3701171875 0.7558593754716981 0.373046875 0.7485351566037736 0.375 0.7397460933962264 0.375 0.7280273433962264
1 0.421875 0.7133789066037736 0.4208984375 0.711914062264151 0.4150390625 0.711914062264151 0.4091796875 0.71484375 0.400390625 0.7280273433962264 0.400390625 0.7368164066037736 0.40234375 0.7426757811320754 0.4052734375 0.747070312264151 0.4111328125 0.752929687735849 0.4150390625 0.752929687735849 0.419921875 0.7456054688679246 0.421875 0.7133789066037736
1 0.681640625 0.6694335933962264 0.671875 0.6284179688679246 0.6640625 0.6137695311320754 0.6572265625 0.6035156245283019 0.6552734375 0.6035156245283019 0.654296875 0.6049804688679246 0.625 0.6694335933962264 0.625 0.6723632811320754 0.638671875 0.6987304688679246 0.6455078125 0.7089843754716981 0.6572265625 0.71484375 0.6728515625 0.71484375 0.681640625 0.7075195311320754 0.681640625 0.6694335933962264
1 0.673828125 0.5815429688679246 0.67578125 0.5756835933962264 0.6708984375 0.5683593754716981 0.6494140625 0.5449218754716981 0.6455078125 0.541992187735849 0.6435546875 0.541992187735849 0.6396484375 0.5449218754716981 0.63671875 0.5493164066037736 0.634765625 0.5551757811320754 0.634765625 0.5668945311320754 0.638671875 0.5756835933962264 0.6455078125 0.5859375 0.6513671875 0.5917968754716981 0.6611328125 0.5917968754716981 0.6708984375 0.5859375 0.673828125 0.5815429688679246
1 0.611328125 0.5346679688679246 0.609375 0.5258789066037736 0.6064453125 0.5214843754716981 0.6025390625 0.518554687735849 0.5966796875 0.518554687735849 0.591796875 0.5258789066037736 0.59375 0.5581054688679246 0.595703125 0.5727539066037736 0.6025390625 0.5800781245283019 0.6064453125 0.5800781245283019 0.609375 0.5756835933962264 0.611328125 0.5698242188679246 0.611328125 0.5346679688679246
1 0.6162109375 0.37207031226415094 0.6123046875 0.3691406245283019 0.5966796875 0.3691406245283019 0.5927734375 0.37207031226415094 0.587890625 0.3793945311320755 0.5859375 0.3852539066037736 0.5859375 0.3881835933962264 0.58984375 0.4028320311320755 0.5947265625 0.41015625 0.6005859375 0.41015625 0.619140625 0.3793945311320755 0.619140625 0.3764648433962264 0.6162109375 0.37207031226415094
1 0.681640625 0.3325195311320755 0.681640625 0.3266601566037736 0.6796875 0.3149414066037736 0.6787109375 0.31347656226415094 0.6748046875 0.3105468754716981 0.6728515625 0.3105468754716981 0.6513671875 0.3222656245283019 0.6484375 0.3266601566037736 0.6484375 0.3325195311320755 0.650390625 0.3471679688679245 0.6552734375 0.35449218773584906 0.6611328125 0.3574218754716981 0.6708984375 0.3574218754716981 0.677734375 0.3471679688679245 0.681640625 0.3325195311320755
1 0.5625 0.3208007811320755 0.560546875 0.3032226566037736 0.5537109375 0.29296875 0.5498046875 0.29003906226415094 0.5380859375 0.29003906226415094 0.533203125 0.2973632811320755 0.533203125 0.3061523433962264 0.55078125 0.3471679688679245 0.5517578125 0.34863281226415094 0.5576171875 0.34863281226415094 0.55859375 0.3471679688679245 0.5625 0.3325195311320755 0.5625 0.3208007811320755
1 0.509765625 0.2592773433962264 0.5048828125 0.2519531245283019 0.4892578125 0.2519531245283019 0.4794921875 0.26074218773584906 0.478515625 0.2622070311320755 0.478515625 0.2709960933962264 0.48046875 0.2797851566037736 0.4892578125 0.29296875 0.5009765625 0.29296875 0.509765625 0.2797851566037736 0.51171875 0.2709960933962264 0.509765625 0.2592773433962264
1 0.4287109375 0.20214843773584906 0.435546875 0.19189453113207547 0.439453125 0.18017578113207547 0.439453125 0.16845703113207547 0.435546875 0.15966796886792453 0.4326171875 0.15527343773584906 0.4306640625 0.15527343773584906 0.3837890625 0.17578125 0.3828125 0.1772460933962264 0.3828125 0.2006835933962264 0.384765625 0.20654296886792453 0.3876953125 0.2109375 0.3955078125 0.21679687452830187 0.4033203125 0.21972656226415094 0.4111328125 0.21679687452830187 0.4287109375 0.20214843773584906
1 0.328125 0.2446289066037736 0.3154296875 0.22558593773584906 0.3076171875 0.22265625 0.3017578125 0.22558593773584906 0.296875 0.22998046886792453 0.294921875 0.2358398433962264 0.294921875 0.2416992188679245 0.3115234375 0.26660156226415094 0.3154296875 0.26953125 0.3251953125 0.26953125 0.330078125 0.2622070311320755 0.330078125 0.2504882811320755 0.328125 0.2446289066037736
3 0.3623046875 0.43652343773584906 0.361328125 0.4379882811320755 0.3740234375 0.46875 0.3759765625 0.46875 0.3955078125 0.45703125 0.3984375 0.4526367188679245 0.3984375 0.4467773433962264 0.3916015625 0.43359375 0.3623046875 0.43652343773584906
3 0.646484375 0.4233398433962264 0.6455078125 0.421875 0.6396484375 0.41894531226415094 0.6298828125 0.41894531226415094 0.626953125 0.4262695311320755 0.623046875 0.4409179688679245 0.623046875 0.4467773433962264 0.62890625 0.4790039066037736 0.6298828125 0.48046875 0.6455078125 0.483398437735849 0.654296875 0.4584960933962264 0.654296875 0.4555664066037736 0.646484375 0.4233398433962264
0 0.3935546875 0.588867187735849 0.390625 0.5932617188679246 0.390625 0.5991210933962264 0.3916015625 0.600585937735849 0.3935546875 0.600585937735849 0.396484375 0.5961914066037736 0.396484375 0.5903320311320754 0.3955078125 0.588867187735849 0.3935546875 0.588867187735849
1 0.6552734375 0.38964843773584906 0.65234375 0.3940429688679245 0.650390625 0.4057617188679245 0.6533203125 0.41308593773584906 0.6572265625 0.41308593773584906 0.66796875 0.3969726566037736 0.66796875 0.3911132811320755 0.6630859375 0.38671875 0.6591796875 0.38671875 0.6552734375 0.38964843773584906