18 0.376953125 0.7133789066037736 0.380859375 0.7016601566037736 0.380859375 0.6899414066037736 0.3759765625 0.676757812264151 0.3642578125 0.670898437735849 0.3544921875 0.6738281245283019 0.3212890625 0.69140625 0.3134765625 0.6972656245283019 0.306640625 0.7045898433962264 0.302734375 0.7221679688679246 0.302734375 0.7280273433962264 0.3046875 0.7338867188679246 0.3134765625 0.747070312264151 0.3349609375 0.747070312264151 0.3544921875 0.73828125 0.3642578125 0.7324218754716981 0.376953125 0.7133789066037736
18 0.74609375 0.7485351566037736 0.748046875 0.7368164066037736 0.748046875 0.7338867188679246 0.74609375 0.7250976566037736 0.7451171875 0.723632812264151 0.7412109375 0.7207031245283019 0.7333984375 0.717773437735849 0.7177734375 0.717773437735849 0.6982421875 0.723632812264151 0.6923828125 0.7265625 0.6875 0.7309570311320754 0.68359375 0.7426757811320754 0.68359375 0.7514648433962264 0.6904296875 0.76171875 0.6962890625 0.764648437735849 0.7138671875 0.764648437735849 0.7275390625 0.76171875 0.7412109375 0.7558593754716981 0.74609375 0.7485351566037736
18 0.7890625 0.4057617188679245 0.7890625 0.3823242188679245 0.787109375 0.3706054688679245 0.77734375 0.3383789066037736 0.7705078125 0.328125 0.7666015625 0.32519531226415094 0.7587890625 0.32519531226415094 0.7490234375 0.33105468773584906 0.74609375 0.3354492188679245 0.7421875 0.3442382811320755 0.7421875 0.3618164066037736 0.751953125 0.3911132811320755 0.755859375 0.3999023433962264 0.7646484375 0.41308593773584906 0.7685546875 0.4160156245283019 0.7822265625 0.4160156245283019 0.7890625 0.4057617188679245
18 0.705078125 0.2563476566037736 0.705078125 0.2504882811320755 0.7021484375 0.24609375 0.6865234375 0.23144531226415094 0.6767578125 0.23144531226415094 0.6689453125 0.234375 0.6650390625 0.23730468773584906 0.658203125 0.2475585933962264 0.654296875 0.2563476566037736 0.650390625 0.2709960933962264 0.650390625 0.2973632811320755 0.65234375 0.3090820311320755 0.654296875 0.3149414066037736 0.6650390625 0.33105468773584906 0.6728515625 0.3339843754716981 0.677734375 0.3266601566037736 0.705078125 0.2563476566037736
3 0.603515625 0.22998046886792453 0.603515625 0.22705078113207547 0.5849609375 0.17285156226415094 0.5673828125 0.14941406226415094 0.5517578125 0.14355468773584906 0.5478515625 0.14355468773584906 0.546875 0.14501953113207547 0.525390625 0.18017578113207547 0.52734375 0.19482421886792453 0.53125 0.2094726566037736 0.54296875 0.2416992188679245 0.5517578125 0.25488281226415094 0.5830078125 0.2578125 0.6025390625 0.23144531226415094 0.603515625 0.22998046886792453
3 0.599609375 0.3149414066037736 0.5888671875 0.30175781226415094 0.5771484375 0.29589843773584906 0.5654296875 0.29589843773584906 0.5615234375 0.2988281245283019 0.55859375 0.3032226566037736 0.556640625 0.3149414066037736 0.5546875 0.3325195311320755 0.5546875 0.3383789066037736 0.5556640625 0.33984375 0.5830078125 0.3691406245283019 0.6142578125 0.3984375 0.62890625 0.3793945311320755 0.62890625 0.3706054688679245 0.599609375 0.3149414066037736
20 0.71484375 0.3881835933962264 0.7119140625 0.3808593754716981 0.7041015625 0.375 0.7021484375 0.375 0.6982421875 0.37792968773584906 0.6875 0.3940429688679245 0.6796875 0.4174804688679245 0.69921875 0.49658203113207544 0.7001953125 0.4980468754716982 0.7021484375 0.4980468754716982 0.705078125 0.4936523433962264 0.716796875 0.4379882811320755 0.716796875 0.4057617188679245 0.71484375 0.3881835933962264
20 0.53125 0.5288085933962264 0.53515625 0.5170898433962264 0.53515625 0.5083007811320754 0.53125 0.4614257811320755 0.5302734375 0.45996093773584906 0.4892578125 0.46875 0.4814453125 0.4746093745283019 0.48046875 0.4760742188679245 0.490234375 0.5112304688679246 0.4921875 0.5170898433962264 0.4951171875 0.5214843754716981 0.5029296875 0.52734375 0.5087890625 0.530273437735849 0.5302734375 0.530273437735849 0.53125 0.5288085933962264
20 0.3359375 0.3999023433962264 0.3349609375 0.3984375 0.3056640625 0.3808593754716981 0.3046875 0.3823242188679245 0.302734375 0.3911132811320755 0.302734375 0.4057617188679245 0.310546875 0.4614257811320755 0.3173828125 0.47167968773584906 0.3271484375 0.47167968773584906 0.330078125 0.4672851566037736 0.33203125 0.4614257811320755 0.3359375 0.3999023433962264
1 0.4609375 0.7397460933962264 0.45703125 0.7280273433962264 0.4541015625 0.723632812264151 0.4482421875 0.717773437735849 0.4384765625 0.717773437735849 0.4306640625 0.723632812264151 0.427734375 0.7280273433962264 0.42578125 0.7338867188679246 0.423828125 0.7514648433962264 0.423828125 0.7631835933962264 0.42578125 0.7690429688679246 0.4306640625 0.7734375 0.4345703125 0.7734375 0.4443359375 0.7675781245283019 0.4609375 0.7426757811320754 0.4609375 0.7397460933962264
1 0.505859375 0.6459960933962264 0.4990234375 0.635742187735849 0.4951171875 0.6328125 0.4833984375 0.6328125 0.4794921875 0.635742187735849 0.4716796875 0.64453125 0.466796875 0.6547851566037736 0.46484375 0.6606445311320754 0.46484375 0.6723632811320754 0.4677734375 0.676757812264151 0.4716796875 0.676757812264151 0.5009765625 0.66796875 0.5048828125 0.665039062264151 0.5078125 0.6577148433962264 0.505859375 0.6459960933962264
1 0.5615234375 0.7324218754716981 0.5673828125 0.7265625 0.57421875 0.7163085933962264 0.57421875 0.7016601566037736 0.5693359375 0.694335937735849 0.5302734375 0.6796875 0.52734375 0.6840820311320754 0.52734375 0.7016601566037736 0.529296875 0.7104492188679246 0.53515625 0.7221679688679246 0.5439453125 0.7324218754716981 0.5498046875 0.735351562264151 0.5556640625 0.735351562264151 0.5615234375 0.7324218754716981
1 0.630859375 0.6635742188679246 0.626953125 0.6518554688679246 0.6201171875 0.641601562264151 0.6005859375 0.62109375 0.5849609375 0.612304687735849 0.5712890625 0.609375 0.5703125 0.6108398433962264 0.5703125 0.6372070311320754 0.6123046875 0.700195312264151 0.6240234375 0.700195312264151 0.630859375 0.6899414066037736 0.6328125 0.6840820311320754 0.6328125 0.6752929688679246 0.630859375 0.6635742188679246
14 0.671875 0.6694335933962264 0.6669921875 0.6621093754716981 0.6591796875 0.6621093754716981 0.650390625 0.6752929688679246 0.650390625 0.6840820311320754 0.6552734375 0.69140625 0.6591796875 0.694335937735849 0.6669921875 0.694335937735849 0.669921875 0.6899414066037736 0.671875 0.6782226566037736 0.671875 0.6694335933962264
14 0.771484375 0.6547851566037736 0.771484375 0.6518554688679246 0.7607421875 0.6328125 0.7529296875 0.6328125 0.748046875 0.6401367188679246 0.748046875 0.6459960933962264 0.75 0.6547851566037736 0.7548828125 0.6621093754716981 0.7587890625 0.665039062264151 0.7666015625 0.665039062264151 0.76953125 0.6606445311320754 0.771484375 0.6547851566037736
14 0.7392578125 0.5097656245283019 0.7353515625 0.5097656245283019 0.7275390625 0.512695312264151 0.7265625 0.5141601566037736 0.71875 0.5317382811320754 0.71875 0.5405273433962264 0.7216796875 0.5449218754716981 0.7275390625 0.547851562264151 0.740234375 0.5375976566037736 0.7421875 0.5200195311320754 0.7421875 0.5141601566037736 0.7392578125 0.5097656245283019
14 0.681640625 0.3208007811320755 0.6796875 0.3295898433962264 0.6796875 0.3471679688679245 0.6826171875 0.3515625 0.6923828125 0.35449218773584906 0.69921875 0.3383789066037736 0.69921875 0.3295898433962264 0.6845703125 0.31640625 0.681640625 0.3208007811320755
14 0.388671875 0.19482421886792453 0.3837890625 0.1875 0.3818359375 0.1875 0.37890625 0.19189453113207547 0.376953125 0.1977539066037736 0.373046875 0.21826171886792453 0.373046875 0.2241210933962264 0.3759765625 0.22851562452830187 0.3798828125 0.22851562452830187 0.3837890625 0.22558593773584906 0.38671875 0.2211914066037736 0.388671875 0.2094726566037736 0.388671875 0.19482421886792453
14 0.5625 0.5522460933962264 0.5595703125 0.5449218754716981 0.5458984375 0.541992187735849 0.544921875 0.5434570311320754 0.54296875 0.5581054688679246 0.54296875 0.5668945311320754 0.5478515625 0.57421875 0.5517578125 0.57421875 0.5576171875 0.5683593754716981 0.560546875 0.5639648433962264 0.5625 0.5581054688679246 0.5625 0.5522460933962264
9 0.7861328125 0.48046875 0.783203125 0.48486328113207544 0.77734375 0.49658203113207544 0.77734375 0.5053710933962264 0.7802734375 0.5097656245283019 0.7861328125 0.5097656245283019 0.791015625 0.5024414066037736 0.791015625 0.4819335933962264 0.7900390625 0.48046875 0.7861328125 0.48046875
9 0.7236328125 0.583007812264151 0.7119140625 0.5859375 0.70703125 0.5932617188679246 0.70703125 0.6020507811320754 0.7099609375 0.609375 0.7177734375 0.606445312264151 0.7236328125 0.600585937735849 0.7265625 0.5961914066037736 0.7265625 0.5874023433962264 0.7236328125 0.583007812264151
9 0.470703125 0.6225585933962264 0.4677734375 0.618164062264151 0.4541015625 0.618164062264151 0.4501953125 0.62109375 0.44921875 0.6225585933962264 0.44921875 0.6284179688679246 0.4521484375 0.6328125 0.4560546875 0.635742187735849 0.4619140625 0.6386718754716981 0.4677734375 0.6386718754716981 0.470703125 0.6342773433962264 0.470703125 0.6225585933962264
9 0.4453125 0.4790039066037736 0.4453125 0.4819335933962264 0.4521484375 0.4921875 0.455078125 0.48779296886792456 0.455078125 0.4819335933962264 0.4521484375 0.47753906226415094 0.4482421875 0.4746093745283019 0.4453125 0.4790039066037736
9 0.4267578125 0.41894531226415094 0.4189453125 0.41894531226415094 0.4033203125 0.421875 0.3955078125 0.4277343745283019 0.390625 0.4350585933962264 0.388671875 0.4438476566037736 0.390625 0.4497070311320755 0.3974609375 0.45996093773584906 0.4091796875 0.45996093773584906 0.4169921875 0.45410156226415094 0.431640625 0.4379882811320755 0.4296875 0.4262695311320755 0.4267578125 0.41894531226415094
9 0.3115234375 0.2431640622641509 0.3056640625 0.2431640622641509 0.3017578125 0.24609375 0.296875 0.2534179688679245 0.296875 0.2651367188679245 0.2998046875 0.26953125 0.3076171875 0.26953125 0.310546875 0.2651367188679245 0.314453125 0.2534179688679245 0.314453125 0.2475585933962264 0.3115234375 0.2431640622641509
20 0.6044921875 0.530273437735849 0.603515625 0.5317382811320754 0.6220703125 0.559570312264151 0.6279296875 0.559570312264151 0.6328125 0.5522460933962264 0.634765625 0.5317382811320754 0.6279296875 0.5214843754716981 0.6240234375 0.5214843754716981 0.6044921875 0.530273437735849
26 0.4814453125 0.14648437547169813 0.4560546875 0.14941406226415094 0.453125 0.1538085933962264 0.451171875 0.2475585933962264 0.4560546875 0.2519531245283019 0.4697265625 0.2519531245283019 0.5205078125 0.21679687452830187 0.529296875 0.20361328113207547 0.529296875 0.2006835933962264 0.5263671875 0.19628906226415094 0.4814453125 0.14648437547169813
7 0.5078125 0.3383789066037736 0.4931640625 0.31640625 0.4912109375 0.31640625 0.4775390625 0.328125 0.470703125 0.3383789066037736 0.470703125 0.3588867188679245 0.4716796875 0.36035156226415094 0.4931640625 0.36621093773584906 0.5048828125 0.36621093773584906 0.509765625 0.3588867188679245 0.509765625 0.3442382811320755 0.5078125 0.3383789066037736
12 0.4521484375 0.55078125 0.4423828125 0.55078125 0.4365234375 0.553710937735849 0.4306640625 0.559570312264151 0.4169921875 0.577148437735849 0.4140625 0.5815429688679246 0.4150390625 0.583007812264151 0.4228515625 0.583007812264151 0.4755859375 0.571289062264151 0.4765625 0.5698242188679246 0.4765625 0.5668945311320754 0.4580078125 0.553710937735849 0.4521484375 0.55078125
12 0.3720703125 0.33691406226415094 0.3681640625 0.33691406226415094 0.3466796875 0.34277343773584906 0.341796875 0.3500976566037736 0.3427734375 0.3515625 0.3916015625 0.375 0.39453125 0.3706054688679245 0.39453125 0.3676757811320755 0.392578125 0.3618164066037736 0.3779296875 0.33984375 0.3720703125 0.33691406226415094
1 0.4443359375 0.28417968773584906 0.44140625 0.2885742188679245 0.44140625 0.2915039066037736 0.4443359375 0.29589843773584906 0.4521484375 0.29589843773584906 0.453125 0.2944335933962264 0.455078125 0.2885742188679245 0.4521484375 0.28417968773584906 0.4443359375 0.28417968773584906
0 0.451171875 0.4467773433962264 0.4541015625 0.4511718745283019 0.4580078125 0.4511718745283019 0.4609375 0.4467773433962264 0.4609375 0.4438476566037736 0.4580078125 0.4394531245283019 0.4541015625 0.44238281226415094 0.451171875 0.4467773433962264
13 0.690653803125 0.655340453773585 0.692023729375 0.6424990160377358 0.6865234375 0.6386718754716981 0.6838042337500001 0.6404443962264151 0.68003697625 0.6514880273584905 0.690653803125 0.655340453773585