6 0.580078125 0.4584960933962264 0.580078125 0.4497070311320755 0.5517578125 0.3925781245283019 0.5361328125 0.37792968773584906 0.5009765625 0.3574218754716981 0.4716796875 0.3574218754716981 0.4677734375 0.36035156226415094 0.462890625 0.3676757811320755 0.462890625 0.3823242188679245 0.47265625 0.4174804688679245 0.5029296875 0.4628906245283019 0.5654296875 0.483398437735849 0.5693359375 0.483398437735849 0.5703125 0.4819335933962264 0.580078125 0.4584960933962264
9 0.515625 0.08642578113207547 0.5068359375 0.07324218773584906 0.5009765625 0.0703125 0.4970703125 0.0703125 0.4912109375 0.07324218773584906 0.48828125 0.07763671886792453 0.486328125 0.08349609339622642 0.486328125 0.08935546886792453 0.4912109375 0.09667968773584906 0.5029296875 0.10546875 0.5087890625 0.10546875 0.51171875 0.10107421886792453 0.515625 0.08935546886792453 0.515625 0.08642578113207547
9 0.419921875 0.1538085933962264 0.4130859375 0.14648437547169813 0.408203125 0.1538085933962264 0.40234375 0.17138671886792453 0.40234375 0.1743164066037736 0.404296875 0.18017578113207547 0.4072265625 0.18457031226415094 0.4150390625 0.18457031226415094 0.41796875 0.18017578113207547 0.419921875 0.1743164066037736 0.419921875 0.1538085933962264
1 0.494140625 0.1538085933962264 0.4912109375 0.14941406226415094 0.4833984375 0.14648437547169813 0.4775390625 0.14941406226415094 0.470703125 0.15673828113207547 0.466796875 0.1655273433962264 0.466796875 0.1772460933962264 0.4716796875 0.18457031226415094 0.4853515625 0.19335937547169813 0.4931640625 0.19335937547169813 0.5 0.18310546886792453 0.5 0.17138671886792453 0.494140625 0.1538085933962264
14 0.59375 0.13623046886792453 0.5869140625 0.12597656226415094 0.5693359375 0.11132812452830189 0.5634765625 0.11132812452830189 0.5576171875 0.11425781226415094 0.5546875 0.11865234339622642 0.5546875 0.12158203113207545 0.5595703125 0.12890625 0.5712890625 0.140625 0.5888671875 0.14941406226415094 0.5927734375 0.14941406226415094 0.59375 0.14794921886792453 0.59375 0.13623046886792453
1 0.6865234375 0.28125 0.69140625 0.2739257811320755 0.69140625 0.2680664066037736 0.685546875 0.2446289066037736 0.68359375 0.23876953113207547 0.6787109375 0.23144531226415094 0.6650390625 0.23144531226415094 0.662109375 0.2358398433962264 0.66015625 0.2416992188679245 0.658203125 0.2504882811320755 0.658203125 0.2680664066037736 0.6591796875 0.26953125 0.6650390625 0.2753906245283019 0.6728515625 0.28125 0.6787109375 0.28417968773584906 0.6826171875 0.28417968773584906 0.6865234375 0.28125
1 0.611328125 0.22998046886792453 0.609375 0.21826171886792453 0.60546875 0.2094726566037736 0.5986328125 0.19921875 0.5751953125 0.21386718773584906 0.5703125 0.2211914066037736 0.568359375 0.22705078113207547 0.568359375 0.2475585933962264 0.5830078125 0.26953125 0.5869140625 0.26953125 0.6044921875 0.2519531245283019 0.609375 0.2446289066037736 0.611328125 0.23876953113207547 0.611328125 0.22998046886792453
9 0.5146484375 0.2578125 0.509765625 0.2622070311320755 0.505859375 0.2739257811320755 0.505859375 0.2827148433962264 0.5087890625 0.2871093754716981 0.5146484375 0.2871093754716981 0.5234375 0.2739257811320755 0.5234375 0.2622070311320755 0.5205078125 0.2578125 0.5146484375 0.2578125
9 0.443359375 0.2651367188679245 0.4384765625 0.2578125 0.4345703125 0.25488281226415094 0.4228515625 0.25488281226415094 0.4169921875 0.26074218773584906 0.4033203125 0.27832031226415094 0.390625 0.2973632811320755 0.390625 0.3120117188679245 0.392578125 0.3208007811320755 0.4013671875 0.3339843754716981 0.4072265625 0.3339843754716981 0.4453125 0.2944335933962264 0.4453125 0.2709960933962264 0.443359375 0.2651367188679245
1 0.3759765625 0.1875 0.3681640625 0.1875 0.3583984375 0.19335937547169813 0.353515625 0.2006835933962264 0.3515625 0.20654296886792453 0.3515625 0.2211914066037736 0.35546875 0.22998046886792453 0.3603515625 0.234375 0.3701171875 0.234375 0.38671875 0.21826171886792453 0.37890625 0.19189453113207547 0.3759765625 0.1875
9 0.3330078125 0.27832031226415094 0.3291015625 0.2753906245283019 0.3251953125 0.2753906245283019 0.3173828125 0.27832031226415094 0.314453125 0.2827148433962264 0.314453125 0.2885742188679245 0.3173828125 0.29589843773584906 0.3251953125 0.2988281245283019 0.3310546875 0.2988281245283019 0.3359375 0.2915039066037736 0.3359375 0.2827148433962264 0.3330078125 0.27832031226415094
9 0.2705078125 0.3339843754716981 0.265625 0.3383789066037736 0.263671875 0.3442382811320755 0.2685546875 0.3515625 0.2783203125 0.3574218754716981 0.2861328125 0.3574218754716981 0.291015625 0.3500976566037736 0.291015625 0.3383789066037736 0.2861328125 0.3339843754716981 0.2705078125 0.3339843754716981
1 0.34765625 0.3559570311320755 0.3466796875 0.35449218773584906 0.3193359375 0.35449218773584906 0.3154296875 0.3574218754716981 0.3125 0.3618164066037736 0.310546875 0.3676757811320755 0.310546875 0.3823242188679245 0.3154296875 0.38964843773584906 0.3212890625 0.39550781226415094 0.3310546875 0.39550781226415094 0.3388671875 0.3925781245283019 0.341796875 0.3881835933962264 0.34765625 0.3559570311320755
3 0.423828125 0.4174804688679245 0.4208984375 0.41308593773584906 0.4013671875 0.4042968745283019 0.3564453125 0.40136718773584906 0.353515625 0.4057617188679245 0.333984375 0.4409179688679245 0.3349609375 0.44238281226415094 0.3447265625 0.44824218773584906 0.3623046875 0.45410156226415094 0.3896484375 0.45410156226415094 0.4033203125 0.44824218773584906 0.4072265625 0.4453125 0.423828125 0.4174804688679245
1 0.37109375 0.5024414066037736 0.3642578125 0.4921875 0.3603515625 0.489257812264151 0.3544921875 0.489257812264151 0.3466796875 0.495117187735849 0.34375 0.49951171886792456 0.33984375 0.5083007811320754 0.33984375 0.5112304688679246 0.341796875 0.5170898433962264 0.3447265625 0.5214843754716981 0.3701171875 0.5214843754716981 0.375 0.5170898433962264 0.375 0.5112304688679246 0.37109375 0.5024414066037736
14 0.416015625 0.5874023433962264 0.416015625 0.5815429688679246 0.4130859375 0.57421875 0.3896484375 0.583007812264151 0.384765625 0.5903320311320754 0.384765625 0.5991210933962264 0.3876953125 0.6035156245283019 0.3916015625 0.606445312264151 0.4013671875 0.606445312264151 0.4091796875 0.600585937735849 0.412109375 0.5961914066037736 0.416015625 0.5874023433962264
5 0.498046875 0.5844726566037736 0.4755859375 0.55078125 0.4521484375 0.536132812264151 0.4384765625 0.530273437735849 0.4345703125 0.530273437735849 0.43359375 0.5317382811320754 0.431640625 0.5405273433962264 0.431640625 0.5463867188679246 0.4453125 0.5786132811320754 0.4599609375 0.600585937735849 0.4951171875 0.59765625 0.49609375 0.5961914066037736 0.498046875 0.5903320311320754 0.498046875 0.5844726566037736
18 0.560546875 0.3325195311320755 0.5576171875 0.328125 0.5517578125 0.32519531226415094 0.5361328125 0.32519531226415094 0.5283203125 0.328125 0.52734375 0.3295898433962264 0.52734375 0.3354492188679245 0.5361328125 0.34863281226415094 0.5400390625 0.3515625 0.5537109375 0.3515625 0.5576171875 0.34863281226415094 0.560546875 0.3442382811320755 0.560546875 0.3325195311320755
21 0.671875 0.4174804688679245 0.6689453125 0.41308593773584906 0.6650390625 0.41015625 0.6494140625 0.41015625 0.63671875 0.4291992188679245 0.626953125 0.4614257811320755 0.6279296875 0.4628906245283019 0.6455078125 0.46582031226415094 0.6552734375 0.46582031226415094 0.6611328125 0.4628906245283019 0.666015625 0.4555664066037736 0.66796875 0.4497070311320755 0.671875 0.4174804688679245
1 0.6171875 0.5551757811320754 0.609375 0.5405273433962264 0.6025390625 0.5332031245283019 0.5849609375 0.5332031245283019 0.5400390625 0.55078125 0.537109375 0.5551757811320754 0.5380859375 0.5566406245283019 0.5830078125 0.59765625 0.5986328125 0.606445312264151 0.6064453125 0.59765625 0.61328125 0.5874023433962264 0.6171875 0.5756835933962264 0.6171875 0.5551757811320754
14 0.6962890625 0.4746093745283019 0.6884765625 0.4746093745283019 0.68359375 0.4819335933962264 0.677734375 0.49658203113207544 0.677734375 0.5053710933962264 0.681640625 0.5200195311320754 0.6826171875 0.5214843754716981 0.6884765625 0.5214843754716981 0.693359375 0.5170898433962264 0.697265625 0.4760742188679245 0.6962890625 0.4746093745283019
12 0.728515625 0.4262695311320755 0.728515625 0.4116210933962264 0.7265625 0.3911132811320755 0.7216796875 0.38378906226415094 0.7177734375 0.3808593754716981 0.7080078125 0.3808593754716981 0.7041015625 0.38378906226415094 0.69921875 0.3911132811320755 0.69921875 0.4028320311320755 0.701171875 0.4086914066037736 0.7138671875 0.4277343745283019 0.7177734375 0.43066406226415094 0.7236328125 0.43066406226415094 0.7275390625 0.4277343745283019 0.728515625 0.4262695311320755