18 0.4697265625 0.2109375 0.47265625 0.20654296886792453 0.4765625 0.1977539066037736 0.4765625 0.18310546886792453 0.47265625 0.17138671886792453 0.4638671875 0.15820312452830187 0.4482421875 0.140625 0.4404296875 0.13476562452830187 0.4228515625 0.12890625 0.4130859375 0.12890625 0.40625 0.13623046886792453 0.40234375 0.14501953113207547 0.40234375 0.15673828113207547 0.40625 0.16845703113207547 0.4091796875 0.17285156226415094 0.4482421875 0.2109375 0.4580078125 0.21679687452830187 0.4619140625 0.21679687452830187 0.4697265625 0.2109375
18 0.375 0.20361328113207547 0.376953125 0.1977539066037736 0.376953125 0.19482421886792453 0.375 0.1889648433962264 0.3681640625 0.17871093773584906 0.3623046875 0.17285156226415094 0.3466796875 0.16113281226415094 0.3388671875 0.16113281226415094 0.3349609375 0.1640625 0.33203125 0.16845703113207547 0.33203125 0.18310546886792453 0.3408203125 0.19628906226415094 0.3466796875 0.20214843773584906 0.3544921875 0.20800781226415094 0.3662109375 0.2109375 0.3701171875 0.2109375 0.375 0.20361328113207547
18 0.607421875 0.4467773433962264 0.609375 0.4409179688679245 0.607421875 0.4350585933962264 0.6044921875 0.43066406226415094 0.5908203125 0.43066406226415094 0.5830078125 0.43359375 0.5712890625 0.44238281226415094 0.568359375 0.4467773433962264 0.568359375 0.4555664066037736 0.5712890625 0.45996093773584906 0.5751953125 0.4628906245283019 0.5830078125 0.4628906245283019 0.6005859375 0.45410156226415094 0.6044921875 0.4511718745283019 0.607421875 0.4467773433962264
6 0.640625 0.7661132811320754 0.640625 0.7514648433962264 0.63671875 0.7280273433962264 0.6328125 0.7163085933962264 0.5947265625 0.6621093754716981 0.5908203125 0.659179687735849 0.5341796875 0.64453125 0.5185546875 0.6503906245283019 0.515625 0.6547851566037736 0.51171875 0.6665039066037736 0.51171875 0.6694335933962264 0.515625 0.6840820311320754 0.529296875 0.7133789066037736 0.5751953125 0.770507812264151 0.6298828125 0.7792968754716981 0.6337890625 0.776367187735849 0.640625 0.7661132811320754
6 0.51953125 0.3354492188679245 0.517578125 0.2973632811320755 0.4873046875 0.2519531245283019 0.4833984375 0.2490234377358491 0.4814453125 0.2490234377358491 0.4580078125 0.26074218773584906 0.455078125 0.2651367188679245 0.455078125 0.2739257811320755 0.462890625 0.3266601566037736 0.4951171875 0.38964843773584906 0.5029296875 0.38964843773584906 0.5068359375 0.38671875 0.51953125 0.3588867188679245 0.51953125 0.3354492188679245
1 0.5859375 0.22998046886792453 0.5859375 0.22705078113207547 0.580078125 0.2094726566037736 0.5751953125 0.20214843773584906 0.5693359375 0.19628906226415094 0.5556640625 0.19042968773584906 0.5439453125 0.19042968773584906 0.5400390625 0.19335937547169813 0.5322265625 0.20214843773584906 0.529296875 0.20654296886792453 0.529296875 0.2211914066037736 0.53125 0.22705078113207547 0.5341796875 0.23144531226415094 0.5537109375 0.2431640622641509 0.5595703125 0.2431640622641509 0.5849609375 0.23144531226415094 0.5859375 0.22998046886792453
1 0.6962890625 0.495117187735849 0.69921875 0.4907226566037736 0.701171875 0.48486328113207544 0.701171875 0.4790039066037736 0.69921875 0.4731445311320755 0.6923828125 0.4628906245283019 0.6845703125 0.45996093773584906 0.6748046875 0.45996093773584906 0.6708984375 0.4628906245283019 0.6640625 0.4731445311320755 0.66015625 0.48486328113207544 0.66015625 0.4936523433962264 0.662109375 0.5024414066037736 0.6669921875 0.5097656245283019 0.6708984375 0.512695312264151 0.6767578125 0.512695312264151 0.6865234375 0.506835937735849 0.6962890625 0.495117187735849
1 0.6572265625 0.46582031226415094 0.6533203125 0.4628906245283019 0.6416015625 0.4628906245283019 0.638671875 0.4672851566037736 0.6328125 0.4790039066037736 0.6328125 0.48779296886792456 0.6416015625 0.500976562264151 0.6552734375 0.4921875 0.658203125 0.48779296886792456 0.66015625 0.4760742188679245 0.658203125 0.4672851566037736 0.6572265625 0.46582031226415094
1 0.587890625 0.5668945311320754 0.58984375 0.5610351566037736 0.591796875 0.5405273433962264 0.591796875 0.5288085933962264 0.5888671875 0.524414062264151 0.5517578125 0.547851562264151 0.548828125 0.5522460933962264 0.546875 0.5581054688679246 0.546875 0.5668945311320754 0.548828125 0.5727539066037736 0.5517578125 0.577148437735849 0.5556640625 0.5800781245283019 0.5732421875 0.5800781245283019 0.5810546875 0.577148437735849 0.587890625 0.5668945311320754
1 0.662109375 0.6958007811320754 0.662109375 0.6840820311320754 0.66015625 0.6782226566037736 0.6552734375 0.670898437735849 0.6494140625 0.665039062264151 0.6376953125 0.665039062264151 0.6328125 0.6723632811320754 0.630859375 0.6811523433962264 0.634765625 0.6987304688679246 0.638671875 0.7075195311320754 0.6435546875 0.71484375 0.6533203125 0.71484375 0.6572265625 0.711914062264151 0.66015625 0.7075195311320754 0.662109375 0.6958007811320754
1 0.470703125 0.6928710933962264 0.4697265625 0.69140625 0.4560546875 0.682617187735849 0.4521484375 0.682617187735849 0.4443359375 0.6855468754716981 0.439453125 0.6928710933962264 0.439453125 0.7133789066037736 0.4443359375 0.723632812264151 0.4482421875 0.7265625 0.4541015625 0.7265625 0.4658203125 0.717773437735849 0.470703125 0.7104492188679246 0.470703125 0.6928710933962264
3 0.30078125 0.6547851566037736 0.2783203125 0.6269531245283019 0.2724609375 0.6269531245283019 0.26953125 0.6313476566037736 0.255859375 0.6665039066037736 0.23828125 0.7163085933962264 0.232421875 0.7397460933962264 0.232421875 0.7485351566037736 0.2431640625 0.76171875 0.2568359375 0.776367187735849 0.2744140625 0.776367187735849 0.3466796875 0.735351562264151 0.34765625 0.7338867188679246 0.30078125 0.6547851566037736
9 0.4150390625 0.7265625 0.4130859375 0.7265625 0.4033203125 0.7324218754716981 0.40234375 0.7338867188679246 0.40234375 0.7397460933962264 0.4072265625 0.747070312264151 0.4189453125 0.752929687735849 0.4287109375 0.75 0.431640625 0.7456054688679246 0.4248046875 0.7324218754716981 0.4150390625 0.7265625
9 0.5029296875 0.723632812264151 0.4970703125 0.7207031245283019 0.4912109375 0.7207031245283019 0.4814453125 0.729492187735849 0.474609375 0.7397460933962264 0.4775390625 0.7441406245283019 0.4931640625 0.7441406245283019 0.4970703125 0.741210937735849 0.501953125 0.7338867188679246 0.50390625 0.7280273433962264 0.50390625 0.7250976566037736 0.5029296875 0.723632812264151
9 0.64453125 0.3149414066037736 0.6376953125 0.3046875 0.6318359375 0.30175781226415094 0.6259765625 0.30175781226415094 0.6201171875 0.3046875 0.61328125 0.3149414066037736 0.61328125 0.3237304688679245 0.6142578125 0.32519531226415094 0.6181640625 0.328125 0.6318359375 0.33105468773584906 0.6435546875 0.32519531226415094 0.64453125 0.3237304688679245 0.64453125 0.3149414066037736
21 0.2890625 0.5141601566037736 0.2578125 0.3618164066037736 0.2568359375 0.36035156226415094 0.2080078125 0.3515625 0.2021484375 0.35449218773584906 0.197265625 0.3618164066037736 0.193359375 0.3706054688679245 0.19140625 0.3764648433962264 0.19140625 0.4233398433962264 0.193359375 0.4379882811320755 0.205078125 0.49658203113207544 0.2099609375 0.500976562264151 0.2880859375 0.5449218754716981 0.2890625 0.5434570311320754 0.2890625 0.5141601566037736
21 0.453125 0.5083007811320754 0.451171875 0.3266601566037736 0.4501953125 0.32519531226415094 0.4462890625 0.32519531226415094 0.3623046875 0.3339843754716981 0.361328125 0.3354492188679245 0.361328125 0.3413085933962264 0.390625 0.5170898433962264 0.3935546875 0.5214843754716981 0.3955078125 0.5214843754716981 0.4521484375 0.512695312264151 0.453125 0.5112304688679246 0.453125 0.5083007811320754
21 0.458984375 0.6752929688679246 0.46484375 0.6577148433962264 0.4765625 0.6166992188679246 0.4765625 0.6137695311320754 0.458984375 0.5698242188679246 0.4580078125 0.5683593754716981 0.4033203125 0.571289062264151 0.40234375 0.5727539066037736 0.39453125 0.6254882811320754 0.39453125 0.6372070311320754 0.396484375 0.6430664066037736 0.40234375 0.6547851566037736 0.4091796875 0.6621093754716981 0.4208984375 0.670898437735849 0.4560546875 0.6796875 0.458984375 0.6752929688679246
21 0.326171875 0.3706054688679245 0.3232421875 0.36621093773584906 0.2744140625 0.33691406226415094 0.2685546875 0.33691406226415094 0.267578125 0.3383789066037736 0.267578125 0.3413085933962264 0.2734375 0.3706054688679245 0.279296875 0.3911132811320755 0.2880859375 0.40136718773584906 0.3115234375 0.40722656226415094 0.3203125 0.3940429688679245 0.326171875 0.3706054688679245
12 0.216796875 0.6430664066037736 0.23046875 0.5493164066037736 0.23046875 0.5405273433962264 0.228515625 0.5346679688679246 0.2255859375 0.530273437735849 0.2197265625 0.52734375 0.2138671875 0.52734375 0.2041015625 0.5332031245283019 0.201171875 0.5375976566037736 0.197265625 0.5463867188679246 0.193359375 0.5581054688679246 0.193359375 0.6108398433962264 0.19921875 0.6284179688679246 0.203125 0.6372070311320754 0.2060546875 0.641601562264151 0.2099609375 0.64453125 0.2158203125 0.64453125 0.216796875 0.6430664066037736
17 0.369140625 0.4467773433962264 0.3603515625 0.43359375 0.3330078125 0.42480468773584906 0.3291015625 0.42480468773584906 0.328125 0.4262695311320755 0.29296875 0.49951171886792456 0.29296875 0.5083007811320754 0.3330078125 0.5449218754716981 0.3349609375 0.5449218754716981 0.341796875 0.5317382811320754 0.369140625 0.4614257811320755 0.37109375 0.4526367188679245 0.369140625 0.4467773433962264
20 0.685546875 0.3911132811320755 0.68359375 0.3793945311320755 0.6787109375 0.3691406245283019 0.6708984375 0.3691406245283019 0.65625 0.3823242188679245 0.654296875 0.3881835933962264 0.654296875 0.3911132811320755 0.65625 0.3969726566037736 0.6611328125 0.4042968745283019 0.6689453125 0.4042968745283019 0.6845703125 0.3984375 0.685546875 0.3969726566037736 0.685546875 0.3911132811320755
20 0.5478515625 0.43359375 0.5380859375 0.4277343745283019 0.537109375 0.4291992188679245 0.525390625 0.4526367188679245 0.525390625 0.4643554688679245 0.52734375 0.4731445311320755 0.5302734375 0.47753906226415094 0.5361328125 0.47753906226415094 0.55859375 0.4614257811320755 0.548828125 0.4350585933962264 0.5478515625 0.43359375
14 0.3642578125 0.2636718754716981 0.3603515625 0.26074218773584906 0.3525390625 0.2578125 0.3466796875 0.2578125 0.345703125 0.2592773433962264 0.345703125 0.2622070311320755 0.3486328125 0.26660156226415094 0.3583984375 0.27246093773584906 0.3662109375 0.27246093773584906 0.3671875 0.2709960933962264 0.3671875 0.2680664066037736 0.3642578125 0.2636718754716981
14 0.5458984375 0.2578125 0.5380859375 0.2578125 0.537109375 0.2592773433962264 0.5234375 0.2885742188679245 0.5322265625 0.30175781226415094 0.5361328125 0.30175781226415094 0.5400390625 0.2988281245283019 0.548828125 0.2827148433962264 0.548828125 0.2651367188679245 0.546875 0.2592773433962264 0.5458984375 0.2578125
14 0.5693359375 0.27246093773584906 0.564453125 0.2797851566037736 0.5625 0.2973632811320755 0.564453125 0.3120117188679245 0.5673828125 0.31640625 0.5732421875 0.31640625 0.57421875 0.3149414066037736 0.58203125 0.2797851566037736 0.5791015625 0.27246093773584906 0.5693359375 0.27246093773584906
14 0.3642578125 0.571289062264151 0.3505859375 0.57421875 0.349609375 0.5756835933962264 0.341796875 0.5991210933962264 0.341796875 0.6020507811320754 0.34375 0.6079101566037736 0.3486328125 0.6152343754716981 0.37109375 0.5815429688679246 0.37109375 0.5786132811320754 0.3681640625 0.57421875 0.3642578125 0.571289062264151
11 0.3271484375 0.2490234377358491 0.3212890625 0.2490234377358491 0.3203125 0.2504882811320755 0.328125 0.2768554688679245 0.3291015625 0.27832031226415094 0.3310546875 0.27832031226415094 0.33203125 0.2768554688679245 0.333984375 0.2680664066037736 0.33203125 0.2563476566037736 0.3271484375 0.2490234377358491
11 0.3515625 0.2885742188679245 0.3525390625 0.29003906226415094 0.3583984375 0.29003906226415094 0.36328125 0.2827148433962264 0.36328125 0.2768554688679245 0.3583984375 0.27246093773584906 0.357421875 0.2739257811320755 0.3515625 0.2885742188679245
11 0.6611328125 0.33984375 0.6591796875 0.33984375 0.650390625 0.3559570311320755 0.6484375 0.3618164066037736 0.6484375 0.3676757811320755 0.6494140625 0.3691406245283019 0.6533203125 0.36621093773584906 0.65625 0.3618164066037736 0.662109375 0.3442382811320755 0.662109375 0.3413085933962264 0.6611328125 0.33984375
11 0.5771484375 0.8144531245283019 0.5732421875 0.811523437735849 0.5693359375 0.811523437735849 0.568359375 0.8129882811320754 0.568359375 0.8188476566037736 0.5693359375 0.8203125 0.5810546875 0.83203125 0.5830078125 0.83203125 0.583984375 0.8305664066037736 0.583984375 0.8247070311320754 0.5771484375 0.8144531245283019
9 0.3828125 0.6782226566037736 0.380859375 0.6694335933962264 0.37109375 0.6518554688679246 0.3642578125 0.641601562264151 0.3486328125 0.6386718754716981 0.345703125 0.6430664066037736 0.345703125 0.6547851566037736 0.357421875 0.7133789066037736 0.3583984375 0.71484375 0.3701171875 0.711914062264151 0.3740234375 0.7089843754716981 0.3828125 0.6958007811320754 0.3828125 0.6782226566037736