21 0.359375 0.4936523433962264 0.3583984375 0.4921875 0.3466796875 0.4921875 0.345703125 0.4936523433962264 0.3359375 0.5288085933962264 0.32421875 0.5991210933962264 0.310546875 0.6958007811320754 0.310546875 0.7045898433962264 0.3115234375 0.706054687735849 0.3330078125 0.706054687735849 0.3896484375 0.694335937735849 0.390625 0.6928710933962264 0.390625 0.6870117188679246 0.359375 0.4936523433962264
21 0.556640625 0.5756835933962264 0.5556640625 0.57421875 0.5126953125 0.577148437735849 0.5048828125 0.583007812264151 0.48828125 0.6079101566037736 0.48828125 0.6313476566037736 0.490234375 0.6401367188679246 0.4990234375 0.65625 0.5087890625 0.665039062264151 0.5322265625 0.66796875 0.556640625 0.5903320311320754 0.556640625 0.5756835933962264
12 0.3662109375 0.3105468754716981 0.3759765625 0.30761718773584906 0.3798828125 0.3046875 0.3857421875 0.2988281245283019 0.392578125 0.2885742188679245 0.3984375 0.2739257811320755 0.423828125 0.1538085933962264 0.42578125 0.12451171886792455 0.4228515625 0.12011718773584906 0.4111328125 0.12011718773584906 0.3994140625 0.12304687547169811 0.3798828125 0.13183593773584906 0.3662109375 0.140625 0.3564453125 0.14941406226415094 0.3486328125 0.15820312452830187 0.3359375 0.1772460933962264 0.328125 0.19482421886792453 0.32421875 0.2124023433962264 0.322265625 0.2241210933962264 0.322265625 0.2446289066037736 0.326171875 0.2651367188679245 0.33203125 0.2827148433962264 0.3447265625 0.30175781226415094 0.3525390625 0.30761718773584906 0.3603515625 0.3105468754716981 0.3662109375 0.3105468754716981
12 0.310546875 0.3911132811320755 0.31640625 0.3090820311320755 0.3134765625 0.3046875 0.2978515625 0.30175781226415094 0.29296875 0.3061523433962264 0.2734375 0.4174804688679245 0.275390625 0.4350585933962264 0.2802734375 0.4394531245283019 0.2841796875 0.4394531245283019 0.2958984375 0.43066406226415094 0.302734375 0.4204101566037736 0.306640625 0.4086914066037736 0.310546875 0.3911132811320755
6 0.49609375 0.4467773433962264 0.505859375 0.4174804688679245 0.509765625 0.3559570311320755 0.501953125 0.2856445311320755 0.5 0.2768554688679245 0.49609375 0.2651367188679245 0.4931640625 0.26074218773584906 0.4873046875 0.25488281226415094 0.4775390625 0.2490234377358491 0.4697265625 0.2490234377358491 0.4638671875 0.2519531245283019 0.4580078125 0.2578125 0.453125 0.2651367188679245 0.44921875 0.2739257811320755 0.447265625 0.2827148433962264 0.44140625 0.3178710933962264 0.44140625 0.3383789066037736 0.447265625 0.4174804688679245 0.458984375 0.4467773433962264 0.4638671875 0.45410156226415094 0.4677734375 0.45703125 0.4853515625 0.45703125 0.49609375 0.4467773433962264
6 0.689453125 0.4321289066037736 0.689453125 0.4174804688679245 0.6875 0.4116210933962264 0.6845703125 0.40722656226415094 0.6689453125 0.39550781226415094 0.6572265625 0.39550781226415094 0.6240234375 0.4042968745283019 0.6201171875 0.40722656226415094 0.5859375 0.4584960933962264 0.576171875 0.4819335933962264 0.57421875 0.48779296886792456 0.57421875 0.5200195311320754 0.576171875 0.5288085933962264 0.5830078125 0.5390625 0.5849609375 0.5390625 0.6513671875 0.4980468754716982 0.685546875 0.4467773433962264 0.689453125 0.4321289066037736
14 0.3056640625 0.483398437735849 0.3017578125 0.483398437735849 0.30078125 0.48486328113207544 0.30078125 0.5229492188679246 0.3056640625 0.530273437735849 0.3095703125 0.530273437735849 0.310546875 0.5288085933962264 0.314453125 0.5112304688679246 0.30859375 0.48779296886792456 0.3056640625 0.483398437735849
14 0.2587890625 0.31933593773584906 0.255859375 0.3237304688679245 0.255859375 0.3295898433962264 0.2666015625 0.34277343773584906 0.2802734375 0.3339843754716981 0.283203125 0.3295898433962264 0.287109375 0.3208007811320755 0.2861328125 0.31933593773584906 0.2587890625 0.31933593773584906
14 0.5146484375 0.52734375 0.5009765625 0.536132812264151 0.5 0.5375976566037736 0.5 0.5463867188679246 0.5029296875 0.55078125 0.5107421875 0.553710937735849 0.5205078125 0.55078125 0.53515625 0.5346679688679246 0.5263671875 0.5214843754716981 0.5146484375 0.52734375
14 0.6669921875 0.2578125 0.6611328125 0.2578125 0.6533203125 0.26074218773584906 0.6484375 0.2709960933962264 0.646484375 0.2768554688679245 0.646484375 0.2827148433962264 0.6484375 0.2944335933962264 0.6513671875 0.2988281245283019 0.6533203125 0.2988281245283019 0.666015625 0.2797851566037736 0.671875 0.2651367188679245 0.6669921875 0.2578125
9 0.75 0.48486328113207544 0.75 0.4584960933962264 0.748046875 0.4526367188679245 0.7451171875 0.44824218773584906 0.7236328125 0.44824218773584906 0.708984375 0.4760742188679245 0.703125 0.4936523433962264 0.701171875 0.5053710933962264 0.701171875 0.5112304688679246 0.7060546875 0.518554687735849 0.7177734375 0.515625 0.7353515625 0.506835937735849 0.7412109375 0.500976562264151 0.748046875 0.4907226566037736 0.75 0.48486328113207544
9 0.6806640625 0.518554687735849 0.6787109375 0.518554687735849 0.673828125 0.5229492188679246 0.66796875 0.5405273433962264 0.66796875 0.5522460933962264 0.6728515625 0.5566406245283019 0.6767578125 0.553710937735849 0.6875 0.5375976566037736 0.6875 0.5258789066037736 0.6845703125 0.5214843754716981 0.6806640625 0.518554687735849
9 0.66796875 0.6079101566037736 0.66796875 0.5932617188679246 0.6650390625 0.588867187735849 0.6513671875 0.588867187735849 0.6474609375 0.5917968754716981 0.642578125 0.5991210933962264 0.642578125 0.6049804688679246 0.6455078125 0.609375 0.6494140625 0.612304687735849 0.6572265625 0.6152343754716981 0.6611328125 0.6152343754716981 0.6650390625 0.612304687735849 0.66796875 0.6079101566037736
9 0.662109375 0.7192382811320754 0.66015625 0.7133789066037736 0.6572265625 0.7089843754716981 0.6513671875 0.7089843754716981 0.646484375 0.7163085933962264 0.64453125 0.7221679688679246 0.64453125 0.7397460933962264 0.6474609375 0.7441406245283019 0.6513671875 0.747070312264151 0.6552734375 0.747070312264151 0.66015625 0.7397460933962264 0.662109375 0.7338867188679246 0.662109375 0.7192382811320754
9 0.6259765625 0.635742187735849 0.6103515625 0.635742187735849 0.6064453125 0.6386718754716981 0.6015625 0.6459960933962264 0.6015625 0.6547851566037736 0.6064453125 0.6621093754716981 0.6162109375 0.6621093754716981 0.6220703125 0.65625 0.62890625 0.6459960933962264 0.62890625 0.6430664066037736 0.6259765625 0.635742187735849
9 0.48046875 0.5229492188679246 0.478515625 0.5170898433962264 0.4775390625 0.515625 0.4697265625 0.515625 0.4619140625 0.524414062264151 0.4609375 0.5258789066037736 0.4609375 0.5463867188679246 0.4658203125 0.55078125 0.4697265625 0.55078125 0.4736328125 0.547851562264151 0.4765625 0.5434570311320754 0.48046875 0.5288085933962264 0.48046875 0.5229492188679246
9 0.546875 0.3793945311320755 0.544921875 0.3706054688679245 0.5380859375 0.36035156226415094 0.5361328125 0.36035156226415094 0.5302734375 0.36328125 0.529296875 0.3647460933962264 0.52734375 0.3706054688679245 0.52734375 0.3764648433962264 0.533203125 0.3881835933962264 0.5361328125 0.3925781245283019 0.5400390625 0.39550781226415094 0.5458984375 0.39550781226415094 0.546875 0.3940429688679245 0.546875 0.3793945311320755
9 0.3974609375 0.495117187735849 0.3916015625 0.495117187735849 0.3818359375 0.4980468754716982 0.376953125 0.5024414066037736 0.375 0.5083007811320754 0.375 0.5141601566037736 0.3798828125 0.5214843754716981 0.3896484375 0.5214843754716981 0.3955078125 0.518554687735849 0.40234375 0.5083007811320754 0.40234375 0.5024414066037736 0.3974609375 0.495117187735849
9 0.39453125 0.3559570311320755 0.392578125 0.3500976566037736 0.3876953125 0.34277343773584906 0.3818359375 0.33691406226415094 0.3798828125 0.33691406226415094 0.375 0.3442382811320755 0.375 0.3559570311320755 0.376953125 0.3706054688679245 0.3798828125 0.37792968773584906 0.3876953125 0.37792968773584906 0.392578125 0.3706054688679245 0.39453125 0.3647460933962264 0.39453125 0.3559570311320755
9 0.2705078125 0.5683593754716981 0.2646484375 0.5683593754716981 0.259765625 0.5756835933962264 0.26171875 0.5932617188679246 0.2685546875 0.6035156245283019 0.2744140625 0.6035156245283019 0.27734375 0.5991210933962264 0.27734375 0.5844726566037736 0.2734375 0.5727539066037736 0.2705078125 0.5683593754716981
0 0.42578125 0.6401367188679246 0.42578125 0.6430664066037736 0.4306640625 0.6503906245283019 0.4326171875 0.6503906245283019 0.4375 0.6430664066037736 0.4345703125 0.6386718754716981 0.4287109375 0.635742187735849 0.42578125 0.6401367188679246
10 0.625 0.2329101566037736 0.623046875 0.21533203113207547 0.619140625 0.1977539066037736 0.6123046875 0.1875 0.6005859375 0.17285156226415094 0.5849609375 0.15820312452830187 0.5576171875 0.14648437547169813 0.5380859375 0.140625 0.5205078125 0.13769531226415094 0.5107421875 0.13769531226415094 0.4951171875 0.14355468773584906 0.4853515625 0.14941406226415094 0.470703125 0.17138671886792453 0.46875 0.18017578113207547 0.46875 0.1860351566037736 0.4716796875 0.19335937547169813 0.6064453125 0.33105468773584906 0.6142578125 0.33105468773584906 0.62109375 0.3208007811320755 0.625 0.2856445311320755 0.625 0.2329101566037736