0 0.33365384625 0.4600961537735849 0.329647435625 0.47067307735849057 0.329487179375 0.475 0.33060897437500003 0.47692307735849054 0.337820513125 0.4778846150943396 0.340865384375 0.47451923113207545 0.340705128125 0.4704326924528302 0.337820513125 0.46057692264150946 0.33669871812499996 0.4598557688679245 0.33365384625 0.4600961537735849
1 0.654647435625 0.83125 0.657371795 0.8144230773584905 0.656570513125 0.803125 0.64727564125 0.7802884613207547 0.64246794875 0.7790865386792453 0.627083333125 0.7805288462264152 0.6258012818750001 0.7819711537735848 0.61025641 0.8163461537735849 0.610416666875 0.8233173075471698 0.6150641025 0.834375 0.6248397437500001 0.8444711537735848 0.630769230625 0.8475961537735849 0.63878205125 0.8480769226415095 0.64278846125 0.8463942311320755 0.6485576925 0.8415865386792453 0.654647435625 0.83125
1 0.37516025625 0.3649038462264151 0.36137820499999995 0.3576923075471698 0.35721153875 0.359375 0.355448718125 0.3673076924528302 0.35528846125 0.3733173075471698 0.356730769375 0.37692307735849057 0.36009615375000004 0.38076923113207545 0.36474359 0.38317307735849054 0.369070513125 0.38317307735849054 0.37163461562499994 0.38004807735849055 0.37532051312500003 0.37283653867924527 0.37516025625 0.3649038462264151
6 0.380769230625 0.2288461537735849 0.38141025624999997 0.2213942311320755 0.380929486875 0.2180288462264151 0.339583333125 0.1266826924528302 0.337980769375 0.12548076886792453 0.242628205 0.20024038490566037 0.239423076875 0.20360576886792453 0.23493589750000002 0.21274038490566038 0.23461538437499999 0.21538461509433962 0.234294871875 0.22091346132075473 0.23493589750000002 0.22451923113207548 0.23878205125000002 0.23245192264150943 0.251762820625 0.24038461509433962 0.283012820625 0.25504807735849055 0.34166666687499997 0.2742788462264151 0.37932692312500005 0.2326923075471698 0.380769230625 0.2288461537735849
1 0.472916666875 0.09879807735849057 0.45096153875 0.0867788462264151 0.4485576925 0.08798076886792452 0.441987179375 0.09519230754716981 0.438301281875 0.103125 0.43814102562499996 0.11129807735849057 0.449198718125 0.1362980773584906 0.454487179375 0.14278846132075473 0.462980769375 0.1430288462264151 0.470352564375 0.13846153867924527 0.47596153874999997 0.12620192264150942 0.4764423075 0.11923076886792452 0.472916666875 0.09879807735849057
6 0.575801281875 0.1423076924528302 0.57371794875 0.140625 0.5641025643750001 0.13725961509433962 0.524519230625 0.15432692264150943 0.48910256437500005 0.18149038490566038 0.46730769250000004 0.2435096150943396 0.46778846125 0.2524038462264151 0.47019230749999996 0.2600961537735849 0.474519230625 0.2670673075471698 0.478205128125 0.26875 0.498397435625 0.26947115377358494 0.5525641025 0.2615384613207547 0.579487179375 0.16201923113207548 0.575801281875 0.1423076924528302
9 0.671794871875 0.3382211537735849 0.673076923125 0.33389423113207545 0.66971153875 0.33100961509433957 0.64647435875 0.3247596150943396 0.630769230625 0.32860576886792453 0.6286858975 0.3322115386792453 0.628365384375 0.3341346150943396 0.6296474356249999 0.3391826924528302 0.6350961537500001 0.3502403849056604 0.64391025625 0.3579326924528302 0.64983974375 0.36033653867924526 0.6580128206249999 0.35889423113207547 0.66233974375 0.3552884613207547 0.671794871875 0.3382211537735849
6 0.517628205 0.3930288462264151 0.48653846125 0.3581730773584905 0.482852564375 0.35625 0.40673076937499997 0.3649038462264151 0.39262820499999995 0.3954326924528302 0.391826923125 0.3997596150943396 0.3911858975 0.4086538462264151 0.392147435625 0.4158653849056604 0.400480769375 0.434375 0.45496794875 0.4663461537735849 0.513621795 0.43004807735849054 0.524679486875 0.41995192264150943 0.52403846125 0.40817307735849057 0.517628205 0.3930288462264151
6 0.287179486875 0.5360576924528302 0.290384615625 0.5334134613207547 0.292948718125 0.5290865386792453 0.29246794875 0.5264423075471698 0.26891025625000003 0.44326923113207545 0.241987179375 0.38846153867924527 0.224519230625 0.3663461537735849 0.204487179375 0.3694711537735849 0.201121795 0.37115384622641506 0.200641025625 0.37283653867924527 0.19567307687500002 0.41201923113207545 0.19983974375 0.4341346150943396 0.21666666687500002 0.4947115386792453 0.218269230625 0.49783653867924527 0.220352564375 0.5004807688679246 0.23621794875 0.5132211537735849 0.275320513125 0.5377403849056605 0.287179486875 0.5360576924528302
9 0.36778846125000003 0.5096153849056604 0.36490384625 0.5045673075471698 0.36153846125 0.5019230773584905 0.35737179500000005 0.5026442311320755 0.354326923125 0.5057692311320754 0.35240384625 0.5125 0.35240384625 0.5175480773584905 0.359134615625 0.5331730773584905 0.3610576925 0.5348557688679246 0.36474359 0.5348557688679246 0.36875 0.5326923075471699 0.369391025625 0.5242788462264151 0.368269230625 0.5127403849056604 0.36778846125000003 0.5096153849056604
9 0.412019230625 0.49423076886792455 0.40897435875 0.4855769226415095 0.40416666687499997 0.48125 0.4 0.48221153867924527 0.396794871875 0.4848557688679246 0.39358974375 0.4920673075471699 0.39262820499999995 0.49783653867924527 0.395833333125 0.5096153849056604 0.400320513125 0.5137019226415095 0.404326923125 0.5139423075471699 0.40721153875 0.5115384613207548 0.409455128125 0.5072115386792453 0.41233974375000004 0.49807692264150943 0.412019230625 0.49423076886792455
11 0.439262820625 0.49783653867924527 0.43653846125 0.5007211537735848 0.43621794875 0.5302884613207547 0.43878205125 0.5322115386792453 0.44711538437500004 0.5302884613207547 0.4485576925 0.5254807688679246 0.449519230625 0.5168269226415094 0.446955128125 0.5060096150943396 0.443269230625 0.4992788462264151 0.439262820625 0.49783653867924527
3 0.525320513125 0.5447115386792453 0.490705128125 0.5014423075471699 0.48349359 0.5009615386792453 0.473237179375 0.5170673075471699 0.46650641 0.5764423075471699 0.46634615375000005 0.5855769226415094 0.46762820499999996 0.5923076924528301 0.474679486875 0.60625 0.47836538437500004 0.6079326924528301 0.52483974375 0.5800480773584905 0.52852564125 0.5721153849056604 0.5266025643750001 0.5485576924528301 0.525320513125 0.5447115386792453
6 0.730608974375 0.5877403849056604 0.725480769375 0.5752403849056604 0.70096153875 0.5432692311320754 0.6506410256249999 0.4819711537735849 0.608012820625 0.48221153867924527 0.610576923125 0.5151442311320754 0.641666666875 0.603125 0.67371794875 0.6521634613207548 0.681570513125 0.6605769226415095 0.693269230625 0.6651442311320754 0.730929486875 0.5963942311320755 0.73141025625 0.5913461537735849 0.730608974375 0.5877403849056604
9 0.658173076875 0.7004807688679245 0.65384615375 0.6966346150943395 0.64278846125 0.6896634613207547 0.634615384375 0.690625 0.632852564375 0.6927884613207548 0.632051281875 0.6963942311320754 0.631730769375 0.7050480773584905 0.63349359 0.7117788462264151 0.63974359 0.7182692311320754 0.654166666875 0.7211538462264151 0.658333333125 0.7161057688679245 0.659615384375 0.7127403849056604 0.660416666875 0.7048076924528301 0.658173076875 0.7004807688679245
6 0.34711538437500006 0.6586538462264151 0.348237179375 0.5838942311320754 0.345673076875 0.5665865386792452 0.3411858975 0.5598557688679245 0.337820513125 0.5581730773584905 0.3298076925 0.5576923075471698 0.275480769375 0.6305288462264151 0.2724358975 0.6355769226415094 0.266666666875 0.6504807688679246 0.26474359 0.6617788462264151 0.2661858975 0.7088942311320754 0.266826923125 0.7112980773584906 0.27323717937499997 0.7209134613207547 0.283333333125 0.7245192311320754 0.32612179500000005 0.7194711537735848 0.346634615625 0.6617788462264151 0.34711538437500006 0.6586538462264151
1 0.353205128125 0.7192307688679246 0.34134615375000005 0.7254807688679246 0.33846153875 0.7322115386792453 0.33621794875 0.7752403849056604 0.33862179500000006 0.7834134613207547 0.341826923125 0.7850961537735849 0.376923076875 0.7725961537735849 0.374198718125 0.7334134613207547 0.36891025624999996 0.7245192311320754 0.360737179375 0.7199519226415094 0.353205128125 0.7192307688679246
9 0.39663461562499996 0.6415865386792453 0.392948718125 0.6329326924528301 0.389102564375 0.6266826924528301 0.3860576925 0.6235576924528301 0.380448718125 0.6201923075471698 0.37275641 0.6206730773584905 0.36875 0.6240384613207547 0.36009615375000004 0.6346153849056604 0.36185897437500003 0.6463942311320754 0.36522435875 0.6502403849056604 0.38862179500000005 0.6680288462264151 0.39246794875 0.6670673075471698 0.39647435875 0.6584134613207547 0.39711538437500005 0.6480769226415094 0.39663461562499996 0.6415865386792453
9 0.419230769375 0.6855769226415095 0.416666666875 0.6798076924528301 0.414583333125 0.6769230773584906 0.412019230625 0.6754807688679246 0.40849359 0.6766826924528302 0.40608974375 0.6819711537735849 0.404647435625 0.6891826924528301 0.40288461562499994 0.7048076924528301 0.40384615375000005 0.7103365386792453 0.40689102562499996 0.7122596150943395 0.410416666875 0.7125 0.41602564125 0.7098557688679246 0.41858974375 0.7052884613207547 0.419551281875 0.7009615386792453 0.419230769375 0.6855769226415095
9 0.487980769375 0.7206730773584905 0.4875 0.7165865386792453 0.474358974375 0.6817307688679246 0.471794871875 0.6805288462264151 0.46971153875 0.68125 0.46650641 0.6858173075471699 0.46073717937499997 0.6990384613207548 0.46121794875 0.7149038462264151 0.46233974375000003 0.7189903849056604 0.466826923125 0.7276442311320754 0.474358974375 0.7341346150943396 0.48189102562499997 0.7341346150943396 0.48445512812499997 0.7322115386792453 0.48733974375 0.7245192311320754 0.487980769375 0.7206730773584905
9 0.57740384625 0.7567307688679246 0.568429486875 0.7478365386792453 0.549679486875 0.7399038462264151 0.5423076925 0.7394230773584906 0.536378205 0.7413461537735849 0.526762820625 0.7480769226415095 0.52147435875 0.7550480773584906 0.52147435875 0.7581730773584906 0.529166666875 0.7939903849056604 0.564262820625 0.7942307688679245 0.57596153875 0.7826923075471699 0.580929486875 0.7747596150943395 0.58221153875 0.7675480773584905 0.581570513125 0.7634615386792453 0.57740384625 0.7567307688679246
1 0.60865384625 0.7264423075471699 0.61009615375 0.7209134613207547 0.6110576925 0.709375 0.610576923125 0.6927884613207548 0.606891025625 0.6855769226415095 0.5993589743750001 0.678125 0.587820513125 0.6740384613207547 0.576121795 0.6826923075471698 0.570673076875 0.6923076924528302 0.57115384625 0.7088942311320754 0.574358974375 0.7165865386792453 0.5798076925 0.7252403849056605 0.58653846125 0.7326923075471699 0.5918269231250001 0.7358173075471699 0.59903846125 0.7353365386792453 0.604166666875 0.7322115386792453 0.60865384625 0.7264423075471699
9 0.59599359 0.6182692311320754 0.5881410256249999 0.61875 0.586698718125 0.6237980773584906 0.586698718125 0.6274038462264151 0.59150641 0.6401442311320754 0.60721153875 0.6555288462264152 0.6125 0.6560096150943396 0.622916666875 0.6502403849056604 0.6235576925 0.6463942311320754 0.615865384375 0.6302884613207548 0.59599359 0.6182692311320754