6 0.7529296875 0.4394531245283019 0.7705078125 0.4394531245283019 0.7744140625 0.43652343773584906 0.779296875 0.4291992188679245 0.787109375 0.4028320311320755 0.787109375 0.3676757811320755 0.779296875 0.3208007811320755 0.77734375 0.3149414066037736 0.7041015625 0.2490234377358491 0.6923828125 0.2578125 0.6875 0.2651367188679245 0.6875 0.2768554688679245 0.69140625 0.2944335933962264 0.7109375 0.3647460933962264 0.716796875 0.3793945311320755 0.72265625 0.3911132811320755 0.73828125 0.4174804688679245 0.7529296875 0.4394531245283019
6 0.326171875 0.4672851566037736 0.3671875 0.3647460933962264 0.3671875 0.3588867188679245 0.361328125 0.3266601566037736 0.3525390625 0.31347656226415094 0.3466796875 0.30761718773584906 0.3388671875 0.30175781226415094 0.3310546875 0.30175781226415094 0.3115234375 0.30761718773584906 0.2998046875 0.31640625 0.2890625 0.3325195311320755 0.2734375 0.3881835933962264 0.271484375 0.3969726566037736 0.279296875 0.4584960933962264 0.283203125 0.4819335933962264 0.2900390625 0.4921875 0.2958984375 0.4980468754716982 0.3095703125 0.4980468754716982 0.31640625 0.48779296886792456 0.326171875 0.4672851566037736
6 0.359375 0.7280273433962264 0.359375 0.6958007811320754 0.326171875 0.5463867188679246 0.3232421875 0.541992187735849 0.3173828125 0.541992187735849 0.3056640625 0.55078125 0.283203125 0.5844726566037736 0.279296875 0.5932617188679246 0.27734375 0.5991210933962264 0.27734375 0.6342773433962264 0.306640625 0.7133789066037736 0.3115234375 0.7207031245283019 0.3369140625 0.741210937735849 0.3525390625 0.741210937735849 0.357421875 0.7338867188679246 0.359375 0.7280273433962264
18 0.408203125 0.8188476566037736 0.412109375 0.8100585933962264 0.412109375 0.7924804688679246 0.408203125 0.7778320311320754 0.3994140625 0.764648437735849 0.3896484375 0.7558593754716981 0.3798828125 0.7558593754716981 0.3740234375 0.758789062264151 0.3662109375 0.764648437735849 0.357421875 0.7778320311320754 0.353515625 0.7895507811320754 0.34765625 0.8100585933962264 0.34765625 0.8305664066037736 0.3515625 0.8393554688679246 0.3564453125 0.846679687735849 0.3623046875 0.8496093745283019 0.3798828125 0.8496093745283019 0.3955078125 0.8378906245283019 0.408203125 0.8188476566037736
18 0.640625 0.3588867188679245 0.640625 0.3295898433962264 0.638671875 0.3090820311320755 0.63671875 0.2973632811320755 0.6328125 0.2827148433962264 0.6279296875 0.26953125 0.6201171875 0.2636718754716981 0.6142578125 0.26074218773584906 0.6064453125 0.26660156226415094 0.603515625 0.2709960933962264 0.599609375 0.2827148433962264 0.599609375 0.3002929688679245 0.603515625 0.3471679688679245 0.607421875 0.3618164066037736 0.6162109375 0.375 0.6259765625 0.38378906226415094 0.638671875 0.3676757811320755 0.640625 0.3588867188679245
21 0.828125 0.5463867188679246 0.814453125 0.4702148433962264 0.8134765625 0.46875 0.8115234375 0.46875 0.7548828125 0.500976562264151 0.75390625 0.5024414066037736 0.732421875 0.5639648433962264 0.732421875 0.5727539066037736 0.7578125 0.6254882811320754 0.7607421875 0.629882812264151 0.7626953125 0.629882812264151 0.8271484375 0.565429687735849 0.828125 0.5639648433962264 0.828125 0.5463867188679246
21 0.654296875 0.5522460933962264 0.6494140625 0.5449218754716981 0.6416015625 0.536132812264151 0.6376953125 0.5332031245283019 0.6318359375 0.5332031245283019 0.6201171875 0.536132812264151 0.578125 0.6108398433962264 0.576171875 0.6166992188679246 0.576171875 0.6196289066037736 0.5947265625 0.670898437735849 0.6552734375 0.64453125 0.65625 0.6430664066037736 0.658203125 0.5903320311320754 0.658203125 0.5668945311320754 0.654296875 0.5522460933962264
21 0.7568359375 0.76171875 0.767578125 0.7456054688679246 0.767578125 0.7397460933962264 0.755859375 0.6518554688679246 0.7548828125 0.6503906245283019 0.6689453125 0.66796875 0.66796875 0.6694335933962264 0.66796875 0.6723632811320754 0.681640625 0.7514648433962264 0.7138671875 0.7910156245283019 0.7197265625 0.793945312264151 0.7275390625 0.7910156245283019 0.7470703125 0.7734375 0.7568359375 0.76171875
21 0.53515625 0.7866210933962264 0.5322265625 0.782226562264151 0.4541015625 0.782226562264151 0.453125 0.7836914066037736 0.44140625 0.8334960933962264 0.4443359375 0.8378906245283019 0.5283203125 0.934570312264151 0.529296875 0.9331054688679246 0.5546875 0.8334960933962264 0.5546875 0.8305664066037736 0.552734375 0.8247070311320754 0.53515625 0.7866210933962264
21 0.5322265625 0.23144531226415094 0.5107421875 0.22851562452830187 0.5009765625 0.22851562452830187 0.4619140625 0.25488281226415094 0.4384765625 0.27246093773584906 0.435546875 0.2768554688679245 0.423828125 0.3120117188679245 0.423828125 0.3178710933962264 0.431640625 0.3823242188679245 0.4326171875 0.38378906226415094 0.5205078125 0.35449218773584906 0.521484375 0.3530273433962264 0.5390625 0.2416992188679245 0.5322265625 0.23144531226415094
3 0.6123046875 0.5800781245283019 0.64453125 0.5053710933962264 0.63671875 0.4819335933962264 0.62890625 0.4643554688679245 0.6220703125 0.45410156226415094 0.5517578125 0.3808593754716981 0.5302734375 0.3691406245283019 0.5263671875 0.3691406245283019 0.521484375 0.3735351566037736 0.486328125 0.4584960933962264 0.4765625 0.5170898433962264 0.4765625 0.5229492188679246 0.5 0.6049804688679246 0.5087890625 0.618164062264151 0.5244140625 0.6328125 0.5478515625 0.6503906245283019 0.5556640625 0.6503906245283019 0.6123046875 0.5800781245283019
14 0.70703125 0.5024414066037736 0.701171875 0.5170898433962264 0.69921875 0.5288085933962264 0.7041015625 0.536132812264151 0.7119140625 0.5332031245283019 0.71484375 0.5288085933962264 0.716796875 0.49658203113207544 0.7158203125 0.495117187735849 0.7119140625 0.495117187735849 0.70703125 0.5024414066037736
14 0.6474609375 0.858398437735849 0.646484375 0.8598632811320754 0.64453125 0.9038085933962264 0.6455078125 0.905273437735849 0.6513671875 0.905273437735849 0.6591796875 0.90234375 0.666015625 0.8833007811320754 0.66015625 0.8657226566037736 0.6552734375 0.858398437735849 0.6474609375 0.858398437735849
14 0.650390625 0.6899414066037736 0.6474609375 0.6855468754716981 0.6455078125 0.6855468754716981 0.642578125 0.6899414066037736 0.640625 0.7016601566037736 0.640625 0.7075195311320754 0.64453125 0.7250976566037736 0.6474609375 0.729492187735849 0.6552734375 0.7324218754716981 0.65625 0.7309570311320754 0.65625 0.7250976566037736 0.650390625 0.6899414066037736
14 0.4169921875 0.43066406226415094 0.4091796875 0.4277343745283019 0.40625 0.4321289066037736 0.40625 0.4350585933962264 0.4072265625 0.43652343773584906 0.4189453125 0.4453125 0.4228515625 0.4453125 0.423828125 0.4438476566037736 0.423828125 0.4409179688679245 0.4169921875 0.43066406226415094
14 0.3427734375 0.44238281226415094 0.3388671875 0.4394531245283019 0.3349609375 0.4394531245283019 0.333984375 0.4409179688679245 0.328125 0.4643554688679245 0.328125 0.48779296886792456 0.3291015625 0.489257812264151 0.3408203125 0.489257812264151 0.34765625 0.4790039066037736 0.34765625 0.4555664066037736 0.345703125 0.4467773433962264 0.3427734375 0.44238281226415094
14 0.591796875 0.2680664066037736 0.5888671875 0.2636718754716981 0.5849609375 0.2636718754716981 0.580078125 0.2680664066037736 0.568359375 0.2915039066037736 0.568359375 0.2944335933962264 0.5693359375 0.29589843773584906 0.5751953125 0.2988281245283019 0.5849609375 0.29296875 0.58984375 0.2856445311320755 0.591796875 0.2768554688679245 0.591796875 0.2680664066037736
9 0.3603515625 0.23730468773584906 0.3544921875 0.23144531226415094 0.3427734375 0.23144531226415094 0.341796875 0.2329101566037736 0.341796875 0.2504882811320755 0.3486328125 0.26074218773584906 0.3525390625 0.2636718754716981 0.3623046875 0.2636718754716981 0.365234375 0.2592773433962264 0.365234375 0.2446289066037736 0.3603515625 0.23730468773584906
9 0.40234375 0.2329101566037736 0.40234375 0.22998046886792453 0.400390625 0.2241210933962264 0.3935546875 0.2109375 0.3896484375 0.20800781226415094 0.3837890625 0.20800781226415094 0.380859375 0.2124023433962264 0.380859375 0.22998046886792453 0.384765625 0.2416992188679245 0.3857421875 0.2431640622641509 0.3935546875 0.24609375 0.3994140625 0.24609375 0.400390625 0.2446289066037736 0.40234375 0.2329101566037736
9 0.6513671875 0.18457031226415094 0.6474609375 0.18457031226415094 0.64453125 0.1889648433962264 0.638671875 0.2241210933962264 0.63671875 0.2475585933962264 0.6552734375 0.26660156226415094 0.6572265625 0.26660156226415094 0.666015625 0.2504882811320755 0.66796875 0.2446289066037736 0.66796875 0.2241210933962264 0.6640625 0.20654296886792453 0.6513671875 0.18457031226415094
9 0.412109375 0.3647460933962264 0.412109375 0.3530273433962264 0.4091796875 0.34863281226415094 0.4052734375 0.34863281226415094 0.392578125 0.3676757811320755 0.390625 0.3735351566037736 0.390625 0.3764648433962264 0.392578125 0.3823242188679245 0.3955078125 0.38671875 0.3994140625 0.38964843773584906 0.4033203125 0.38671875 0.41015625 0.3764648433962264 0.412109375 0.3647460933962264
9 0.423828125 0.7221679688679246 0.423828125 0.7104492188679246 0.421875 0.7045898433962264 0.4189453125 0.700195312264151 0.4150390625 0.6972656245283019 0.4052734375 0.6972656245283019 0.404296875 0.6987304688679246 0.404296875 0.7075195311320754 0.40625 0.7133789066037736 0.412109375 0.7280273433962264 0.4169921875 0.7324218754716981 0.4189453125 0.7324218754716981 0.421875 0.7280273433962264 0.423828125 0.7221679688679246
9 0.54296875 0.6811523433962264 0.5341796875 0.66796875 0.5263671875 0.6621093754716981 0.5205078125 0.659179687735849 0.5087890625 0.659179687735849 0.5048828125 0.6621093754716981 0.501953125 0.6665039066037736 0.501953125 0.6694335933962264 0.50390625 0.6752929688679246 0.5107421875 0.6855468754716981 0.5302734375 0.6972656245283019 0.5419921875 0.6972656245283019 0.54296875 0.6958007811320754 0.54296875 0.6811523433962264
9 0.443359375 0.7924804688679246 0.4404296875 0.78515625 0.4345703125 0.782226562264151 0.4306640625 0.782226562264151 0.42578125 0.7895507811320754 0.416015625 0.8100585933962264 0.416015625 0.8129882811320754 0.4189453125 0.817382812264151 0.4228515625 0.8203125 0.4267578125 0.8203125 0.4384765625 0.811523437735849 0.443359375 0.7983398433962264 0.443359375 0.7924804688679246
9 0.5771484375 0.7441406245283019 0.5673828125 0.7441406245283019 0.564453125 0.7485351566037736 0.564453125 0.7631835933962264 0.5791015625 0.78515625 0.5830078125 0.78515625 0.587890625 0.7778320311320754 0.587890625 0.7719726566037736 0.58203125 0.7485351566037736 0.5771484375 0.7441406245283019
9 0.6279296875 0.90234375 0.6240234375 0.90234375 0.61328125 0.9184570311320754 0.611328125 0.9243164066037736 0.611328125 0.9331054688679246 0.6162109375 0.9375 0.6220703125 0.9375 0.62890625 0.9272460933962264 0.630859375 0.9213867188679246 0.630859375 0.9067382811320754 0.6279296875 0.90234375
9 0.619140625 0.8803710933962264 0.6181640625 0.87890625 0.6103515625 0.875976562264151 0.5986328125 0.875976562264151 0.5732421875 0.8847656245283019 0.5634765625 0.893554687735849 0.560546875 0.8979492188679246 0.560546875 0.9008789066037736 0.5654296875 0.9082031245283019 0.5712890625 0.9140625 0.6123046875 0.9140625 0.6181640625 0.911132812264151 0.623046875 0.9038085933962264 0.619140625 0.8803710933962264
1 0.6865234375 0.4042968745283019 0.6826171875 0.40136718773584906 0.6708984375 0.40136718773584906 0.6640625 0.4116210933962264 0.6640625 0.4438476566037736 0.6728515625 0.4511718745283019 0.6845703125 0.4511718745283019 0.693359375 0.4379882811320755 0.693359375 0.4174804688679245 0.69140625 0.4116210933962264 0.6865234375 0.4042968745283019
1 0.486328125 0.7485351566037736 0.4794921875 0.73828125 0.4716796875 0.7324218754716981 0.4580078125 0.7324218754716981 0.4541015625 0.735351562264151 0.451171875 0.7397460933962264 0.44921875 0.7485351566037736 0.44921875 0.7543945311320754 0.4521484375 0.76171875 0.4775390625 0.782226562264151 0.4853515625 0.776367187735849 0.48828125 0.7719726566037736 0.48828125 0.7543945311320754 0.486328125 0.7485351566037736
9 0.5068359375 0.688476562264151 0.5029296875 0.6855468754716981 0.501953125 0.6870117188679246 0.501953125 0.6899414066037736 0.50390625 0.7016601566037736 0.5048828125 0.703125 0.5068359375 0.703125 0.509765625 0.6987304688679246 0.509765625 0.6928710933962264 0.5068359375 0.688476562264151
20 0.6845703125 0.8261718745283019 0.6279296875 0.8027343745283019 0.6259765625 0.8027343745283019 0.623046875 0.8071289066037736 0.61328125 0.8247070311320754 0.615234375 0.8364257811320754 0.62109375 0.8540039066037736 0.6240234375 0.858398437735849 0.6728515625 0.8496093745283019 0.6865234375 0.84375 0.69140625 0.8393554688679246 0.6845703125 0.8261718745283019
12 0.732421875 0.5405273433962264 0.73828125 0.5288085933962264 0.740234375 0.5229492188679246 0.740234375 0.5083007811320754 0.7392578125 0.506835937735849 0.6865234375 0.506835937735849 0.68359375 0.5112304688679246 0.681640625 0.5170898433962264 0.681640625 0.5317382811320754 0.685546875 0.5434570311320754 0.6904296875 0.55078125 0.6982421875 0.5566406245283019 0.7177734375 0.5566406245283019 0.7236328125 0.553710937735849 0.732421875 0.5405273433962264
11 0.6162109375 0.2519531245283019 0.61328125 0.2563476566037736 0.61328125 0.2592773433962264 0.6142578125 0.26074218773584906 0.6318359375 0.26074218773584906 0.6328125 0.2592773433962264 0.6328125 0.2563476566037736 0.6279296875 0.2519531245283019 0.6162109375 0.2519531245283019