6 0.513671875 0.3911132811320755 0.51953125 0.2475585933962264 0.4951171875 0.2109375 0.4833984375 0.2109375 0.466796875 0.2358398433962264 0.46484375 0.2416992188679245 0.4609375 0.2622070311320755 0.455078125 0.3354492188679245 0.462890625 0.3764648433962264 0.4765625 0.4086914066037736 0.4814453125 0.4160156245283019 0.4853515625 0.4160156245283019 0.4931640625 0.41308593773584906 0.5009765625 0.40722656226415094 0.513671875 0.3911132811320755
6 0.6748046875 0.2753906245283019 0.6572265625 0.2636718754716981 0.6416015625 0.2636718754716981 0.6376953125 0.26660156226415094 0.634765625 0.2709960933962264 0.62890625 0.2856445311320755 0.626953125 0.3032226566037736 0.626953125 0.3266601566037736 0.6328125 0.3559570311320755 0.6591796875 0.40722656226415094 0.6943359375 0.44238281226415094 0.7158203125 0.44238281226415094 0.748046875 0.4116210933962264 0.6748046875 0.2753906245283019
6 0.6484375 0.49951171886792456 0.6484375 0.4760742188679245 0.630859375 0.4145507811320755 0.6171875 0.3764648433962264 0.6142578125 0.37207031226415094 0.5849609375 0.36328125 0.5751953125 0.36328125 0.5693359375 0.36621093773584906 0.5498046875 0.3808593754716981 0.548828125 0.3823242188679245 0.556640625 0.4790039066037736 0.5615234375 0.4863281245283018 0.6201171875 0.553710937735849 0.6298828125 0.553710937735849 0.642578125 0.5346679688679246 0.64453125 0.5288085933962264 0.6484375 0.49951171886792456
6 0.5810546875 0.706054687735849 0.6162109375 0.688476562264151 0.6171875 0.6870117188679246 0.580078125 0.5903320311320754 0.5595703125 0.559570312264151 0.5361328125 0.5390625 0.5302734375 0.536132812264151 0.5244140625 0.536132812264151 0.5185546875 0.5390625 0.5107421875 0.5449218754716981 0.5078125 0.5493164066037736 0.50390625 0.5581054688679246 0.50390625 0.5874023433962264 0.5078125 0.6254882811320754 0.513671875 0.6372070311320754 0.5498046875 0.694335937735849 0.5537109375 0.6972656245283019 0.5712890625 0.706054687735849 0.5810546875 0.706054687735849
6 0.46484375 0.4907226566037736 0.46484375 0.48486328113207544 0.4609375 0.4731445311320755 0.451171875 0.4526367188679245 0.4482421875 0.44824218773584906 0.4326171875 0.44824218773584906 0.416015625 0.4702148433962264 0.404296875 0.5698242188679246 0.40625 0.5844726566037736 0.408203125 0.5903320311320754 0.4091796875 0.5917968754716981 0.4189453125 0.594726562264151 0.4404296875 0.583007812264151 0.44140625 0.5815429688679246 0.46484375 0.4907226566037736
3 0.345703125 0.6049804688679246 0.345703125 0.6020507811320754 0.3076171875 0.530273437735849 0.2763671875 0.5332031245283019 0.2646484375 0.5449218754716981 0.2578125 0.5551757811320754 0.2578125 0.5581054688679246 0.259765625 0.5756835933962264 0.2734375 0.6489257811320754 0.2744140625 0.6503906245283019 0.2880859375 0.659179687735849 0.3271484375 0.6328125 0.345703125 0.6049804688679246
18 0.33984375 0.4790039066037736 0.33984375 0.4643554688679245 0.322265625 0.4174804688679245 0.3173828125 0.41015625 0.3095703125 0.40722656226415094 0.3076171875 0.40722656226415094 0.3037109375 0.41015625 0.294921875 0.4233398433962264 0.294921875 0.4438476566037736 0.302734375 0.4672851566037736 0.3173828125 0.489257812264151 0.3212890625 0.4921875 0.3330078125 0.4921875 0.337890625 0.48486328113207544 0.33984375 0.4790039066037736
18 0.53125 0.18017578113207547 0.529296875 0.1391601566037736 0.52734375 0.1303710933962264 0.5205078125 0.12011718773584906 0.5087890625 0.12011718773584906 0.5078125 0.12158203113207545 0.50390625 0.1303710933962264 0.50390625 0.15966796886792453 0.505859375 0.1743164066037736 0.509765625 0.1889648433962264 0.5146484375 0.19628906226415094 0.5244140625 0.19628906226415094 0.529296875 0.1889648433962264 0.53125 0.18017578113207547
20 0.748046875 0.5551757811320754 0.744140625 0.5288085933962264 0.7421875 0.5229492188679246 0.7392578125 0.518554687735849 0.7353515625 0.515625 0.7294921875 0.515625 0.7255859375 0.518554687735849 0.72265625 0.5229492188679246 0.720703125 0.5288085933962264 0.720703125 0.5639648433962264 0.72265625 0.5756835933962264 0.7236328125 0.577148437735849 0.7333984375 0.577148437735849 0.7470703125 0.5683593754716981 0.748046875 0.5668945311320754 0.748046875 0.5551757811320754
1 0.427734375 0.1977539066037736 0.42578125 0.19189453113207547 0.4189453125 0.18164062452830187 0.3994140625 0.17871093773584906 0.3916015625 0.18164062452830187 0.3720703125 0.19921875 0.365234375 0.2094726566037736 0.361328125 0.2211914066037736 0.361328125 0.22705078113207547 0.36328125 0.2651367188679245 0.365234375 0.2739257811320755 0.3662109375 0.2753906245283019 0.3681640625 0.2753906245283019 0.4248046875 0.20507812452830187 0.427734375 0.1977539066037736
1 0.330078125 0.3325195311320755 0.33203125 0.3266601566037736 0.33203125 0.3120117188679245 0.3310546875 0.3105468754716981 0.2998046875 0.29003906226415094 0.2978515625 0.29003906226415094 0.29296875 0.2973632811320755 0.29296875 0.3061523433962264 0.294921875 0.3208007811320755 0.2998046875 0.328125 0.3193359375 0.34277343773584906 0.3212890625 0.34277343773584906 0.3271484375 0.33691406226415094 0.330078125 0.3325195311320755
1 0.3857421875 0.38964843773584906 0.3818359375 0.38671875 0.3759765625 0.38671875 0.37109375 0.3911132811320755 0.3671875 0.4028320311320755 0.3671875 0.4145507811320755 0.3720703125 0.421875 0.3798828125 0.421875 0.388671875 0.4086914066037736 0.390625 0.4028320311320755 0.390625 0.3969726566037736 0.3857421875 0.38964843773584906
1 0.3544921875 0.6796875 0.3505859375 0.676757812264151 0.3447265625 0.676757812264151 0.3359375 0.6899414066037736 0.330078125 0.7016601566037736 0.328125 0.7075195311320754 0.328125 0.7163085933962264 0.330078125 0.7221679688679246 0.3369140625 0.729492187735849 0.3408203125 0.729492187735849 0.359375 0.7016601566037736 0.359375 0.6899414066037736 0.3544921875 0.6796875
1 0.40234375 0.7397460933962264 0.40234375 0.7192382811320754 0.400390625 0.7133789066037736 0.3974609375 0.7089843754716981 0.3935546875 0.706054687735849 0.3837890625 0.706054687735849 0.380859375 0.7104492188679246 0.380859375 0.7250976566037736 0.384765625 0.7338867188679246 0.3876953125 0.73828125 0.3955078125 0.7441406245283019 0.3974609375 0.7441406245283019 0.4013671875 0.741210937735849 0.40234375 0.7397460933962264
1 0.4794921875 0.688476562264151 0.4892578125 0.682617187735849 0.490234375 0.6811523433962264 0.46875 0.6284179688679246 0.4619140625 0.618164062264151 0.4521484375 0.618164062264151 0.4453125 0.6284179688679246 0.44140625 0.6372070311320754 0.439453125 0.6489257811320754 0.439453125 0.6547851566037736 0.44140625 0.6635742188679246 0.4453125 0.6723632811320754 0.4541015625 0.6855468754716981 0.4580078125 0.688476562264151 0.4697265625 0.69140625 0.4794921875 0.688476562264151
9 0.3310546875 0.647460937735849 0.3251953125 0.647460937735849 0.32421875 0.6489257811320754 0.322265625 0.6547851566037736 0.322265625 0.6606445311320754 0.32421875 0.6694335933962264 0.3291015625 0.6738281245283019 0.3310546875 0.6738281245283019 0.333984375 0.6694335933962264 0.333984375 0.6518554688679246 0.3310546875 0.647460937735849
9 0.6806640625 0.618164062264151 0.677734375 0.6225585933962264 0.677734375 0.6313476566037736 0.6787109375 0.6328125 0.6884765625 0.6386718754716981 0.693359375 0.6313476566037736 0.693359375 0.6284179688679246 0.6884765625 0.62109375 0.6806640625 0.618164062264151
9 0.689453125 0.5522460933962264 0.6884765625 0.55078125 0.6806640625 0.55078125 0.669921875 0.5610351566037736 0.666015625 0.5698242188679246 0.666015625 0.5786132811320754 0.6689453125 0.583007812264151 0.6728515625 0.583007812264151 0.6806640625 0.577148437735849 0.6875 0.5698242188679246 0.689453125 0.5639648433962264 0.689453125 0.5522460933962264
9 0.595703125 0.21533203113207547 0.595703125 0.2094726566037736 0.5908203125 0.19921875 0.5791015625 0.19335937547169813 0.5693359375 0.19335937547169813 0.568359375 0.19482421886792453 0.56640625 0.2006835933962264 0.56640625 0.2094726566037736 0.5693359375 0.21386718773584906 0.5732421875 0.21679687452830187 0.5849609375 0.21972656226415094 0.5888671875 0.21972656226415094 0.5947265625 0.21679687452830187 0.595703125 0.21533203113207547
13 0.3466796875 0.421875 0.3447265625 0.421875 0.33984375 0.4291992188679245 0.33984375 0.4350585933962264 0.3408203125 0.43652343773584906 0.3427734375 0.43652343773584906 0.345703125 0.4321289066037736 0.34765625 0.4262695311320755 0.34765625 0.4233398433962264 0.3466796875 0.421875
13 0.4326171875 0.38378906226415094 0.431640625 0.3852539066037736 0.431640625 0.3911132811320755 0.4345703125 0.39550781226415094 0.4365234375 0.39550781226415094 0.4375 0.3940429688679245 0.4375 0.3881835933962264 0.4345703125 0.38378906226415094 0.4326171875 0.38378906226415094
13 0.5283203125 0.483398437735849 0.5263671875 0.483398437735849 0.5234375 0.48779296886792456 0.5234375 0.4907226566037736 0.525390625 0.49951171886792456 0.5263671875 0.500976562264151 0.53125 0.4936523433962264 0.53125 0.4907226566037736 0.529296875 0.48486328113207544 0.5283203125 0.483398437735849
11 0.5908203125 0.594726562264151 0.5927734375 0.594726562264151 0.59765625 0.5874023433962264 0.5966796875 0.5859375 0.5947265625 0.5859375 0.58984375 0.5932617188679246 0.5908203125 0.594726562264151
11 0.5869140625 0.5390625 0.583984375 0.5434570311320754 0.583984375 0.5463867188679246 0.5966796875 0.571289062264151 0.59765625 0.5698242188679246 0.59765625 0.5522460933962264 0.5927734375 0.541992187735849 0.5888671875 0.5390625 0.5869140625 0.5390625
7 0.66015625 0.7104492188679246 0.6513671875 0.700195312264151 0.6474609375 0.6972656245283019 0.6416015625 0.6972656245283019 0.6328125 0.7104492188679246 0.6328125 0.7250976566037736 0.6376953125 0.7324218754716981 0.6455078125 0.7324218754716981 0.6591796875 0.7265625 0.662109375 0.7192382811320754 0.662109375 0.7163085933962264 0.66015625 0.7104492188679246