6 0.47265625 0.2358398433962264 0.470703125 0.2211914066037736 0.4638671875 0.2109375 0.4599609375 0.2109375 0.4169921875 0.2578125 0.4072265625 0.26953125 0.40234375 0.2797851566037736 0.390625 0.3237304688679245 0.390625 0.3325195311320755 0.3935546875 0.33691406226415094 0.4013671875 0.33691406226415094 0.4306640625 0.33105468773584906 0.4462890625 0.32519531226415094 0.453125 0.3178710933962264 0.47265625 0.2358398433962264
6 0.3359375 0.5375976566037736 0.3359375 0.5346679688679246 0.2900390625 0.4628906245283019 0.2646484375 0.43359375 0.2568359375 0.4277343745283019 0.2392578125 0.42480468773584906 0.2314453125 0.4277343745283019 0.2275390625 0.43066406226415094 0.22265625 0.4379882811320755 0.212890625 0.4731445311320755 0.212890625 0.4790039066037736 0.2265625 0.5200195311320754 0.2822265625 0.629882812264151 0.3095703125 0.629882812264151 0.3134765625 0.6269531245283019 0.3203125 0.6166992188679246 0.3359375 0.5375976566037736
3 0.330078125 0.23876953113207547 0.3291015625 0.23730468773584906 0.2958984375 0.23730468773584906 0.2919921875 0.24023437452830187 0.287109375 0.2475585933962264 0.2734375 0.2739257811320755 0.271484375 0.2797851566037736 0.2578125 0.3588867188679245 0.255859375 0.3706054688679245 0.255859375 0.3793945311320755 0.259765625 0.3911132811320755 0.2626953125 0.39550781226415094 0.2705078125 0.40136718773584906 0.2724609375 0.40136718773584906 0.314453125 0.3676757811320755 0.330078125 0.23876953113207547
18 0.3447265625 0.8144531245283019 0.3486328125 0.811523437735849 0.349609375 0.8100585933962264 0.353515625 0.7895507811320754 0.353515625 0.7836914066037736 0.3515625 0.7719726566037736 0.341796875 0.7456054688679246 0.33203125 0.7250976566037736 0.3212890625 0.7089843754716981 0.3115234375 0.700195312264151 0.2998046875 0.700195312264151 0.291015625 0.7133789066037736 0.2890625 0.7192382811320754 0.2890625 0.7338867188679246 0.296875 0.7573242188679246 0.302734375 0.7719726566037736 0.3125 0.7924804688679246 0.3173828125 0.799804687735849 0.3330078125 0.8144531245283019 0.3447265625 0.8144531245283019
18 0.466796875 0.7514648433962264 0.46875 0.7397460933962264 0.466796875 0.7309570311320754 0.462890625 0.7221679688679246 0.4384765625 0.688476562264151 0.4306640625 0.682617187735849 0.4248046875 0.6796875 0.4189453125 0.6796875 0.41796875 0.6811523433962264 0.412109375 0.6928710933962264 0.412109375 0.6987304688679246 0.416015625 0.7133789066037736 0.4443359375 0.752929687735849 0.4521484375 0.758789062264151 0.4599609375 0.758789062264151 0.4638671875 0.7558593754716981 0.466796875 0.7514648433962264
18 0.51953125 0.6811523433962264 0.521484375 0.6752929688679246 0.521484375 0.6665039066037736 0.51953125 0.6606445311320754 0.4931640625 0.62109375 0.4892578125 0.618164062264151 0.4814453125 0.618164062264151 0.47265625 0.6313476566037736 0.47265625 0.6459960933962264 0.474609375 0.6518554688679246 0.4892578125 0.6738281245283019 0.5009765625 0.6855468754716981 0.5068359375 0.688476562264151 0.5146484375 0.688476562264151 0.51953125 0.6811523433962264
18 0.5556640625 0.752929687735849 0.564453125 0.7368164066037736 0.568359375 0.7192382811320754 0.568359375 0.7075195311320754 0.56640625 0.6928710933962264 0.5498046875 0.66796875 0.5478515625 0.66796875 0.5439453125 0.670898437735849 0.537109375 0.6811523433962264 0.505859375 0.7338867188679246 0.505859375 0.7397460933962264 0.5078125 0.7456054688679246 0.5185546875 0.76171875 0.5224609375 0.764648437735849 0.5380859375 0.764648437735849 0.5458984375 0.76171875 0.5556640625 0.752929687735849
18 0.73828125 0.2739257811320755 0.73828125 0.2563476566037736 0.7353515625 0.2519531245283019 0.7294921875 0.24609375 0.7216796875 0.24023437452830187 0.6884765625 0.24023437452830187 0.6806640625 0.2431640622641509 0.6767578125 0.24609375 0.669921875 0.2563476566037736 0.66796875 0.2622070311320755 0.66796875 0.2709960933962264 0.669921875 0.2797851566037736 0.6806640625 0.29003906226415094 0.7197265625 0.29003906226415094 0.7294921875 0.28417968773584906 0.7353515625 0.27832031226415094 0.73828125 0.2739257811320755
18 0.345703125 0.20361328113207547 0.34765625 0.1977539066037736 0.345703125 0.19189453113207547 0.3408203125 0.18457031226415094 0.3251953125 0.17285156226415094 0.3154296875 0.17285156226415094 0.310546875 0.18017578113207547 0.310546875 0.18310546886792453 0.3125 0.1889648433962264 0.3173828125 0.19628906226415094 0.3251953125 0.20214843773584906 0.3369140625 0.20800781226415094 0.3427734375 0.20800781226415094 0.345703125 0.20361328113207547
21 0.427734375 0.49658203113207544 0.423828125 0.4643554688679245 0.3544921875 0.3574218754716981 0.3525390625 0.3574218754716981 0.3515625 0.3588867188679245 0.328125 0.4555664066037736 0.32421875 0.4731445311320755 0.32421875 0.4790039066037736 0.3662109375 0.5449218754716981 0.3974609375 0.559570312264151 0.3994140625 0.559570312264151 0.41796875 0.5288085933962264 0.427734375 0.5053710933962264 0.427734375 0.49658203113207544
20 0.7314453125 0.641601562264151 0.7236328125 0.641601562264151 0.7080078125 0.653320312264151 0.70703125 0.6547851566037736 0.705078125 0.6635742188679246 0.703125 0.7075195311320754 0.7119140625 0.71484375 0.7275390625 0.6972656245283019 0.73046875 0.6928710933962264 0.740234375 0.6635742188679246 0.740234375 0.6577148433962264 0.7353515625 0.64453125 0.7314453125 0.641601562264151
20 0.611328125 0.6723632811320754 0.6103515625 0.670898437735849 0.6025390625 0.6738281245283019 0.59765625 0.6811523433962264 0.58203125 0.7163085933962264 0.58984375 0.7368164066037736 0.5927734375 0.741210937735849 0.6044921875 0.741210937735849 0.61328125 0.7250976566037736 0.615234375 0.7192382811320754 0.615234375 0.7016601566037736 0.611328125 0.6723632811320754
20 0.5341796875 0.33984375 0.4912109375 0.35449218773584906 0.490234375 0.3559570311320755 0.4921875 0.3823242188679245 0.494140625 0.3881835933962264 0.4990234375 0.39550781226415094 0.5029296875 0.39550781226415094 0.537109375 0.3413085933962264 0.5361328125 0.33984375 0.5341796875 0.33984375
20 0.5146484375 0.5683593754716981 0.5087890625 0.5683593754716981 0.4892578125 0.5859375 0.48828125 0.5874023433962264 0.5283203125 0.6621093754716981 0.529296875 0.6606445311320754 0.533203125 0.6196289066037736 0.53125 0.5815429688679246 0.529296875 0.5756835933962264 0.5244140625 0.571289062264151 0.5146484375 0.5683593754716981
20 0.443359375 0.6137695311320754 0.4423828125 0.612304687735849 0.4150390625 0.6328125 0.412109375 0.6372070311320754 0.41015625 0.6430664066037736 0.41015625 0.6518554688679246 0.412109375 0.6577148433962264 0.4169921875 0.6621093754716981 0.4248046875 0.6621093754716981 0.4384765625 0.6503906245283019 0.443359375 0.6430664066037736 0.443359375 0.6137695311320754
14 0.6982421875 0.647460937735849 0.6962890625 0.647460937735849 0.693359375 0.6518554688679246 0.685546875 0.6811523433962264 0.685546875 0.6899414066037736 0.6865234375 0.69140625 0.6884765625 0.69140625 0.697265625 0.6782226566037736 0.701171875 0.6665039066037736 0.701171875 0.6518554688679246 0.6982421875 0.647460937735849
14 0.6865234375 0.530273437735849 0.6826171875 0.52734375 0.6787109375 0.52734375 0.6728515625 0.5332031245283019 0.671875 0.5346679688679246 0.673828125 0.5639648433962264 0.6748046875 0.565429687735849 0.6826171875 0.565429687735849 0.6865234375 0.5625 0.689453125 0.5581054688679246 0.69140625 0.5375976566037736 0.6865234375 0.530273437735849
14 0.5361328125 0.624023437735849 0.533203125 0.6284179688679246 0.533203125 0.6342773433962264 0.5380859375 0.641601562264151 0.5478515625 0.647460937735849 0.5546875 0.6372070311320754 0.5546875 0.6313476566037736 0.5478515625 0.624023437735849 0.5361328125 0.624023437735849
14 0.6142578125 0.38671875 0.6123046875 0.38671875 0.6083984375 0.38964843773584906 0.607421875 0.3911132811320755 0.607421875 0.3969726566037736 0.611328125 0.4086914066037736 0.6220703125 0.42480468773584906 0.6298828125 0.42480468773584906 0.6328125 0.4174804688679245 0.615234375 0.3881835933962264 0.6142578125 0.38671875
14 0.40234375 0.2504882811320755 0.3994140625 0.24609375 0.3818359375 0.24023437452830187 0.3779296875 0.2431640622641509 0.376953125 0.2446289066037736 0.376953125 0.2563476566037736 0.3837890625 0.26660156226415094 0.3916015625 0.27246093773584906 0.3935546875 0.27246093773584906 0.3974609375 0.26953125 0.40234375 0.2622070311320755 0.40234375 0.2504882811320755
1 0.541015625 0.12451171886792455 0.541015625 0.08349609339622642 0.5390625 0.07763671886792453 0.5302734375 0.06445312452830189 0.5224609375 0.05859375 0.5126953125 0.055664062264150944 0.5048828125 0.055664062264150944 0.4912109375 0.05859375 0.4853515625 0.061523437735849056 0.4736328125 0.0703125 0.4453125 0.11279296886792453 0.4453125 0.11572265660377358 0.4462890625 0.1171875 0.5283203125 0.15234375 0.5302734375 0.15234375 0.53125 0.1508789066037736 0.537109375 0.1391601566037736 0.541015625 0.12451171886792455
1 0.6630859375 0.23730468773584906 0.671875 0.2241210933962264 0.673828125 0.21826171886792453 0.67578125 0.20361328113207547 0.673828125 0.1977539066037736 0.6689453125 0.19042968773584906 0.6611328125 0.19042968773584906 0.6318359375 0.2109375 0.625 0.2211914066037736 0.625 0.2241210933962264 0.6337890625 0.23730468773584906 0.6376953125 0.24023437452830187 0.6474609375 0.2431640622641509 0.6513671875 0.2431640622641509 0.6591796875 0.24023437452830187 0.6630859375 0.23730468773584906
1 0.7421875 0.3793945311320755 0.7421875 0.3735351566037736 0.7333984375 0.35449218773584906 0.7216796875 0.3457031245283019 0.7041015625 0.3457031245283019 0.6962890625 0.3515625 0.6953125 0.3530273433962264 0.6953125 0.3559570311320755 0.69921875 0.3940429688679245 0.7021484375 0.3984375 0.7138671875 0.40722656226415094 0.7255859375 0.40722656226415094 0.736328125 0.3969726566037736 0.7421875 0.3793945311320755
1 0.626953125 0.2915039066037736 0.6240234375 0.2871093754716981 0.6162109375 0.2871093754716981 0.6103515625 0.29296875 0.60546875 0.3032226566037736 0.603515625 0.3090820311320755 0.603515625 0.3266601566037736 0.6083984375 0.33691406226415094 0.6162109375 0.34277343773584906 0.6220703125 0.34277343773584906 0.62890625 0.3354492188679245 0.62890625 0.2973632811320755 0.626953125 0.2915039066037736
1 0.765625 0.5112304688679246 0.76171875 0.5024414066037736 0.7587890625 0.4980468754716982 0.7529296875 0.4921875 0.7373046875 0.4921875 0.732421875 0.49951171886792456 0.73046875 0.5053710933962264 0.73046875 0.5141601566037736 0.732421875 0.5200195311320754 0.7353515625 0.524414062264151 0.7529296875 0.52734375 0.7626953125 0.52734375 0.765625 0.5229492188679246 0.765625 0.5112304688679246
1 0.7490234375 0.541992187735849 0.7451171875 0.5390625 0.7392578125 0.5390625 0.7353515625 0.541992187735849 0.732421875 0.5463867188679246 0.73046875 0.5522460933962264 0.73046875 0.5581054688679246 0.7470703125 0.583007812264151 0.7529296875 0.583007812264151 0.7578125 0.5698242188679246 0.7578125 0.5639648433962264 0.755859375 0.5522460933962264 0.7490234375 0.541992187735849
1 0.654296875 0.5434570311320754 0.65234375 0.5375976566037736 0.6494140625 0.5332031245283019 0.6396484375 0.5332031245283019 0.63671875 0.5375976566037736 0.626953125 0.5756835933962264 0.625 0.5932617188679246 0.625 0.6196289066037736 0.626953125 0.6254882811320754 0.6337890625 0.635742187735849 0.6435546875 0.635742187735849 0.6708984375 0.6328125 0.67578125 0.6284179688679246 0.654296875 0.5434570311320754
1 0.578125 0.5463867188679246 0.5732421875 0.5390625 0.5517578125 0.512695312264151 0.5439453125 0.512695312264151 0.5390625 0.5170898433962264 0.537109375 0.5229492188679246 0.537109375 0.5317382811320754 0.541015625 0.5434570311320754 0.5458984375 0.55078125 0.5595703125 0.5625 0.5693359375 0.5625 0.578125 0.5551757811320754 0.578125 0.5463867188679246
1 0.68359375 0.7631835933962264 0.68359375 0.7456054688679246 0.6767578125 0.735351562264151 0.6689453125 0.729492187735849 0.6552734375 0.729492187735849 0.6455078125 0.7324218754716981 0.64453125 0.7338867188679246 0.64453125 0.7368164066037736 0.6484375 0.7602539066037736 0.650390625 0.7661132811320754 0.6572265625 0.7734375 0.6630859375 0.776367187735849 0.6748046875 0.776367187735849 0.68359375 0.7631835933962264
1 0.412109375 0.7485351566037736 0.412109375 0.7368164066037736 0.3798828125 0.688476562264151 0.3740234375 0.682617187735849 0.3603515625 0.6855468754716981 0.35546875 0.6928710933962264 0.35546875 0.6987304688679246 0.37109375 0.7368164066037736 0.3857421875 0.758789062264151 0.3896484375 0.76171875 0.4013671875 0.76171875 0.4052734375 0.758789062264151 0.412109375 0.7485351566037736
1 0.265625 0.6284179688679246 0.2626953125 0.624023437735849 0.2587890625 0.62109375 0.2568359375 0.62109375 0.25390625 0.6254882811320754 0.251953125 0.6313476566037736 0.251953125 0.6547851566037736 0.2578125 0.6694335933962264 0.2607421875 0.6738281245283019 0.2666015625 0.6738281245283019 0.26953125 0.6694335933962264 0.26953125 0.6518554688679246 0.265625 0.6284179688679246
1 0.3837890625 0.33105468773584906 0.37890625 0.3383789066037736 0.37890625 0.3471679688679245 0.3837890625 0.3515625 0.3896484375 0.35449218773584906 0.39453125 0.3442382811320755 0.392578125 0.3383789066037736 0.3876953125 0.33105468773584906 0.3837890625 0.33105468773584906
13 0.5263671875 0.40136718773584906 0.5146484375 0.41308593773584906 0.513671875 0.4145507811320755 0.51953125 0.4291992188679245 0.5244140625 0.43652343773584906 0.525390625 0.4350585933962264 0.53125 0.4086914066037736 0.53125 0.4028320311320755 0.5302734375 0.40136718773584906 0.5263671875 0.40136718773584906
11 0.3994140625 0.66796875 0.396484375 0.6723632811320754 0.4013671875 0.676757812264151 0.4130859375 0.676757812264151 0.41979994 0.6747418735849057 0.42056036874999997 0.667518653773585 0.4150390625 0.66796875 0.4072265625 0.665039062264151 0.3994140625 0.66796875
11 0.712890625 0.6166992188679246 0.712890625 0.6196289066037736 0.7110134781249999 0.6306989698113207 0.719631655625 0.6230955867924528 0.728515625 0.6049804688679246 0.7275390625 0.6035156245283019 0.7216796875 0.6035156245283019 0.712890625 0.6166992188679246
11 0.537109375 0.3178710933962264 0.5322265625 0.31347656226415094 0.5263671875 0.3105468754716981 0.5205078125 0.3105468754716981 0.51953125 0.3120117188679245 0.51953125 0.3149414066037736 0.5224609375 0.31933593773584906 0.5263671875 0.3222656245283019 0.5341796875 0.32519531226415094 0.5380859375 0.32519531226415094 0.5390625 0.3237304688679245 0.537109375 0.3178710933962264
20 0.666015625 0.4497070311320755 0.662109375 0.4204101566037736 0.6611328125 0.41894531226415094 0.66015625 0.4204101566037736 0.646484375 0.4438476566037736 0.646484375 0.4555664066037736 0.650390625 0.4672851566037736 0.6572265625 0.47753906226415094 0.6611328125 0.4746093745283019 0.6640625 0.4702148433962264 0.666015625 0.4643554688679245 0.666015625 0.4497070311320755
25 0.6025390625 0.10546875 0.5888671875 0.10546875 0.5771484375 0.10839843773584906 0.5732421875 0.11132812452830189 0.5703125 0.11572265660377358 0.5751953125 0.12011718773584906 0.6181640625 0.13476562452830187 0.6220703125 0.13476562452830187 0.626953125 0.12158203113207545 0.626953125 0.11865234339622642 0.6240234375 0.11425781226415094 0.6025390625 0.10546875
9 0.39453125 0.1889648433962264 0.3916015625 0.18457031226415094 0.3798828125 0.18457031226415094 0.365234375 0.20654296886792453 0.365234375 0.2094726566037736 0.3701171875 0.21679687452830187 0.3759765625 0.21679687452830187 0.3876953125 0.2109375 0.3916015625 0.20800781226415094 0.39453125 0.2006835933962264 0.39453125 0.1889648433962264
9 0.4765625 0.1743164066037736 0.4716796875 0.16699218773584906 0.4677734375 0.1640625 0.4638671875 0.1640625 0.458984375 0.17138671886792453 0.45703125 0.18017578113207547 0.45703125 0.1977539066037736 0.4599609375 0.20214843773584906 0.4658203125 0.20214843773584906 0.470703125 0.19482421886792453 0.474609375 0.1860351566037736 0.4765625 0.18017578113207547 0.4765625 0.1743164066037736
9 0.5537109375 0.14355468773584906 0.5478515625 0.14355468773584906 0.5419921875 0.14648437547169813 0.533203125 0.15966796886792453 0.53125 0.1655273433962264 0.53125 0.1772460933962264 0.5380859375 0.1875 0.5439453125 0.1875 0.548828125 0.1743164066037736 0.5546875 0.1508789066037736 0.5546875 0.14501953113207547 0.5537109375 0.14355468773584906
9 0.599609375 0.1977539066037736 0.5947265625 0.19042968773584906 0.5869140625 0.19042968773584906 0.583984375 0.19482421886792453 0.578125 0.20654296886792453 0.578125 0.2094726566037736 0.580078125 0.21533203113207547 0.5830078125 0.21972656226415094 0.5888671875 0.21972656226415094 0.5927734375 0.21679687452830187 0.599609375 0.20654296886792453 0.599609375 0.1977539066037736
9 0.5205078125 0.2753906245283019 0.515625 0.2797851566037736 0.513671875 0.2856445311320755 0.513671875 0.2915039066037736 0.5166015625 0.29589843773584906 0.5205078125 0.29589843773584906 0.52734375 0.2856445311320755 0.52734375 0.2797851566037736 0.5244140625 0.2753906245283019 0.5205078125 0.2753906245283019
9 0.6435546875 0.30175781226415094 0.6416015625 0.30175781226415094 0.63671875 0.3090820311320755 0.63671875 0.3208007811320755 0.6455078125 0.33691406226415094 0.6552734375 0.33691406226415094 0.658203125 0.3325195311320755 0.658203125 0.3178710933962264 0.6474609375 0.3046875 0.6435546875 0.30175781226415094
9 0.5751953125 0.3574218754716981 0.5673828125 0.3574218754716981 0.56640625 0.3588867188679245 0.56640625 0.3676757811320755 0.5732421875 0.37792968773584906 0.5810546875 0.37792968773584906 0.583984375 0.3735351566037736 0.583984375 0.3647460933962264 0.5810546875 0.36035156226415094 0.5751953125 0.3574218754716981
9 0.4560546875 0.3925781245283019 0.4501953125 0.3925781245283019 0.4453125 0.3999023433962264 0.4453125 0.4116210933962264 0.44921875 0.4233398433962264 0.4541015625 0.43066406226415094 0.4599609375 0.43066406226415094 0.462890625 0.4233398433962264 0.4609375 0.3969726566037736 0.4560546875 0.3925781245283019
9 0.4384765625 0.43652343773584906 0.4326171875 0.43359375 0.4287109375 0.43359375 0.4248046875 0.43652343773584906 0.421875 0.4409179688679245 0.421875 0.4555664066037736 0.4228515625 0.45703125 0.4384765625 0.4628906245283019 0.4404296875 0.4628906245283019 0.4453125 0.4584960933962264 0.4453125 0.4467773433962264 0.4384765625 0.43652343773584906
9 0.4951171875 0.421875 0.4892578125 0.421875 0.484375 0.4291992188679245 0.482421875 0.4379882811320755 0.482421875 0.4467773433962264 0.4853515625 0.4511718745283019 0.4892578125 0.4511718745283019 0.498046875 0.4379882811320755 0.5 0.4321289066037736 0.5 0.4262695311320755 0.4951171875 0.421875
9 0.5419921875 0.4453125 0.5390625 0.4497070311320755 0.5390625 0.4614257811320755 0.5439453125 0.4746093745283019 0.5498046875 0.4746093745283019 0.55078125 0.4731445311320755 0.55078125 0.4497070311320755 0.5478515625 0.4453125 0.5419921875 0.4453125
9 0.6025390625 0.44824218773584906 0.5947265625 0.44824218773584906 0.59375 0.4497070311320755 0.5859375 0.4643554688679245 0.5859375 0.4672851566037736 0.5888671875 0.47167968773584906 0.5927734375 0.47167968773584906 0.6025390625 0.46582031226415094 0.607421875 0.4584960933962264 0.60546875 0.4526367188679245 0.6025390625 0.44824218773584906
9 0.6201171875 0.4980468754716982 0.6103515625 0.489257812264151 0.6083984375 0.489257812264151 0.6005859375 0.495117187735849 0.599609375 0.49658203113207544 0.599609375 0.5083007811320754 0.6044921875 0.515625 0.6103515625 0.5214843754716981 0.6201171875 0.5214843754716981 0.623046875 0.5170898433962264 0.623046875 0.5024414066037736 0.6201171875 0.4980468754716982
9 0.4755859375 0.5449218754716981 0.4697265625 0.547851562264151 0.462890625 0.5581054688679246 0.462890625 0.5668945311320754 0.4677734375 0.57421875 0.4755859375 0.57421875 0.486328125 0.5581054688679246 0.486328125 0.5522460933962264 0.4814453125 0.5449218754716981 0.4755859375 0.5449218754716981
9 0.3564453125 0.6328125 0.3486328125 0.6328125 0.345703125 0.6372070311320754 0.34375 0.6459960933962264 0.345703125 0.6635742188679246 0.3505859375 0.670898437735849 0.3564453125 0.670898437735849 0.359375 0.6665039066037736 0.361328125 0.6606445311320754 0.361328125 0.6401367188679246 0.3564453125 0.6328125
9 0.3515625 0.6811523433962264 0.3466796875 0.6738281245283019 0.3447265625 0.6738281245283019 0.341796875 0.6782226566037736 0.33984375 0.6840820311320754 0.33984375 0.7016601566037736 0.3447265625 0.7089843754716981 0.3486328125 0.7089843754716981 0.3515625 0.7045898433962264 0.353515625 0.6987304688679246 0.353515625 0.6928710933962264 0.3515625 0.6811523433962264
9 0.5712890625 0.618164062264151 0.5673828125 0.618164062264151 0.5625 0.6254882811320754 0.5625 0.6372070311320754 0.564453125 0.6430664066037736 0.5712890625 0.653320312264151 0.5791015625 0.653320312264151 0.580078125 0.6518554688679246 0.580078125 0.6313476566037736 0.5712890625 0.618164062264151
9 0.60546875 0.6577148433962264 0.603515625 0.6518554688679246 0.6005859375 0.647460937735849 0.5927734375 0.647460937735849 0.587890625 0.6547851566037736 0.587890625 0.6752929688679246 0.5908203125 0.682617187735849 0.5947265625 0.6855468754716981 0.5966796875 0.6855468754716981 0.599609375 0.6811523433962264 0.603515625 0.6694335933962264 0.60546875 0.6577148433962264
9 0.6162109375 0.6152343754716981 0.6064453125 0.6152343754716981 0.6005859375 0.618164062264151 0.599609375 0.6196289066037736 0.59765625 0.6254882811320754 0.59765625 0.6313476566037736 0.6025390625 0.6386718754716981 0.6083984375 0.6386718754716981 0.6142578125 0.6328125 0.619140625 0.6254882811320754 0.619140625 0.6196289066037736 0.6162109375 0.6152343754716981
9 0.6201171875 0.559570312264151 0.6162109375 0.5566406245283019 0.6064453125 0.5566406245283019 0.6025390625 0.559570312264151 0.599609375 0.5639648433962264 0.599609375 0.5698242188679246 0.6025390625 0.57421875 0.6123046875 0.5800781245283019 0.6220703125 0.5800781245283019 0.623046875 0.5786132811320754 0.623046875 0.5639648433962264 0.6201171875 0.559570312264151
9 0.7158203125 0.541992187735849 0.7119140625 0.541992187735849 0.7041015625 0.55078125 0.701171875 0.5551757811320754 0.701171875 0.5668945311320754 0.7060546875 0.571289062264151 0.7099609375 0.571289062264151 0.71484375 0.5639648433962264 0.71875 0.5522460933962264 0.71875 0.5463867188679246 0.7158203125 0.541992187735849
9 0.6396484375 0.665039062264151 0.6357421875 0.665039062264151 0.6328125 0.6694335933962264 0.630859375 0.6811523433962264 0.6357421875 0.694335937735849 0.6396484375 0.6972656245283019 0.6494140625 0.6972656245283019 0.65234375 0.6928710933962264 0.65234375 0.6782226566037736 0.6455078125 0.66796875 0.6396484375 0.665039062264151
9 0.6650390625 0.694335937735849 0.658203125 0.7045898433962264 0.658203125 0.7133789066037736 0.6591796875 0.71484375 0.6650390625 0.71484375 0.669921875 0.7075195311320754 0.669921875 0.6987304688679246 0.6669921875 0.694335937735849 0.6650390625 0.694335937735849
9 0.642578125 0.8071289066037736 0.6376953125 0.799804687735849 0.6318359375 0.799804687735849 0.625 0.8100585933962264 0.62109375 0.8217773433962264 0.62109375 0.8247070311320754 0.623046875 0.8305664066037736 0.6259765625 0.834960937735849 0.6279296875 0.834960937735849 0.6318359375 0.83203125 0.642578125 0.8159179688679246 0.642578125 0.8071289066037736
9 0.5146484375 0.764648437735849 0.513671875 0.7661132811320754 0.513671875 0.7719726566037736 0.5185546875 0.776367187735849 0.5322265625 0.776367187735849 0.537109375 0.7719726566037736 0.537109375 0.7661132811320754 0.5361328125 0.764648437735849 0.5146484375 0.764648437735849
13 0.46484375 0.2885742188679245 0.4658203125 0.29003906226415094 0.46875 0.2856445311320755 0.46875 0.2768554688679245 0.4677734375 0.2753906245283019 0.46484375 0.2797851566037736 0.46484375 0.2885742188679245
13 0.4794921875 0.33691406226415094 0.4736328125 0.3339843754716981 0.470703125 0.3383789066037736 0.470703125 0.3413085933962264 0.4716796875 0.34277343773584906 0.4755859375 0.3457031245283019 0.4814453125 0.3457031245283019 0.482421875 0.3442382811320755 0.482421875 0.3413085933962264 0.4794921875 0.33691406226415094
0 0.4921875 0.22705078113207547 0.4951171875 0.23144531226415094 0.4970703125 0.23144531226415094 0.501953125 0.2241210933962264 0.501953125 0.21826171886792453 0.5009765625 0.21679687452830187 0.4970703125 0.21972656226415094 0.4921875 0.22705078113207547
0 0.51171875 0.2329101566037736 0.5146484375 0.23730468773584906 0.5166015625 0.23730468773584906 0.521484375 0.2329101566037736 0.521484375 0.22998046886792453 0.5205078125 0.22851562452830187 0.5146484375 0.22851562452830187 0.51171875 0.2329101566037736
13 0.544921875 0.4760742188679245 0.5439453125 0.4746093745283019 0.5419921875 0.4746093745283019 0.5390625 0.4790039066037736 0.5390625 0.4819335933962264 0.54296875 0.4907226566037736 0.5439453125 0.4921875 0.5458984375 0.4921875 0.546875 0.4907226566037736 0.546875 0.48779296886792456 0.544921875 0.4760742188679245
13 0.5595703125 0.421875 0.5615234375 0.421875 0.5625 0.4204101566037736 0.5615234375 0.41894531226415094 0.5595703125 0.41894531226415094 0.55859375 0.4204101566037736 0.5595703125 0.421875
13 0.5693359375 0.45703125 0.5634765625 0.45703125 0.5625 0.4584960933962264 0.5625 0.4614257811320755 0.5654296875 0.46582031226415094 0.5693359375 0.46875 0.5732421875 0.46875 0.57421875 0.4672851566037736 0.57421875 0.4643554688679245 0.5693359375 0.45703125