3 0.615234375 0.20361328113207547 0.5400390625 0.09960937547169811 0.5244140625 0.09375 0.4990234375 0.1171875 0.49609375 0.12158203113207545 0.458984375 0.18017578113207547 0.458984375 0.1889648433962264 0.5009765625 0.31933593773584906 0.5029296875 0.31933593773584906 0.6044921875 0.26074218773584906 0.623046875 0.23876953113207547 0.623046875 0.2329101566037736 0.615234375 0.20361328113207547
1 0.42578125 0.10986328113207547 0.4208984375 0.10546875 0.4169921875 0.10546875 0.4033203125 0.11132812452830189 0.3994140625 0.11425781226415094 0.39453125 0.12158203113207545 0.38671875 0.1420898433962264 0.3828125 0.1538085933962264 0.3828125 0.15966796886792453 0.3876953125 0.1640625 0.3916015625 0.1640625 0.4208984375 0.13769531226415094 0.427734375 0.12451171886792455 0.427734375 0.11572265660377358 0.42578125 0.10986328113207547
1 0.390625 0.2915039066037736 0.390625 0.2563476566037736 0.3876953125 0.2519531245283019 0.3798828125 0.2519531245283019 0.376953125 0.2563476566037736 0.37109375 0.2739257811320755 0.37109375 0.2885742188679245 0.373046875 0.2944335933962264 0.3759765625 0.2988281245283019 0.3798828125 0.30175781226415094 0.3818359375 0.30175781226415094 0.3857421875 0.2988281245283019 0.390625 0.2915039066037736
1 0.533203125 0.3793945311320755 0.53515625 0.3676757811320755 0.53515625 0.3618164066037736 0.5302734375 0.3515625 0.4853515625 0.33105468773584906 0.4794921875 0.33105468773584906 0.474609375 0.3383789066037736 0.474609375 0.3500976566037736 0.478515625 0.3647460933962264 0.4912109375 0.38378906226415094 0.5029296875 0.39550781226415094 0.5166015625 0.39550781226415094 0.5283203125 0.38671875 0.533203125 0.3793945311320755
1 0.2763671875 0.641601562264151 0.2626953125 0.641601562264151 0.259765625 0.6459960933962264 0.259765625 0.6518554688679246 0.26171875 0.6577148433962264 0.2646484375 0.6621093754716981 0.2705078125 0.6621093754716981 0.279296875 0.6489257811320754 0.279296875 0.6459960933962264 0.2763671875 0.641601562264151
1 0.58984375 0.6782226566037736 0.58984375 0.6723632811320754 0.587890625 0.6665039066037736 0.5869140625 0.665039062264151 0.5810546875 0.665039062264151 0.5771484375 0.66796875 0.5517578125 0.694335937735849 0.548828125 0.6987304688679246 0.544921875 0.7075195311320754 0.541015625 0.7250976566037736 0.541015625 0.7368164066037736 0.54296875 0.7426757811320754 0.5458984375 0.747070312264151 0.5556640625 0.747070312264151 0.5634765625 0.7441406245283019 0.5712890625 0.73828125 0.58984375 0.6782226566037736
1 0.421875 0.2592773433962264 0.421875 0.2446289066037736 0.4208984375 0.2431640622641509 0.4130859375 0.2431640622641509 0.4052734375 0.2490234377358491 0.400390625 0.2563476566037736 0.400390625 0.2680664066037736 0.4033203125 0.2753906245283019 0.4072265625 0.2753906245283019 0.4130859375 0.27246093773584906 0.4169921875 0.26953125 0.419921875 0.2651367188679245 0.421875 0.2592773433962264
18 0.328125 0.23876953113207547 0.328125 0.2358398433962264 0.326171875 0.22705078113207547 0.3251953125 0.22558593773584906 0.2900390625 0.19921875 0.2880859375 0.19921875 0.283203125 0.20654296886792453 0.28125 0.2124023433962264 0.28125 0.22705078113207547 0.287109375 0.2416992188679245 0.2900390625 0.24609375 0.2978515625 0.2519531245283019 0.3095703125 0.2519531245283019 0.3154296875 0.2490234377358491 0.328125 0.23876953113207547
18 0.28125 0.4350585933962264 0.28125 0.4291992188679245 0.27734375 0.4116210933962264 0.2685546875 0.3984375 0.2646484375 0.39550781226415094 0.2607421875 0.39550781226415094 0.25390625 0.4057617188679245 0.251953125 0.4116210933962264 0.251953125 0.4262695311320755 0.25390625 0.4379882811320755 0.255859375 0.4438476566037736 0.2626953125 0.45410156226415094 0.2724609375 0.45410156226415094 0.279296875 0.4438476566037736 0.28125 0.4350585933962264
18 0.2724609375 0.46875 0.2666015625 0.46875 0.2607421875 0.47167968773584906 0.2529296875 0.47753906226415094 0.244140625 0.4907226566037736 0.244140625 0.5024414066037736 0.2490234375 0.5097656245283019 0.2607421875 0.5097656245283019 0.2705078125 0.500976562264151 0.279296875 0.48779296886792456 0.279296875 0.4790039066037736 0.2724609375 0.46875
18 0.43359375 0.5551757811320754 0.4306640625 0.55078125 0.4228515625 0.5449218754716981 0.4130859375 0.5449218754716981 0.41015625 0.5493164066037736 0.40625 0.5727539066037736 0.40625 0.5756835933962264 0.4091796875 0.5800781245283019 0.4228515625 0.5800781245283019 0.4287109375 0.57421875 0.431640625 0.5698242188679246 0.43359375 0.5639648433962264 0.43359375 0.5551757811320754
18 0.41796875 0.7221679688679246 0.42578125 0.6987304688679246 0.427734375 0.6870117188679246 0.4296875 0.6577148433962264 0.427734375 0.6518554688679246 0.4208984375 0.64453125 0.4072265625 0.635742187735849 0.3974609375 0.635742187735849 0.3798828125 0.641601562264151 0.37890625 0.6430664066037736 0.37890625 0.6518554688679246 0.384765625 0.7368164066037736 0.3876953125 0.741210937735849 0.3916015625 0.741210937735849 0.4033203125 0.73828125 0.4091796875 0.735351562264151 0.41796875 0.7221679688679246
18 0.4873046875 0.741210937735849 0.4912109375 0.73828125 0.49609375 0.7309570311320754 0.498046875 0.7250976566037736 0.5 0.6606445311320754 0.498046875 0.6547851566037736 0.4892578125 0.641601562264151 0.4736328125 0.6386718754716981 0.4677734375 0.641601562264151 0.466796875 0.6430664066037736 0.4609375 0.6577148433962264 0.4609375 0.6928710933962264 0.462890625 0.7075195311320754 0.46484375 0.7163085933962264 0.46875 0.7280273433962264 0.4755859375 0.73828125 0.4814453125 0.741210937735849 0.4873046875 0.741210937735849
18 0.36328125 0.6606445311320754 0.361328125 0.6313476566037736 0.359375 0.6254882811320754 0.3544921875 0.618164062264151 0.3466796875 0.618164062264151 0.341796875 0.6225585933962264 0.337890625 0.6342773433962264 0.337890625 0.6870117188679246 0.33984375 0.6987304688679246 0.3408203125 0.700195312264151 0.3447265625 0.703125 0.3525390625 0.703125 0.357421875 0.6928710933962264 0.36328125 0.6606445311320754
18 0.6904296875 0.73828125 0.697265625 0.7280273433962264 0.69921875 0.7221679688679246 0.69921875 0.7016601566037736 0.6953125 0.6928710933962264 0.6884765625 0.682617187735849 0.6806640625 0.6796875 0.6728515625 0.6796875 0.6669921875 0.6855468754716981 0.66015625 0.6958007811320754 0.66015625 0.7133789066037736 0.662109375 0.7221679688679246 0.666015625 0.7309570311320754 0.6728515625 0.73828125 0.6787109375 0.741210937735849 0.6865234375 0.741210937735849 0.6904296875 0.73828125
18 0.681640625 0.6518554688679246 0.681640625 0.6372070311320754 0.6796875 0.6284179688679246 0.671875 0.6049804688679246 0.6611328125 0.588867187735849 0.6513671875 0.588867187735849 0.646484375 0.5961914066037736 0.646484375 0.6079101566037736 0.650390625 0.6225585933962264 0.658203125 0.6430664066037736 0.6650390625 0.65625 0.6689453125 0.659179687735849 0.6767578125 0.659179687735849 0.681640625 0.6518554688679246
18 0.6904296875 0.5625 0.685546875 0.5698242188679246 0.68359375 0.5756835933962264 0.68359375 0.5874023433962264 0.6884765625 0.594726562264151 0.6943359375 0.594726562264151 0.697265625 0.5903320311320754 0.6953125 0.5639648433962264 0.6943359375 0.5625 0.6904296875 0.5625
18 0.4072265625 0.2988281245283019 0.4052734375 0.2988281245283019 0.40234375 0.3032226566037736 0.40234375 0.3149414066037736 0.40625 0.3266601566037736 0.4111328125 0.3339843754716981 0.4169921875 0.3339843754716981 0.419921875 0.3295898433962264 0.408203125 0.3002929688679245 0.4072265625 0.2988281245283019
21 0.6611328125 0.22851562452830187 0.64453125 0.2768554688679245 0.634765625 0.3178710933962264 0.634765625 0.3471679688679245 0.6357421875 0.34863281226415094 0.68213933875 0.38300353113207547 0.72076708375 0.3364866528301887 0.708984375 0.2973632811320755 0.703125 0.2797851566037736 0.6611328125 0.22851562452830187
21 0.759765625 0.5200195311320754 0.759765625 0.5141601566037736 0.73828125 0.4672851566037736 0.7314453125 0.45703125 0.7138671875 0.44824218773584906 0.6943359375 0.44824218773584906 0.6884765625 0.4511718745283019 0.66015625 0.4731445311320755 0.6484375 0.5083007811320754 0.6484375 0.5405273433962264 0.6494140625 0.541992187735849 0.6943359375 0.559570312264151 0.741315468125 0.5991387801886792 0.7483507462500001 0.6085180443396226 0.755859375 0.5375976566037736 0.759765625 0.5200195311320754
21 0.62109375 0.4145507811320755 0.6201171875 0.41308593773584906 0.59083872125 0.4033470283018868 0.5556640625 0.4453125 0.552734375 0.4497070311320755 0.5556640625 0.45410156226415094 0.5888671875 0.46582031226415094 0.6005859375 0.46582031226415094 0.6162109375 0.4628906245283019 0.6171875 0.4614257811320755 0.62109375 0.4467773433962264 0.62109375 0.4145507811320755
20 0.548828125 0.4731445311320755 0.548828125 0.49658203113207544 0.5615234375 0.530273437735849 0.571681788125 0.5408091245283019 0.57421875 0.4731445311320755 0.5595703125 0.4628906245283019 0.5556640625 0.4628906245283019 0.548828125 0.4731445311320755
20 0.5556640625 0.5625 0.5458984375 0.5625 0.541015625 0.5698242188679246 0.541015625 0.5786132811320754 0.5498046875 0.5917968754716981 0.5673828125 0.606445312264151 0.5703125 0.5991210933962264 0.5703125 0.5874023433962264 0.568359375 0.5756835933962264 0.5556640625 0.5625
20 0.384765625 0.3413085933962264 0.384765625 0.3383789066037736 0.3837890625 0.33691406226415094 0.3525390625 0.30761718773584906 0.3466796875 0.3046875 0.3427734375 0.3046875 0.341796875 0.3061523433962264 0.33984375 0.3149414066037736 0.33984375 0.3266601566037736 0.341796875 0.3325195311320755 0.3486328125 0.34277343773584906 0.3525390625 0.3457031245283019 0.3759765625 0.3457031245283019 0.3837890625 0.34277343773584906 0.384765625 0.3413085933962264
20 0.2509765625 0.33691406226415094 0.2412109375 0.33691406226415094 0.236328125 0.3413085933962264 0.23046875 0.3852539066037736 0.2314453125 0.38671875 0.2373046875 0.38671875 0.265625 0.3647460933962264 0.265625 0.3588867188679245 0.263671875 0.3500976566037736 0.2607421875 0.34277343773584906 0.2509765625 0.33691406226415094
9 0.3720703125 0.140625 0.3662109375 0.140625 0.365234375 0.1420898433962264 0.365234375 0.1538085933962264 0.3671875 0.15966796886792453 0.3701171875 0.1640625 0.3759765625 0.1640625 0.37890625 0.15966796886792453 0.37890625 0.1508789066037736 0.3720703125 0.140625
9 0.3994140625 0.21972656226415094 0.3974609375 0.21972656226415094 0.3935546875 0.22265625 0.392578125 0.2241210933962264 0.392578125 0.2475585933962264 0.3955078125 0.2519531245283019 0.4013671875 0.2519531245283019 0.40234375 0.2504882811320755 0.404296875 0.2416992188679245 0.404296875 0.2241210933962264 0.3994140625 0.21972656226415094
9 0.4560546875 0.27246093773584906 0.4482421875 0.27246093773584906 0.4423828125 0.2753906245283019 0.4375 0.2827148433962264 0.4375 0.2885742188679245 0.4404296875 0.29296875 0.4482421875 0.29296875 0.4541015625 0.2871093754716981 0.458984375 0.2797851566037736 0.458984375 0.2768554688679245 0.4560546875 0.27246093773584906
9 0.34375 0.3647460933962264 0.3427734375 0.36328125 0.3388671875 0.36328125 0.3349609375 0.36621093773584906 0.333984375 0.3676757811320755 0.333984375 0.3823242188679245 0.3408203125 0.3925781245283019 0.3447265625 0.39550781226415094 0.3486328125 0.39550781226415094 0.349609375 0.3940429688679245 0.349609375 0.3881835933962264 0.34375 0.3647460933962264
9 0.3798828125 0.375 0.3720703125 0.375 0.3662109375 0.3808593754716981 0.36328125 0.3852539066037736 0.36328125 0.3940429688679245 0.3642578125 0.39550781226415094 0.3681640625 0.39550781226415094 0.3779296875 0.3925781245283019 0.3828125 0.3881835933962264 0.3828125 0.3823242188679245 0.3798828125 0.375
9 0.4189453125 0.38964843773584906 0.41796875 0.3911132811320755 0.412109375 0.4028320311320755 0.412109375 0.4145507811320755 0.4169921875 0.41894531226415094 0.4228515625 0.41894531226415094 0.43359375 0.4028320311320755 0.43359375 0.3911132811320755 0.4287109375 0.38671875 0.4189453125 0.38964843773584906
9 0.3623046875 0.4453125 0.3583984375 0.44824218773584906 0.35546875 0.4526367188679245 0.3515625 0.4643554688679245 0.3564453125 0.47167968773584906 0.3583984375 0.47167968773584906 0.3623046875 0.46875 0.369140625 0.4584960933962264 0.369140625 0.4497070311320755 0.3642578125 0.4453125 0.3623046875 0.4453125
9 0.3056640625 0.43359375 0.2978515625 0.43359375 0.291015625 0.4438476566037736 0.2890625 0.4497070311320755 0.291015625 0.4555664066037736 0.2919921875 0.45703125 0.2998046875 0.45703125 0.3037109375 0.45410156226415094 0.30859375 0.4467773433962264 0.30859375 0.4379882811320755 0.3056640625 0.43359375
9 0.314453125 0.5668945311320754 0.3095703125 0.559570312264151 0.3037109375 0.559570312264151 0.302734375 0.5610351566037736 0.30078125 0.5698242188679246 0.298828125 0.5844726566037736 0.298828125 0.5903320311320754 0.3056640625 0.600585937735849 0.3095703125 0.600585937735849 0.3134765625 0.59765625 0.31640625 0.5903320311320754 0.31640625 0.5786132811320754 0.314453125 0.5668945311320754
9 0.3359375 0.5375976566037736 0.33203125 0.5493164066037736 0.3369140625 0.5566406245283019 0.3408203125 0.5566406245283019 0.34765625 0.5463867188679246 0.34765625 0.5346679688679246 0.3447265625 0.530273437735849 0.3408203125 0.530273437735849 0.3359375 0.5375976566037736
9 0.326171875 0.5053710933962264 0.3232421875 0.500976562264151 0.3076171875 0.500976562264151 0.302734375 0.5083007811320754 0.3076171875 0.515625 0.3173828125 0.5214843754716981 0.3212890625 0.5214843754716981 0.3251953125 0.518554687735849 0.328125 0.5141601566037736 0.328125 0.5112304688679246 0.326171875 0.5053710933962264
9 0.4560546875 0.43066406226415094 0.451171875 0.4350585933962264 0.447265625 0.4438476566037736 0.447265625 0.4555664066037736 0.4560546875 0.46875 0.4599609375 0.46582031226415094 0.466796875 0.4526367188679245 0.466796875 0.4438476566037736 0.4599609375 0.43359375 0.4560546875 0.43066406226415094
9 0.4853515625 0.506835937735849 0.4794921875 0.500976562264151 0.4716796875 0.500976562264151 0.470703125 0.5024414066037736 0.470703125 0.5083007811320754 0.474609375 0.5200195311320754 0.4794921875 0.52734375 0.4853515625 0.52734375 0.490234375 0.5229492188679246 0.490234375 0.5141601566037736 0.4853515625 0.506835937735849
9 0.5224609375 0.45996093773584906 0.5185546875 0.45996093773584906 0.513671875 0.4672851566037736 0.513671875 0.4760742188679245 0.5244140625 0.4921875 0.5263671875 0.4921875 0.529296875 0.48779296886792456 0.529296875 0.4760742188679245 0.52734375 0.4672851566037736 0.5224609375 0.45996093773584906
9 0.4892578125 0.55078125 0.4853515625 0.55078125 0.48046875 0.5581054688679246 0.48046875 0.5668945311320754 0.484375 0.5756835933962264 0.4892578125 0.583007812264151 0.4912109375 0.583007812264151 0.494140625 0.5786132811320754 0.494140625 0.5581054688679246 0.4892578125 0.55078125
9 0.5654296875 0.33691406226415094 0.5615234375 0.33691406226415094 0.556640625 0.3413085933962264 0.55078125 0.3530273433962264 0.55078125 0.3618164066037736 0.5537109375 0.36621093773584906 0.5576171875 0.36621093773584906 0.5654296875 0.36035156226415094 0.5703125 0.3530273433962264 0.5703125 0.3442382811320755 0.5654296875 0.33691406226415094
9 0.3154296875 0.624023437735849 0.3125 0.6284179688679246 0.310546875 0.6459960933962264 0.3134765625 0.6503906245283019 0.3173828125 0.6503906245283019 0.326171875 0.6372070311320754 0.326171875 0.6284179688679246 0.3212890625 0.62109375 0.3193359375 0.62109375 0.3154296875 0.624023437735849
9 0.28515625 0.6899414066037736 0.2802734375 0.6855468754716981 0.2783203125 0.6855468754716981 0.275390625 0.6899414066037736 0.2734375 0.6958007811320754 0.2734375 0.7016601566037736 0.27734375 0.7133789066037736 0.2802734375 0.717773437735849 0.2841796875 0.717773437735849 0.287109375 0.7104492188679246 0.287109375 0.6958007811320754 0.28515625 0.6899414066037736
9 0.5546875 0.6518554688679246 0.552734375 0.6459960933962264 0.5458984375 0.635742187735849 0.5380859375 0.6269531245283019 0.5302734375 0.624023437735849 0.5224609375 0.629882812264151 0.521484375 0.6313476566037736 0.521484375 0.6372070311320754 0.537109375 0.6694335933962264 0.5400390625 0.6738281245283019 0.5478515625 0.6738281245283019 0.5517578125 0.670898437735849 0.5546875 0.6665039066037736 0.5546875 0.6518554688679246
9 0.611328125 0.7543945311320754 0.6064453125 0.747070312264151 0.6025390625 0.747070312264151 0.5908203125 0.75 0.58984375 0.7514648433962264 0.58984375 0.7602539066037736 0.5927734375 0.764648437735849 0.5966796875 0.7675781245283019 0.6064453125 0.7675781245283019 0.609375 0.7631835933962264 0.611328125 0.7573242188679246 0.611328125 0.7543945311320754
9 0.6484375 0.7397460933962264 0.6455078125 0.735351562264151 0.6416015625 0.735351562264151 0.6376953125 0.73828125 0.634765625 0.7426757811320754 0.6328125 0.7543945311320754 0.6328125 0.7631835933962264 0.6376953125 0.7675781245283019 0.6435546875 0.76171875 0.6484375 0.7543945311320754 0.650390625 0.7485351566037736 0.650390625 0.7456054688679246 0.6484375 0.7397460933962264