7 0.4189453125 0.20214843773584906 0.45703125 0.15673828113207547 0.46484375 0.13330078113207547 0.466796875 0.11865234339622642 0.4658203125 0.1171875 0.4580078125 0.1171875 0.3720703125 0.15527343773584906 0.36328125 0.16845703113207547 0.359375 0.18017578113207547 0.359375 0.19189453113207547 0.36328125 0.20361328113207547 0.3671875 0.2124023433962264 0.3740234375 0.22265625 0.3818359375 0.22265625 0.4052734375 0.21386718773584906 0.4189453125 0.20214843773584906
6 0.6875 0.4145507811320755 0.66796875 0.3090820311320755 0.66015625 0.2709960933962264 0.6572265625 0.26660156226415094 0.6455078125 0.26953125 0.6416015625 0.27246093773584906 0.6083984375 0.30761718773584906 0.60546875 0.3120117188679245 0.603515625 0.3178710933962264 0.6015625 0.3911132811320755 0.611328125 0.4409179688679245 0.6171875 0.4555664066037736 0.6259765625 0.46875 0.6298828125 0.47167968773584906 0.6416015625 0.47167968773584906 0.6455078125 0.46875 0.6875 0.4145507811320755
6 0.708984375 0.6401367188679246 0.708984375 0.6137695311320754 0.701171875 0.5639648433962264 0.7001953125 0.5625 0.6201171875 0.588867187735849 0.5947265625 0.609375 0.5849609375 0.62109375 0.578125 0.6313476566037736 0.576171875 0.6430664066037736 0.576171875 0.6665039066037736 0.5908203125 0.688476562264151 0.6005859375 0.6972656245283019 0.6201171875 0.700195312264151 0.6396484375 0.700195312264151 0.7021484375 0.6503906245283019 0.708984375 0.6401367188679246
6 0.515625 0.6694335933962264 0.51953125 0.6547851566037736 0.51953125 0.6430664066037736 0.517578125 0.6372070311320754 0.5126953125 0.629882812264151 0.4365234375 0.565429687735849 0.435546875 0.5668945311320754 0.384765625 0.6635742188679246 0.384765625 0.6928710933962264 0.388671875 0.7016601566037736 0.4130859375 0.723632812264151 0.4169921875 0.723632812264151 0.4697265625 0.711914062264151 0.5029296875 0.6855468754716981 0.515625 0.6694335933962264
6 0.591796875 0.2885742188679245 0.60546875 0.2534179688679245 0.60546875 0.1977539066037736 0.603515625 0.19189453113207547 0.59375 0.16845703113207547 0.5830078125 0.15234375 0.5791015625 0.15234375 0.5537109375 0.17578125 0.525390625 0.2211914066037736 0.521484375 0.3090820311320755 0.5400390625 0.33691406226415094 0.5458984375 0.33984375 0.5498046875 0.33984375 0.5634765625 0.3339843754716981 0.5751953125 0.3222656245283019 0.578125 0.3178710933962264 0.591796875 0.2885742188679245
1 0.7216796875 0.4160156245283019 0.7060546875 0.40722656226415094 0.7021484375 0.40722656226415094 0.701171875 0.4086914066037736 0.701171875 0.4262695311320755 0.7060546875 0.43359375 0.7119140625 0.43652343773584906 0.7197265625 0.43652343773584906 0.724609375 0.4291992188679245 0.724609375 0.4233398433962264 0.7216796875 0.4160156245283019
18 0.7294921875 0.55078125 0.732421875 0.5434570311320754 0.732421875 0.5346679688679246 0.73046875 0.5258789066037736 0.728515625 0.5200195311320754 0.712890625 0.4936523433962264 0.7021484375 0.483398437735849 0.6943359375 0.483398437735849 0.69140625 0.48779296886792456 0.689453125 0.4936523433962264 0.689453125 0.49951171886792456 0.693359375 0.5112304688679246 0.703125 0.5317382811320754 0.7080078125 0.5390625 0.7138671875 0.5449218754716981 0.7216796875 0.55078125 0.7294921875 0.55078125
18 0.68359375 0.7280273433962264 0.681640625 0.7221679688679246 0.671875 0.6958007811320754 0.6650390625 0.6855468754716981 0.6611328125 0.6855468754716981 0.6572265625 0.688476562264151 0.654296875 0.6928710933962264 0.654296875 0.7016601566037736 0.658203125 0.7192382811320754 0.662109375 0.7309570311320754 0.6748046875 0.75 0.6787109375 0.75 0.68359375 0.7426757811320754 0.68359375 0.7280273433962264
18 0.564453125 0.7016601566037736 0.56640625 0.6958007811320754 0.56640625 0.6899414066037736 0.564453125 0.6840820311320754 0.5556640625 0.670898437735849 0.5478515625 0.665039062264151 0.5361328125 0.659179687735849 0.5244140625 0.659179687735849 0.5205078125 0.6621093754716981 0.513671875 0.6723632811320754 0.513671875 0.6870117188679246 0.5185546875 0.694335937735849 0.5302734375 0.703125 0.5419921875 0.7089843754716981 0.5576171875 0.7089843754716981 0.5615234375 0.706054687735849 0.564453125 0.7016601566037736
18 0.25390625 0.4174804688679245 0.251953125 0.4086914066037736 0.248046875 0.3999023433962264 0.2412109375 0.38964843773584906 0.2333984375 0.38964843773584906 0.23046875 0.3940429688679245 0.23046875 0.4028320311320755 0.236328125 0.4467773433962264 0.2373046875 0.44824218773584906 0.2392578125 0.44824218773584906 0.2470703125 0.44238281226415094 0.25390625 0.4321289066037736 0.25390625 0.4174804688679245
20 0.649655900625 0.7587005783018869 0.6487773937500001 0.7461818537735849 0.6408708312500001 0.7260860066037735 0.6329642681250001 0.7428874528301886 0.616053009375 0.7979039509433963 0.62879136 0.804492753773585 0.6337890625 0.805664062264151 0.6396484375 0.805664062264151 0.646484375 0.7954101566037736 0.6484375 0.7895507811320754 0.6484375 0.7719726566037736 0.649655900625 0.7587005783018869
20 0.5341796875 0.8261718745283019 0.5302734375 0.823242187735849 0.5283203125 0.823242187735849 0.5244140625 0.8261718745283019 0.5029296875 0.852539062264151 0.501953125 0.8540039066037736 0.488010619375 0.8740046169811321 0.5166015625 0.87890625 0.5322265625 0.8671875 0.5419921875 0.858398437735849 0.54296875 0.8569335933962264 0.54296875 0.8393554688679246 0.5341796875 0.8261718745283019
20 0.6357421875 0.530273437735849 0.6201171875 0.5214843754716981 0.5869140625 0.5390625 0.5859375 0.5405273433962264 0.578125 0.5639648433962264 0.5791015625 0.565429687735849 0.5947265625 0.577148437735849 0.6337890625 0.5800781245283019 0.634765625 0.5786132811320754 0.640625 0.5463867188679246 0.640625 0.5375976566037736 0.6357421875 0.530273437735849
20 0.2607421875 0.33984375 0.2568359375 0.34277343773584906 0.248046875 0.3559570311320755 0.248046875 0.3735351566037736 0.2490234375 0.375 0.2587890625 0.375 0.2685546875 0.36621093773584906 0.271484375 0.3618164066037736 0.2626953125 0.33984375 0.2607421875 0.33984375
20 0.337890625 0.4497070311320755 0.3330078125 0.44238281226415094 0.3310546875 0.44238281226415094 0.328125 0.4467773433962264 0.32421875 0.4614257811320755 0.32421875 0.4760742188679245 0.3271484375 0.483398437735849 0.3291015625 0.483398437735849 0.330078125 0.4819335933962264 0.333984375 0.4731445311320755 0.337890625 0.4614257811320755 0.337890625 0.4497070311320755
13 0.5029296875 0.11425781226415094 0.4951171875 0.1171875 0.4921875 0.12158203113207545 0.470703125 0.1772460933962264 0.46875 0.1860351566037736 0.4716796875 0.19042968773584906 0.4755859375 0.19335937547169813 0.5126953125 0.19628906226415094 0.517578125 0.1889648433962264 0.517578125 0.18310546886792453 0.509765625 0.12451171886792455 0.5029296875 0.11425781226415094
13 0.509765625 0.2739257811320755 0.51171875 0.2358398433962264 0.509765625 0.22705078113207547 0.50390625 0.21533203113207547 0.4990234375 0.20800781226415094 0.4912109375 0.19921875 0.4814453125 0.19921875 0.470703125 0.21533203113207547 0.453125 0.2768554688679245 0.453125 0.2827148433962264 0.4560546875 0.29003906226415094 0.4638671875 0.29589843773584906 0.4970703125 0.29589843773584906 0.5029296875 0.29003906226415094 0.505859375 0.2856445311320755 0.509765625 0.2739257811320755
20 0.40234375 0.2211914066037736 0.3974609375 0.21386718773584906 0.3935546875 0.21386718773584906 0.390625 0.21826171886792453 0.392578125 0.22998046886792453 0.3955078125 0.234375 0.4091796875 0.2490234377358491 0.41015625 0.2475585933962264 0.41015625 0.2416992188679245 0.40625 0.22998046886792453 0.40234375 0.2211914066037736
20 0.3876953125 0.40722656226415094 0.3837890625 0.40722656226415094 0.3798828125 0.41015625 0.37890625 0.4116210933962264 0.37890625 0.4204101566037736 0.380859375 0.4262695311320755 0.3994140625 0.4511718745283019 0.400390625 0.4497070311320755 0.400390625 0.4145507811320755 0.3974609375 0.41015625 0.3876953125 0.40722656226415094
20 0.3896484375 0.36035156226415094 0.3857421875 0.36035156226415094 0.3828125 0.3676757811320755 0.380859375 0.3764648433962264 0.380859375 0.3911132811320755 0.3857421875 0.4042968745283019 0.3935546875 0.4042968745283019 0.39453125 0.4028320311320755 0.39453125 0.3881835933962264 0.392578125 0.3647460933962264 0.3896484375 0.36035156226415094
13 0.4912109375 0.39550781226415094 0.5009765625 0.3925781245283019 0.50390625 0.3881835933962264 0.501953125 0.3735351566037736 0.4951171875 0.36328125 0.4521484375 0.30761718773584906 0.451171875 0.3090820311320755 0.4453125 0.3588867188679245 0.4453125 0.3706054688679245 0.447265625 0.3793945311320755 0.4482421875 0.3808593754716981 0.4580078125 0.38671875 0.4697265625 0.3925781245283019 0.4833984375 0.39550781226415094 0.4912109375 0.39550781226415094
13 0.4580078125 0.44824218773584906 0.4609375 0.4438476566037736 0.4609375 0.4350585933962264 0.458984375 0.4291992188679245 0.4375 0.3823242188679245 0.4228515625 0.3574218754716981 0.4130859375 0.35449218773584906 0.4013671875 0.35449218773584906 0.3974609375 0.3574218754716981 0.39453125 0.3618164066037736 0.392578125 0.3676757811320755 0.392578125 0.3881835933962264 0.41015625 0.4584960933962264 0.4140625 0.4702148433962264 0.4189453125 0.47753906226415094 0.4228515625 0.48046875 0.4248046875 0.48046875 0.4580078125 0.44824218773584906
13 0.5712890625 0.624023437735849 0.58203125 0.6108398433962264 0.58203125 0.6049804688679246 0.580078125 0.5903320311320754 0.578125 0.5844726566037736 0.564453125 0.5610351566037736 0.5537109375 0.5449218754716981 0.5478515625 0.5390625 0.5361328125 0.530273437735849 0.5302734375 0.530273437735849 0.52734375 0.5346679688679246 0.51171875 0.5610351566037736 0.51171875 0.5698242188679246 0.513671875 0.5756835933962264 0.5283203125 0.59765625 0.5341796875 0.6035156245283019 0.5419921875 0.609375 0.5654296875 0.624023437735849 0.5712890625 0.624023437735849
13 0.498046875 0.5258789066037736 0.5 0.5170898433962264 0.501953125 0.4614257811320755 0.5009765625 0.45996093773584906 0.4970703125 0.45996093773584906 0.4482421875 0.4980468754716982 0.443359375 0.5053710933962264 0.443359375 0.5170898433962264 0.4501953125 0.52734375 0.4580078125 0.5332031245283019 0.4736328125 0.541992187735849 0.4814453125 0.541992187735849 0.4931640625 0.5332031245283019 0.498046875 0.5258789066037736
9 0.586136454375 0.4456242905660377 0.578758209375 0.44985593113207545 0.58984375 0.4731445311320755 0.5927734375 0.47753906226415094 0.5967698075 0.48273252264150945 0.603515625 0.4672851566037736 0.607186153125 0.45929574433962267 0.5947265625 0.44824218773584906 0.586136454375 0.4456242905660377
9 0.623046875 0.5083007811320754 0.6044921875 0.483398437735849 0.6025390625 0.483398437735849 0.59765625 0.4907226566037736 0.6015625 0.5024414066037736 0.6064453125 0.5097656245283019 0.6103515625 0.512695312264151 0.6162109375 0.515625 0.6201171875 0.515625 0.623046875 0.5112304688679246 0.623046875 0.5083007811320754
9 0.640625 0.49658203113207544 0.638671875 0.48779296886792456 0.6337890625 0.47753906226415094 0.6298828125 0.4746093745283019 0.6240234375 0.4746093745283019 0.623046875 0.4760742188679245 0.623046875 0.4936523433962264 0.625 0.49951171886792456 0.6279296875 0.50390625 0.6318359375 0.506835937735849 0.6376953125 0.506835937735849 0.640625 0.5024414066037736 0.640625 0.49658203113207544
9 0.5634765625 0.40722656226415094 0.560546875 0.4116210933962264 0.560546875 0.4145507811320755 0.5615234375 0.4160156245283019 0.5712890625 0.4160156245283019 0.572265625 0.4145507811320755 0.572265625 0.4116210933962264 0.5693359375 0.40722656226415094 0.5634765625 0.40722656226415094
13 0.5771484375 0.495117187735849 0.5830078125 0.489257812264151 0.5859375 0.4819335933962264 0.583984375 0.4584960933962264 0.568359375 0.4291992188679245 0.5576171875 0.41308593773584906 0.5400390625 0.38964843773584906 0.5361328125 0.38671875 0.5302734375 0.38671875 0.529296875 0.3881835933962264 0.5 0.4438476566037736 0.5 0.4467773433962264 0.5048828125 0.45410156226415094 0.5107421875 0.45996093773584906 0.5595703125 0.495117187735849 0.5673828125 0.4980468754716982 0.5712890625 0.4980468754716982 0.5771484375 0.495117187735849
13 0.326171875 0.6342773433962264 0.333984375 0.5405273433962264 0.3330078125 0.5390625 0.3291015625 0.536132812264151 0.3232421875 0.536132812264151 0.2587890625 0.565429687735849 0.25390625 0.5727539066037736 0.25390625 0.5786132811320754 0.255859375 0.5903320311320754 0.2646484375 0.6035156245283019 0.3076171875 0.6328125 0.3154296875 0.635742187735849 0.3251953125 0.635742187735849 0.326171875 0.6342773433962264
13 0.4013671875 0.518554687735849 0.40625 0.5112304688679246 0.408203125 0.5053710933962264 0.408203125 0.49658203113207544 0.369140625 0.4262695311320755 0.3642578125 0.41894531226415094 0.3603515625 0.4160156245283019 0.3583984375 0.4160156245283019 0.357421875 0.4174804688679245 0.3359375 0.4702148433962264 0.33203125 0.5053710933962264 0.3388671875 0.515625 0.3447265625 0.5214843754716981 0.3564453125 0.52734375 0.3662109375 0.530273437735849 0.3720703125 0.530273437735849 0.3974609375 0.5214843754716981 0.4013671875 0.518554687735849
13 0.29296875 0.5346679688679246 0.296875 0.5053710933962264 0.294921875 0.4555664066037736 0.265625 0.3793945311320755 0.2626953125 0.375 0.2587890625 0.375 0.25390625 0.3793945311320755 0.23046875 0.4584960933962264 0.23046875 0.4614257811320755 0.234375 0.4731445311320755 0.2490234375 0.495117187735849 0.2783203125 0.530273437735849 0.2841796875 0.536132812264151 0.2919921875 0.536132812264151 0.29296875 0.5346679688679246
13 0.7177734375 0.3808593754716981 0.7216796875 0.37792968773584906 0.728515625 0.3676757811320755 0.728515625 0.3471679688679245 0.72265625 0.3266601566037736 0.7021484375 0.2988281245283019 0.6962890625 0.29589843773584906 0.6904296875 0.29589843773584906 0.689453125 0.2973632811320755 0.6875 0.3032226566037736 0.6875 0.3208007811320755 0.689453125 0.3559570311320755 0.69140625 0.3764648433962264 0.693359375 0.3823242188679245 0.6982421875 0.38964843773584906 0.7001953125 0.38964843773584906 0.7177734375 0.3808593754716981
0 0.5068359375 0.5859375 0.50390625 0.5903320311320754 0.50390625 0.5991210933962264 0.5048828125 0.600585937735849 0.5126953125 0.600585937735849 0.513671875 0.5991210933962264 0.513671875 0.5961914066037736 0.51171875 0.5903320311320754 0.5068359375 0.5859375
14 0.529296875 0.6166992188679246 0.5244140625 0.609375 0.5068359375 0.6035156245283019 0.5009765625 0.6035156245283019 0.498046875 0.6079101566037736 0.498046875 0.6137695311320754 0.5029296875 0.62109375 0.5166015625 0.6328125 0.5185546875 0.6328125 0.5244140625 0.6269531245283019 0.529296875 0.6196289066037736 0.529296875 0.6166992188679246
14 0.369140625 0.3471679688679245 0.3662109375 0.34277343773584906 0.3623046875 0.34277343773584906 0.3505859375 0.35449218773584906 0.34765625 0.3588867188679245 0.34765625 0.3706054688679245 0.3486328125 0.37207031226415094 0.3583984375 0.37207031226415094 0.3642578125 0.3691406245283019 0.3671875 0.3647460933962264 0.369140625 0.3588867188679245 0.369140625 0.3471679688679245
14 0.498046875 0.3940429688679245 0.4970703125 0.3925781245283019 0.4951171875 0.3925781245283019 0.4853515625 0.39550781226415094 0.4736328125 0.40136718773584906 0.47265625 0.4028320311320755 0.47265625 0.4086914066037736 0.4755859375 0.41308593773584906 0.4794921875 0.41308593773584906 0.4853515625 0.41015625 0.4951171875 0.40136718773584906 0.498046875 0.3969726566037736 0.498046875 0.3940429688679245
9 0.50390625 0.3090820311320755 0.50390625 0.2973632811320755 0.5009765625 0.29296875 0.4990234375 0.29296875 0.4912109375 0.2988281245283019 0.48046875 0.3149414066037736 0.484375 0.3266601566037736 0.4873046875 0.33105468773584906 0.4912109375 0.3339843754716981 0.4951171875 0.3339843754716981 0.4990234375 0.33105468773584906 0.501953125 0.3266601566037736 0.50390625 0.3090820311320755
9 0.26953125 0.5317382811320754 0.2666015625 0.524414062264151 0.248046875 0.5551757811320754 0.244140625 0.5668945311320754 0.2421875 0.5756835933962264 0.2421875 0.5786132811320754 0.2431640625 0.5800781245283019 0.2451171875 0.5800781245283019 0.2529296875 0.57421875 0.263671875 0.5581054688679246 0.26953125 0.5405273433962264 0.26953125 0.5317382811320754
18 0.3212890625 0.764648437735849 0.3310546875 0.758789062264151 0.365234375 0.7075195311320754 0.369140625 0.6899414066037736 0.369140625 0.6723632811320754 0.3671875 0.6665039066037736 0.3603515625 0.65625 0.3544921875 0.6503906245283019 0.3466796875 0.64453125 0.3408203125 0.641601562264151 0.3173828125 0.641601562264151 0.3115234375 0.64453125 0.3037109375 0.6503906245283019 0.287109375 0.6752929688679246 0.28125 0.6928710933962264 0.28125 0.7104492188679246 0.283203125 0.7309570311320754 0.287109375 0.7397460933962264 0.2958984375 0.752929687735849 0.3037109375 0.76171875 0.3095703125 0.764648437735849 0.3212890625 0.764648437735849
14 0.6943359375 0.48046875 0.6884765625 0.48046875 0.681640625 0.4907226566037736 0.681640625 0.5053710933962264 0.68359375 0.5141601566037736 0.6884765625 0.5214843754716981 0.6923828125 0.5214843754716981 0.693359375 0.5200195311320754 0.6953125 0.4819335933962264 0.6943359375 0.48046875
21 0.35817350249999996 0.24933286603773586 0.3369140625 0.26074218773584906 0.2998046875 0.3046875 0.294921875 0.3149414066037736 0.29296875 0.4204101566037736 0.2958984375 0.42480468773584906 0.2978515625 0.42480468773584906 0.34306242 0.43434152830188677 0.348371719375 0.35347681509433965 0.35490624125 0.2879273877358491 0.35449783375000005 0.263422929245283 0.35817350249999996 0.24933286603773586