6 0.576171875 0.1274414066037736 0.5732421875 0.12304687547169811 0.5693359375 0.12011718773584906 0.5634765625 0.12011718773584906 0.5458984375 0.140625 0.50390625 0.2006835933962264 0.4921875 0.2827148433962264 0.4931640625 0.28417968773584906 0.5224609375 0.28417968773584906 0.5302734375 0.28125 0.55078125 0.2504882811320755 0.580078125 0.18310546886792453 0.578125 0.13330078113207547 0.576171875 0.1274414066037736
6 0.6708984375 0.3339843754716981 0.6806640625 0.33691406226415094 0.7119140625 0.33691406226415094 0.716796875 0.3295898433962264 0.71875 0.3237304688679245 0.71875 0.3149414066037736 0.71484375 0.2885742188679245 0.6884765625 0.24023437452830187 0.6748046875 0.22851562452830187 0.6337890625 0.20800781226415094 0.6044921875 0.20214843773584906 0.603515625 0.20361328113207547 0.603515625 0.21533203113207547 0.60546875 0.2416992188679245 0.607421875 0.2563476566037736 0.61328125 0.2797851566037736 0.6162109375 0.28417968773584906 0.6611328125 0.328125 0.6708984375 0.3339843754716981
6 0.650390625 0.5581054688679246 0.662109375 0.5229492188679246 0.66796875 0.48779296886792456 0.677734375 0.3823242188679245 0.6728515625 0.375 0.6689453125 0.37207031226415094 0.6357421875 0.3574218754716981 0.6279296875 0.3574218754716981 0.626953125 0.3588867188679245 0.59375 0.4819335933962264 0.591796875 0.4907226566037736 0.591796875 0.49951171886792456 0.599609375 0.5463867188679246 0.607421875 0.5698242188679246 0.6083984375 0.571289062264151 0.6318359375 0.571289062264151 0.6455078125 0.565429687735849 0.650390625 0.5581054688679246
3 0.359375 0.4790039066037736 0.36328125 0.4291992188679245 0.341796875 0.3559570311320755 0.3125 0.2768554688679245 0.3115234375 0.2753906245283019 0.3095703125 0.2753906245283019 0.2900390625 0.29589843773584906 0.287109375 0.3032226566037736 0.265625 0.3999023433962264 0.265625 0.4057617188679245 0.3154296875 0.48046875 0.3291015625 0.4863281245283018 0.3447265625 0.4863281245283018 0.3544921875 0.483398437735849 0.3583984375 0.48046875 0.359375 0.4790039066037736
18 0.3349609375 0.741210937735849 0.3427734375 0.73828125 0.3466796875 0.735351562264151 0.3515625 0.7280273433962264 0.35546875 0.7163085933962264 0.35546875 0.7045898433962264 0.3515625 0.6899414066037736 0.3447265625 0.6796875 0.3271484375 0.659179687735849 0.3212890625 0.65625 0.3095703125 0.65625 0.2998046875 0.665039062264151 0.294921875 0.6723632811320754 0.29296875 0.6811523433962264 0.29296875 0.6928710933962264 0.296875 0.7045898433962264 0.30078125 0.7133789066037736 0.3037109375 0.717773437735849 0.3173828125 0.7324218754716981 0.3251953125 0.73828125 0.3349609375 0.741210937735849
18 0.6748046875 0.711914062264151 0.677734375 0.7075195311320754 0.681640625 0.6958007811320754 0.681640625 0.6899414066037736 0.6796875 0.6840820311320754 0.6708984375 0.6738281245283019 0.6611328125 0.665039062264151 0.6435546875 0.659179687735849 0.6298828125 0.65625 0.6123046875 0.65625 0.6064453125 0.659179687735849 0.59765625 0.6723632811320754 0.59765625 0.6928710933962264 0.599609375 0.6987304688679246 0.6025390625 0.703125 0.6181640625 0.71484375 0.6455078125 0.723632812264151 0.6591796875 0.723632812264151 0.6748046875 0.711914062264151
18 0.7265625 0.6928710933962264 0.7236328125 0.688476562264151 0.7138671875 0.688476562264151 0.70703125 0.7016601566037736 0.703125 0.7133789066037736 0.701171875 0.7221679688679246 0.701171875 0.7250976566037736 0.703125 0.7309570311320754 0.7060546875 0.735351562264151 0.7119140625 0.735351562264151 0.7158203125 0.7324218754716981 0.7265625 0.7104492188679246 0.7265625 0.6928710933962264
18 0.734375 0.6254882811320754 0.736328125 0.6196289066037736 0.736328125 0.5991210933962264 0.728515625 0.5756835933962264 0.7197265625 0.5625 0.7158203125 0.559570312264151 0.7080078125 0.5566406245283019 0.7060546875 0.5566406245283019 0.7001953125 0.5625 0.6953125 0.5698242188679246 0.693359375 0.5756835933962264 0.693359375 0.5815429688679246 0.6953125 0.5903320311320754 0.708984375 0.6225585933962264 0.7158203125 0.6328125 0.7275390625 0.6328125 0.7314453125 0.629882812264151 0.734375 0.6254882811320754
18 0.5205078125 0.4042968745283019 0.5166015625 0.4042968745283019 0.5126953125 0.40722656226415094 0.494140625 0.4350585933962264 0.49609375 0.4409179688679245 0.5029296875 0.4511718745283019 0.5087890625 0.4511718745283019 0.5234375 0.4291992188679245 0.525390625 0.4233398433962264 0.525390625 0.4116210933962264 0.5205078125 0.4042968745283019
18 0.548828125 0.4409179688679245 0.5458984375 0.43652343773584906 0.5244140625 0.46582031226415094 0.521484375 0.4702148433962264 0.521484375 0.4760742188679245 0.5224609375 0.47753906226415094 0.5283203125 0.47753906226415094 0.5361328125 0.47167968773584906 0.54296875 0.4614257811320755 0.546875 0.4526367188679245 0.548828125 0.4409179688679245
18 0.5302734375 0.512695312264151 0.5263671875 0.512695312264151 0.5224609375 0.515625 0.515625 0.5258789066037736 0.513671875 0.5317382811320754 0.513671875 0.5375976566037736 0.5166015625 0.541992187735849 0.5224609375 0.541992187735849 0.52734375 0.5346679688679246 0.53125 0.5258789066037736 0.533203125 0.5170898433962264 0.5302734375 0.512695312264151
1 0.40625 0.21826171886792453 0.404296875 0.2124023433962264 0.3994140625 0.20507812452830187 0.3955078125 0.20214843773584906 0.3876953125 0.19921875 0.3798828125 0.19921875 0.3720703125 0.20214843773584906 0.3681640625 0.20507812452830187 0.3623046875 0.2109375 0.353515625 0.2241210933962264 0.34765625 0.2358398433962264 0.345703125 0.2416992188679245 0.345703125 0.2534179688679245 0.3466796875 0.25488281226415094 0.3525390625 0.2578125 0.3564453125 0.2578125 0.4052734375 0.24609375 0.408203125 0.2416992188679245 0.40625 0.21826171886792453
1 0.4755859375 0.14941406226415094 0.4697265625 0.14648437547169813 0.4580078125 0.14648437547169813 0.4501953125 0.14941406226415094 0.4404296875 0.15820312452830187 0.435546875 0.1655273433962264 0.4296875 0.1772460933962264 0.427734375 0.18310546886792453 0.42578125 0.19189453113207547 0.42578125 0.21826171886792453 0.44140625 0.2797851566037736 0.4462890625 0.29296875 0.482421875 0.19189453113207547 0.484375 0.1772460933962264 0.48046875 0.15673828113207547 0.4755859375 0.14941406226415094
1 0.474609375 0.4028320311320755 0.474609375 0.3764648433962264 0.47265625 0.3706054688679245 0.462890625 0.3500976566037736 0.4580078125 0.34277343773584906 0.4541015625 0.33984375 0.4443359375 0.33984375 0.4404296875 0.34277343773584906 0.435546875 0.3500976566037736 0.435546875 0.3793945311320755 0.455078125 0.4233398433962264 0.4599609375 0.4277343745283019 0.4638671875 0.4277343745283019 0.4677734375 0.42480468773584906 0.470703125 0.4204101566037736 0.474609375 0.4028320311320755
1 0.55078125 0.3764648433962264 0.55078125 0.3706054688679245 0.5458984375 0.36328125 0.5419921875 0.36035156226415094 0.5302734375 0.36328125 0.5263671875 0.36621093773584906 0.525390625 0.3676757811320755 0.525390625 0.3793945311320755 0.5322265625 0.38964843773584906 0.5380859375 0.3925781245283019 0.5400390625 0.3925781245283019 0.5439453125 0.38964843773584906 0.548828125 0.3823242188679245 0.55078125 0.3764648433962264
1 0.4970703125 0.3574218754716981 0.4931640625 0.3574218754716981 0.490234375 0.3618164066037736 0.490234375 0.3647460933962264 0.4921875 0.3735351566037736 0.4931640625 0.375 0.4970703125 0.375 0.5 0.3706054688679245 0.5 0.3618164066037736 0.4970703125 0.3574218754716981
1 0.44140625 0.6049804688679246 0.44140625 0.5639648433962264 0.42578125 0.4907226566037736 0.4208984375 0.483398437735849 0.4169921875 0.48046875 0.4130859375 0.483398437735849 0.4052734375 0.4921875 0.400390625 0.49951171886792456 0.396484375 0.5112304688679246 0.396484375 0.5522460933962264 0.40234375 0.5698242188679246 0.4072265625 0.577148437735849 0.4130859375 0.583007812264151 0.4384765625 0.606445312264151 0.4404296875 0.606445312264151 0.44140625 0.6049804688679246
1 0.353515625 0.5961914066037736 0.361328125 0.5786132811320754 0.365234375 0.5639648433962264 0.3671875 0.5551757811320754 0.3671875 0.5405273433962264 0.365234375 0.5346679688679246 0.3623046875 0.530273437735849 0.3544921875 0.524414062264151 0.3427734375 0.530273437735849 0.3125 0.5903320311320754 0.30859375 0.6079101566037736 0.30859375 0.6108398433962264 0.310546875 0.6166992188679246 0.3134765625 0.62109375 0.3154296875 0.62109375 0.3427734375 0.609375 0.3466796875 0.606445312264151 0.353515625 0.5961914066037736
1 0.298828125 0.5756835933962264 0.2958984375 0.5683593754716981 0.2724609375 0.553710937735849 0.2705078125 0.553710937735849 0.265625 0.5610351566037736 0.263671875 0.5668945311320754 0.263671875 0.5844726566037736 0.2685546875 0.594726562264151 0.2763671875 0.600585937735849 0.2841796875 0.600585937735849 0.2900390625 0.59765625 0.298828125 0.5874023433962264 0.298828125 0.5756835933962264
1 0.486328125 0.5522460933962264 0.4833984375 0.547851562264151 0.4794921875 0.5449218754716981 0.4755859375 0.5449218754716981 0.4697265625 0.547851562264151 0.4609375 0.5610351566037736 0.4609375 0.5756835933962264 0.46484375 0.5874023433962264 0.4716796875 0.59765625 0.4775390625 0.59765625 0.4833984375 0.594726562264151 0.484375 0.5932617188679246 0.486328125 0.5522460933962264
1 0.4521484375 0.6328125 0.4423828125 0.6386718754716981 0.4375 0.6459960933962264 0.435546875 0.6518554688679246 0.4384765625 0.659179687735849 0.4482421875 0.659179687735849 0.4580078125 0.647460937735849 0.4609375 0.6401367188679246 0.4580078125 0.635742187735849 0.4541015625 0.6328125 0.4521484375 0.6328125
1 0.537109375 0.5844726566037736 0.533203125 0.5756835933962264 0.5263671875 0.565429687735849 0.5146484375 0.559570312264151 0.5068359375 0.559570312264151 0.5029296875 0.5625 0.49609375 0.5727539066037736 0.494140625 0.5815429688679246 0.490234375 0.6049804688679246 0.494140625 0.6547851566037736 0.4951171875 0.65625 0.4970703125 0.65625 0.5244140625 0.635742187735849 0.53125 0.6254882811320754 0.537109375 0.6079101566037736 0.537109375 0.5844726566037736
1 0.49609375 0.6899414066037736 0.4892578125 0.6796875 0.4833984375 0.6738281245283019 0.4775390625 0.670898437735849 0.4677734375 0.670898437735849 0.4619140625 0.6738281245283019 0.4521484375 0.682617187735849 0.4453125 0.6928710933962264 0.439453125 0.7104492188679246 0.43359375 0.7543945311320754 0.4345703125 0.7558593754716981 0.4736328125 0.758789062264151 0.4833984375 0.752929687735849 0.49609375 0.7338867188679246 0.498046875 0.7280273433962264 0.498046875 0.6958007811320754 0.49609375 0.6899414066037736
1 0.60546875 0.6254882811320754 0.603515625 0.6108398433962264 0.5947265625 0.59765625 0.5771484375 0.5917968754716981 0.576171875 0.5932617188679246 0.576171875 0.5961914066037736 0.583984375 0.6430664066037736 0.5869140625 0.647460937735849 0.5908203125 0.647460937735849 0.5966796875 0.64453125 0.603515625 0.6342773433962264 0.60546875 0.6254882811320754
18 0.3779296875 0.4394531245283019 0.3916015625 0.43359375 0.3984375 0.4233398433962264 0.400390625 0.4174804688679245 0.400390625 0.3823242188679245 0.392578125 0.3354492188679245 0.388671875 0.3208007811320755 0.3837890625 0.31347656226415094 0.3740234375 0.30761718773584906 0.3681640625 0.30761718773584906 0.3583984375 0.31640625 0.353515625 0.3237304688679245 0.353515625 0.3588867188679245 0.35546875 0.3911132811320755 0.357421875 0.4086914066037736 0.359375 0.4174804688679245 0.36328125 0.4262695311320755 0.3701171875 0.43652343773584906 0.3779296875 0.4394531245283019
18 0.431640625 0.2944335933962264 0.4267578125 0.29003906226415094 0.4111328125 0.29003906226415094 0.40234375 0.3032226566037736 0.40234375 0.3090820311320755 0.4072265625 0.31640625 0.4287109375 0.33691406226415094 0.4345703125 0.33691406226415094 0.4375 0.3295898433962264 0.4375 0.3090820311320755 0.431640625 0.2944335933962264
3 0.400390625 0.6225585933962264 0.3876953125 0.606445312264151 0.3740234375 0.59765625 0.3720703125 0.59765625 0.3486328125 0.629882812264151 0.34375 0.6372070311320754 0.34375 0.6489257811320754 0.3447265625 0.6503906245283019 0.3720703125 0.65625 0.3818359375 0.65625 0.3955078125 0.653320312264151 0.400390625 0.6401367188679246 0.400390625 0.6225585933962264
3 0.3095703125 0.495117187735849 0.2841796875 0.495117187735849 0.279296875 0.5024414066037736 0.279296875 0.5083007811320754 0.2861328125 0.5214843754716981 0.2958984375 0.52734375 0.3017578125 0.52734375 0.3115234375 0.515625 0.31640625 0.5083007811320754 0.3095703125 0.495117187735849
14 0.3896484375 0.758789062264151 0.3857421875 0.758789062264151 0.3818359375 0.76171875 0.37890625 0.7661132811320754 0.37890625 0.7778320311320754 0.384765625 0.7954101566037736 0.3896484375 0.799804687735849 0.3974609375 0.799804687735849 0.400390625 0.7954101566037736 0.400390625 0.7836914066037736 0.3896484375 0.758789062264151
14 0.419921875 0.7426757811320754 0.408203125 0.7133789066037736 0.4052734375 0.7089843754716981 0.4013671875 0.7089843754716981 0.400390625 0.7104492188679246 0.400390625 0.7163085933962264 0.40234375 0.7338867188679246 0.4140625 0.7543945311320754 0.4150390625 0.7558593754716981 0.4169921875 0.7558593754716981 0.419921875 0.7485351566037736 0.419921875 0.7426757811320754
14 0.5830078125 0.682617187735849 0.5654296875 0.682617187735849 0.5576171875 0.688476562264151 0.552734375 0.6958007811320754 0.552734375 0.7045898433962264 0.5556640625 0.7089843754716981 0.5830078125 0.700195312264151 0.583984375 0.6987304688679246 0.5859375 0.6899414066037736 0.5859375 0.6870117188679246 0.5830078125 0.682617187735849
14 0.6806640625 0.647460937735849 0.677734375 0.6518554688679246 0.677734375 0.6577148433962264 0.6923828125 0.682617187735849 0.6982421875 0.682617187735849 0.708984375 0.6694335933962264 0.6923828125 0.647460937735849 0.6845703125 0.64453125 0.6806640625 0.647460937735849
14 0.6650390625 0.5859375 0.6572265625 0.5859375 0.65234375 0.5932617188679246 0.650390625 0.5991210933962264 0.650390625 0.6284179688679246 0.6533203125 0.6328125 0.6572265625 0.6328125 0.66015625 0.6284179688679246 0.66796875 0.5932617188679246 0.66796875 0.5903320311320754 0.6650390625 0.5859375
14 0.5654296875 0.4921875 0.5556640625 0.489257812264151 0.5458984375 0.489257812264151 0.541015625 0.49658203113207544 0.541015625 0.49951171886792456 0.54296875 0.5053710933962264 0.5458984375 0.5097656245283019 0.5693359375 0.5097656245283019 0.572265625 0.5053710933962264 0.572265625 0.5024414066037736 0.5654296875 0.4921875
14 0.474609375 0.5170898433962264 0.4736328125 0.515625 0.4560546875 0.5097656245283019 0.4443359375 0.5097656245283019 0.443359375 0.5112304688679246 0.443359375 0.5170898433962264 0.4482421875 0.524414062264151 0.4599609375 0.530273437735849 0.4697265625 0.530273437735849 0.47265625 0.5258789066037736 0.474609375 0.5200195311320754 0.474609375 0.5170898433962264
14 0.5751953125 0.38671875 0.5625 0.4086914066037736 0.560546875 0.4174804688679245 0.560546875 0.4321289066037736 0.5634765625 0.43652343773584906 0.5673828125 0.43652343773584906 0.580078125 0.4116210933962264 0.583984375 0.3881835933962264 0.5810546875 0.38378906226415094 0.5751953125 0.38671875
14 0.7314453125 0.36621093773584906 0.7099609375 0.35449218773584906 0.708984375 0.3559570311320755 0.708984375 0.3618164066037736 0.7109375 0.3676757811320755 0.7177734375 0.3808593754716981 0.7294921875 0.3808593754716981 0.732421875 0.3764648433962264 0.732421875 0.3676757811320755 0.7314453125 0.36621093773584906
14 0.4921875 0.2475585933962264 0.490234375 0.2416992188679245 0.4873046875 0.23730468773584906 0.4814453125 0.23730468773584906 0.4775390625 0.24023437452830187 0.474609375 0.2446289066037736 0.466796875 0.2680664066037736 0.466796875 0.2709960933962264 0.4677734375 0.27246093773584906 0.4755859375 0.2753906245283019 0.4794921875 0.2753906245283019 0.484375 0.2709960933962264 0.4921875 0.2504882811320755 0.4921875 0.2475585933962264
9 0.529296875 0.6694335933962264 0.5341796875 0.676757812264151 0.541015625 0.6665039066037736 0.541015625 0.6577148433962264 0.5400390625 0.65625 0.5322265625 0.65625 0.53125 0.6577148433962264 0.529296875 0.6694335933962264
9 0.591796875 0.3178710933962264 0.587890625 0.3090820311320755 0.5771484375 0.29589843773584906 0.5615234375 0.28417968773584906 0.5517578125 0.28417968773584906 0.5478515625 0.2871093754716981 0.544921875 0.2915039066037736 0.541015625 0.3002929688679245 0.541015625 0.3061523433962264 0.5556640625 0.33691406226415094 0.5732421875 0.34277343773584906 0.5830078125 0.34277343773584906 0.587890625 0.3354492188679245 0.591796875 0.3208007811320755 0.591796875 0.3178710933962264
13 0.740234375 0.4907226566037736 0.74609375 0.4760742188679245 0.751953125 0.4497070311320755 0.755859375 0.4204101566037736 0.75390625 0.3999023433962264 0.7509765625 0.39550781226415094 0.7470703125 0.39550781226415094 0.7255859375 0.4042968745283019 0.6962890625 0.421875 0.6953125 0.4233398433962264 0.6953125 0.4321289066037736 0.697265625 0.5229492188679246 0.6982421875 0.524414062264151 0.7041015625 0.524414062264151 0.7314453125 0.506835937735849 0.736328125 0.49951171886792456 0.740234375 0.4907226566037736