14 0.4873046875 0.40136718773584906 0.4736328125 0.40136718773584906 0.470703125 0.4057617188679245 0.46875 0.4116210933962264 0.46875 0.4145507811320755 0.4716796875 0.421875 0.4814453125 0.42480468773584906 0.4873046875 0.42480468773584906 0.4921875 0.4174804688679245 0.4921875 0.4057617188679245 0.4873046875 0.40136718773584906
1 0.744140625 0.7368164066037736 0.7421875 0.7280273433962264 0.7373046875 0.7207031245283019 0.7333984375 0.717773437735849 0.7255859375 0.717773437735849 0.7060546875 0.729492187735849 0.705078125 0.7309570311320754 0.703125 0.7397460933962264 0.703125 0.7573242188679246 0.7080078125 0.764648437735849 0.7119140625 0.7675781245283019 0.7275390625 0.7675781245283019 0.7353515625 0.76171875 0.740234375 0.7514648433962264 0.744140625 0.7368164066037736
1 0.7255859375 0.629882812264151 0.7470703125 0.609375 0.75 0.6049804688679246 0.7080078125 0.5390625 0.6943359375 0.524414062264151 0.6923828125 0.524414062264151 0.69140625 0.5258789066037736 0.69140625 0.5668945311320754 0.693359375 0.5874023433962264 0.69921875 0.6049804688679246 0.703125 0.6137695311320754 0.7119140625 0.6269531245283019 0.7158203125 0.629882812264151 0.7255859375 0.629882812264151
1 0.716796875 0.3647460933962264 0.716796875 0.3471679688679245 0.712890625 0.3354492188679245 0.7060546875 0.32519531226415094 0.6982421875 0.31933593773584906 0.6865234375 0.31933593773584906 0.6806640625 0.3222656245283019 0.67578125 0.3295898433962264 0.669921875 0.3559570311320755 0.673828125 0.3676757811320755 0.6884765625 0.38378906226415094 0.6962890625 0.38964843773584906 0.6982421875 0.38964843773584906 0.7060546875 0.38378906226415094 0.71484375 0.3706054688679245 0.716796875 0.3647460933962264
9 0.76171875 0.4731445311320755 0.7529296875 0.46582031226415094 0.7373046875 0.46582031226415094 0.732421875 0.4702148433962264 0.728515625 0.48486328113207544 0.728515625 0.48779296886792456 0.7333984375 0.495117187735849 0.7392578125 0.4980468754716982 0.7548828125 0.4980468754716982 0.7587890625 0.495117187735849 0.76171875 0.4907226566037736 0.76171875 0.4731445311320755
20 0.6298828125 0.40136718773584906 0.5771484375 0.40136718773584906 0.5556640625 0.4042968745283019 0.5546875 0.4057617188679245 0.5546875 0.4379882811320755 0.5556640625 0.4394531245283019 0.6064453125 0.43652343773584906 0.6240234375 0.421875 0.630859375 0.4057617188679245 0.630859375 0.4028320311320755 0.6298828125 0.40136718773584906
20 0.583984375 0.6459960933962264 0.583984375 0.6254882811320754 0.5791015625 0.618164062264151 0.5732421875 0.6152343754716981 0.5498046875 0.612304687735849 0.5322265625 0.612304687735849 0.53125 0.6137695311320754 0.53125 0.6196289066037736 0.53515625 0.6342773433962264 0.5380859375 0.6386718754716981 0.5595703125 0.65625 0.5751953125 0.65625 0.5810546875 0.6503906245283019 0.583984375 0.6459960933962264
20 0.4755859375 0.5214843754716981 0.4482421875 0.50390625 0.4384765625 0.500976562264151 0.4345703125 0.500976562264151 0.43359375 0.5024414066037736 0.4580078125 0.547851562264151 0.4677734375 0.553710937735849 0.4775390625 0.553710937735849 0.4853515625 0.547851562264151 0.48828125 0.5434570311320754 0.484375 0.5346679688679246 0.4755859375 0.5214843754716981
21 0.384765625 0.1977539066037736 0.376953125 0.1743164066037736 0.3740234375 0.16992187547169813 0.3642578125 0.1640625 0.3486328125 0.16113281226415094 0.3427734375 0.16113281226415094 0.3193359375 0.16992187547169813 0.3154296875 0.17285156226415094 0.314453125 0.1743164066037736 0.30859375 0.21826171886792453 0.306640625 0.3559570311320755 0.306640625 0.3588867188679245 0.3076171875 0.36035156226415094 0.3701171875 0.29296875 0.373046875 0.2885742188679245 0.38671875 0.23876953113207547 0.38671875 0.21826171886792453 0.384765625 0.1977539066037736
6 0.326171875 0.5229492188679246 0.3154296875 0.500976562264151 0.2880859375 0.47753906226415094 0.2744140625 0.47753906226415094 0.2568359375 0.483398437735849 0.251953125 0.4907226566037736 0.255859375 0.5346679688679246 0.2568359375 0.536132812264151 0.3056640625 0.577148437735849 0.3271484375 0.57421875 0.333984375 0.5639648433962264 0.333984375 0.5434570311320754 0.326171875 0.5229492188679246
3 0.6025390625 0.10546875 0.5322265625 0.10546875 0.53125 0.10693359339622642 0.525390625 0.16845703113207547 0.5712890625 0.2490234377358491 0.6005859375 0.23730468773584906 0.6435546875 0.21679687452830187 0.64453125 0.21533203113207547 0.650390625 0.1274414066037736 0.6494140625 0.12597656226415094 0.6025390625 0.10546875