1 0.291015625 0.5903320311320754 0.287109375 0.5551757811320754 0.283203125 0.5463867188679246 0.2783203125 0.5390625 0.2705078125 0.5390625 0.267578125 0.5434570311320754 0.267578125 0.5668945311320754 0.279296875 0.5991210933962264 0.2822265625 0.6035156245283019 0.2861328125 0.606445312264151 0.2890625 0.6020507811320754 0.291015625 0.5961914066037736 0.291015625 0.5903320311320754
1 0.3544921875 0.703125 0.3505859375 0.700195312264151 0.3447265625 0.700195312264151 0.3408203125 0.703125 0.337890625 0.7104492188679246 0.3359375 0.7192382811320754 0.337890625 0.7309570311320754 0.3427734375 0.735351562264151 0.3525390625 0.735351562264151 0.3583984375 0.7324218754716981 0.36328125 0.7250976566037736 0.365234375 0.7192382811320754 0.3544921875 0.703125
1 0.716796875 0.3764648433962264 0.7080078125 0.36328125 0.6943359375 0.3515625 0.685546875 0.3706054688679245 0.68359375 0.3764648433962264 0.68359375 0.3852539066037736 0.6884765625 0.3925781245283019 0.6943359375 0.3984375 0.7001953125 0.40136718773584906 0.7138671875 0.38671875 0.716796875 0.3793945311320755 0.716796875 0.3764648433962264
1 0.587890625 0.2797851566037736 0.5830078125 0.27246093773584906 0.5791015625 0.26953125 0.5654296875 0.26953125 0.560546875 0.2768554688679245 0.560546875 0.2885742188679245 0.5810546875 0.31933593773584906 0.5908203125 0.31933593773584906 0.591796875 0.3178710933962264 0.59375 0.3090820311320755 0.59375 0.2973632811320755 0.587890625 0.2797851566037736
1 0.390625 0.3881835933962264 0.392578125 0.3823242188679245 0.392578125 0.3793945311320755 0.3896484375 0.37207031226415094 0.3662109375 0.3574218754716981 0.3623046875 0.36035156226415094 0.361328125 0.3618164066037736 0.361328125 0.3735351566037736 0.365234375 0.3852539066037736 0.3681640625 0.38964843773584906 0.3759765625 0.39550781226415094 0.3837890625 0.39550781226415094 0.3876953125 0.3925781245283019 0.390625 0.3881835933962264
1 0.4033203125 0.2988281245283019 0.3955078125 0.2988281245283019 0.388671875 0.3090820311320755 0.38671875 0.3149414066037736 0.38671875 0.3266601566037736 0.388671875 0.3325195311320755 0.3916015625 0.33691406226415094 0.3935546875 0.33691406226415094 0.408203125 0.3149414066037736 0.408203125 0.3061523433962264 0.4033203125 0.2988281245283019
6 0.662109375 0.7280273433962264 0.66796875 0.7133789066037736 0.677734375 0.6694335933962264 0.681640625 0.6342773433962264 0.681640625 0.5932617188679246 0.6796875 0.5844726566037736 0.67578125 0.5756835933962264 0.6728515625 0.571289062264151 0.6572265625 0.5625 0.6494140625 0.5625 0.6484375 0.5639648433962264 0.61328125 0.6811523433962264 0.603515625 0.7368164066037736 0.60546875 0.7543945311320754 0.6064453125 0.7558593754716981 0.6142578125 0.76171875 0.6240234375 0.76171875 0.6376953125 0.7558593754716981 0.6533203125 0.741210937735849 0.662109375 0.7280273433962264
18 0.328125 0.3032226566037736 0.330078125 0.2973632811320755 0.33203125 0.2797851566037736 0.330078125 0.2680664066037736 0.32421875 0.2534179688679245 0.318359375 0.2416992188679245 0.3095703125 0.22851562452830187 0.3037109375 0.22265625 0.2978515625 0.21972656226415094 0.2880859375 0.21972656226415094 0.2841796875 0.22265625 0.275390625 0.2358398433962264 0.271484375 0.2475585933962264 0.2734375 0.2592773433962264 0.29296875 0.3061523433962264 0.2998046875 0.31640625 0.3037109375 0.31933593773584906 0.3154296875 0.31933593773584906 0.3193359375 0.31640625 0.328125 0.3032226566037736
18 0.609375 0.5903320311320754 0.609375 0.5756835933962264 0.6025390625 0.565429687735849 0.5986328125 0.5625 0.5908203125 0.5625 0.578125 0.5815429688679246 0.578125 0.5932617188679246 0.58203125 0.6020507811320754 0.5869140625 0.606445312264151 0.5947265625 0.606445312264151 0.6005859375 0.6035156245283019 0.6064453125 0.59765625 0.609375 0.5903320311320754
20 0.2783203125 0.328125 0.27734375 0.3295898433962264 0.275390625 0.3383789066037736 0.26953125 0.3823242188679245 0.2802734375 0.4160156245283019 0.2939453125 0.4042968745283019 0.296875 0.3999023433962264 0.296875 0.3793945311320755 0.294921875 0.3706054688679245 0.2802734375 0.328125 0.2783203125 0.328125
20 0.6318359375 0.30761718773584906 0.6240234375 0.30761718773584906 0.623046875 0.3090820311320755 0.623046875 0.3530273433962264 0.6240234375 0.35449218773584906 0.6611328125 0.3574218754716981 0.66796875 0.3471679688679245 0.66796875 0.3383789066037736 0.6630859375 0.328125 0.6318359375 0.30761718773584906
3 0.544921875 0.6547851566037736 0.5439453125 0.653320312264151 0.5361328125 0.653320312264151 0.5068359375 0.6621093754716981 0.5029296875 0.665039062264151 0.49609375 0.6752929688679246 0.4921875 0.6870117188679246 0.490234375 0.7250976566037736 0.490234375 0.7397460933962264 0.4912109375 0.741210937735849 0.5087890625 0.7441406245283019 0.5146484375 0.7441406245283019 0.533203125 0.7192382811320754 0.541015625 0.6870117188679246 0.544921875 0.6547851566037736
13 0.45703125 0.6547851566037736 0.45703125 0.6372070311320754 0.453125 0.6020507811320754 0.44140625 0.5581054688679246 0.4326171875 0.5449218754716981 0.4228515625 0.5449218754716981 0.3935546875 0.5859375 0.392578125 0.5874023433962264 0.392578125 0.5903320311320754 0.3984375 0.6606445311320754 0.3994140625 0.6621093754716981 0.4423828125 0.6738281245283019 0.4482421875 0.6738281245283019 0.455078125 0.6635742188679246 0.45703125 0.6547851566037736
14 0.3759765625 0.22558593773584906 0.3740234375 0.22558593773584906 0.3701171875 0.22851562452830187 0.365234375 0.2358398433962264 0.36328125 0.2446289066037736 0.36328125 0.2504882811320755 0.3671875 0.2622070311320755 0.3720703125 0.26953125 0.3759765625 0.26953125 0.376953125 0.2680664066037736 0.376953125 0.22705078113207547 0.3759765625 0.22558593773584906
14 0.4130859375 0.16699218773584906 0.408203125 0.1743164066037736 0.408203125 0.18310546886792453 0.4248046875 0.19628906226415094 0.4287109375 0.19628906226415094 0.431640625 0.19189453113207547 0.431640625 0.1860351566037736 0.4287109375 0.18164062452830187 0.4130859375 0.16699218773584906
14 0.4765625 0.1772460933962264 0.474609375 0.16845703113207547 0.4736328125 0.16699218773584906 0.4541015625 0.16113281226415094 0.4501953125 0.16113281226415094 0.44921875 0.1625976566037736 0.44921875 0.16845703113207547 0.451171875 0.1743164066037736 0.4609375 0.19482421886792453 0.4658203125 0.19921875 0.4736328125 0.19921875 0.474609375 0.1977539066037736 0.4765625 0.1772460933962264
14 0.5234375 0.1538085933962264 0.5185546875 0.14941406226415094 0.5146484375 0.14941406226415094 0.51171875 0.1538085933962264 0.509765625 0.17138671886792453 0.509765625 0.1772460933962264 0.51171875 0.1889648433962264 0.5146484375 0.19335937547169813 0.5205078125 0.19335937547169813 0.521484375 0.19189453113207547 0.5234375 0.17138671886792453 0.5234375 0.1538085933962264
14 0.626953125 0.21533203113207547 0.6220703125 0.20800781226415094 0.6181640625 0.20800781226415094 0.6171875 0.2094726566037736 0.607421875 0.2329101566037736 0.607421875 0.2358398433962264 0.609375 0.2416992188679245 0.6162109375 0.2519531245283019 0.6201171875 0.25488281226415094 0.625 0.2504882811320755 0.626953125 0.2241210933962264 0.626953125 0.21533203113207547
14 0.4658203125 0.26660156226415094 0.4560546875 0.26074218773584906 0.4443359375 0.26074218773584906 0.439453125 0.2680664066037736 0.439453125 0.2739257811320755 0.4404296875 0.2753906245283019 0.4619140625 0.28417968773584906 0.4638671875 0.28417968773584906 0.466796875 0.2797851566037736 0.466796875 0.2680664066037736 0.4658203125 0.26660156226415094
14 0.3662109375 0.5449218754716981 0.36328125 0.5493164066037736 0.36328125 0.5551757811320754 0.3681640625 0.5683593754716981 0.3837890625 0.559570312264151 0.384765625 0.5581054688679246 0.384765625 0.5522460933962264 0.3837890625 0.55078125 0.3662109375 0.5449218754716981
14 0.541015625 0.5405273433962264 0.5380859375 0.536132812264151 0.5283203125 0.530273437735849 0.5185546875 0.530273437735849 0.517578125 0.5317382811320754 0.509765625 0.5551757811320754 0.509765625 0.5581054688679246 0.5107421875 0.559570312264151 0.5400390625 0.5625 0.5439453125 0.5625 0.544921875 0.5610351566037736 0.544921875 0.5493164066037736 0.541015625 0.5405273433962264
14 0.5556640625 0.64453125 0.552734375 0.6489257811320754 0.5556640625 0.653320312264151 0.5791015625 0.66796875 0.583984375 0.6606445311320754 0.587890625 0.6489257811320754 0.5869140625 0.647460937735849 0.5693359375 0.64453125 0.5556640625 0.64453125
14 0.6279296875 0.52734375 0.623046875 0.5346679688679246 0.6279296875 0.541992187735849 0.6455078125 0.553710937735849 0.646484375 0.5522460933962264 0.650390625 0.5405273433962264 0.6484375 0.5288085933962264 0.6474609375 0.52734375 0.6279296875 0.52734375
14 0.5849609375 0.50390625 0.5615234375 0.4863281245283018 0.560546875 0.48779296886792456 0.55859375 0.5053710933962264 0.560546875 0.5112304688679246 0.5634765625 0.515625 0.5810546875 0.524414062264151 0.5830078125 0.524414062264151 0.587890625 0.5200195311320754 0.5859375 0.5053710933962264 0.5849609375 0.50390625
14 0.716796875 0.48779296886792456 0.7158203125 0.4863281245283018 0.6962890625 0.483398437735849 0.69140625 0.48779296886792456 0.689453125 0.4936523433962264 0.689453125 0.5024414066037736 0.6904296875 0.50390625 0.7001953125 0.5097656245283019 0.7138671875 0.512695312264151 0.7197265625 0.512695312264151 0.720703125 0.5112304688679246 0.716796875 0.48779296886792456
9 0.4619140625 0.328125 0.45703125 0.3354492188679245 0.455078125 0.3530273433962264 0.45703125 0.3676757811320755 0.4619140625 0.375 0.4697265625 0.37792968773584906 0.4765625 0.3706054688679245 0.474609375 0.3325195311320755 0.4697265625 0.32519531226415094 0.4619140625 0.328125
3 0.56640625 0.2006835933962264 0.56640625 0.2124023433962264 0.5791015625 0.22265625 0.580078125 0.2211914066037736 0.580078125 0.20654296886792453 0.5732421875 0.19628906226415094 0.5693359375 0.19628906226415094 0.56640625 0.2006835933962264
10 0.560546875 0.4116210933962264 0.5419921875 0.38378906226415094 0.5244140625 0.36621093773584906 0.5126953125 0.36035156226415094 0.5048828125 0.36035156226415094 0.50390625 0.3618164066037736 0.505859375 0.3706054688679245 0.5693359375 0.45996093773584906 0.5791015625 0.46875 0.5830078125 0.46875 0.583984375 0.4672851566037736 0.580078125 0.4555664066037736 0.560546875 0.4116210933962264
14 0.5283203125 0.2753906245283019 0.5185546875 0.2753906245283019 0.515625 0.2797851566037736 0.515625 0.2827148433962264 0.5205078125 0.29003906226415094 0.5244140625 0.29296875 0.5302734375 0.29296875 0.533203125 0.2885742188679245 0.533203125 0.2827148433962264 0.5283203125 0.2753906245283019
14 0.5302734375 0.31347656226415094 0.5185546875 0.3105468754716981 0.5087890625 0.3105468754716981 0.505859375 0.3149414066037736 0.505859375 0.3208007811320755 0.5068359375 0.3222656245283019 0.5400390625 0.33105468773584906 0.5498046875 0.33105468773584906 0.55078125 0.3295898433962264 0.5458984375 0.3222656245283019 0.5302734375 0.31347656226415094
12 0.46484375 0.4467773433962264 0.4619140625 0.44238281226415094 0.4462890625 0.44238281226415094 0.4345703125 0.44824218773584906 0.4267578125 0.45410156226415094 0.4150390625 0.46582031226415094 0.40625 0.4790039066037736 0.400390625 0.4936523433962264 0.3984375 0.5024414066037736 0.3984375 0.5083007811320754 0.400390625 0.5141601566037736 0.4033203125 0.518554687735849 0.4072265625 0.518554687735849 0.4619140625 0.45703125 0.46484375 0.4526367188679245 0.46484375 0.4467773433962264