13 0.408203125 0.21826171886792453 0.408203125 0.2124023433962264 0.396484375 0.13623046886792453 0.3955078125 0.13476562452830187 0.3857421875 0.13476562452830187 0.3544921875 0.15527343773584906 0.328125 0.18017578113207547 0.326171875 0.1860351566037736 0.326171875 0.2006835933962264 0.3291015625 0.20507812452830187 0.3349609375 0.2109375 0.3916015625 0.22558593773584906 0.4013671875 0.22558593773584906 0.4052734375 0.22265625 0.408203125 0.21826171886792453
13 0.6494140625 0.7324218754716981 0.650390625 0.7309570311320754 0.65234375 0.7192382811320754 0.65234375 0.7133789066037736 0.650390625 0.7016601566037736 0.619140625 0.6372070311320754 0.6123046875 0.6269531245283019 0.6064453125 0.6269531245283019 0.6025390625 0.629882812264151 0.599609375 0.6372070311320754 0.587890625 0.6870117188679246 0.587890625 0.6958007811320754 0.58984375 0.7016601566037736 0.5947265625 0.7089843754716981 0.6044921875 0.717773437735849 0.6220703125 0.729492187735849 0.6279296875 0.7324218754716981 0.6494140625 0.7324218754716981
6 0.3671875 0.2622070311320755 0.3642578125 0.2578125 0.3623046875 0.2578125 0.3046875 0.3032226566037736 0.302734375 0.3295898433962264 0.3076171875 0.33691406226415094 0.3154296875 0.3457031245283019 0.3291015625 0.34863281226415094 0.3525390625 0.3222656245283019 0.36328125 0.3002929688679245 0.3671875 0.2768554688679245 0.3671875 0.2622070311320755
6 0.5625 0.5463867188679246 0.564453125 0.5229492188679246 0.556640625 0.48486328113207544 0.541015625 0.4467773433962264 0.5224609375 0.41894531226415094 0.5009765625 0.40136718773584906 0.4931640625 0.40136718773584906 0.4921875 0.4028320311320755 0.4921875 0.4233398433962264 0.498046875 0.49951171886792456 0.5009765625 0.50390625 0.5478515625 0.553710937735849 0.5517578125 0.553710937735849 0.5595703125 0.55078125 0.5625 0.5463867188679246
18 0.77734375 0.5551757811320754 0.77734375 0.5258789066037736 0.767578125 0.4907226566037736 0.7568359375 0.4746093745283019 0.7509765625 0.46875 0.7431640625 0.4628906245283019 0.7333984375 0.4628906245283019 0.7294921875 0.46582031226415094 0.72265625 0.4760742188679245 0.720703125 0.4819335933962264 0.720703125 0.49951171886792456 0.728515625 0.5258789066037736 0.740234375 0.5551757811320754 0.7490234375 0.5683593754716981 0.7529296875 0.571289062264151 0.7666015625 0.571289062264151 0.77734375 0.5551757811320754
18 0.74609375 0.6577148433962264 0.748046875 0.6489257811320754 0.748046875 0.6401367188679246 0.744140625 0.6254882811320754 0.7392578125 0.618164062264151 0.7275390625 0.606445312264151 0.7138671875 0.594726562264151 0.7060546875 0.588867187735849 0.6982421875 0.5859375 0.6845703125 0.5859375 0.6767578125 0.5917968754716981 0.673828125 0.5961914066037736 0.671875 0.6020507811320754 0.671875 0.6196289066037736 0.677734375 0.6342773433962264 0.6845703125 0.641601562264151 0.7216796875 0.670898437735849 0.7353515625 0.670898437735849 0.7412109375 0.665039062264151 0.74609375 0.6577148433962264
20 0.298828125 0.4086914066037736 0.298828125 0.4028320311320755 0.2744140625 0.36621093773584906 0.2734375 0.3676757811320755 0.267578125 0.3881835933962264 0.267578125 0.3969726566037736 0.275390625 0.4262695311320755 0.2802734375 0.43359375 0.2841796875 0.43359375 0.2900390625 0.43066406226415094 0.291015625 0.4291992188679245 0.298828125 0.4086914066037736
20 0.263671875 0.5815429688679246 0.2626953125 0.5800781245283019 0.2412109375 0.577148437735849 0.2294921875 0.5859375 0.228515625 0.5874023433962264 0.228515625 0.5903320311320754 0.232421875 0.5991210933962264 0.2470703125 0.62109375 0.2705078125 0.62109375 0.271484375 0.6196289066037736 0.271484375 0.6137695311320754 0.263671875 0.5815429688679246
20 0.4609375 0.7104492188679246 0.458984375 0.7045898433962264 0.4130859375 0.659179687735849 0.4111328125 0.659179687735849 0.41015625 0.6606445311320754 0.4140625 0.6752929688679246 0.431640625 0.7280273433962264 0.4345703125 0.7324218754716981 0.4423828125 0.73828125 0.4521484375 0.741210937735849 0.4609375 0.7163085933962264 0.4609375 0.7104492188679246
20 0.5703125 0.2358398433962264 0.5654296875 0.22851562452830187 0.5576171875 0.23144531226415094 0.5361328125 0.25488281226415094 0.53515625 0.2563476566037736 0.53515625 0.2709960933962264 0.5419921875 0.28125 0.5439453125 0.28125 0.5595703125 0.26953125 0.564453125 0.2622070311320755 0.5703125 0.2475585933962264 0.5703125 0.2358398433962264
20 0.4951171875 0.5683593754716981 0.4873046875 0.565429687735849 0.482421875 0.5727539066037736 0.484375 0.5786132811320754 0.4912109375 0.5859375 0.4931640625 0.5859375 0.4970703125 0.583007812264151 0.498046875 0.5815429688679246 0.498046875 0.5727539066037736 0.4951171875 0.5683593754716981
1 0.3955078125 0.752929687735849 0.39453125 0.7543945311320754 0.38671875 0.7807617188679246 0.3916015625 0.788085937735849 0.3955078125 0.788085937735849 0.3994140625 0.78515625 0.404296875 0.7778320311320754 0.404296875 0.7602539066037736 0.3994140625 0.752929687735849 0.3955078125 0.752929687735849
1 0.591796875 0.7163085933962264 0.5810546875 0.700195312264151 0.5634765625 0.700195312264151 0.5595703125 0.703125 0.5546875 0.7104492188679246 0.5546875 0.7221679688679246 0.5615234375 0.729492187735849 0.5791015625 0.735351562264151 0.5830078125 0.735351562264151 0.58984375 0.7250976566037736 0.591796875 0.7192382811320754 0.591796875 0.7163085933962264
1 0.5703125 0.6577148433962264 0.572265625 0.6518554688679246 0.572265625 0.6401367188679246 0.5703125 0.6342773433962264 0.5673828125 0.629882812264151 0.5595703125 0.629882812264151 0.5556640625 0.6328125 0.546875 0.6459960933962264 0.546875 0.6547851566037736 0.548828125 0.6635742188679246 0.5498046875 0.665039062264151 0.5537109375 0.66796875 0.5615234375 0.66796875 0.5654296875 0.665039062264151 0.5703125 0.6577148433962264
1 0.6552734375 0.5449218754716981 0.6494140625 0.541992187735849 0.6318359375 0.541992187735849 0.6259765625 0.5449218754716981 0.6171875 0.5581054688679246 0.61328125 0.5698242188679246 0.61328125 0.5815429688679246 0.6162109375 0.588867187735849 0.6240234375 0.594726562264151 0.6259765625 0.594726562264151 0.666015625 0.5639648433962264 0.666015625 0.5610351566037736 0.6552734375 0.5449218754716981
1 0.7490234375 0.4042968745283019 0.7451171875 0.40136718773584906 0.7373046875 0.3984375 0.7275390625 0.3984375 0.7138671875 0.41015625 0.712890625 0.4116210933962264 0.7216796875 0.43066406226415094 0.7490234375 0.44824218773584906 0.75390625 0.4409179688679245 0.7578125 0.4262695311320755 0.7578125 0.4233398433962264 0.75390625 0.4116210933962264 0.7490234375 0.4042968745283019
1 0.544921875 0.3383789066037736 0.544921875 0.3237304688679245 0.54296875 0.3149414066037736 0.525390625 0.2856445311320755 0.5224609375 0.28125 0.5166015625 0.2753906245283019 0.4990234375 0.2753906245283019 0.4912109375 0.27832031226415094 0.4873046875 0.28125 0.482421875 0.2885742188679245 0.4765625 0.3032226566037736 0.474609375 0.3120117188679245 0.474609375 0.3266601566037736 0.4765625 0.3325195311320755 0.4814453125 0.34277343773584906 0.4970703125 0.36035156226415094 0.4990234375 0.36035156226415094 0.5439453125 0.33984375 0.544921875 0.3383789066037736
1 0.56640625 0.1391601566037736 0.5556640625 0.1171875 0.5439453125 0.10546875 0.5380859375 0.10253906226415094 0.4501953125 0.1171875 0.44921875 0.11865234339622642 0.44921875 0.12158203113207545 0.4560546875 0.13476562452830187 0.4892578125 0.17285156226415094 0.4970703125 0.17871093773584906 0.5244140625 0.17871093773584906 0.5341796875 0.17285156226415094 0.56640625 0.1391601566037736
3 0.4609375 0.4790039066037736 0.4599609375 0.47753906226415094 0.3779296875 0.46875 0.3154296875 0.47167968773584906 0.3125 0.4760742188679245 0.30078125 0.5112304688679246 0.298828125 0.5258789066037736 0.3046875 0.6430664066037736 0.306640625 0.6694335933962264 0.314453125 0.6987304688679246 0.3212890625 0.7089843754716981 0.3466796875 0.700195312264151 0.3515625 0.6928710933962264 0.4609375 0.4790039066037736
9 0.322265625 0.7368164066037736 0.32421875 0.7426757811320754 0.3291015625 0.75 0.33203125 0.7456054688679246 0.33203125 0.7397460933962264 0.3271484375 0.7324218754716981 0.3251953125 0.7324218754716981 0.322265625 0.7368164066037736
11 0.505859375 0.20361328113207547 0.5087890625 0.20800781226415094 0.515625 0.1977539066037736 0.515625 0.1889648433962264 0.5146484375 0.1875 0.5126953125 0.1875 0.509765625 0.19189453113207547 0.505859375 0.20361328113207547
11 0.35546875 0.6811523433962264 0.35546875 0.6840820311320754 0.3564453125 0.6855468754716981 0.3701171875 0.6855468754716981 0.37109375 0.6840820311320754 0.3681640625 0.6796875 0.3564453125 0.6796875 0.35546875 0.6811523433962264
11 0.326171875 0.4028320311320755 0.32421875 0.4086914066037736 0.32421875 0.4174804688679245 0.3291015625 0.42480468773584906 0.3310546875 0.42480468773584906 0.33203125 0.4233398433962264 0.330078125 0.3999023433962264 0.3291015625 0.3984375 0.326171875 0.4028320311320755
21 0.68359375 0.3120117188679245 0.689453125 0.2797851566037736 0.6767578125 0.26074218773584906 0.6689453125 0.2519531245283019 0.6650390625 0.2490234377358491 0.6318359375 0.24609375 0.5986328125 0.2636718754716981 0.59765625 0.2651367188679245 0.59765625 0.2680664066037736 0.6015625 0.3911132811320755 0.611328125 0.4116210933962264 0.6123046875 0.41308593773584906 0.6630859375 0.38671875 0.66796875 0.3793945311320755 0.68359375 0.3120117188679245