1 0.7431640625 0.26074218773584906 0.7646484375 0.2431640622641509 0.767578125 0.23876953113207547 0.771484375 0.22998046886792453 0.771484375 0.22705078113207547 0.7705078125 0.22558593773584906 0.7587890625 0.21386718773584906 0.6689453125 0.14648437547169813 0.66796875 0.14794921886792453 0.66796875 0.15966796886792453 0.68359375 0.2094726566037736 0.69140625 0.22705078113207547 0.6962890625 0.234375 0.7080078125 0.24609375 0.7275390625 0.26074218773584906 0.7431640625 0.26074218773584906
1 0.6513671875 0.15234375 0.6376953125 0.15234375 0.6318359375 0.15820312452830187 0.62890625 0.1625976566037736 0.626953125 0.16845703113207547 0.626953125 0.1772460933962264 0.6298828125 0.18164062452830187 0.6552734375 0.1875 0.66015625 0.18017578113207547 0.66015625 0.1655273433962264 0.658203125 0.15966796886792453 0.6513671875 0.15234375
1 0.5556640625 0.16113281226415094 0.5615234375 0.15527343773584906 0.564453125 0.1508789066037736 0.5703125 0.1391601566037736 0.57421875 0.1274414066037736 0.57421875 0.11865234339622642 0.572265625 0.10986328113207547 0.5673828125 0.09960937547169811 0.5595703125 0.09375 0.5458984375 0.09375 0.5380859375 0.09667968773584906 0.5166015625 0.11132812452830189 0.515625 0.11279296886792453 0.515625 0.1508789066037736 0.517578125 0.15673828113207547 0.5205078125 0.16113281226415094 0.5283203125 0.16699218773584906 0.5439453125 0.16699218773584906 0.5517578125 0.1640625 0.5556640625 0.16113281226415094
1 0.416015625 0.22998046886792453 0.412109375 0.21826171886792453 0.4052734375 0.20800781226415094 0.4013671875 0.20800781226415094 0.380859375 0.2504882811320755 0.37890625 0.2563476566037736 0.37890625 0.2709960933962264 0.3837890625 0.27832031226415094 0.3955078125 0.27832031226415094 0.4033203125 0.27246093773584906 0.412109375 0.2592773433962264 0.416015625 0.2475585933962264 0.416015625 0.22998046886792453
1 0.4140625 0.3823242188679245 0.416015625 0.3735351566037736 0.416015625 0.3647460933962264 0.4140625 0.3588867188679245 0.4111328125 0.35449218773584906 0.3974609375 0.34863281226415094 0.3681640625 0.375 0.3671875 0.3764648433962264 0.376953125 0.3969726566037736 0.3798828125 0.40136718773584906 0.3837890625 0.4042968745283019 0.3994140625 0.4042968745283019 0.4033203125 0.40136718773584906 0.41015625 0.3911132811320755 0.4140625 0.3823242188679245
1 0.53125 0.7368164066037736 0.537109375 0.6577148433962264 0.5361328125 0.65625 0.5166015625 0.6621093754716981 0.5087890625 0.66796875 0.5029296875 0.6738281245283019 0.498046875 0.6811523433962264 0.49609375 0.6899414066037736 0.49609375 0.7104492188679246 0.5 0.7280273433962264 0.50390625 0.7368164066037736 0.5068359375 0.741210937735849 0.5126953125 0.747070312264151 0.5224609375 0.747070312264151 0.53125 0.7368164066037736
1 0.697265625 0.5815429688679246 0.69921875 0.5756835933962264 0.69921875 0.5610351566037736 0.6953125 0.5493164066037736 0.6923828125 0.5449218754716981 0.6845703125 0.5390625 0.6728515625 0.5390625 0.6689453125 0.541992187735849 0.662109375 0.5522460933962264 0.662109375 0.5668945311320754 0.6640625 0.5727539066037736 0.671875 0.5874023433962264 0.6767578125 0.594726562264151 0.6845703125 0.594726562264151 0.6904296875 0.5917968754716981 0.697265625 0.5815429688679246
20 0.6201171875 0.5625 0.6259765625 0.5566406245283019 0.62890625 0.5522460933962264 0.630859375 0.5463867188679246 0.630859375 0.5346679688679246 0.6279296875 0.530273437735849 0.6064453125 0.530273437735849 0.5732421875 0.553710937735849 0.5703125 0.5581054688679246 0.5703125 0.5639648433962264 0.572265625 0.5815429688679246 0.5732421875 0.583007812264151 0.5771484375 0.583007812264151 0.6005859375 0.57421875 0.6123046875 0.5683593754716981 0.6201171875 0.5625
20 0.4453125 0.6665039066037736 0.447265625 0.6401367188679246 0.447265625 0.6313476566037736 0.4423828125 0.62109375 0.4326171875 0.618164062264151 0.4267578125 0.618164062264151 0.423828125 0.6225585933962264 0.419921875 0.6430664066037736 0.41796875 0.6782226566037736 0.41796875 0.6958007811320754 0.421875 0.7104492188679246 0.4228515625 0.711914062264151 0.4248046875 0.711914062264151 0.439453125 0.6928710933962264 0.443359375 0.6811523433962264 0.4453125 0.6665039066037736
13 0.80078125 0.5961914066037736 0.794921875 0.5844726566037736 0.7900390625 0.577148437735849 0.7861328125 0.57421875 0.7763671875 0.571289062264151 0.7568359375 0.5683593754716981 0.755859375 0.5698242188679246 0.744140625 0.5932617188679246 0.744140625 0.6020507811320754 0.7841796875 0.665039062264151 0.8037109375 0.647460937735849 0.806640625 0.6430664066037736 0.80859375 0.6372070311320754 0.80859375 0.6196289066037736 0.80078125 0.5961914066037736
7 0.6826171875 0.729492187735849 0.68359375 0.7280273433962264 0.68359375 0.7192382811320754 0.6357421875 0.6035156245283019 0.62890625 0.6225585933962264 0.623046875 0.6489257811320754 0.623046875 0.6694335933962264 0.62890625 0.6870117188679246 0.634765625 0.6987304688679246 0.6455078125 0.71484375 0.6572265625 0.723632812264151 0.6708984375 0.729492187735849 0.6826171875 0.729492187735849
7 0.732421875 0.7133789066037736 0.732421875 0.7075195311320754 0.73046875 0.6928710933962264 0.7265625 0.6782226566037736 0.7177734375 0.665039062264151 0.7119140625 0.6621093754716981 0.6826171875 0.6503906245283019 0.6689453125 0.6503906245283019 0.66796875 0.6518554688679246 0.681640625 0.7280273433962264 0.6943359375 0.75 0.7021484375 0.7558593754716981 0.7080078125 0.7558593754716981 0.7177734375 0.75 0.728515625 0.7338867188679246 0.732421875 0.7133789066037736
6 0.369140625 0.6137695311320754 0.375 0.5610351566037736 0.375 0.5551757811320754 0.3701171875 0.55078125 0.3583984375 0.553710937735849 0.310546875 0.6137695311320754 0.3046875 0.6430664066037736 0.30859375 0.6840820311320754 0.310546875 0.6928710933962264 0.3310546875 0.729492187735849 0.3369140625 0.729492187735849 0.341796875 0.7250976566037736 0.345703125 0.7133789066037736 0.369140625 0.6137695311320754
6 0.50390625 0.4291992188679245 0.4990234375 0.42480468773584906 0.4970703125 0.42480468773584906 0.4345703125 0.5097656245283019 0.4296875 0.5170898433962264 0.42578125 0.5258789066037736 0.423828125 0.5668945311320754 0.4267578125 0.571289062264151 0.4462890625 0.588867187735849 0.4482421875 0.588867187735849 0.5302734375 0.512695312264151 0.53515625 0.5053710933962264 0.537109375 0.4907226566037736 0.50390625 0.4291992188679245
9 0.5498046875 0.19335937547169813 0.54296875 0.20361328113207547 0.541015625 0.21533203113207547 0.541015625 0.2211914066037736 0.5419921875 0.22265625 0.5478515625 0.22265625 0.55859375 0.20654296886792453 0.55859375 0.2006835933962264 0.5537109375 0.19335937547169813 0.5498046875 0.19335937547169813
9 0.5556640625 0.2431640622641509 0.5546875 0.2446289066037736 0.5546875 0.2651367188679245 0.5556640625 0.26660156226415094 0.5595703125 0.26660156226415094 0.5625 0.2622070311320755 0.564453125 0.2504882811320755 0.5595703125 0.2431640622641509 0.5556640625 0.2431640622641509
9 0.595703125 0.2739257811320755 0.5927734375 0.26953125 0.5869140625 0.26953125 0.583984375 0.2739257811320755 0.58203125 0.2797851566037736 0.580078125 0.2915039066037736 0.580078125 0.2973632811320755 0.5830078125 0.30175781226415094 0.5869140625 0.30175781226415094 0.595703125 0.2885742188679245 0.59765625 0.2827148433962264 0.59765625 0.2797851566037736 0.595703125 0.2739257811320755
9 0.5751953125 0.3046875 0.5654296875 0.3046875 0.564453125 0.3061523433962264 0.5625 0.3120117188679245 0.5625 0.3208007811320755 0.564453125 0.3266601566037736 0.5693359375 0.3339843754716981 0.5732421875 0.3339843754716981 0.578125 0.3266601566037736 0.578125 0.3120117188679245 0.5751953125 0.3046875
9 0.5556640625 0.33105468773584906 0.5478515625 0.33105468773584906 0.544921875 0.3383789066037736 0.54296875 0.3471679688679245 0.54296875 0.3588867188679245 0.5458984375 0.36328125 0.5478515625 0.36328125 0.5517578125 0.36035156226415094 0.55859375 0.3471679688679245 0.55859375 0.3354492188679245 0.5556640625 0.33105468773584906
9 0.4697265625 0.3222656245283019 0.4677734375 0.3222656245283019 0.458984375 0.3354492188679245 0.45703125 0.3413085933962264 0.45703125 0.3471679688679245 0.4619140625 0.35449218773584906 0.4677734375 0.35449218773584906 0.470703125 0.3500976566037736 0.47265625 0.3413085933962264 0.47265625 0.3266601566037736 0.4697265625 0.3222656245283019
9 0.5224609375 0.375 0.509765625 0.3911132811320755 0.5078125 0.3969726566037736 0.5078125 0.4028320311320755 0.5146484375 0.41308593773584906 0.5166015625 0.41308593773584906 0.53515625 0.3881835933962264 0.53515625 0.3823242188679245 0.5302734375 0.375 0.5224609375 0.375
9 0.5791015625 0.4160156245283019 0.5693359375 0.4160156245283019 0.56640625 0.4204101566037736 0.56640625 0.4321289066037736 0.568359375 0.4379882811320755 0.5751953125 0.44824218773584906 0.5771484375 0.44824218773584906 0.58203125 0.4409179688679245 0.58203125 0.4204101566037736 0.5791015625 0.4160156245283019
9 0.5791015625 0.46875 0.57421875 0.4760742188679245 0.572265625 0.4819335933962264 0.5703125 0.49658203113207544 0.5732421875 0.500976562264151 0.5771484375 0.500976562264151 0.5830078125 0.495117187735849 0.58984375 0.48486328113207544 0.58984375 0.4731445311320755 0.5849609375 0.46875 0.5791015625 0.46875
9 0.6640625 0.3735351566037736 0.6640625 0.3706054688679245 0.662109375 0.3647460933962264 0.6591796875 0.36035156226415094 0.6572265625 0.36035156226415094 0.6416015625 0.375 0.63671875 0.3823242188679245 0.63671875 0.3881835933962264 0.638671875 0.3940429688679245 0.6396484375 0.39550781226415094 0.6494140625 0.39550781226415094 0.6533203125 0.3925781245283019 0.662109375 0.3793945311320755 0.6640625 0.3735351566037736
9 0.6875 0.4526367188679245 0.6787109375 0.44238281226415094 0.6728515625 0.44238281226415094 0.66796875 0.4497070311320755 0.66796875 0.4584960933962264 0.6708984375 0.4628906245283019 0.6748046875 0.46582031226415094 0.6806640625 0.46875 0.6884765625 0.46875 0.69140625 0.4614257811320755 0.6875 0.4526367188679245
9 0.7275390625 0.3515625 0.7216796875 0.3515625 0.7138671875 0.3574218754716981 0.708984375 0.3647460933962264 0.708984375 0.3676757811320755 0.7119140625 0.37207031226415094 0.7158203125 0.375 0.7275390625 0.375 0.732421875 0.3706054688679245 0.732421875 0.3588867188679245 0.7275390625 0.3515625
9 0.796875 0.3764648433962264 0.7939453125 0.37207031226415094 0.7919921875 0.37207031226415094 0.787109375 0.3764648433962264 0.78515625 0.3881835933962264 0.78515625 0.3969726566037736 0.787109375 0.4028320311320755 0.7900390625 0.40722656226415094 0.7958984375 0.40722656226415094 0.80078125 0.3999023433962264 0.80078125 0.3881835933962264 0.796875 0.3764648433962264
9 0.7822265625 0.41894531226415094 0.7705078125 0.4160156245283019 0.767578125 0.4204101566037736 0.767578125 0.4291992188679245 0.7744140625 0.4394531245283019 0.7841796875 0.4394531245283019 0.787109375 0.4321289066037736 0.787109375 0.4291992188679245 0.78515625 0.4233398433962264 0.7822265625 0.41894531226415094
9 0.7919921875 0.44238281226415094 0.7841796875 0.4394531245283019 0.7822265625 0.4394531245283019 0.7783203125 0.44238281226415094 0.77734375 0.4438476566037736 0.77734375 0.4584960933962264 0.7802734375 0.4628906245283019 0.7880859375 0.4628906245283019 0.7919921875 0.45996093773584906 0.796875 0.4526367188679245 0.794921875 0.4467773433962264 0.7919921875 0.44238281226415094
9 0.76953125 0.49951171886792456 0.7666015625 0.495117187735849 0.7607421875 0.495117187735849 0.7548828125 0.500976562264151 0.751953125 0.5053710933962264 0.75 0.5112304688679246 0.75 0.5141601566037736 0.751953125 0.5200195311320754 0.7568359375 0.524414062264151 0.7587890625 0.524414062264151 0.763671875 0.5200195311320754 0.76953125 0.5053710933962264 0.76953125 0.49951171886792456
9 0.7236328125 0.500976562264151 0.72265625 0.5024414066037736 0.720703125 0.5112304688679246 0.720703125 0.5229492188679246 0.7255859375 0.530273437735849 0.7314453125 0.530273437735849 0.736328125 0.5170898433962264 0.736328125 0.5083007811320754 0.7294921875 0.500976562264151 0.7236328125 0.500976562264151
9 0.34765625 0.3999023433962264 0.3447265625 0.39550781226415094 0.3388671875 0.39550781226415094 0.333984375 0.4028320311320755 0.333984375 0.4174804688679245 0.3359375 0.4233398433962264 0.3408203125 0.4277343745283019 0.345703125 0.4233398433962264 0.34765625 0.4174804688679245 0.349609375 0.4057617188679245 0.34765625 0.3999023433962264
9 0.359375 0.4321289066037736 0.3564453125 0.4277343745283019 0.3486328125 0.4277343745283019 0.34765625 0.4291992188679245 0.345703125 0.4350585933962264 0.345703125 0.4555664066037736 0.3486328125 0.4628906245283019 0.3525390625 0.4628906245283019 0.35546875 0.4584960933962264 0.361328125 0.4409179688679245 0.361328125 0.4379882811320755 0.359375 0.4321289066037736
9 0.4013671875 0.6328125 0.3955078125 0.6328125 0.3857421875 0.6386718754716981 0.3828125 0.6430664066037736 0.3828125 0.6489257811320754 0.3876953125 0.653320312264151 0.3994140625 0.653320312264151 0.40234375 0.6489257811320754 0.404296875 0.6430664066037736 0.404296875 0.6372070311320754 0.4013671875 0.6328125
13 0.5380859375 0.4042968745283019 0.5361328125 0.4042968745283019 0.533203125 0.4086914066037736 0.5380859375 0.4160156245283019 0.5419921875 0.41894531226415094 0.5439453125 0.41894531226415094 0.544921875 0.4174804688679245 0.544921875 0.4116210933962264 0.5419921875 0.40722656226415094 0.5380859375 0.4042968745283019
14 0.5634765625 0.40722656226415094 0.560546875 0.4116210933962264 0.564453125 0.4321289066037736 0.5693359375 0.4394531245283019 0.5703125 0.4379882811320755 0.5703125 0.4291992188679245 0.568359375 0.4116210933962264 0.5654296875 0.40722656226415094 0.5634765625 0.40722656226415094