6 0.4716796875 0.18457031226415094 0.478515625 0.1743164066037736 0.482421875 0.1625976566037736 0.482421875 0.1420898433962264 0.4794921875 0.13769531226415094 0.4287109375 0.10253906226415094 0.3759765625 0.14648437547169813 0.375 0.14794921886792453 0.376953125 0.15966796886792453 0.3828125 0.1772460933962264 0.4033203125 0.21679687452830187 0.4482421875 0.20214843773584906 0.4580078125 0.19628906226415094 0.4658203125 0.19042968773584906 0.4716796875 0.18457031226415094
6 0.63671875 0.5698242188679246 0.630859375 0.5581054688679246 0.6279296875 0.553710937735849 0.6240234375 0.55078125 0.5615234375 0.5390625 0.560546875 0.5405273433962264 0.546875 0.6577148433962264 0.5615234375 0.676757812264151 0.5947265625 0.66796875 0.6044921875 0.6621093754716981 0.62890625 0.6166992188679246 0.634765625 0.5991210933962264 0.638671875 0.5815429688679246 0.63671875 0.5698242188679246
21 0.53125 0.6313476566037736 0.529296875 0.6254882811320754 0.4775390625 0.5449218754716981 0.4287109375 0.5390625 0.42578125 0.5463867188679246 0.423828125 0.5610351566037736 0.423828125 0.5815429688679246 0.427734375 0.6196289066037736 0.431640625 0.6342773433962264 0.4404296875 0.647460937735849 0.4755859375 0.676757812264151 0.4794921875 0.676757812264151 0.53125 0.6313476566037736
20 0.35070787875 0.6621879981132075 0.281034694375 0.6349627622641509 0.27459431562500003 0.6490144971698113 0.27869273875 0.6753614990566038 0.29098800625 0.7306902047169811 0.292744473125 0.7447419396226416 0.292744473125 0.7552807405660377 0.30211229625 0.7579154415094339 0.3251953125 0.7207031245283019 0.3571482575 0.681509133018868 0.35070787875 0.6621879981132075
1 0.53515625 0.1538085933962264 0.537109375 0.14501953113207547 0.53515625 0.13330078113207547 0.5263671875 0.12011718773584906 0.5185546875 0.1171875 0.5146484375 0.1171875 0.5107421875 0.12011718773584906 0.5078125 0.12451171886792455 0.513671875 0.1508789066037736 0.515625 0.15673828113207547 0.5166015625 0.15820312452830187 0.5263671875 0.16113281226415094 0.5283203125 0.16113281226415094 0.5322265625 0.15820312452830187 0.53515625 0.1538085933962264
11 0.4814453125 0.375 0.478515625 0.3793945311320755 0.478515625 0.3881835933962264 0.4794921875 0.38964843773584906 0.4892578125 0.37792968773584906 0.4921875 0.3735351566037736 0.4921875 0.3706054688679245 0.4912109375 0.3691406245283019 0.4814453125 0.375
9 0.3740234375 0.19921875 0.3701171875 0.19921875 0.3603515625 0.20507812452830187 0.359375 0.20654296886792453 0.359375 0.21533203113207547 0.3623046875 0.21972656226415094 0.3720703125 0.21972656226415094 0.3759765625 0.21679687452830187 0.37890625 0.2124023433962264 0.37890625 0.20654296886792453 0.3740234375 0.19921875
9 0.3291015625 0.2109375 0.3251953125 0.2109375 0.3212890625 0.21386718773584906 0.318359375 0.21826171886792453 0.3125 0.22998046886792453 0.3125 0.23876953113207547 0.3134765625 0.24023437452830187 0.3193359375 0.24023437452830187 0.3291015625 0.23144531226415094 0.33203125 0.22705078113207547 0.33203125 0.21533203113207547 0.3291015625 0.2109375
9 0.314453125 0.3090820311320755 0.3134765625 0.30761718773584906 0.3037109375 0.2988281245283019 0.2978515625 0.2988281245283019 0.29296875 0.3061523433962264 0.29296875 0.3090820311320755 0.294921875 0.3149414066037736 0.2978515625 0.31933593773584906 0.3037109375 0.3222656245283019 0.3115234375 0.3222656245283019 0.314453125 0.3178710933962264 0.314453125 0.3090820311320755
9 0.306640625 0.3471679688679245 0.3017578125 0.33984375 0.2978515625 0.33984375 0.2880859375 0.3457031245283019 0.28515625 0.3500976566037736 0.28515625 0.3559570311320755 0.2900390625 0.36035156226415094 0.2958984375 0.36328125 0.2998046875 0.36328125 0.3037109375 0.36035156226415094 0.306640625 0.3559570311320755 0.306640625 0.3471679688679245
9 0.3623046875 0.30175781226415094 0.3564453125 0.30175781226415094 0.3447265625 0.3046875 0.341796875 0.3090820311320755 0.341796875 0.3178710933962264 0.3447265625 0.3222656245283019 0.3525390625 0.3222656245283019 0.3603515625 0.31640625 0.365234375 0.3090820311320755 0.365234375 0.3061523433962264 0.3623046875 0.30175781226415094
9 0.365234375 0.3208007811320755 0.3623046875 0.31640625 0.3603515625 0.31640625 0.3564453125 0.31933593773584906 0.34765625 0.3325195311320755 0.34765625 0.3413085933962264 0.3505859375 0.3457031245283019 0.3544921875 0.3457031245283019 0.3583984375 0.34277343773584906 0.361328125 0.3383789066037736 0.365234375 0.3295898433962264 0.365234375 0.3208007811320755
9 0.396484375 0.23876953113207547 0.3955078125 0.23730468773584906 0.3876953125 0.23730468773584906 0.384765625 0.2416992188679245 0.380859375 0.2534179688679245 0.380859375 0.2592773433962264 0.384765625 0.2709960933962264 0.3876953125 0.2753906245283019 0.3935546875 0.2753906245283019 0.396484375 0.2680664066037736 0.3984375 0.2563476566037736 0.396484375 0.23876953113207547
9 0.4765625 0.2446289066037736 0.47265625 0.2680664066037736 0.4755859375 0.27246093773584906 0.4833984375 0.27246093773584906 0.486328125 0.2680664066037736 0.486328125 0.2504882811320755 0.484375 0.2446289066037736 0.4794921875 0.24023437452830187 0.4765625 0.2446289066037736
9 0.5283203125 0.21386718773584906 0.525390625 0.21826171886792453 0.5234375 0.23876953113207547 0.5283203125 0.24609375 0.5302734375 0.24609375 0.533203125 0.2416992188679245 0.537109375 0.22998046886792453 0.5390625 0.2211914066037736 0.5341796875 0.21386718773584906 0.5283203125 0.21386718773584906
9 0.5869140625 0.22265625 0.5849609375 0.22265625 0.580078125 0.22998046886792453 0.58203125 0.2475585933962264 0.5869140625 0.25488281226415094 0.5927734375 0.25488281226415094 0.595703125 0.2504882811320755 0.595703125 0.23876953113207547 0.59375 0.2329101566037736 0.5869140625 0.22265625
9 0.6357421875 0.25488281226415094 0.630859375 0.2592773433962264 0.62890625 0.2651367188679245 0.62890625 0.2680664066037736 0.6337890625 0.2753906245283019 0.6455078125 0.27832031226415094 0.650390625 0.2739257811320755 0.650390625 0.2680664066037736 0.6396484375 0.2578125 0.6357421875 0.25488281226415094
9 0.587890625 0.2592773433962264 0.5791015625 0.2490234377358491 0.5751953125 0.2490234377358491 0.57421875 0.2504882811320755 0.57421875 0.2651367188679245 0.5791015625 0.27246093773584906 0.5830078125 0.2753906245283019 0.5869140625 0.27246093773584906 0.58984375 0.2680664066037736 0.58984375 0.2651367188679245 0.587890625 0.2592773433962264
9 0.2685546875 0.4453125 0.2568359375 0.4453125 0.25390625 0.4497070311320755 0.25390625 0.4584960933962264 0.2568359375 0.4628906245283019 0.2626953125 0.46582031226415094 0.2685546875 0.46582031226415094 0.2734375 0.4584960933962264 0.2734375 0.4526367188679245 0.2685546875 0.4453125
9 0.2861328125 0.46875 0.2783203125 0.46875 0.2724609375 0.47167968773584906 0.26953125 0.4760742188679245 0.26953125 0.4790039066037736 0.2724609375 0.483398437735849 0.2783203125 0.4863281245283018 0.2880859375 0.4863281245283018 0.291015625 0.4819335933962264 0.291015625 0.4760742188679245 0.2861328125 0.46875
9 0.3271484375 0.45996093773584906 0.3251953125 0.45996093773584906 0.3173828125 0.4628906245283019 0.31640625 0.4643554688679245 0.310546875 0.4790039066037736 0.310546875 0.48486328113207544 0.3154296875 0.489257812264151 0.3193359375 0.489257812264151 0.3251953125 0.483398437735849 0.328125 0.4760742188679245 0.328125 0.4614257811320755 0.3271484375 0.45996093773584906
9 0.365234375 0.4057617188679245 0.3583984375 0.39550781226415094 0.3544921875 0.3925781245283019 0.3505859375 0.3925781245283019 0.345703125 0.3999023433962264 0.345703125 0.4086914066037736 0.3486328125 0.41308593773584906 0.3525390625 0.4160156245283019 0.3583984375 0.41894531226415094 0.3623046875 0.41894531226415094 0.365234375 0.4145507811320755 0.365234375 0.4057617188679245
9 0.3779296875 0.43066406226415094 0.3759765625 0.43066406226415094 0.37109375 0.4350585933962264 0.369140625 0.4409179688679245 0.369140625 0.4584960933962264 0.3720703125 0.4628906245283019 0.3759765625 0.4628906245283019 0.380859375 0.4555664066037736 0.3828125 0.4497070311320755 0.3828125 0.4350585933962264 0.3779296875 0.43066406226415094
9 0.3623046875 0.515625 0.3544921875 0.5097656245283019 0.3525390625 0.5097656245283019 0.3486328125 0.512695312264151 0.345703125 0.5170898433962264 0.345703125 0.5229492188679246 0.3466796875 0.524414062264151 0.3564453125 0.530273437735849 0.3642578125 0.530273437735849 0.365234375 0.5288085933962264 0.365234375 0.5200195311320754 0.3623046875 0.515625
9 0.3115234375 0.5390625 0.2958984375 0.5390625 0.294921875 0.5405273433962264 0.29296875 0.5493164066037736 0.294921875 0.5551757811320754 0.2978515625 0.559570312264151 0.3056640625 0.559570312264151 0.3115234375 0.5566406245283019 0.31640625 0.5522460933962264 0.31640625 0.5434570311320754 0.3115234375 0.5390625
9 0.4697265625 0.483398437735849 0.4619140625 0.483398437735849 0.458984375 0.48779296886792456 0.455078125 0.49658203113207544 0.455078125 0.5053710933962264 0.4599609375 0.5097656245283019 0.4619140625 0.5097656245283019 0.4677734375 0.50390625 0.47265625 0.49658203113207544 0.47265625 0.4907226566037736 0.4697265625 0.483398437735849
9 0.4560546875 0.4394531245283019 0.4541015625 0.4394531245283019 0.453125 0.4409179688679245 0.451171875 0.4467773433962264 0.451171875 0.4526367188679245 0.455078125 0.4643554688679245 0.4599609375 0.46875 0.4638671875 0.46875 0.46875 0.4614257811320755 0.466796875 0.4555664066037736 0.4560546875 0.4394531245283019
9 0.6650390625 0.45703125 0.6591796875 0.45410156226415094 0.6513671875 0.45410156226415094 0.646484375 0.4614257811320755 0.646484375 0.4672851566037736 0.6513671875 0.4746093745283019 0.6591796875 0.4746093745283019 0.6650390625 0.47167968773584906 0.66796875 0.4672851566037736 0.66796875 0.4614257811320755 0.6650390625 0.45703125
9 0.4208984375 0.33984375 0.4130859375 0.3339843754716981 0.4111328125 0.3339843754716981 0.408203125 0.3383789066037736 0.408203125 0.3442382811320755 0.41015625 0.3500976566037736 0.4169921875 0.36035156226415094 0.4208984375 0.36035156226415094 0.423828125 0.3559570311320755 0.423828125 0.3442382811320755 0.4208984375 0.33984375