6 0.66015625 0.19482421886792453 0.6435546875 0.16992187547169813 0.5986328125 0.15820312452830187 0.5712890625 0.1640625 0.5634765625 0.16992187547169813 0.55859375 0.1772460933962264 0.55078125 0.2006835933962264 0.6025390625 0.2578125 0.6064453125 0.26074218773584906 0.6396484375 0.2578125 0.6669921875 0.234375 0.669921875 0.22998046886792453 0.669921875 0.2124023433962264 0.66015625 0.19482421886792453
18 0.71875 0.3764648433962264 0.720703125 0.3706054688679245 0.720703125 0.3647460933962264 0.716796875 0.3530273433962264 0.712890625 0.3442382811320755 0.6904296875 0.31347656226415094 0.6826171875 0.30761718773584906 0.6748046875 0.30761718773584906 0.673828125 0.3090820311320755 0.66796875 0.3208007811320755 0.66796875 0.3354492188679245 0.671875 0.3471679688679245 0.6806640625 0.36035156226415094 0.6943359375 0.37792968773584906 0.7060546875 0.38671875 0.7138671875 0.38378906226415094 0.71875 0.3764648433962264
18 0.7177734375 0.565429687735849 0.724609375 0.5551757811320754 0.724609375 0.5493164066037736 0.72265625 0.5405273433962264 0.70703125 0.5083007811320754 0.6943359375 0.4863281245283018 0.6884765625 0.48046875 0.6767578125 0.48046875 0.671875 0.48779296886792456 0.671875 0.5083007811320754 0.673828125 0.5141601566037736 0.693359375 0.5581054688679246 0.6982421875 0.565429687735849 0.7060546875 0.571289062264151 0.7119140625 0.571289062264151 0.7177734375 0.565429687735849
18 0.48828125 0.5288085933962264 0.48828125 0.5141601566037736 0.486328125 0.5083007811320754 0.4853515625 0.506835937735849 0.4794921875 0.50390625 0.4462890625 0.50390625 0.4384765625 0.506835937735849 0.4296875 0.5141601566037736 0.42578125 0.5258789066037736 0.427734375 0.5346679688679246 0.4326171875 0.541992187735849 0.4423828125 0.547851562264151 0.4599609375 0.547851562264151 0.4716796875 0.5449218754716981 0.4814453125 0.5390625 0.48828125 0.5288085933962264
18 0.28125 0.5610351566037736 0.28125 0.5551757811320754 0.279296875 0.5493164066037736 0.2763671875 0.5449218754716981 0.2548828125 0.5449218754716981 0.2353515625 0.553710937735849 0.224609375 0.5698242188679246 0.224609375 0.5844726566037736 0.2265625 0.5903320311320754 0.2314453125 0.594726562264151 0.2412109375 0.594726562264151 0.2646484375 0.583007812264151 0.2763671875 0.57421875 0.28125 0.5610351566037736
18 0.3173828125 0.36328125 0.322265625 0.3559570311320755 0.32421875 0.3500976566037736 0.32421875 0.3325195311320755 0.31640625 0.3032226566037736 0.3125 0.2915039066037736 0.3017578125 0.2753906245283019 0.2958984375 0.2753906245283019 0.2861328125 0.27832031226415094 0.28515625 0.2797851566037736 0.28515625 0.3032226566037736 0.287109375 0.3149414066037736 0.29296875 0.3354492188679245 0.302734375 0.3559570311320755 0.3056640625 0.36035156226415094 0.3134765625 0.36621093773584906 0.3173828125 0.36328125
1 0.5205078125 0.7089843754716981 0.5283203125 0.703125 0.541015625 0.6870117188679246 0.544921875 0.6752929688679246 0.544921875 0.6665039066037736 0.541015625 0.6372070311320754 0.5361328125 0.629882812264151 0.4931640625 0.612304687735849 0.4814453125 0.609375 0.48046875 0.6108398433962264 0.48046875 0.6225585933962264 0.484375 0.6752929688679246 0.48828125 0.6899414066037736 0.4970703125 0.703125 0.5048828125 0.7089843754716981 0.5126953125 0.711914062264151 0.5205078125 0.7089843754716981
1 0.2890625 0.4584960933962264 0.2890625 0.4291992188679245 0.28515625 0.4145507811320755 0.2822265625 0.41015625 0.2646484375 0.41015625 0.263671875 0.4116210933962264 0.263671875 0.4145507811320755 0.265625 0.4760742188679245 0.2685546875 0.483398437735849 0.2724609375 0.483398437735849 0.2802734375 0.47753906226415094 0.28515625 0.4702148433962264 0.2890625 0.4584960933962264
15 0.6796875 0.4672851566037736 0.6748046875 0.45996093773584906 0.6650390625 0.45996093773584906 0.662109375 0.4643554688679245 0.662109375 0.4731445311320755 0.6640625 0.4790039066037736 0.6689453125 0.4863281245283018 0.6708984375 0.4863281245283018 0.6748046875 0.483398437735849 0.6796875 0.4760742188679245 0.6796875 0.4672851566037736
15 0.60546875 0.6020507811320754 0.607421875 0.5932617188679246 0.607421875 0.5786132811320754 0.60546875 0.5727539066037736 0.5986328125 0.5625 0.5947265625 0.559570312264151 0.5888671875 0.5566406245283019 0.5830078125 0.5566406245283019 0.5751953125 0.5625 0.5703125 0.5698242188679246 0.568359375 0.5786132811320754 0.564453125 0.5991210933962264 0.564453125 0.6079101566037736 0.5751953125 0.618164062264151 0.5810546875 0.62109375 0.5927734375 0.62109375 0.6005859375 0.612304687735849 0.603515625 0.6079101566037736 0.60546875 0.6020507811320754
3 0.34765625 0.3090820311320755 0.3759765625 0.36328125 0.40625 0.3266601566037736 0.400390625 0.3002929688679245 0.39453125 0.2856445311320755 0.3720703125 0.2578125 0.37109375 0.2592773433962264 0.34765625 0.3090820311320755
14 0.51953125 0.13330078113207547 0.51953125 0.1274414066037736 0.5185546875 0.12597656226415094 0.4892578125 0.12011718773584906 0.4833984375 0.12011718773584906 0.482421875 0.12158203113207545 0.482421875 0.1274414066037736 0.4873046875 0.13476562452830187 0.4931640625 0.140625 0.5009765625 0.14648437547169813 0.5126953125 0.14355468773584906 0.5166015625 0.140625 0.51953125 0.13330078113207547
14 0.47265625 0.2504882811320755 0.4716796875 0.2490234377358491 0.4638671875 0.2490234377358491 0.4462890625 0.2519531245283019 0.4453125 0.2534179688679245 0.4453125 0.2563476566037736 0.44921875 0.2797851566037736 0.4501953125 0.28125 0.4599609375 0.27832031226415094 0.4677734375 0.27246093773584906 0.47265625 0.2592773433962264 0.47265625 0.2504882811320755
14 0.4990234375 0.41894531226415094 0.4970703125 0.41894531226415094 0.490234375 0.4291992188679245 0.482421875 0.4526367188679245 0.482421875 0.4672851566037736 0.4833984375 0.46875 0.4873046875 0.46875 0.490234375 0.4643554688679245 0.50390625 0.4321289066037736 0.50390625 0.4233398433962264 0.4990234375 0.41894531226415094
20 0.3671875 0.7163085933962264 0.34765625 0.6401367188679246 0.34375 0.6313476566037736 0.3427734375 0.629882812264151 0.318359375 0.6489257811320754 0.31640625 0.6782226566037736 0.3203125 0.7045898433962264 0.326171875 0.7280273433962264 0.3291015625 0.7324218754716981 0.3349609375 0.7324218754716981 0.3662109375 0.723632812264151 0.3671875 0.7221679688679246 0.3671875 0.7163085933962264
20 0.41796875 0.11279296886792453 0.4150390625 0.10839843773584906 0.4130859375 0.10839843773584906 0.4072265625 0.11425781226415094 0.390625 0.1391601566037736 0.38671875 0.1508789066037736 0.388671875 0.1655273433962264 0.3935546875 0.17285156226415094 0.4404296875 0.1875 0.4462890625 0.1875 0.44921875 0.18310546886792453 0.44921875 0.18017578113207547 0.41796875 0.11279296886792453
13 0.5205078125 0.3339843754716981 0.5029296875 0.33984375 0.501953125 0.3413085933962264 0.501953125 0.3442382811320755 0.5107421875 0.3574218754716981 0.5146484375 0.3574218754716981 0.5234375 0.3383789066037736 0.5234375 0.3354492188679245 0.5224609375 0.3339843754716981 0.5205078125 0.3339843754716981
9 0.439453125 0.2680664066037736 0.4365234375 0.2636718754716981 0.4248046875 0.2578125 0.4208984375 0.2578125 0.41796875 0.2622070311320755 0.41796875 0.2739257811320755 0.4208984375 0.27832031226415094 0.4248046875 0.28125 0.4267578125 0.28125 0.4365234375 0.27832031226415094 0.439453125 0.2739257811320755 0.439453125 0.2680664066037736
9 0.4658203125 0.30175781226415094 0.4619140625 0.30175781226415094 0.4521484375 0.30761718773584906 0.451171875 0.3090820311320755 0.451171875 0.3178710933962264 0.4521484375 0.31933593773584906 0.4580078125 0.3222656245283019 0.4658203125 0.3222656245283019 0.470703125 0.3178710933962264 0.470703125 0.3061523433962264 0.4658203125 0.30175781226415094
9 0.611328125 0.3793945311320755 0.6064453125 0.37207031226415094 0.6025390625 0.37207031226415094 0.6015625 0.3735351566037736 0.599609375 0.3793945311320755 0.599609375 0.3852539066037736 0.6015625 0.3969726566037736 0.6044921875 0.4042968745283019 0.6123046875 0.40722656226415094 0.615234375 0.4028320311320755 0.615234375 0.3881835933962264 0.611328125 0.3793945311320755
9 0.421875 0.48486328113207544 0.419921875 0.4790039066037736 0.4169921875 0.4746093745283019 0.4111328125 0.4746093745283019 0.408203125 0.4790039066037736 0.408203125 0.4907226566037736 0.412109375 0.49951171886792456 0.4169921875 0.506835937735849 0.4208984375 0.506835937735849 0.423828125 0.5024414066037736 0.423828125 0.49658203113207544 0.421875 0.48486328113207544
9 0.3779296875 0.553710937735849 0.3720703125 0.553710937735849 0.3623046875 0.5625 0.361328125 0.5639648433962264 0.361328125 0.5727539066037736 0.3623046875 0.57421875 0.3779296875 0.57421875 0.380859375 0.5698242188679246 0.3828125 0.5639648433962264 0.3828125 0.5610351566037736 0.3779296875 0.553710937735849
9 0.4365234375 0.577148437735849 0.4326171875 0.57421875 0.4208984375 0.577148437735849 0.416015625 0.5844726566037736 0.4208984375 0.5917968754716981 0.4248046875 0.594726562264151 0.4306640625 0.59765625 0.4345703125 0.59765625 0.439453125 0.5903320311320754 0.439453125 0.5815429688679246 0.4365234375 0.577148437735849
9 0.486328125 0.5639648433962264 0.4814453125 0.5566406245283019 0.4716796875 0.55078125 0.4677734375 0.55078125 0.46484375 0.5551757811320754 0.46484375 0.5610351566037736 0.4736328125 0.57421875 0.4775390625 0.577148437735849 0.4814453125 0.577148437735849 0.484375 0.5727539066037736 0.486328125 0.5668945311320754 0.486328125 0.5639648433962264
9 0.3994140625 0.6269531245283019 0.3857421875 0.629882812264151 0.3828125 0.6342773433962264 0.3828125 0.6430664066037736 0.3857421875 0.647460937735849 0.4033203125 0.647460937735849 0.40625 0.6430664066037736 0.40625 0.6342773433962264 0.4033203125 0.629882812264151 0.3994140625 0.6269531245283019
9 0.68359375 0.6665039066037736 0.6787109375 0.659179687735849 0.6728515625 0.659179687735849 0.671875 0.6606445311320754 0.669921875 0.6665039066037736 0.669921875 0.6723632811320754 0.673828125 0.6840820311320754 0.6787109375 0.69140625 0.6826171875 0.69140625 0.685546875 0.6870117188679246 0.685546875 0.6811523433962264 0.68359375 0.6665039066037736