6 0.48046875 0.1772460933962264 0.46484375 0.10693359339622642 0.462890625 0.10107421886792453 0.4599609375 0.09667968773584906 0.3642578125 0.11425781226415094 0.3564453125 0.1171875 0.3486328125 0.12304687547169811 0.3388671875 0.13476562452830187 0.337890625 0.13623046886792453 0.337890625 0.1508789066037736 0.349609375 0.21826171886792453 0.3505859375 0.21972656226415094 0.4404296875 0.21972656226415094 0.4794921875 0.19628906226415094 0.48046875 0.19482421886792453 0.48046875 0.1772460933962264
6 0.466796875 0.3178710933962264 0.4658203125 0.31640625 0.4267578125 0.28125 0.3974609375 0.26953125 0.3955078125 0.26953125 0.39453125 0.2709960933962264 0.388671875 0.2915039066037736 0.421875 0.3647460933962264 0.4384765625 0.3925781245283019 0.4697265625 0.38964843773584906 0.4736328125 0.38671875 0.4765625 0.3823242188679245 0.4765625 0.3764648433962264 0.466796875 0.3178710933962264
6 0.6611328125 0.41015625 0.6689453125 0.4042968745283019 0.671875 0.3999023433962264 0.673828125 0.3940429688679245 0.677734375 0.3647460933962264 0.65234375 0.2768554688679245 0.6513671875 0.2753906245283019 0.5810546875 0.26074218773584906 0.578125 0.2651367188679245 0.564453125 0.2944335933962264 0.560546875 0.3120117188679245 0.560546875 0.3325195311320755 0.5625 0.3383789066037736 0.5703125 0.3588867188679245 0.6064453125 0.40722656226415094 0.6103515625 0.41015625 0.6552734375 0.41308593773584906 0.6611328125 0.41015625
6 0.611328125 0.5639648433962264 0.61328125 0.5581054688679246 0.61328125 0.5200195311320754 0.6123046875 0.518554687735849 0.5576171875 0.4921875 0.5263671875 0.500976562264151 0.5234375 0.5053710933962264 0.521484375 0.5112304688679246 0.521484375 0.5200195311320754 0.529296875 0.5668945311320754 0.5302734375 0.5683593754716981 0.5576171875 0.583007812264151 0.5966796875 0.5800781245283019 0.6064453125 0.571289062264151 0.611328125 0.5639648433962264
6 0.4853515625 0.647460937735849 0.4931640625 0.641601562264151 0.521484375 0.6049804688679246 0.4306640625 0.512695312264151 0.4296875 0.5141601566037736 0.427734375 0.5229492188679246 0.427734375 0.5844726566037736 0.4296875 0.5961914066037736 0.439453125 0.6284179688679246 0.4501953125 0.641601562264151 0.4658203125 0.6503906245283019 0.4794921875 0.6503906245283019 0.4853515625 0.647460937735849
3 0.34765625 0.6225585933962264 0.349609375 0.6137695311320754 0.349609375 0.6020507811320754 0.3466796875 0.59765625 0.3408203125 0.594726562264151 0.3017578125 0.59765625 0.30078125 0.5991210933962264 0.28125 0.6430664066037736 0.28125 0.6547851566037736 0.283203125 0.6694335933962264 0.2861328125 0.6738281245283019 0.2939453125 0.676757812264151 0.3154296875 0.676757812264151 0.3232421875 0.6738281245283019 0.34765625 0.6225585933962264
1 0.322265625 0.3823242188679245 0.3203125 0.3706054688679245 0.3134765625 0.36035156226415094 0.3076171875 0.3574218754716981 0.2939453125 0.3574218754716981 0.2861328125 0.36328125 0.27734375 0.3764648433962264 0.2734375 0.3881835933962264 0.2734375 0.3940429688679245 0.275390625 0.3999023433962264 0.2783203125 0.4042968745283019 0.3115234375 0.4042968745283019 0.31640625 0.3999023433962264 0.3203125 0.3911132811320755 0.322265625 0.3823242188679245
9 0.5478515625 0.17578125 0.5419921875 0.17871093773584906 0.5361328125 0.18457031226415094 0.533203125 0.1889648433962264 0.53125 0.19482421886792453 0.53125 0.2006835933962264 0.5322265625 0.20214843773584906 0.5419921875 0.20214843773584906 0.5498046875 0.19921875 0.5546875 0.19189453113207547 0.552734375 0.18017578113207547 0.5478515625 0.17578125
9 0.4951171875 0.3105468754716981 0.4892578125 0.3046875 0.4853515625 0.3046875 0.4814453125 0.30761718773584906 0.48046875 0.3090820311320755 0.48046875 0.3120117188679245 0.486328125 0.3266601566037736 0.4931640625 0.33691406226415094 0.5029296875 0.33105468773584906 0.50390625 0.3295898433962264 0.5 0.3178710933962264 0.4951171875 0.3105468754716981
9 0.3232421875 0.3105468754716981 0.3154296875 0.3105468754716981 0.3125 0.3149414066037736 0.3125 0.3208007811320755 0.3173828125 0.328125 0.3349609375 0.328125 0.33984375 0.3208007811320755 0.33984375 0.3178710933962264 0.3369140625 0.31347656226415094 0.3232421875 0.3105468754716981
9 0.3701171875 0.524414062264151 0.359375 0.5346679688679246 0.357421875 0.5405273433962264 0.357421875 0.5434570311320754 0.3623046875 0.55078125 0.3681640625 0.55078125 0.376953125 0.5375976566037736 0.376953125 0.5288085933962264 0.3740234375 0.524414062264151 0.3701171875 0.524414062264151
9 0.5068359375 0.4277343745283019 0.5009765625 0.4277343745283019 0.494140625 0.4379882811320755 0.4921875 0.4438476566037736 0.4921875 0.4467773433962264 0.494140625 0.4526367188679245 0.4951171875 0.45410156226415094 0.5009765625 0.45410156226415094 0.5078125 0.4379882811320755 0.5078125 0.4291992188679245 0.5068359375 0.4277343745283019
9 0.7353515625 0.3925781245283019 0.73046875 0.3999023433962264 0.73046875 0.4204101566037736 0.7333984375 0.42480468773584906 0.7392578125 0.42480468773584906 0.7421875 0.4204101566037736 0.7421875 0.3969726566037736 0.7373046875 0.3925781245283019 0.7353515625 0.3925781245283019
9 0.560546875 0.6313476566037736 0.5556640625 0.624023437735849 0.5498046875 0.624023437735849 0.546875 0.6284179688679246 0.544921875 0.6342773433962264 0.544921875 0.6372070311320754 0.548828125 0.6518554688679246 0.5517578125 0.65625 0.5576171875 0.65625 0.55859375 0.6547851566037736 0.560546875 0.6372070311320754 0.560546875 0.6313476566037736
9 0.43359375 0.4643554688679245 0.435546875 0.4760742188679245 0.4365234375 0.47753906226415094 0.4443359375 0.47753906226415094 0.447265625 0.4702148433962264 0.4453125 0.4643554688679245 0.4384765625 0.45703125 0.43359375 0.4643554688679245