1 0.2900390625 0.47753906226415094 0.296875 0.4672851566037736 0.298828125 0.4584960933962264 0.298828125 0.4497070311320755 0.2939453125 0.44238281226415094 0.2861328125 0.4394531245283019 0.2822265625 0.4394531245283019 0.2783203125 0.44238281226415094 0.2626953125 0.45996093773584906 0.259765625 0.4643554688679245 0.259765625 0.4731445311320755 0.26171875 0.4790039066037736 0.2646484375 0.483398437735849 0.2705078125 0.4863281245283018 0.2763671875 0.4863281245283018 0.2841796875 0.483398437735849 0.2900390625 0.47753906226415094
1 0.380859375 0.7485351566037736 0.380859375 0.7456054688679246 0.3671875 0.6782226566037736 0.3603515625 0.66796875 0.3515625 0.6811523433962264 0.34765625 0.6928710933962264 0.345703125 0.7045898433962264 0.345703125 0.7309570311320754 0.3515625 0.7485351566037736 0.357421875 0.7602539066037736 0.3583984375 0.76171875 0.3662109375 0.76171875 0.3798828125 0.75 0.380859375 0.7485351566037736
1 0.35546875 0.6108398433962264 0.3525390625 0.606445312264151 0.3486328125 0.6035156245283019 0.3369140625 0.6035156245283019 0.328125 0.6108398433962264 0.326171875 0.6166992188679246 0.326171875 0.6284179688679246 0.328125 0.6372070311320754 0.3349609375 0.647460937735849 0.3388671875 0.647460937735849 0.357421875 0.6196289066037736 0.357421875 0.6166992188679246 0.35546875 0.6108398433962264
1 0.51171875 0.5581054688679246 0.509765625 0.5463867188679246 0.5078125 0.5405273433962264 0.4990234375 0.52734375 0.4951171875 0.524414062264151 0.4873046875 0.524414062264151 0.4736328125 0.52734375 0.470703125 0.5317382811320754 0.484375 0.6020507811320754 0.486328125 0.6079101566037736 0.4892578125 0.612304687735849 0.5009765625 0.606445312264151 0.505859375 0.5991210933962264 0.509765625 0.5874023433962264 0.51171875 0.5581054688679246
1 0.71875 0.4438476566037736 0.7109375 0.4262695311320755 0.7001953125 0.41015625 0.6962890625 0.40722656226415094 0.6884765625 0.4042968745283019 0.6748046875 0.4042968745283019 0.6689453125 0.40722656226415094 0.6513671875 0.4277343745283019 0.6298828125 0.45703125 0.625 0.4643554688679245 0.6259765625 0.46582031226415094 0.6572265625 0.47167968773584906 0.7080078125 0.4628906245283019 0.7216796875 0.45996093773584906 0.72265625 0.4584960933962264 0.72265625 0.4555664066037736 0.71875 0.4438476566037736
1 0.4765625 0.21533203113207547 0.4765625 0.2094726566037736 0.474609375 0.20361328113207547 0.4697265625 0.19921875 0.4638671875 0.19921875 0.4580078125 0.20214843773584906 0.447265625 0.21826171886792453 0.447265625 0.2475585933962264 0.44921875 0.2563476566037736 0.4521484375 0.26074218773584906 0.4599609375 0.26660156226415094 0.4658203125 0.26660156226415094 0.46875 0.2622070311320755 0.4765625 0.21533203113207547
20 0.7294921875 0.27246093773584906 0.7197265625 0.26660156226415094 0.7138671875 0.26660156226415094 0.712890625 0.2680664066037736 0.689453125 0.3149414066037736 0.703125 0.3940429688679245 0.7041015625 0.39550781226415094 0.740234375 0.3618164066037736 0.748046875 0.3002929688679245 0.748046875 0.2973632811320755 0.7373046875 0.28125 0.7294921875 0.27246093773584906
20 0.3310546875 0.19921875 0.3154296875 0.20507812452830187 0.314453125 0.20654296886792453 0.310546875 0.2592773433962264 0.3154296875 0.26660156226415094 0.3603515625 0.31347656226415094 0.3623046875 0.31347656226415094 0.37109375 0.2885742188679245 0.37109375 0.2856445311320755 0.357421875 0.23876953113207547 0.3310546875 0.19921875
20 0.4873046875 0.27832031226415094 0.4814453125 0.28125 0.48046875 0.2827148433962264 0.4765625 0.3237304688679245 0.4931640625 0.34863281226415094 0.5283203125 0.33691406226415094 0.529296875 0.3354492188679245 0.5234375 0.2915039066037736 0.5166015625 0.28125 0.5029296875 0.27832031226415094 0.4873046875 0.27832031226415094
20 0.6123046875 0.3222656245283019 0.5986328125 0.3105468754716981 0.5810546875 0.328125 0.5703125 0.3442382811320755 0.568359375 0.3500976566037736 0.568359375 0.3559570311320755 0.5712890625 0.36035156226415094 0.5947265625 0.38378906226415094 0.6123046875 0.36621093773584906 0.619140625 0.3559570311320755 0.625 0.3413085933962264 0.6123046875 0.3222656245283019
20 0.716796875 0.6401367188679246 0.720703125 0.6254882811320754 0.72265625 0.6166992188679246 0.72265625 0.6079101566037736 0.720703125 0.6020507811320754 0.7177734375 0.59765625 0.7138671875 0.594726562264151 0.7041015625 0.594726562264151 0.697265625 0.6020507811320754 0.6953125 0.6079101566037736 0.6953125 0.6108398433962264 0.697265625 0.6342773433962264 0.69921875 0.6430664066037736 0.703125 0.6518554688679246 0.7060546875 0.65625 0.7099609375 0.65625 0.716796875 0.6401367188679246
20 0.580078125 0.4555664066037736 0.578125 0.4497070311320755 0.572265625 0.4379882811320755 0.5712890625 0.43652343773584906 0.5693359375 0.43652343773584906 0.5615234375 0.44238281226415094 0.552734375 0.4555664066037736 0.55078125 0.4614257811320755 0.55859375 0.5141601566037736 0.5595703125 0.515625 0.5732421875 0.515625 0.5810546875 0.512695312264151 0.5859375 0.5053710933962264 0.5859375 0.4936523433962264 0.580078125 0.4555664066037736
20 0.3681640625 0.3984375 0.3642578125 0.39550781226415094 0.3447265625 0.39550781226415094 0.3330078125 0.40136718773584906 0.3291015625 0.4042968745283019 0.326171875 0.4086914066037736 0.32421875 0.4145507811320755 0.32421875 0.4262695311320755 0.3291015625 0.43359375 0.3427734375 0.43359375 0.3544921875 0.42480468773584906 0.3623046875 0.4160156245283019 0.37109375 0.4028320311320755 0.3681640625 0.3984375
20 0.568359375 0.6547851566037736 0.5654296875 0.6503906245283019 0.5419921875 0.635742187735849 0.509765625 0.6958007811320754 0.5078125 0.7163085933962264 0.5087890625 0.717773437735849 0.5107421875 0.717773437735849 0.5439453125 0.694335937735849 0.5556640625 0.6855468754716981 0.5615234375 0.6796875 0.56640625 0.6723632811320754 0.568359375 0.6547851566037736
18 0.6181640625 0.647460937735849 0.6279296875 0.641601562264151 0.6328125 0.6313476566037736 0.634765625 0.6196289066037736 0.634765625 0.6137695311320754 0.6328125 0.6049804688679246 0.626953125 0.5874023433962264 0.61328125 0.5581054688679246 0.6005859375 0.5390625 0.5908203125 0.530273437735849 0.5791015625 0.530273437735849 0.5673828125 0.536132812264151 0.56640625 0.5375976566037736 0.564453125 0.5434570311320754 0.564453125 0.5639648433962264 0.56640625 0.5727539066037736 0.5703125 0.5844726566037736 0.59375 0.6284179688679246 0.6025390625 0.641601562264151 0.6142578125 0.647460937735849 0.6181640625 0.647460937735849
9 0.404296875 0.4086914066037736 0.404296875 0.3969726566037736 0.3984375 0.3793945311320755 0.3974609375 0.37792968773584906 0.39453125 0.3823242188679245 0.376953125 0.4145507811320755 0.376953125 0.4174804688679245 0.37890625 0.4233398433962264 0.3837890625 0.4277343745283019 0.3916015625 0.4277343745283019 0.3974609375 0.421875 0.40234375 0.4145507811320755 0.404296875 0.4086914066037736
9 0.37109375 0.4028320311320755 0.3681640625 0.3984375 0.3603515625 0.39550781226415094 0.3466796875 0.39550781226415094 0.3330078125 0.40136718773584906 0.328125 0.4057617188679245 0.32421875 0.4145507811320755 0.32421875 0.4262695311320755 0.3291015625 0.43359375 0.3447265625 0.43359375 0.3603515625 0.41894531226415094 0.3701171875 0.40722656226415094 0.37109375 0.4057617188679245 0.37109375 0.4028320311320755
21 0.6630859375 0.1171875 0.5947265625 0.06738281226415094 0.5908203125 0.06738281226415094 0.5615234375 0.09082031226415094 0.546875 0.11865234339622642 0.53515625 0.1743164066037736 0.53515625 0.1772460933962264 0.5380859375 0.18164062452830187 0.6279296875 0.23144531226415094 0.6298828125 0.23144531226415094 0.640625 0.21533203113207547 0.673828125 0.13623046886792453 0.6630859375 0.1171875
14 0.44921875 0.5375976566037736 0.447265625 0.5317382811320754 0.4443359375 0.52734375 0.4423828125 0.52734375 0.4384765625 0.530273437735849 0.431640625 0.5405273433962264 0.431640625 0.5434570311320754 0.4345703125 0.547851562264151 0.4384765625 0.55078125 0.4404296875 0.55078125 0.4482421875 0.541992187735849 0.44921875 0.5405273433962264 0.44921875 0.5375976566037736