6 0.6689453125 0.629882812264151 0.6787109375 0.624023437735849 0.69140625 0.6108398433962264 0.69140625 0.6020507811320754 0.685546875 0.5493164066037736 0.6796875 0.5229492188679246 0.66796875 0.4790039066037736 0.654296875 0.4321289066037736 0.6533203125 0.43066406226415094 0.6279296875 0.41894531226415094 0.6259765625 0.41894531226415094 0.6162109375 0.42480468773584906 0.6064453125 0.43359375 0.60546875 0.4350585933962264 0.60546875 0.5024414066037736 0.611328125 0.5375976566037736 0.62890625 0.5786132811320754 0.634765625 0.5903320311320754 0.6611328125 0.6269531245283019 0.6650390625 0.629882812264151 0.6689453125 0.629882812264151
27 0.333984375 0.4409179688679245 0.3310546875 0.43652343773584906 0.2802734375 0.3808593754716981 0.2744140625 0.37792968773584906 0.2685546875 0.37792968773584906 0.265625 0.3823242188679245 0.263671875 0.3881835933962264 0.24609375 0.4584960933962264 0.244140625 0.4731445311320755 0.244140625 0.4790039066037736 0.24609375 0.48486328113207544 0.2548828125 0.4921875 0.2607421875 0.4921875 0.3291015625 0.45410156226415094 0.333984375 0.4467773433962264 0.333984375 0.4409179688679245
27 0.5712890625 0.3691406245283019 0.5341796875 0.3515625 0.5322265625 0.3515625 0.5224609375 0.3574218754716981 0.51953125 0.3618164066037736 0.48046875 0.4379882811320755 0.48046875 0.4438476566037736 0.5341796875 0.4863281245283018 0.5654296875 0.4863281245283018 0.572265625 0.4790039066037736 0.576171875 0.3881835933962264 0.572265625 0.3706054688679245 0.5712890625 0.3691406245283019
18 0.27734375 0.7631835933962264 0.28125 0.7514648433962264 0.28125 0.7163085933962264 0.279296875 0.7075195311320754 0.2734375 0.6928710933962264 0.2646484375 0.6796875 0.2529296875 0.670898437735849 0.2470703125 0.670898437735849 0.2421875 0.6782226566037736 0.240234375 0.6870117188679246 0.240234375 0.6928710933962264 0.24609375 0.7602539066037736 0.248046875 0.7690429688679246 0.2548828125 0.7792968754716981 0.2626953125 0.7792968754716981 0.2705078125 0.7734375 0.27734375 0.7631835933962264
18 0.4306640625 0.27832031226415094 0.4365234375 0.2753906245283019 0.443359375 0.2651367188679245 0.4453125 0.2592773433962264 0.4453125 0.20654296886792453 0.443359375 0.19482421886792453 0.4375 0.18017578113207547 0.4287109375 0.16699218773584906 0.4091796875 0.14941406226415094 0.408203125 0.1508789066037736 0.40234375 0.1889648433962264 0.40234375 0.2094726566037736 0.40625 0.2446289066037736 0.41015625 0.2622070311320755 0.412109375 0.2680664066037736 0.4150390625 0.27246093773584906 0.4228515625 0.27832031226415094 0.4306640625 0.27832031226415094
20 0.56640625 0.6606445311320754 0.5576171875 0.6503906245283019 0.5498046875 0.64453125 0.5439453125 0.64453125 0.5400390625 0.647460937735849 0.537109375 0.6518554688679246 0.537109375 0.6665039066037736 0.5390625 0.6723632811320754 0.5654296875 0.706054687735849 0.5732421875 0.706054687735849 0.578125 0.6928710933962264 0.57421875 0.6752929688679246 0.56640625 0.6606445311320754
20 0.46875 0.7045898433962264 0.4609375 0.6840820311320754 0.455078125 0.6723632811320754 0.4501953125 0.66796875 0.4443359375 0.66796875 0.44140625 0.6723632811320754 0.44140625 0.6870117188679246 0.447265625 0.7045898433962264 0.4560546875 0.717773437735849 0.4599609375 0.7207031245283019 0.4638671875 0.7207031245283019 0.46484375 0.7192382811320754 0.46875 0.7045898433962264
20 0.4296875 0.6254882811320754 0.44140625 0.5786132811320754 0.44140625 0.5756835933962264 0.4345703125 0.565429687735849 0.3896484375 0.5683593754716981 0.38671875 0.5727539066037736 0.38671875 0.5903320311320754 0.390625 0.6020507811320754 0.39453125 0.6108398433962264 0.4013671875 0.62109375 0.4248046875 0.6269531245283019 0.4287109375 0.6269531245283019 0.4296875 0.6254882811320754
20 0.43359375 0.4086914066037736 0.431640625 0.3999023433962264 0.4287109375 0.39550781226415094 0.4169921875 0.39550781226415094 0.4140625 0.3999023433962264 0.412109375 0.4057617188679245 0.412109375 0.4438476566037736 0.421875 0.4731445311320755 0.4248046875 0.47753906226415094 0.4267578125 0.47753906226415094 0.43359375 0.4702148433962264 0.4375 0.4526367188679245 0.43359375 0.4086914066037736
20 0.33203125 0.2475585933962264 0.3203125 0.2739257811320755 0.306640625 0.3208007811320755 0.306640625 0.3237304688679245 0.3076171875 0.32519531226415094 0.3408203125 0.32519531226415094 0.365234375 0.2856445311320755 0.3515625 0.2504882811320755 0.3388671875 0.23730468773584906 0.33203125 0.2475585933962264
14 0.4833984375 0.16113281226415094 0.482421875 0.1625976566037736 0.48046875 0.17138671886792453 0.494140625 0.21826171886792453 0.4951171875 0.21972656226415094 0.50390625 0.1977539066037736 0.50390625 0.19189453113207547 0.49609375 0.1743164066037736 0.4873046875 0.16113281226415094 0.4833984375 0.16113281226415094
17 0.5126953125 0.15820312452830187 0.509765625 0.1625976566037736 0.498046875 0.19189453113207547 0.498046875 0.2124023433962264 0.5234375 0.2680664066037736 0.5244140625 0.26953125 0.5751953125 0.26660156226415094 0.59375 0.2241210933962264 0.5146484375 0.15820312452830187 0.5126953125 0.15820312452830187
1 0.5048828125 0.5917968754716981 0.513671875 0.5786132811320754 0.513671875 0.5668945311320754 0.509765625 0.5493164066037736 0.5087890625 0.547851562264151 0.4853515625 0.524414062264151 0.48046875 0.5317382811320754 0.47265625 0.5522460933962264 0.47265625 0.5639648433962264 0.474609375 0.5756835933962264 0.48046875 0.5903320311320754 0.4853515625 0.59765625 0.4892578125 0.600585937735849 0.4951171875 0.600585937735849 0.5048828125 0.5917968754716981
1 0.357421875 0.6518554688679246 0.35546875 0.6459960933962264 0.3427734375 0.629882812264151 0.3388671875 0.6269531245283019 0.3310546875 0.6269531245283019 0.3212890625 0.635742187735849 0.318359375 0.6401367188679246 0.31640625 0.6459960933962264 0.31640625 0.6635742188679246 0.3203125 0.6782226566037736 0.3251953125 0.682617187735849 0.3330078125 0.682617187735849 0.3466796875 0.676757812264151 0.357421875 0.6635742188679246 0.357421875 0.6518554688679246
1 0.31640625 0.5434570311320754 0.3134765625 0.5390625 0.3095703125 0.5390625 0.296875 0.5581054688679246 0.294921875 0.5639648433962264 0.294921875 0.5727539066037736 0.298828125 0.5844726566037736 0.3017578125 0.588867187735849 0.3134765625 0.594726562264151 0.3154296875 0.594726562264151 0.3203125 0.5815429688679246 0.31640625 0.5434570311320754
9 0.3984375 0.7192382811320754 0.3955078125 0.71484375 0.3857421875 0.71484375 0.3828125 0.7192382811320754 0.380859375 0.7280273433962264 0.3828125 0.7514648433962264 0.3857421875 0.7558593754716981 0.3896484375 0.7558593754716981 0.39453125 0.7485351566037736 0.400390625 0.7309570311320754 0.400390625 0.7250976566037736 0.3984375 0.7192382811320754
9 0.46484375 0.3208007811320755 0.4619140625 0.31640625 0.4560546875 0.31640625 0.453125 0.3208007811320755 0.453125 0.3266601566037736 0.455078125 0.3325195311320755 0.4599609375 0.34277343773584906 0.4658203125 0.34277343773584906 0.466796875 0.3413085933962264 0.466796875 0.3295898433962264 0.46484375 0.3208007811320755