1 0.529296875 0.1391601566037736 0.5185546875 0.12890625 0.5107421875 0.12597656226415094 0.5029296875 0.12597656226415094 0.5 0.1303710933962264 0.490234375 0.1538085933962264 0.486328125 0.1655273433962264 0.486328125 0.17138671886792453 0.4921875 0.1889648433962264 0.4970703125 0.19628906226415094 0.4990234375 0.19628906226415094 0.5263671875 0.16992187547169813 0.53125 0.1625976566037736 0.529296875 0.1391601566037736
1 0.6240234375 0.10839843773584906 0.62890625 0.10107421886792453 0.6259765625 0.09375 0.6025390625 0.08203125 0.5849609375 0.07617187547169811 0.5830078125 0.07617187547169811 0.5703125 0.08935546886792453 0.568359375 0.09521484339622642 0.568359375 0.09814453113207547 0.5771484375 0.11132812452830189 0.5888671875 0.12011718773584906 0.5986328125 0.12304687547169811 0.6123046875 0.12011718773584906 0.6162109375 0.1171875 0.6240234375 0.10839843773584906
1 0.587890625 0.2241210933962264 0.58984375 0.21533203113207547 0.58984375 0.20654296886792453 0.587890625 0.1977539066037736 0.57421875 0.1625976566037736 0.5712890625 0.15820312452830187 0.5537109375 0.14355468773584906 0.5517578125 0.14355468773584906 0.548828125 0.1508789066037736 0.53515625 0.20654296886792453 0.546875 0.2651367188679245 0.5478515625 0.26660156226415094 0.5498046875 0.26660156226415094 0.5673828125 0.2578125 0.5712890625 0.25488281226415094 0.58203125 0.23876953113207547 0.587890625 0.2241210933962264
1 0.482421875 0.2211914066037736 0.482421875 0.21826171886792453 0.4765625 0.2006835933962264 0.466796875 0.18017578113207547 0.4638671875 0.17578125 0.4521484375 0.16699218773584906 0.4453125 0.1772460933962264 0.4453125 0.1860351566037736 0.451171875 0.2094726566037736 0.4560546875 0.21679687452830187 0.4619140625 0.22265625 0.4677734375 0.22558593773584906 0.4794921875 0.22558593773584906 0.482421875 0.2211914066037736
1 0.4921875 0.2739257811320755 0.4873046875 0.26660156226415094 0.4833984375 0.26953125 0.48046875 0.2739257811320755 0.4765625 0.2827148433962264 0.4765625 0.3090820311320755 0.486328125 0.3383789066037736 0.4931640625 0.34863281226415094 0.5009765625 0.34863281226415094 0.51171875 0.3325195311320755 0.51171875 0.3295898433962264 0.4921875 0.2739257811320755
1 0.578125 0.3735351566037736 0.572265625 0.3618164066037736 0.55859375 0.3383789066037736 0.5556640625 0.3339843754716981 0.5498046875 0.328125 0.5185546875 0.2988281245283019 0.5166015625 0.2988281245283019 0.515625 0.3002929688679245 0.515625 0.3032226566037736 0.537109375 0.3823242188679245 0.5595703125 0.3984375 0.5673828125 0.3984375 0.5751953125 0.39550781226415094 0.578125 0.3911132811320755 0.578125 0.3735351566037736
1 0.701171875 0.2856445311320755 0.703125 0.2797851566037736 0.703125 0.2680664066037736 0.697265625 0.2504882811320755 0.6943359375 0.24609375 0.6611328125 0.24609375 0.6572265625 0.2490234377358491 0.65234375 0.2563476566037736 0.65234375 0.2622070311320755 0.658203125 0.2797851566037736 0.6689453125 0.29589843773584906 0.6728515625 0.2988281245283019 0.6904296875 0.2988281245283019 0.6943359375 0.29589843773584906 0.701171875 0.2856445311320755
1 0.771484375 0.23876953113207547 0.767578125 0.22705078113207547 0.7607421875 0.21679687452830187 0.7529296875 0.2109375 0.7451171875 0.2109375 0.740234375 0.2241210933962264 0.73828125 0.2475585933962264 0.740234375 0.2709960933962264 0.7470703125 0.28125 0.7548828125 0.28125 0.7607421875 0.27832031226415094 0.767578125 0.2680664066037736 0.771484375 0.2563476566037736 0.771484375 0.23876953113207547
1 0.650390625 0.5112304688679246 0.630859375 0.4438476566037736 0.6298828125 0.44238281226415094 0.6279296875 0.44238281226415094 0.6162109375 0.4453125 0.60546875 0.4614257811320755 0.603515625 0.4672851566037736 0.603515625 0.4907226566037736 0.6220703125 0.515625 0.6279296875 0.5214843754716981 0.6435546875 0.5332031245283019 0.6494140625 0.5332031245283019 0.650390625 0.5317382811320754 0.650390625 0.5112304688679246
1 0.6845703125 0.6328125 0.685546875 0.6313476566037736 0.6875 0.5786132811320754 0.6796875 0.5581054688679246 0.6767578125 0.553710937735849 0.6689453125 0.553710937735849 0.6630859375 0.559570312264151 0.66015625 0.5639648433962264 0.658203125 0.5698242188679246 0.65625 0.5786132811320754 0.658203125 0.5991210933962264 0.66015625 0.6108398433962264 0.662109375 0.6166992188679246 0.666015625 0.6254882811320754 0.6728515625 0.635742187735849 0.6806640625 0.635742187735849 0.6845703125 0.6328125
1 0.486328125 0.4116210933962264 0.4794921875 0.40136718773584906 0.4697265625 0.3984375 0.4658203125 0.3984375 0.4599609375 0.40136718773584906 0.4521484375 0.41015625 0.451171875 0.4116210933962264 0.451171875 0.4145507811320755 0.4541015625 0.421875 0.4599609375 0.4277343745283019 0.4677734375 0.43066406226415094 0.4716796875 0.43066406226415094 0.4755859375 0.4277343745283019 0.486328125 0.4116210933962264
1 0.4560546875 0.38378906226415094 0.451171875 0.3911132811320755 0.447265625 0.4028320311320755 0.4521484375 0.4160156245283019 0.4677734375 0.3984375 0.47265625 0.3911132811320755 0.4697265625 0.38671875 0.4638671875 0.3808593754716981 0.4599609375 0.3808593754716981 0.4560546875 0.38378906226415094
18 0.427734375 0.2124023433962264 0.439453125 0.1860351566037736 0.44140625 0.1743164066037736 0.439453125 0.1625976566037736 0.4365234375 0.15820312452830187 0.4248046875 0.15820312452830187 0.4169921875 0.1640625 0.4111328125 0.16992187547169813 0.390625 0.2006835933962264 0.388671875 0.2094726566037736 0.388671875 0.2211914066037736 0.392578125 0.22998046886792453 0.3974609375 0.234375 0.4052734375 0.234375 0.4111328125 0.23144531226415094 0.4248046875 0.21679687452830187 0.427734375 0.2124023433962264
18 0.6982421875 0.21972656226415094 0.7021484375 0.21679687452830187 0.7109375 0.20361328113207547 0.712890625 0.19482421886792453 0.712890625 0.1889648433962264 0.70703125 0.1772460933962264 0.7041015625 0.17285156226415094 0.6923828125 0.16113281226415094 0.6728515625 0.14941406226415094 0.6474609375 0.140625 0.6357421875 0.14941406226415094 0.625 0.1655273433962264 0.623046875 0.17138671886792453 0.623046875 0.1743164066037736 0.625 0.18017578113207547 0.6337890625 0.19628906226415094 0.6396484375 0.20214843773584906 0.6728515625 0.21679687452830187 0.6826171875 0.21972656226415094 0.6982421875 0.21972656226415094
18 0.8046875 0.3647460933962264 0.806640625 0.3588867188679245 0.806640625 0.3413085933962264 0.802734375 0.3208007811320755 0.7998046875 0.31640625 0.7958984375 0.31347656226415094 0.7841796875 0.31347656226415094 0.7734375 0.3295898433962264 0.7734375 0.3559570311320755 0.775390625 0.3618164066037736 0.7822265625 0.37207031226415094 0.7880859375 0.375 0.7919921875 0.375 0.7998046875 0.37207031226415094 0.8046875 0.3647460933962264
18 0.8310546875 0.495117187735849 0.83984375 0.4819335933962264 0.83984375 0.4555664066037736 0.837890625 0.4497070311320755 0.8330078125 0.4453125 0.7958984375 0.4394531245283019 0.7802734375 0.4394531245283019 0.7724609375 0.44824218773584906 0.771484375 0.4497070311320755 0.771484375 0.4584960933962264 0.775390625 0.4702148433962264 0.7841796875 0.483398437735849 0.7939453125 0.4921875 0.8134765625 0.500976562264151 0.8212890625 0.500976562264151 0.8310546875 0.495117187735849
18 0.8203125 0.5961914066037736 0.8203125 0.5903320311320754 0.81640625 0.5786132811320754 0.8095703125 0.5683593754716981 0.8056640625 0.565429687735849 0.7880859375 0.565429687735849 0.787109375 0.5668945311320754 0.78515625 0.5756835933962264 0.78515625 0.5932617188679246 0.787109375 0.6020507811320754 0.7939453125 0.612304687735849 0.8017578125 0.618164062264151 0.8095703125 0.618164062264151 0.818359375 0.6049804688679246 0.8203125 0.5961914066037736
18 0.5771484375 0.47753906226415094 0.583984375 0.4672851566037736 0.583984375 0.4497070311320755 0.580078125 0.4379882811320755 0.5703125 0.4145507811320755 0.5634765625 0.4042968745283019 0.5595703125 0.40136718773584906 0.5517578125 0.40136718773584906 0.544921875 0.4116210933962264 0.544921875 0.4291992188679245 0.548828125 0.4438476566037736 0.552734375 0.4555664066037736 0.556640625 0.4643554688679245 0.5615234375 0.47167968773584906 0.5693359375 0.47753906226415094 0.5771484375 0.47753906226415094
18 0.54296875 0.5844726566037736 0.552734375 0.5581054688679246 0.5546875 0.5493164066037736 0.5546875 0.5317382811320754 0.5498046875 0.52734375 0.5439453125 0.52734375 0.53125 0.5463867188679246 0.5234375 0.5639648433962264 0.5234375 0.5786132811320754 0.525390625 0.5874023433962264 0.5263671875 0.588867187735849 0.5302734375 0.5917968754716981 0.5361328125 0.5917968754716981 0.5400390625 0.588867187735849 0.54296875 0.5844726566037736
18 0.6171875 0.5874023433962264 0.6171875 0.5786132811320754 0.615234375 0.5727539066037736 0.6103515625 0.565429687735849 0.6005859375 0.559570312264151 0.5966796875 0.559570312264151 0.5869140625 0.565429687735849 0.578125 0.5786132811320754 0.580078125 0.5961914066037736 0.5849609375 0.606445312264151 0.5927734375 0.612304687735849 0.5966796875 0.612304687735849 0.6064453125 0.609375 0.615234375 0.5961914066037736 0.6171875 0.5874023433962264
18 0.365234375 0.3266601566037736 0.37109375 0.3120117188679245 0.37109375 0.3002929688679245 0.369140625 0.2944335933962264 0.3662109375 0.29003906226415094 0.3583984375 0.28417968773584906 0.3486328125 0.28417968773584906 0.3330078125 0.2988281245283019 0.322265625 0.3178710933962264 0.318359375 0.3295898433962264 0.318359375 0.3530273433962264 0.3203125 0.3618164066037736 0.3271484375 0.37207031226415094 0.3330078125 0.37207031226415094 0.3427734375 0.36621093773584906 0.34765625 0.3588867188679245 0.365234375 0.3266601566037736
18 0.427734375 0.4086914066037736 0.42578125 0.3999023433962264 0.4189453125 0.38964843773584906 0.4072265625 0.38964843773584906 0.3984375 0.3969726566037736 0.39453125 0.4057617188679245 0.39453125 0.4145507811320755 0.396484375 0.4233398433962264 0.4052734375 0.43652343773584906 0.4130859375 0.4394531245283019 0.4208984375 0.43359375 0.427734375 0.4233398433962264 0.427734375 0.4086914066037736
18 0.30859375 0.5375976566037736 0.306640625 0.5170898433962264 0.3046875 0.5112304688679246 0.2998046875 0.50390625 0.2958984375 0.500976562264151 0.2900390625 0.500976562264151 0.2861328125 0.50390625 0.283203125 0.5083007811320754 0.28125 0.5141601566037736 0.28125 0.5581054688679246 0.283203125 0.5815429688679246 0.2919921875 0.588867187735849 0.2958984375 0.588867187735849 0.306640625 0.5727539066037736 0.30859375 0.5463867188679246 0.30859375 0.5375976566037736
18 0.4765625 0.5727539066037736 0.474609375 0.5639648433962264 0.4716796875 0.559570312264151 0.4599609375 0.55078125 0.4580078125 0.55078125 0.4462890625 0.5566406245283019 0.443359375 0.5610351566037736 0.44140625 0.5668945311320754 0.44140625 0.5844726566037736 0.443359375 0.5903320311320754 0.4521484375 0.6035156245283019 0.4638671875 0.6035156245283019 0.4755859375 0.600585937735849 0.4765625 0.5991210933962264 0.4765625 0.5727539066037736
18 0.775390625 0.6811523433962264 0.767578125 0.6635742188679246 0.7646484375 0.659179687735849 0.7607421875 0.65625 0.7451171875 0.65625 0.7412109375 0.659179687735849 0.734375 0.6694335933962264 0.734375 0.6811523433962264 0.736328125 0.6899414066037736 0.7392578125 0.694335937735849 0.7451171875 0.700195312264151 0.7587890625 0.700195312264151 0.775390625 0.6870117188679246 0.775390625 0.6811523433962264
18 0.3662109375 0.717773437735849 0.3740234375 0.711914062264151 0.3798828125 0.706054687735849 0.38671875 0.6958007811320754 0.390625 0.6840820311320754 0.390625 0.6752929688679246 0.388671875 0.6694335933962264 0.3837890625 0.6621093754716981 0.3798828125 0.659179687735849 0.3544921875 0.659179687735849 0.3369140625 0.665039062264151 0.3251953125 0.670898437735849 0.3115234375 0.682617187735849 0.30859375 0.6870117188679246 0.30859375 0.6987304688679246 0.310546875 0.7075195311320754 0.314453125 0.7192382811320754 0.3193359375 0.7265625 0.3251953125 0.729492187735849 0.3330078125 0.729492187735849 0.3662109375 0.717773437735849
18 0.443359375 0.7250976566037736 0.443359375 0.7163085933962264 0.4375 0.7045898433962264 0.4326171875 0.700195312264151 0.4208984375 0.700195312264151 0.4169921875 0.703125 0.4091796875 0.711914062264151 0.400390625 0.7250976566037736 0.3984375 0.7309570311320754 0.3984375 0.7397460933962264 0.400390625 0.7456054688679246 0.4052734375 0.75 0.4150390625 0.75 0.4208984375 0.747070312264151 0.4384765625 0.7324218754716981 0.443359375 0.7250976566037736
18 0.435546875 0.5405273433962264 0.44140625 0.5112304688679246 0.439453125 0.5024414066037736 0.4345703125 0.495117187735849 0.4306640625 0.495117187735849 0.416015625 0.5170898433962264 0.40625 0.5375976566037736 0.400390625 0.5551757811320754 0.400390625 0.5581054688679246 0.40234375 0.5639648433962264 0.4072265625 0.57421875 0.4169921875 0.57421875 0.4208984375 0.571289062264151 0.42578125 0.5639648433962264 0.435546875 0.5405273433962264
1 0.75390625 0.5493164066037736 0.7490234375 0.541992187735849 0.7392578125 0.530273437735849 0.7353515625 0.530273437735849 0.732421875 0.5346679688679246 0.73046875 0.5405273433962264 0.73046875 0.5522460933962264 0.7333984375 0.559570312264151 0.7392578125 0.565429687735849 0.7431640625 0.565429687735849 0.751953125 0.5581054688679246 0.75390625 0.5522460933962264 0.75390625 0.5493164066037736
17 0.7421875 0.4233398433962264 0.7421875 0.3999023433962264 0.73828125 0.3852539066037736 0.7177734375 0.35449218773584906 0.7138671875 0.3515625 0.7001953125 0.3515625 0.685546875 0.3764648433962264 0.673828125 0.4321289066037736 0.68359375 0.4760742188679245 0.6865234375 0.48046875 0.6904296875 0.48046875 0.7236328125 0.45703125 0.7333984375 0.44824218773584906 0.73828125 0.4409179688679245 0.7421875 0.4233398433962264
5 0.6650390625 0.6621093754716981 0.6474609375 0.653320312264151 0.5888671875 0.6796875 0.5859375 0.6840820311320754 0.5859375 0.6987304688679246 0.6240234375 0.73828125 0.6435546875 0.747070312264151 0.7060546875 0.752929687735849 0.70703125 0.7514648433962264 0.708984375 0.7426757811320754 0.6650390625 0.6621093754716981
5 0.37109375 0.5112304688679246 0.365234375 0.49951171886792456 0.3603515625 0.4921875 0.3564453125 0.489257812264151 0.3369140625 0.4921875 0.3310546875 0.495117187735849 0.328125 0.49951171886792456 0.318359375 0.5170898433962264 0.3203125 0.5786132811320754 0.3466796875 0.612304687735849 0.3544921875 0.6152343754716981 0.3701171875 0.6152343754716981 0.38671875 0.5786132811320754 0.375 0.5229492188679246 0.37109375 0.5112304688679246
3 0.42578125 0.2680664066037736 0.4248046875 0.26660156226415094 0.40234375 0.2944335933962264 0.38671875 0.3208007811320755 0.38671875 0.3295898433962264 0.4013671875 0.3515625 0.4111328125 0.36328125 0.4326171875 0.3574218754716981 0.439453125 0.3383789066037736 0.439453125 0.3208007811320755 0.42578125 0.2680664066037736
9 0.4716796875 0.64453125 0.4658203125 0.641601562264151 0.462890625 0.6459960933962264 0.4609375 0.6723632811320754 0.462890625 0.6811523433962264 0.4658203125 0.6855468754716981 0.4677734375 0.6855468754716981 0.4765625 0.6782226566037736 0.478515625 0.6723632811320754 0.478515625 0.6547851566037736 0.4716796875 0.64453125
6 0.63671875 0.2211914066037736 0.6337890625 0.21679687452830187 0.6318359375 0.21679687452830187 0.615234375 0.2446289066037736 0.609375 0.2622070311320755 0.583984375 0.3676757811320755 0.5859375 0.3852539066037736 0.6083984375 0.41894531226415094 0.6201171875 0.43066406226415094 0.62109375 0.4291992188679245 0.626953125 0.3969726566037736 0.64453125 0.2827148433962264 0.63671875 0.2211914066037736
0 0.7138671875 0.18164062452830187 0.712890625 0.18310546886792453 0.712890625 0.1889648433962264 0.7158203125 0.19335937547169813 0.7236328125 0.19335937547169813 0.724609375 0.19189453113207547 0.724609375 0.1889648433962264 0.7197265625 0.18164062452830187 0.7138671875 0.18164062452830187
14 0.4716796875 0.2636718754716981 0.46875 0.2680664066037736 0.46875 0.3032226566037736 0.4736328125 0.3105468754716981 0.4765625 0.3061523433962264 0.4765625 0.2768554688679245 0.474609375 0.2651367188679245 0.4736328125 0.2636718754716981 0.4716796875 0.2636718754716981
12 0.53125 0.6401367188679246 0.5263671875 0.6328125 0.5224609375 0.629882812264151 0.5126953125 0.629882812264151 0.509765625 0.6342773433962264 0.5078125 0.6401367188679246 0.5078125 0.7250976566037736 0.515625 0.7397460933962264 0.5205078125 0.747070312264151 0.5439453125 0.747070312264151 0.544921875 0.7456054688679246 0.544921875 0.7397460933962264 0.53125 0.6401367188679246
12 0.51953125 0.5083007811320754 0.51953125 0.5053710933962264 0.490234375 0.4321289066037736 0.4853515625 0.42480468773584906 0.4814453125 0.42480468773584906 0.474609375 0.4350585933962264 0.474609375 0.4438476566037736 0.48046875 0.4731445311320755 0.49609375 0.5141601566037736 0.5068359375 0.524414062264151 0.5087890625 0.524414062264151 0.517578125 0.5141601566037736 0.51953125 0.5083007811320754