9 0.360737179375 0.1848557688679245 0.35929487187500003 0.17932692264150943 0.3576923075 0.17692307735849058 0.35352564125 0.1745192311320755 0.34134615375000005 0.17524038490566038 0.337980769375 0.1774038462264151 0.33653846125000003 0.18076923113207546 0.337179486875 0.1850961537735849 0.34166666687499997 0.1918269226415094 0.34487179500000004 0.19471153867924526 0.349519230625 0.196875 0.358012820625 0.19471153867924526 0.3599358975 0.19326923113207548 0.360576923125 0.19038461509433963 0.360737179375 0.1848557688679245
20 0.44086538437500006 0.16610576886792452 0.45608974375 0.11514423113207548 0.451602564375 0.1125 0.41602564125 0.11105769245283019 0.40560897437500004 0.11899038490566037 0.39983974375000003 0.15 0.39983974375000003 0.1586538462264151 0.4014423075 0.1639423075471698 0.40288461562499994 0.16586538490566038 0.408012820625 0.16850961509433962 0.420352564375 0.1711538462264151 0.43958333312500003 0.1675480773584906 0.44086538437500006 0.16610576886792452
9 0.478205128125 0.12403846132075473 0.47483974375000004 0.1266826924528302 0.473397435625 0.13076923113207548 0.47211538437500006 0.14038461509433964 0.47211538437500006 0.15048076886792452 0.47371794875 0.15504807735849058 0.47836538437500004 0.15769230754716979 0.48717948687499996 0.1569711537735849 0.489583333125 0.1423076924528302 0.485576923125 0.13028846132075472 0.48333333312500004 0.12620192264150942 0.478205128125 0.12403846132075473
9 0.531891025625 0.1069711537735849 0.53125 0.1024038462264151 0.52884615375 0.0961538462264151 0.52516025625 0.09182692264150943 0.52147435875 0.09086538490566037 0.518108974375 0.09495192264150944 0.5158653843750001 0.10288461509433963 0.5152243587499999 0.10745192264150943 0.52003205125 0.1276442311320755 0.52147435875 0.1293269226415094 0.525480769375 0.13028846132075472 0.529166666875 0.1293269226415094 0.531570513125 0.1274038462264151 0.532371795 0.12307692264150942 0.531891025625 0.1069711537735849
9 0.595833333125 0.1072115386792453 0.591987179375 0.10480769245283018 0.57996794875 0.1072115386792453 0.576121795 0.11081730754716981 0.575641025625 0.11298076886792452 0.575801281875 0.11923076886792452 0.5798076925 0.12283653867924528 0.59150641 0.12692307735849057 0.596634615625 0.12548076886792453 0.598878205 0.12283653867924528 0.59903846125 0.1149038462264151 0.5983974356249999 0.11105769245283019 0.595833333125 0.1072115386792453
9 0.6966346156250001 0.1461538462264151 0.695673076875 0.1423076924528302 0.690705128125 0.13725961509433962 0.68141025625 0.1319711537735849 0.6775641025 0.1319711537735849 0.674679486875 0.1375 0.674519230625 0.14254807735849057 0.677083333125 0.15 0.6849358975 0.15769230754716979 0.6897435900000001 0.15841346132075473 0.6915064099999999 0.15745192264150942 0.69471153875 0.15408653867924527 0.6961538462500001 0.15024038490566038 0.6966346156250001 0.1461538462264151
9 0.6485576925 0.16658653867924528 0.64983974375 0.16225961509433962 0.6485576925 0.15745192264150942 0.63878205125 0.15024038490566038 0.63108974375 0.14639423113207548 0.614102564375 0.15024038490566038 0.6088141025 0.1605769226415094 0.608333333125 0.1625 0.6091346156249999 0.1663461537735849 0.614583333125 0.17764423113207548 0.622916666875 0.18125 0.63108974375 0.18028846132075474 0.63846153875 0.17716346132075472 0.6463141025 0.16995192264150943 0.6485576925 0.16658653867924528
9 0.575480769375 0.18557692264150943 0.57227564125 0.17908653867924526 0.56875 0.17596153867924527 0.5644230768749999 0.17475961509433963 0.559294871875 0.17764423113207548 0.556730769375 0.18149038490566038 0.555608974375 0.1858173075471698 0.5588141025 0.1954326924528302 0.56474359 0.20528846132075473 0.5719551281249999 0.2132211537735849 0.575801281875 0.2117788462264151 0.5778846156249999 0.209375 0.5778846156249999 0.19375 0.575480769375 0.18557692264150943
9 0.47099359 0.23629807735849057 0.46666666687499997 0.23485576886792453 0.457051281875 0.2389423075471698 0.45240384624999996 0.24783653867924527 0.451923076875 0.25192307735849057 0.4548076925 0.25576923113207545 0.474519230625 0.2552884613207547 0.47660256437500004 0.25264423113207546 0.47724359 0.24951923113207547 0.47660256437500004 0.24423076886792452 0.474679486875 0.23942307735849058 0.47099359 0.23629807735849057
9 0.549358974375 0.25192307735849057 0.540865384375 0.23245192264150943 0.537019230625 0.22860576886792452 0.52900641 0.24038461509433962 0.5266025643750001 0.24759615377358493 0.525801281875 0.25288461509433957 0.52628205125 0.26514423113207547 0.5314102562499999 0.2788461537735849 0.54102564125 0.2867788462264151 0.544871795 0.2860576924528302 0.545833333125 0.2848557688679245 0.548076923125 0.27548076886792455 0.549519230625 0.25985576886792455 0.549358974375 0.25192307735849057
9 0.284294871875 0.3180288462264151 0.27852564125 0.32860576886792453 0.2764423075 0.33389423113207545 0.27371794875 0.34567307735849057 0.27419871812499996 0.35360576886792455 0.279166666875 0.35841346132075474 0.284294871875 0.3557692311320755 0.290865384375 0.34375 0.292628205 0.3336538462264151 0.291987179375 0.3298076924528302 0.287019230625 0.3161057688679245 0.284294871875 0.3180288462264151
20 0.381570513125 0.33557692264150946 0.37628205125 0.3233173075471698 0.37371794875 0.32067307735849054 0.35352564125 0.30745192264150945 0.336378205 0.30961538490566043 0.325 0.3173076924528302 0.32371794875 0.31826923113207545 0.324519230625 0.3221153849056604 0.35128205125 0.3610576924528302 0.36121794875 0.3701923075471698 0.376923076875 0.35504807735849053 0.38125 0.34639423113207546 0.381891025625 0.3423076924528302 0.381570513125 0.33557692264150946
1 0.462820513125 0.39447115377358494 0.470673076875 0.3826923075471698 0.474519230625 0.37211538490566043 0.475480769375 0.36442307735849055 0.471634615625 0.3497596150943396 0.45496794875 0.315625 0.44711538437500004 0.3161057688679245 0.415705128125 0.3235576924528302 0.412820513125 0.32620192264150943 0.409134615625 0.34158653867924527 0.4088141025 0.35360576886792455 0.41137820499999994 0.37716346132075473 0.42003205125 0.39254807735849057 0.42756410250000004 0.4002403849056604 0.441666666875 0.4045673075471698 0.446955128125 0.40432692264150943 0.45496794875 0.4014423075471698 0.462820513125 0.39447115377358494
9 0.575801281875 0.3576923075471698 0.5735576925 0.3591346150943396 0.571634615625 0.36153846132075473 0.56891025625 0.36875 0.569070513125 0.38004807735849055 0.572115384375 0.38317307735849054 0.58397435875 0.3850961537735849 0.590865384375 0.3733173075471698 0.59022435875 0.3689903849056604 0.58846153875 0.36514423113207545 0.580128205 0.3576923075471698 0.575801281875 0.3576923075471698
9 0.707852564375 0.36009615377358495 0.704487179375 0.35673076886792454 0.7011217949999999 0.35552884622641506 0.69599359 0.3579326924528302 0.692628205 0.36201923113207546 0.6911858975 0.3677884613207547 0.69102564125 0.37692307735849057 0.69471153875 0.38125 0.7092948718750001 0.3870192311320755 0.71266025625 0.3858173075471698 0.714583333125 0.38076923113207545 0.71490384625 0.3766826924528302 0.712820513125 0.3697115386792453 0.707852564375 0.36009615377358495
15 0.7725961537499999 0.3923076924528302 0.777884615625 0.3846153849056604 0.781730769375 0.37692307735849057 0.783173076875 0.3716346150943396 0.784294871875 0.36201923113207546 0.7826923075000001 0.3420673075471698 0.777884615625 0.33004807735849057 0.769070513125 0.3204326924528302 0.76378205125 0.3173076924528302 0.75977564125 0.31634615377358494 0.751121795 0.31682692264150947 0.744070513125 0.3201923075471698 0.74150641 0.3235576924528302 0.739102564375 0.32908653867924526 0.737019230625 0.34158653867924527 0.735737179375 0.3610576924528302 0.737019230625 0.37283653867924527 0.74278846125 0.3853365386792453 0.748397435625 0.39254807735849057 0.75240384625 0.3947115386792453 0.75897435875 0.3961538462264151 0.7679487181250001 0.3951923075471698 0.7725961537499999 0.3923076924528302
14 0.7926282050000001 0.4747596150943396 0.790865384375 0.46923076886792453 0.7783653843749999 0.465625 0.769070513125 0.46875 0.765865384375 0.4735576924528302 0.7660256412500001 0.47860576886792455 0.769551281875 0.49807692264150943 0.7713141025 0.5019230773584905 0.787019230625 0.5002403849056604 0.78846153875 0.4995192311320754 0.7907051281249999 0.49495192264150945 0.7918269231249999 0.49014423113207545 0.7926282050000001 0.4747596150943396
7 0.7975961537499999 0.5682692311320754 0.79599359 0.5632211537735848 0.788141025625 0.5526442311320754 0.7822115387499999 0.5519230773584906 0.7756410256249999 0.5538461537735849 0.77483974375 0.5603365386792453 0.780929486875 0.6038461537735849 0.7825320512499999 0.6074519226415095 0.787019230625 0.6120192311320755 0.79134615375 0.6072115386792453 0.796955128125 0.5884615386792452 0.798237179375 0.5766826924528301 0.7975961537499999 0.5682692311320754
1 0.755769230625 0.5463942311320754 0.75849359 0.5331730773584905 0.7575320512499999 0.5211538462264151 0.75608974375 0.5161057688679246 0.754166666875 0.5137019226415095 0.748076923125 0.5100961537735849 0.74022435875 0.5110576924528302 0.7323717949999999 0.5149038462264152 0.725320513125 0.5264423075471698 0.725480769375 0.5367788462264151 0.7282051281249999 0.5447115386792453 0.731891025625 0.5502403849056604 0.7360576925 0.5533653849056605 0.7400641025 0.5548076924528301 0.747916666875 0.5545673075471699 0.751923076875 0.5528846150943396 0.755769230625 0.5463942311320754
9 0.7096153843749999 0.4675480773584905 0.70897435875 0.4625 0.70496794875 0.4579326924528302 0.697115384375 0.4617788462264151 0.69375 0.46682692264150943 0.690544871875 0.47451923113207545 0.690705128125 0.48125 0.692147435625 0.4855769226415095 0.693429486875 0.48725961509433957 0.695673076875 0.4879807688679246 0.69903846125 0.48725961509433957 0.70496794875 0.4802884613207547 0.7081730768750001 0.47451923113207545 0.7096153843749999 0.4675480773584905
9 0.709455128125 0.5293269226415095 0.697115384375 0.5221153849056605 0.692628205 0.5221153849056605 0.686378205 0.5252403849056604 0.68365384625 0.5353365386792452 0.68365384625 0.5411057688679246 0.6860576924999999 0.5459134613207547 0.692628205 0.5483173075471699 0.7084935900000001 0.5463942311320754 0.7104166668749999 0.5444711537735849 0.71153846125 0.5396634613207547 0.7110576925 0.5329326924528301 0.709455128125 0.5293269226415095
9 0.719230769375 0.6197115386792452 0.7169871793750001 0.6163461537735849 0.7073717949999999 0.6189903849056604 0.699732905625 0.6273237179245282 0.6977564099999999 0.6305288462264151 0.6963141025 0.6355769226415094 0.696794871875 0.6418269226415094 0.700320513125 0.6490384613207547 0.7051282050000001 0.6507211537735849 0.70865384625 0.6487980773584906 0.712019230625 0.6459134613207548 0.7189102562499999 0.6305288462264151 0.7200320512499999 0.6269230773584905 0.719230769375 0.6197115386792452
14 0.67900641 0.6728365386792453 0.6772435900000001 0.6706730773584906 0.67403846125 0.6692307688679245 0.662179486875 0.6699519226415095 0.650320513125 0.6807692311320754 0.650320513125 0.6860576924528301 0.651602564375 0.6932692311320754 0.654326923125 0.6978365386792452 0.662019230625 0.7057692311320755 0.681570513125 0.6913461537735849 0.683333333125 0.6855769226415095 0.681570513125 0.6776442311320754 0.67900641 0.6728365386792453
9 0.643429486875 0.7245192311320754 0.643269230625 0.7163461537735849 0.6423076925 0.7132211537735849 0.626762820625 0.7055288462264151 0.62227564125 0.7072115386792452 0.61858974375 0.7146634613207548 0.617948718125 0.7165865386792453 0.618429486875 0.7180288462264152 0.6296474356249999 0.7370192311320755 0.635737179375 0.7391826924528302 0.63878205125 0.7382211537735849 0.640865384375 0.7360576924528301 0.6426282050000001 0.7307692311320754 0.643429486875 0.7245192311320754
9 0.650480769375 0.5567307688679246 0.649519230625 0.5521634613207548 0.646955128125 0.5471153849056604 0.6426282050000001 0.5435096150943396 0.630769230625 0.5408653849056604 0.62772435875 0.5413461537735849 0.623878205 0.5444711537735849 0.62227564125 0.5492788462264151 0.622115384375 0.5528846150943396 0.62371794875 0.5644230773584905 0.626762820625 0.5680288462264151 0.63846153875 0.5723557688679246 0.6423076925 0.5711538462264151 0.64503205125 0.56875 0.649519230625 0.5603365386792453 0.650480769375 0.5567307688679246
9 0.6110576925 0.44807692264150945 0.60849359 0.4375 0.6032051281249999 0.43701923113207547 0.599519230625 0.4391826924528302 0.5963141025 0.4617788462264151 0.596634615625 0.4704326924528302 0.599679486875 0.4759615386792453 0.6038461537500001 0.4774038462264151 0.607371795 0.4764423075471698 0.6099358975 0.4740384613207547 0.61153846125 0.46923076886792453 0.612179486875 0.4625 0.6110576925 0.44807692264150945
9 0.5974358975 0.5915865386792453 0.59150641 0.5831730773584906 0.587019230625 0.58125 0.579647435625 0.5807692311320755 0.57227564125 0.5838942311320754 0.56858974375 0.5877403849056604 0.565705128125 0.5961538462264151 0.565384615625 0.6033653849056604 0.566666666875 0.609375 0.568269230625 0.6129807688679246 0.570673076875 0.615625 0.5947115387499999 0.6201923075471698 0.599679486875 0.6189903849056604 0.6011217950000001 0.6108173075471699 0.5974358975 0.5915865386792453
9 0.54471153875 0.7319711537735849 0.543108974375 0.7173076924528301 0.540544871875 0.709375 0.53766025625 0.7064903849056604 0.53253205125 0.7052884613207547 0.52900641 0.7072115386792452 0.52628205125 0.7134615386792452 0.525801281875 0.7170673075471699 0.5274038462499999 0.7269230773584906 0.531570513125 0.7360576924528301 0.537019230625 0.7435096150943395 0.5411858975 0.7432692311320754 0.54278846125 0.7418269226415094 0.54391025625 0.7401442311320754 0.54471153875 0.7319711537735849
9 0.54358974375 0.6189903849056604 0.540865384375 0.6139423075471698 0.533333333125 0.6043269226415094 0.529166666875 0.6028846150943395 0.52371794875 0.6050480773584905 0.522115384375 0.6081730773584906 0.5211538462499999 0.6144230773584906 0.52099359 0.6194711537735849 0.5217948718750001 0.6228365386792453 0.525801281875 0.6276442311320755 0.53621794875 0.63125 0.540865384375 0.6314903849056605 0.54246794875 0.6307692311320754 0.543429486875 0.6286057688679246 0.54358974375 0.6189903849056604
1 0.517628205 0.5641826924528301 0.52275641 0.5564903849056604 0.521955128125 0.5528846150943396 0.50272435875 0.5125 0.5001602562499999 0.5096153849056604 0.493269230625 0.5050480773584906 0.489423076875 0.5045673075471698 0.48637820499999995 0.5055288462264151 0.480769230625 0.5122596150943396 0.478044871875 0.5213942311320754 0.47756410250000003 0.5288461537735849 0.48028846125 0.5408653849056604 0.481730769375 0.5442307688679245 0.484615384375 0.5497596150943396 0.49775641 0.5644230773584905 0.5038461537500001 0.5675480773584906 0.5100961537500001 0.5682692311320754 0.517628205 0.5641826924528301
9 0.5472756412500001 0.4326923075471698 0.54599359 0.42764423113207545 0.5423076925 0.42091346132075474 0.537179486875 0.41802884622641506 0.5326923075 0.42115384622641505 0.5296474356249999 0.4274038462264151 0.51891025625 0.45889423113207545 0.520352564375 0.4634615386792453 0.52884615375 0.4685096150943396 0.533012820625 0.46778846132075474 0.5368589743750001 0.4632211537735849 0.54278846125 0.4507211537735849 0.54599359 0.44014423113207546 0.5472756412500001 0.4326923075471698
1 0.443269230625 0.4283653849056604 0.440544871875 0.4278846150943396 0.435737179375 0.4283653849056604 0.43044871812499996 0.4305288462264151 0.421634615625 0.4375 0.41378205125 0.4459134613207547 0.4036858975 0.46129807735849054 0.39647435875 0.4774038462264151 0.39471153875 0.48581730754716984 0.394551281875 0.490625 0.39599359 0.49783653867924527 0.40416666687499997 0.5079326924528301 0.408173076875 0.5086538462264151 0.45064102562499997 0.4463942311320755 0.45112179500000005 0.4391826924528302 0.44711538437500004 0.4322115386792453 0.443269230625 0.4283653849056604
9 0.39310897437500003 0.4021634613207547 0.38862179500000005 0.3978365386792453 0.38349359 0.3997596150943396 0.38012820499999994 0.40240384622641506 0.37836538437500006 0.4064903849056604 0.37644230749999996 0.4146634613207547 0.37628205125 0.41610576886792455 0.37772435875 0.41971153867924527 0.38285256437500004 0.4271634613207547 0.392147435625 0.4341346150943396 0.39647435875 0.43485576886792454 0.39839743562499996 0.43365384622641506 0.40416666687499997 0.42379807735849057 0.39310897437500003 0.4021634613207547
9 0.289423076875 0.44326923113207545 0.292948718125 0.4274038462264151 0.286858974375 0.4185096150943396 0.263621795 0.42451923113207546 0.259615384375 0.43317307735849053 0.259294871875 0.4362980773584905 0.26041666687500004 0.4430288462264151 0.26378205125 0.45096153867924527 0.2713141025 0.45528846132075473 0.278365384375 0.45528846132075473 0.283333333125 0.453125 0.287019230625 0.4483173075471698 0.289423076875 0.44326923113207545
9 0.311378205 0.4747596150943396 0.30625 0.4742788462264151 0.30240384625 0.4766826924528302 0.29278846125 0.49326923113207544 0.293108974375 0.49807692264150943 0.29903846125 0.5076923075471699 0.310416666875 0.5012019226415094 0.315384615625 0.4939903849056604 0.316666666875 0.49014423113207545 0.316826923125 0.48605769245283015 0.31442307687500004 0.4783653849056604 0.311378205 0.4747596150943396
9 0.34134615375000005 0.5252403849056604 0.33878205125 0.5213942311320754 0.33012820499999995 0.5163461537735848 0.32403846125 0.5168269226415094 0.32131410250000003 0.5189903849056604 0.31955128187500004 0.5221153849056605 0.319070513125 0.5295673075471699 0.319871795 0.5338942311320755 0.32163461562499995 0.5370192311320754 0.32612179500000005 0.5396634613207547 0.3375 0.5370192311320754 0.33974359 0.5336538462264151 0.3411858975 0.5290865386792453 0.34134615375000005 0.5252403849056604
9 0.264102564375 0.5524038462264151 0.25753205125 0.5560096150943395 0.255128205 0.5617788462264152 0.25352564125 0.5721153849056604 0.2548076925 0.5759615386792453 0.275 0.5877403849056604 0.2875 0.5877403849056604 0.287019230625 0.5682692311320754 0.28365384625 0.5600961537735849 0.271634615625 0.5533653849056605 0.264102564375 0.5524038462264151
9 0.32051282062500003 0.6427884613207547 0.31875 0.6411057688679246 0.314102564375 0.6403846150943396 0.311698718125 0.6413461537735848 0.3076923075 0.6449519226415095 0.3025641025 0.6540865386792453 0.300801281875 0.6634615386792453 0.300641025625 0.6658653849056604 0.30272435875 0.6694711537735849 0.306891025625 0.6701923075471699 0.31955128187500004 0.6632211537735849 0.32115384625 0.6620192311320754 0.323237179375 0.6550480773584906 0.32275641 0.6483173075471699 0.32051282062500003 0.6427884613207547
9 0.359615384375 0.6853365386792453 0.35833333312500004 0.6814903849056604 0.35737179500000005 0.6793269226415094 0.354166666875 0.6774038462264151 0.3411858975 0.6766826924528302 0.338141025625 0.6776442311320754 0.334294871875 0.6817307688679246 0.3326923075 0.6872596150943396 0.3326923075 0.6930288462264151 0.33397435875 0.6983173075471698 0.338301281875 0.7038461537735848 0.34407051312500003 0.7038461537735848 0.35336538437500004 0.7009615386792453 0.358012820625 0.6978365386792452 0.35977564125 0.6935096150943396 0.359615384375 0.6853365386792453
9 0.36714743562499996 0.6307692311320754 0.36522435875 0.6286057688679246 0.355929486875 0.6286057688679246 0.34903846125 0.6329326924528301 0.34503205125 0.6375 0.34423076937499997 0.6387019226415095 0.34423076937499997 0.6427884613207547 0.34615384624999995 0.6504807688679246 0.349519230625 0.6536057688679245 0.36233974375 0.6507211537735849 0.36586538437500005 0.6466346150943396 0.36794871812499996 0.6396634613207547 0.36714743562499996 0.6307692311320754
9 0.408173076875 0.6028846150943395 0.404647435625 0.6 0.400801281875 0.6002403849056605 0.39807692312500004 0.6016826924528301 0.3951923075 0.6072115386792453 0.3923076925 0.6204326924528302 0.392147435625 0.6266826924528301 0.39535256437500005 0.6331730773584906 0.400641025625 0.6346153849056604 0.404326923125 0.6326923075471699 0.407852564375 0.6269230773584905 0.40849359 0.6237980773584906 0.4099358975 0.6108173075471699 0.408173076875 0.6028846150943395
9 0.49182692312500004 0.6384615386792453 0.49022435875 0.6331730773584906 0.48237179500000005 0.6213942311320754 0.47900641 0.6201923075471698 0.474358974375 0.6209134613207548 0.4724358975 0.6235576924528301 0.47019230749999996 0.6302884613207548 0.47003205125 0.6346153849056604 0.4713141025 0.6387019226415095 0.47387820499999994 0.6425480773584905 0.4764423075 0.6444711537735849 0.486698718125 0.646875 0.48910256437500005 0.6459134613207548 0.49102564125000003 0.6425480773584905 0.49182692312500004 0.6384615386792453
9 0.42227564125 0.7242788462264151 0.42083333312500004 0.7168269226415095 0.416666666875 0.7127403849056604 0.412019230625 0.7115384613207547 0.40592948687499997 0.7168269226415095 0.404487179375 0.7242788462264151 0.404326923125 0.7286057688679246 0.40560897437500004 0.7360576924528301 0.41121794875 0.7463942311320754 0.41538461562499995 0.7502403849056604 0.41939102562499997 0.7495192311320754 0.42099359 0.7478365386792453 0.42227564125 0.7403846150943396 0.42227564125 0.7242788462264151
9 0.48141025625 0.6971153849056604 0.48028846125 0.6927884613207548 0.47660256437500004 0.6877403849056604 0.470512820625 0.6877403849056604 0.46730769250000004 0.6913461537735849 0.465865384375 0.696875 0.4661858975 0.7052884613207547 0.46923076937499997 0.7201923075471699 0.47147435875 0.7233173075471698 0.47403846125 0.7242788462264151 0.47788461562499995 0.7221153849056604 0.48028846125 0.7151442311320754 0.48157051312500004 0.703125 0.48141025625 0.6971153849056604