9 0.3876953125 0.29003906226415094 0.3779296875 0.2988281245283019 0.375 0.3032226566037736 0.373046875 0.3090820311320755 0.373046875 0.3149414066037736 0.3740234375 0.31640625 0.3916015625 0.31347656226415094 0.396484375 0.3061523433962264 0.396484375 0.2973632811320755 0.3916015625 0.29003906226415094 0.3876953125 0.29003906226415094
9 0.6669921875 0.27246093773584906 0.6552734375 0.27246093773584906 0.6513671875 0.2753906245283019 0.6484375 0.2797851566037736 0.6484375 0.2856445311320755 0.6494140625 0.2871093754716981 0.6611328125 0.29296875 0.6669921875 0.29296875 0.669921875 0.2885742188679245 0.669921875 0.2768554688679245 0.6669921875 0.27246093773584906
9 0.67578125 0.3530273433962264 0.6728515625 0.34863281226415094 0.6669921875 0.34863281226415094 0.6630859375 0.3515625 0.66015625 0.3559570311320755 0.66015625 0.3676757811320755 0.662109375 0.3764648433962264 0.6669921875 0.38378906226415094 0.6689453125 0.38378906226415094 0.671875 0.3793945311320755 0.673828125 0.3706054688679245 0.67578125 0.3530273433962264
9 0.736328125 0.4174804688679245 0.7333984375 0.41308593773584906 0.7294921875 0.41015625 0.7216796875 0.40722656226415094 0.7197265625 0.40722656226415094 0.71875 0.4086914066037736 0.71484375 0.4204101566037736 0.71484375 0.4233398433962264 0.7158203125 0.42480468773584906 0.7255859375 0.43359375 0.7294921875 0.43359375 0.7333984375 0.43066406226415094 0.736328125 0.4262695311320755 0.736328125 0.4174804688679245
9 0.59765625 0.3676757811320755 0.5947265625 0.36328125 0.5888671875 0.36328125 0.578125 0.3793945311320755 0.578125 0.3881835933962264 0.5791015625 0.38964843773584906 0.5830078125 0.38964843773584906 0.5947265625 0.38378906226415094 0.59765625 0.3793945311320755 0.599609375 0.3735351566037736 0.59765625 0.3676757811320755
9 0.4189453125 0.38671875 0.4091796875 0.38671875 0.4033203125 0.38964843773584906 0.3984375 0.3969726566037736 0.3984375 0.3999023433962264 0.3994140625 0.40136718773584906 0.4072265625 0.4042968745283019 0.4169921875 0.4042968745283019 0.421875 0.3999023433962264 0.421875 0.3940429688679245 0.4189453125 0.38671875
9 0.3466796875 0.506835937735849 0.3408203125 0.506835937735849 0.3330078125 0.5097656245283019 0.328125 0.5170898433962264 0.328125 0.5200195311320754 0.3310546875 0.524414062264151 0.3349609375 0.52734375 0.3466796875 0.52734375 0.3515625 0.5229492188679246 0.3515625 0.5141601566037736 0.3466796875 0.506835937735849
9 0.365234375 0.6547851566037736 0.3623046875 0.6503906245283019 0.3564453125 0.647460937735849 0.3486328125 0.647460937735849 0.34375 0.6547851566037736 0.34375 0.6577148433962264 0.345703125 0.6635742188679246 0.3564453125 0.6738281245283019 0.3583984375 0.6738281245283019 0.3623046875 0.670898437735849 0.365234375 0.6635742188679246 0.365234375 0.6547851566037736
9 0.6181640625 0.723632812264151 0.6064453125 0.723632812264151 0.6015625 0.7280273433962264 0.599609375 0.7338867188679246 0.599609375 0.7426757811320754 0.6025390625 0.747070312264151 0.6103515625 0.747070312264151 0.6162109375 0.741210937735849 0.62109375 0.7338867188679246 0.619140625 0.7250976566037736 0.6181640625 0.723632812264151
9 0.5615234375 0.55078125 0.5576171875 0.547851562264151 0.5517578125 0.547851562264151 0.5458984375 0.55078125 0.541015625 0.5581054688679246 0.541015625 0.5610351566037736 0.5439453125 0.565429687735849 0.5517578125 0.5683593754716981 0.5595703125 0.5683593754716981 0.5625 0.5639648433962264 0.5625 0.5522460933962264 0.5615234375 0.55078125
9 0.5380859375 0.19921875 0.5361328125 0.19921875 0.53125 0.20654296886792453 0.53125 0.2094726566037736 0.53515625 0.2241210933962264 0.5380859375 0.22851562452830187 0.5419921875 0.22851562452830187 0.544921875 0.2241210933962264 0.54296875 0.20654296886792453 0.5380859375 0.19921875
1 0.591796875 0.2124023433962264 0.580078125 0.1772460933962264 0.5712890625 0.1640625 0.5615234375 0.15820312452830187 0.5576171875 0.15820312452830187 0.5498046875 0.16113281226415094 0.5458984375 0.1640625 0.541015625 0.17138671886792453 0.5390625 0.1772460933962264 0.5390625 0.1889648433962264 0.54296875 0.21826171886792453 0.5439453125 0.21972656226415094 0.5849609375 0.24609375 0.5869140625 0.24609375 0.591796875 0.2358398433962264 0.591796875 0.2124023433962264
1 0.64453125 0.2241210933962264 0.64453125 0.20654296886792453 0.640625 0.19189453113207547 0.6357421875 0.18457031226415094 0.6298828125 0.18164062452830187 0.6240234375 0.18164062452830187 0.62109375 0.1860351566037736 0.615234375 0.20654296886792453 0.615234375 0.21826171886792453 0.6171875 0.22998046886792453 0.6220703125 0.23730468773584906 0.6279296875 0.23730468773584906 0.6357421875 0.234375 0.6396484375 0.23144531226415094 0.64453125 0.2241210933962264
1 0.349609375 0.4409179688679245 0.349609375 0.4321289066037736 0.3466796875 0.4277343745283019 0.3173828125 0.421875 0.31640625 0.4233398433962264 0.30859375 0.4379882811320755 0.30859375 0.4467773433962264 0.3154296875 0.45703125 0.3212890625 0.45996093773584906 0.3291015625 0.45996093773584906 0.3369140625 0.45703125 0.3466796875 0.44824218773584906 0.349609375 0.4409179688679245
1 0.76171875 0.5581054688679246 0.7587890625 0.553710937735849 0.7509765625 0.553710937735849 0.7451171875 0.559570312264151 0.7421875 0.5639648433962264 0.73828125 0.5727539066037736 0.736328125 0.5786132811320754 0.73828125 0.5932617188679246 0.7451171875 0.6035156245283019 0.7587890625 0.609375 0.76171875 0.6049804688679246 0.765625 0.5756835933962264 0.765625 0.5727539066037736 0.76171875 0.5581054688679246
14 0.3740234375 0.21679687452830187 0.3642578125 0.21679687452830187 0.3583984375 0.21972656226415094 0.353515625 0.22705078113207547 0.353515625 0.2416992188679245 0.3583984375 0.2490234377358491 0.3603515625 0.2490234377358491 0.3740234375 0.24023437452830187 0.376953125 0.2358398433962264 0.376953125 0.2241210933962264 0.3740234375 0.21679687452830187
14 0.3564453125 0.6328125 0.3447265625 0.6328125 0.3388671875 0.635742187735849 0.33203125 0.6459960933962264 0.330078125 0.6518554688679246 0.330078125 0.6635742188679246 0.3330078125 0.66796875 0.3603515625 0.647460937735849 0.361328125 0.6459960933962264 0.361328125 0.6430664066037736 0.359375 0.6372070311320754 0.3564453125 0.6328125
20 0.71484375 0.6899414066037736 0.7099609375 0.682617187735849 0.7021484375 0.682617187735849 0.6982421875 0.6855468754716981 0.693359375 0.6928710933962264 0.6875 0.7163085933962264 0.685546875 0.7485351566037736 0.693359375 0.7807617188679246 0.6943359375 0.782226562264151 0.7021484375 0.776367187735849 0.705078125 0.7719726566037736 0.708984375 0.7631835933962264 0.71484375 0.7045898433962264 0.71484375 0.6899414066037736
20 0.70703125 0.6020507811320754 0.6865234375 0.57421875 0.6376953125 0.588867187735849 0.63671875 0.5903320311320754 0.64453125 0.6079101566037736 0.6474609375 0.612304687735849 0.6748046875 0.635742187735849 0.6826171875 0.635742187735849 0.6923828125 0.6269531245283019 0.70703125 0.6049804688679246 0.70703125 0.6020507811320754
20 0.638671875 0.4819335933962264 0.626953125 0.4379882811320755 0.5986328125 0.41015625 0.595703125 0.4145507811320755 0.58203125 0.4643554688679245 0.6064453125 0.500976562264151 0.6142578125 0.50390625 0.6201171875 0.50390625 0.6337890625 0.500976562264151 0.63671875 0.49658203113207544 0.638671875 0.4907226566037736 0.638671875 0.4819335933962264
20 0.384765625 0.6811523433962264 0.3837890625 0.6796875 0.3720703125 0.6796875 0.361328125 0.6958007811320754 0.353515625 0.7221679688679246 0.3515625 0.7368164066037736 0.3525390625 0.73828125 0.3583984375 0.73828125 0.3701171875 0.729492187735849 0.3779296875 0.7207031245283019 0.384765625 0.7016601566037736 0.38671875 0.6928710933962264 0.384765625 0.6811523433962264
20 0.4306640625 0.16992187547169813 0.4296875 0.17138671886792453 0.4296875 0.18017578113207547 0.4482421875 0.23144531226415094 0.458984375 0.2124023433962264 0.458984375 0.2006835933962264 0.45703125 0.19482421886792453 0.4423828125 0.16699218773584906 0.4306640625 0.16992187547169813
3 0.4375 0.5141601566037736 0.4169921875 0.483398437735849 0.3798828125 0.44824218773584906 0.37890625 0.4497070311320755 0.361328125 0.4936523433962264 0.361328125 0.5200195311320754 0.380859375 0.5727539066037736 0.3818359375 0.57421875 0.3837890625 0.57421875 0.4365234375 0.5449218754716981 0.4375 0.5434570311320754 0.4375 0.5141601566037736
3 0.5068359375 0.2753906245283019 0.4931640625 0.27832031226415094 0.4619140625 0.31347656226415094 0.4609375 0.3149414066037736 0.4609375 0.3208007811320755 0.4912109375 0.36328125 0.5048828125 0.36035156226415094 0.5205078125 0.3515625 0.529296875 0.3325195311320755 0.529296875 0.3002929688679245 0.5068359375 0.2753906245283019
18 0.5185546875 0.506835937735849 0.5234375 0.49951171886792456 0.529296875 0.48486328113207544 0.533203125 0.4204101566037736 0.533203125 0.4086914066037736 0.529296875 0.3999023433962264 0.5224609375 0.38964843773584906 0.5126953125 0.3808593754716981 0.4990234375 0.375 0.4814453125 0.3808593754716981 0.4755859375 0.38378906226415094 0.4619140625 0.40136718773584906 0.455078125 0.4116210933962264 0.453125 0.4174804688679245 0.451171875 0.4262695311320755 0.451171875 0.4526367188679245 0.453125 0.4702148433962264 0.462890625 0.4936523433962264 0.4697265625 0.50390625 0.4814453125 0.515625 0.5029296875 0.518554687735849 0.5185546875 0.506835937735849
18 0.306640625 0.5551757811320754 0.30859375 0.5405273433962264 0.30859375 0.5258789066037736 0.306640625 0.5170898433962264 0.3017578125 0.512695312264151 0.2958984375 0.512695312264151 0.2919921875 0.515625 0.287109375 0.5229492188679246 0.27734375 0.5551757811320754 0.275390625 0.5727539066037736 0.275390625 0.5786132811320754 0.27734375 0.5903320311320754 0.2802734375 0.594726562264151 0.2841796875 0.59765625 0.2919921875 0.59765625 0.298828125 0.5874023433962264 0.306640625 0.5551757811320754
15 0.591796875 0.3325195311320755 0.5869140625 0.32519531226415094 0.5830078125 0.3222656245283019 0.5712890625 0.3222656245283019 0.564453125 0.3325195311320755 0.5625 0.3383789066037736 0.5625 0.3442382811320755 0.5654296875 0.34863281226415094 0.5771484375 0.36035156226415094 0.5869140625 0.36035156226415094 0.591796875 0.3530273433962264 0.59375 0.3413085933962264 0.591796875 0.3325195311320755