6 0.658203125 0.5961914066037736 0.654296875 0.5668945311320754 0.650390625 0.5493164066037736 0.646484375 0.5375976566037736 0.642578125 0.5288085933962264 0.6396484375 0.524414062264151 0.6240234375 0.5097656245283019 0.6123046875 0.500976562264151 0.603515625 0.5141601566037736 0.6015625 0.6196289066037736 0.6171875 0.6752929688679246 0.6181640625 0.676757812264151 0.6201171875 0.676757812264151 0.6376953125 0.665039062264151 0.640625 0.6606445311320754 0.658203125 0.6108398433962264 0.658203125 0.5961914066037736
6 0.5244140625 0.536132812264151 0.5029296875 0.5097656245283019 0.4892578125 0.506835937735849 0.4873046875 0.506835937735849 0.486328125 0.5083007811320754 0.484375 0.5258789066037736 0.50390625 0.6137695311320754 0.5439453125 0.647460937735849 0.5712890625 0.65625 0.572265625 0.6547851566037736 0.57421875 0.6430664066037736 0.57421875 0.6049804688679246 0.5244140625 0.536132812264151
6 0.33984375 0.49951171886792456 0.328125 0.4731445311320755 0.3251953125 0.46875 0.3212890625 0.46582031226415094 0.3134765625 0.46582031226415094 0.2880859375 0.47753906226415094 0.283203125 0.4907226566037736 0.26953125 0.5463867188679246 0.267578125 0.5932617188679246 0.267578125 0.6108398433962264 0.271484375 0.6196289066037736 0.2763671875 0.6269531245283019 0.2880859375 0.6269531245283019 0.3125 0.5844726566037736 0.33984375 0.5024414066037736 0.33984375 0.49951171886792456
6 0.439453125 0.2680664066037736 0.3857421875 0.20507812452830187 0.3828125 0.2094726566037736 0.380859375 0.21533203113207547 0.345703125 0.3647460933962264 0.345703125 0.3676757811320755 0.3466796875 0.3691406245283019 0.4248046875 0.39550781226415094 0.4326171875 0.3925781245283019 0.4384765625 0.38671875 0.44140625 0.3823242188679245 0.439453125 0.2680664066037736
1 0.5078125 0.2124023433962264 0.5078125 0.19482421886792453 0.5048828125 0.1875 0.4951171875 0.1875 0.4892578125 0.19335937547169813 0.48046875 0.2094726566037736 0.478515625 0.21533203113207547 0.478515625 0.23876953113207547 0.48046875 0.2475585933962264 0.4853515625 0.25488281226415094 0.4912109375 0.2578125 0.4951171875 0.2578125 0.498046875 0.2534179688679245 0.5078125 0.2124023433962264
1 0.359375 0.2915039066037736 0.359375 0.2680664066037736 0.35546875 0.2563476566037736 0.3466796875 0.2431640622641509 0.3369140625 0.2431640622641509 0.333984375 0.2475585933962264 0.32421875 0.2739257811320755 0.31640625 0.3002929688679245 0.31640625 0.3090820311320755 0.322265625 0.3208007811320755 0.3271484375 0.328125 0.3349609375 0.328125 0.3447265625 0.3222656245283019 0.35546875 0.3061523433962264 0.359375 0.2915039066037736
1 0.265625 0.3002929688679245 0.2568359375 0.29296875 0.2509765625 0.29296875 0.2314453125 0.2988281245283019 0.2275390625 0.30175781226415094 0.22265625 0.3090820311320755 0.216796875 0.3208007811320755 0.21484375 0.3295898433962264 0.21484375 0.3413085933962264 0.2177734375 0.3457031245283019 0.2216796875 0.34863281226415094 0.2275390625 0.34863281226415094 0.2607421875 0.31640625 0.265625 0.3090820311320755 0.265625 0.3002929688679245
1 0.3193359375 0.3574218754716981 0.3056640625 0.3457031245283019 0.2978515625 0.3457031245283019 0.29296875 0.3530273433962264 0.2890625 0.3647460933962264 0.2890625 0.3940429688679245 0.291015625 0.4028320311320755 0.2998046875 0.4160156245283019 0.3076171875 0.42480468773584906 0.3203125 0.3940429688679245 0.32421875 0.3647460933962264 0.3193359375 0.3574218754716981
1 0.388671875 0.6665039066037736 0.3828125 0.6489257811320754 0.3759765625 0.6386718754716981 0.3701171875 0.6328125 0.3603515625 0.6269531245283019 0.3486328125 0.6269531245283019 0.3447265625 0.629882812264151 0.341796875 0.6342773433962264 0.33984375 0.6401367188679246 0.33984375 0.6430664066037736 0.361328125 0.7192382811320754 0.3623046875 0.7207031245283019 0.3837890625 0.706054687735849 0.392578125 0.6928710933962264 0.390625 0.6752929688679246 0.388671875 0.6665039066037736
1 0.310546875 0.6987304688679246 0.31640625 0.6723632811320754 0.31640625 0.6694335933962264 0.310546875 0.6577148433962264 0.3076171875 0.653320312264151 0.2998046875 0.653320312264151 0.2958984375 0.65625 0.291015625 0.6635742188679246 0.2890625 0.6694335933962264 0.287109375 0.6782226566037736 0.287109375 0.6870117188679246 0.29296875 0.6987304688679246 0.2958984375 0.703125 0.3017578125 0.706054687735849 0.3037109375 0.706054687735849 0.3076171875 0.703125 0.310546875 0.6987304688679246
20 0.4873046875 0.6796875 0.4921875 0.6723632811320754 0.4921875 0.6665039066037736 0.4912109375 0.665039062264151 0.4541015625 0.6328125 0.4404296875 0.6503906245283019 0.4375 0.6547851566037736 0.4375 0.6606445311320754 0.439453125 0.6694335933962264 0.44140625 0.6752929688679246 0.4462890625 0.682617187735849 0.4521484375 0.6855468754716981 0.4814453125 0.682617187735849 0.4873046875 0.6796875
20 0.3759765625 0.43359375 0.361328125 0.4497070311320755 0.35546875 0.4731445311320755 0.361328125 0.49951171886792456 0.365234375 0.5141601566037736 0.3662109375 0.515625 0.390625 0.4819335933962264 0.400390625 0.4438476566037736 0.3916015625 0.43359375 0.3759765625 0.43359375
14 0.6123046875 0.7089843754716981 0.607421875 0.7163085933962264 0.607421875 0.7250976566037736 0.6201171875 0.7441406245283019 0.6240234375 0.7441406245283019 0.626953125 0.7397460933962264 0.626953125 0.7192382811320754 0.6201171875 0.7089843754716981 0.6123046875 0.7089843754716981
14 0.5654296875 0.782226562264151 0.5615234375 0.78515625 0.55859375 0.7895507811320754 0.55859375 0.7983398433962264 0.5595703125 0.799804687735849 0.5771484375 0.793945312264151 0.580078125 0.7895507811320754 0.580078125 0.7866210933962264 0.5771484375 0.782226562264151 0.5654296875 0.782226562264151
14 0.4423828125 0.829101562264151 0.4365234375 0.83203125 0.431640625 0.8393554688679246 0.431640625 0.8452148433962264 0.4326171875 0.846679687735849 0.4501953125 0.84375 0.451171875 0.8422851566037736 0.451171875 0.8334960933962264 0.4482421875 0.829101562264151 0.4423828125 0.829101562264151
14 0.5361328125 0.665039062264151 0.5302734375 0.665039062264151 0.529296875 0.6665039066037736 0.5234375 0.6840820311320754 0.5234375 0.6928710933962264 0.5283203125 0.700195312264151 0.5419921875 0.6972656245283019 0.544921875 0.6928710933962264 0.544921875 0.6811523433962264 0.54296875 0.6752929688679246 0.5361328125 0.665039062264151
14 0.427734375 0.6489257811320754 0.4248046875 0.64453125 0.4208984375 0.647460937735849 0.41796875 0.6518554688679246 0.416015625 0.6577148433962264 0.412109375 0.6752929688679246 0.412109375 0.6840820311320754 0.4140625 0.6899414066037736 0.4169921875 0.694335937735849 0.4228515625 0.694335937735849 0.423828125 0.6928710933962264 0.42578125 0.6840820311320754 0.427734375 0.6489257811320754
14 0.1943359375 0.4921875 0.1904296875 0.489257812264151 0.1875 0.4936523433962264 0.1875 0.49658203113207544 0.1953125 0.5112304688679246 0.1982421875 0.515625 0.2001953125 0.515625 0.203125 0.5083007811320754 0.203125 0.5024414066037736 0.1943359375 0.4921875
14 0.2529296875 0.23730468773584906 0.25 0.2416992188679245 0.248046875 0.2475585933962264 0.2509765625 0.2519531245283019 0.2744140625 0.2753906245283019 0.2763671875 0.2753906245283019 0.279296875 0.2709960933962264 0.279296875 0.2651367188679245 0.2724609375 0.2490234377358491 0.2529296875 0.23730468773584906
14 0.4453125 0.18017578113207547 0.4404296875 0.17578125 0.4287109375 0.17578125 0.4189453125 0.1875 0.416015625 0.19189453113207547 0.416015625 0.19482421886792453 0.41796875 0.2006835933962264 0.4208984375 0.20507812452830187 0.4248046875 0.20800781226415094 0.4443359375 0.1875 0.4453125 0.1860351566037736 0.4453125 0.18017578113207547
14 0.5947265625 0.22851562452830187 0.5869140625 0.22558593773584906 0.5771484375 0.22851562452830187 0.572265625 0.2358398433962264 0.5703125 0.2416992188679245 0.5703125 0.2446289066037736 0.5712890625 0.24609375 0.5908203125 0.25488281226415094 0.5966796875 0.25488281226415094 0.599609375 0.2504882811320755 0.599609375 0.23876953113207547 0.5947265625 0.22851562452830187
14 0.498046875 0.3237304688679245 0.4931640625 0.31347656226415094 0.4814453125 0.3105468754716981 0.4775390625 0.3105468754716981 0.474609375 0.3149414066037736 0.474609375 0.3208007811320755 0.4765625 0.3325195311320755 0.4853515625 0.34277343773584906 0.4892578125 0.34277343773584906 0.4931640625 0.33984375 0.498046875 0.3325195311320755 0.498046875 0.3237304688679245
14 0.5126953125 0.39550781226415094 0.5068359375 0.39550781226415094 0.501953125 0.4028320311320755 0.501953125 0.4057617188679245 0.5205078125 0.4394531245283019 0.525390625 0.4321289066037736 0.525390625 0.4233398433962264 0.5234375 0.4145507811320755 0.5185546875 0.40136718773584906 0.5126953125 0.39550781226415094
14 0.447265625 0.1391601566037736 0.447265625 0.14794921886792453 0.4521484375 0.15527343773584906 0.46484375 0.13623046886792453 0.474609375 0.11865234339622642 0.4697265625 0.11132812452830189 0.4658203125 0.11132812452830189 0.447265625 0.1391601566037736
14 0.4248046875 0.10546875 0.4228515625 0.10546875 0.412109375 0.12158203113207545 0.40625 0.1391601566037736 0.4091796875 0.14355468773584906 0.4130859375 0.14355468773584906 0.41796875 0.13623046886792453 0.423828125 0.12451171886792455 0.427734375 0.11279296886792453 0.42578125 0.10693359339622642 0.4248046875 0.10546875
14 0.3974609375 0.11425781226415094 0.396484375 0.11572265660377358 0.39453125 0.12158203113207545 0.39453125 0.14501953113207547 0.3955078125 0.14648437547169813 0.3994140625 0.14648437547169813 0.404296875 0.1391601566037736 0.40625 0.12158203113207545 0.3994140625 0.11425781226415094 0.3974609375 0.11425781226415094
9 0.236328125 0.3852539066037736 0.2255859375 0.3691406245283019 0.2216796875 0.36621093773584906 0.2138671875 0.36621093773584906 0.212890625 0.3676757811320755 0.2109375 0.3764648433962264 0.220703125 0.3999023433962264 0.2314453125 0.41894531226415094 0.2353515625 0.41894531226415094 0.236328125 0.4174804688679245 0.23828125 0.4057617188679245 0.23828125 0.3911132811320755 0.236328125 0.3852539066037736
9 0.5830078125 0.3046875 0.5732421875 0.31347656226415094 0.5703125 0.3178710933962264 0.5732421875 0.3222656245283019 0.5771484375 0.32519531226415094 0.5849609375 0.328125 0.591796875 0.3178710933962264 0.591796875 0.3061523433962264 0.5908203125 0.3046875 0.5830078125 0.3046875
13 0.364448055625 0.12084076886792454 0.3720703125 0.12597656226415094 0.381779799375 0.12758089150943397 0.38194027875000003 0.12228508113207547 0.37921213375 0.11795214528301887 0.3740234375 0.1171875 0.3681640625 0.1171875 0.364448055625 0.12084076886792454
13 0.4033203125 0.10546875 0.3992720225 0.10278686886792453 0.3947786075 0.11048986603773585 0.396484375 0.11279296886792453 0.4033203125 0.12011718773584906 0.4072265625 0.12304687547169811 0.4091796875 0.12304687547169811 0.41015625 0.12158203113207545 0.41015625 0.11572265660377358 0.4033203125 0.10546875
13 0.402963041875 0.20003720849056605 0.3994140625 0.20507812452830187 0.3984375 0.20654296886792453 0.400234896875 0.21135098584905662 0.40440735375000003 0.21592464056603775 0.41050556 0.2156839216981132 0.413233704375 0.21111026698113208 0.41259178812499997 0.20581445660377357 0.4111328125 0.20507812452830187 0.402963041875 0.20003720849056605
13 0.2373046875 0.3515625 0.2333984375 0.3515625 0.2255859375 0.36035156226415094 0.224609375 0.3618164066037736 0.224609375 0.3647460933962264 0.2255859375 0.36621093773584906 0.2314453125 0.36621093773584906 0.2353515625 0.36328125 0.23828125 0.3588867188679245 0.23828125 0.3530273433962264 0.2373046875 0.3515625
13 0.2421875 0.5434570311320754 0.2470703125 0.55078125 0.2509765625 0.55078125 0.251953125 0.5493164066037736 0.251953125 0.5434570311320754 0.2509765625 0.541992187735849 0.2451171875 0.5390625 0.2421875 0.5434570311320754
18 0.2421875 0.5258789066037736 0.2421875 0.5141601566037736 0.240234375 0.5083007811320754 0.2314453125 0.495117187735849 0.2216796875 0.495117187735849 0.1982421875 0.515625 0.189453125 0.5346679688679246 0.1875 0.5434570311320754 0.189453125 0.5551757811320754 0.1962890625 0.565429687735849 0.2080078125 0.565429687735849 0.2197265625 0.5566406245283019 0.2314453125 0.5449218754716981 0.240234375 0.5317382811320754 0.2421875 0.5258789066037736
18 0.287109375 0.4409179688679245 0.28515625 0.4321289066037736 0.2705078125 0.41015625 0.2607421875 0.40136718773584906 0.2529296875 0.40136718773584906 0.248046875 0.4057617188679245 0.24609375 0.4116210933962264 0.24609375 0.4233398433962264 0.25 0.4321289066037736 0.2646484375 0.45410156226415094 0.2705078125 0.45703125 0.2783203125 0.45703125 0.283203125 0.4526367188679245 0.287109375 0.4409179688679245
18 0.259765625 0.7104492188679246 0.259765625 0.6899414066037736 0.2578125 0.6811523433962264 0.248046875 0.6577148433962264 0.2421875 0.6459960933962264 0.2373046875 0.6386718754716981 0.2314453125 0.635742187735849 0.2216796875 0.635742187735849 0.216796875 0.6430664066037736 0.216796875 0.6665039066037736 0.234375 0.7045898433962264 0.2412109375 0.71484375 0.2451171875 0.717773437735849 0.2529296875 0.717773437735849 0.2568359375 0.71484375 0.259765625 0.7104492188679246
18 0.4306640625 0.6152343754716981 0.435546875 0.6079101566037736 0.435546875 0.5903320311320754 0.43359375 0.5844726566037736 0.4111328125 0.55078125 0.4033203125 0.541992187735849 0.3896484375 0.541992187735849 0.388671875 0.5434570311320754 0.384765625 0.5551757811320754 0.384765625 0.5698242188679246 0.388671875 0.5815429688679246 0.3935546875 0.588867187735849 0.4130859375 0.612304687735849 0.4208984375 0.618164062264151 0.4267578125 0.618164062264151 0.4306640625 0.6152343754716981
18 0.462890625 0.5200195311320754 0.46484375 0.49951171886792456 0.46484375 0.4643554688679245 0.462890625 0.4555664066037736 0.4580078125 0.44824218773584906 0.4541015625 0.4453125 0.4501953125 0.4453125 0.4462890625 0.44824218773584906 0.439453125 0.4584960933962264 0.435546875 0.4790039066037736 0.431640625 0.5112304688679246 0.431640625 0.5375976566037736 0.4404296875 0.55078125 0.4443359375 0.553710937735849 0.4462890625 0.553710937735849 0.4541015625 0.547851562264151 0.45703125 0.5434570311320754 0.462890625 0.5200195311320754
18 0.5751953125 0.524414062264151 0.58203125 0.5141601566037736 0.583984375 0.5024414066037736 0.580078125 0.48486328113207544 0.5625 0.4409179688679245 0.5576171875 0.43359375 0.5498046875 0.42480468773584906 0.5400390625 0.421875 0.5283203125 0.43359375 0.52734375 0.4350585933962264 0.52734375 0.4614257811320755 0.53515625 0.4819335933962264 0.544921875 0.5024414066037736 0.5595703125 0.524414062264151 0.5654296875 0.52734375 0.5712890625 0.52734375 0.5751953125 0.524414062264151
18 0.6337890625 0.45410156226415094 0.63671875 0.4497070311320755 0.638671875 0.4438476566037736 0.638671875 0.4321289066037736 0.634765625 0.4174804688679245 0.626953125 0.3969726566037736 0.6181640625 0.38378906226415094 0.6064453125 0.37207031226415094 0.6044921875 0.37207031226415094 0.6005859375 0.375 0.591796875 0.3881835933962264 0.591796875 0.3999023433962264 0.59375 0.4086914066037736 0.59765625 0.4204101566037736 0.609375 0.4438476566037736 0.6181640625 0.45703125 0.6298828125 0.45703125 0.6337890625 0.45410156226415094
18 0.6572265625 0.41308593773584906 0.6650390625 0.41308593773584906 0.6708984375 0.41015625 0.67578125 0.4028320311320755 0.677734375 0.3969726566037736 0.677734375 0.3793945311320755 0.671875 0.3530273433962264 0.6640625 0.3295898433962264 0.654296875 0.3061523433962264 0.6474609375 0.29589843773584906 0.6416015625 0.29296875 0.6337890625 0.29296875 0.6240234375 0.29589843773584906 0.619140625 0.3061523433962264 0.6171875 0.3208007811320755 0.6171875 0.3354492188679245 0.619140625 0.3442382811320755 0.62890625 0.3735351566037736 0.640625 0.3969726566037736 0.6455078125 0.4042968745283019 0.6513671875 0.41015625 0.6572265625 0.41308593773584906
18 0.5400390625 0.3808593754716981 0.544921875 0.3735351566037736 0.548828125 0.3647460933962264 0.548828125 0.3149414066037736 0.546875 0.2856445311320755 0.544921875 0.2768554688679245 0.54296875 0.2709960933962264 0.5322265625 0.25488281226415094 0.5263671875 0.2519531245283019 0.5146484375 0.26074218773584906 0.505859375 0.2797851566037736 0.50390625 0.2944335933962264 0.50390625 0.3032226566037736 0.509765625 0.3530273433962264 0.515625 0.3706054688679245 0.5224609375 0.3808593754716981 0.5263671875 0.38378906226415094 0.5361328125 0.38378906226415094 0.5400390625 0.3808593754716981
18 0.5625 0.1889648433962264 0.5439453125 0.16113281226415094 0.5400390625 0.15820312452830187 0.5322265625 0.15527343773584906 0.52734375 0.15966796886792453 0.5234375 0.16845703113207547 0.5234375 0.1860351566037736 0.5302734375 0.19628906226415094 0.5498046875 0.21679687452830187 0.5595703125 0.21679687452830187 0.564453125 0.2124023433962264 0.564453125 0.19482421886792453 0.5625 0.1889648433962264
18 0.37109375 0.2124023433962264 0.37109375 0.2006835933962264 0.3623046875 0.1875 0.3505859375 0.17871093773584906 0.3369140625 0.17871093773584906 0.3330078125 0.18164062452830187 0.330078125 0.1860351566037736 0.33203125 0.19482421886792453 0.333984375 0.2006835933962264 0.3408203125 0.20800781226415094 0.3525390625 0.21679687452830187 0.3583984375 0.21972656226415094 0.3662109375 0.21972656226415094 0.37109375 0.2124023433962264
18 0.322265625 0.19482421886792453 0.3203125 0.1889648433962264 0.3134765625 0.17871093773584906 0.3076171875 0.17578125 0.2939453125 0.17578125 0.2861328125 0.17871093773584906 0.2802734375 0.18457031226415094 0.2734375 0.19482421886792453 0.2734375 0.2006835933962264 0.28125 0.2211914066037736 0.2841796875 0.22558593773584906 0.3056640625 0.22558593773584906 0.3203125 0.20361328113207547 0.322265625 0.1977539066037736 0.322265625 0.19482421886792453
11 0.3095703125 0.752929687735849 0.306640625 0.7573242188679246 0.306640625 0.7749023433962264 0.30859375 0.7807617188679246 0.3134765625 0.788085937735849 0.314453125 0.7866210933962264 0.314453125 0.7573242188679246 0.3115234375 0.752929687735849 0.3095703125 0.752929687735849