9 0.62890625 0.3530273433962264 0.62890625 0.3500976566037736 0.626953125 0.3442382811320755 0.6240234375 0.33984375 0.6142578125 0.33984375 0.603515625 0.3559570311320755 0.603515625 0.3647460933962264 0.6064453125 0.3691406245283019 0.6103515625 0.37207031226415094 0.6123046875 0.37207031226415094 0.6240234375 0.36328125 0.626953125 0.3588867188679245 0.62890625 0.3530273433962264
14 0.578125 0.21826171886792453 0.5732421875 0.2109375 0.5517578125 0.19335937547169813 0.5458984375 0.19335937547169813 0.54296875 0.1977539066037736 0.54296875 0.21826171886792453 0.5439453125 0.21972656226415094 0.5498046875 0.22558593773584906 0.5673828125 0.234375 0.5771484375 0.23144531226415094 0.578125 0.22998046886792453 0.578125 0.21826171886792453
9 0.6416015625 0.17871093773584906 0.6376953125 0.17578125 0.6298828125 0.17578125 0.626953125 0.18017578113207547 0.625 0.1860351566037736 0.625 0.1889648433962264 0.6337890625 0.20214843773584906 0.6416015625 0.20800781226415094 0.6494140625 0.20800781226415094 0.650390625 0.20654296886792453 0.650390625 0.19482421886792453 0.6416015625 0.17871093773584906
20 0.7158203125 0.2109375 0.7119140625 0.2109375 0.70703125 0.21826171886792453 0.701171875 0.22998046886792453 0.701171875 0.2358398433962264 0.7060546875 0.2431640622641509 0.7138671875 0.2431640622641509 0.716796875 0.23876953113207547 0.71875 0.22705078113207547 0.71875 0.21533203113207547 0.7158203125 0.2109375
9 0.4384765625 0.32519531226415094 0.4326171875 0.32519531226415094 0.42578125 0.3354492188679245 0.42578125 0.3559570311320755 0.4287109375 0.36035156226415094 0.4384765625 0.36035156226415094 0.4453125 0.3413085933962264 0.4453125 0.3354492188679245 0.4423828125 0.328125 0.4384765625 0.32519531226415094
13 0.5517578125 0.375 0.5126953125 0.36035156226415094 0.5029296875 0.36035156226415094 0.501953125 0.3618164066037736 0.5 0.3676757811320755 0.505859375 0.4438476566037736 0.5087890625 0.44824218773584906 0.5107421875 0.44824218773584906 0.5146484375 0.4453125 0.552734375 0.3969726566037736 0.552734375 0.3764648433962264 0.5517578125 0.375
14 0.642578125 0.3178710933962264 0.6396484375 0.31347656226415094 0.6357421875 0.3105468754716981 0.6328125 0.3149414066037736 0.630859375 0.3208007811320755 0.630859375 0.3266601566037736 0.6328125 0.3325195311320755 0.6357421875 0.33691406226415094 0.6435546875 0.33691406226415094 0.64453125 0.3354492188679245 0.64453125 0.3295898433962264 0.642578125 0.3178710933962264
9 0.69921875 0.3793945311320755 0.697265625 0.3735351566037736 0.6943359375 0.3691406245283019 0.6904296875 0.36621093773584906 0.6806640625 0.36621093773584906 0.6748046875 0.3691406245283019 0.673828125 0.3706054688679245 0.671875 0.3764648433962264 0.671875 0.3793945311320755 0.6748046875 0.38378906226415094 0.6865234375 0.3925781245283019 0.6923828125 0.3925781245283019 0.6962890625 0.38964843773584906 0.69921875 0.3823242188679245 0.69921875 0.3793945311320755
9 0.287109375 0.5698242188679246 0.2763671875 0.553710937735849 0.2724609375 0.55078125 0.2666015625 0.55078125 0.265625 0.5522460933962264 0.24609375 0.6284179688679246 0.2587890625 0.64453125 0.2607421875 0.64453125 0.2822265625 0.629882812264151 0.287109375 0.6225585933962264 0.291015625 0.6108398433962264 0.291015625 0.5815429688679246 0.287109375 0.5698242188679246
9 0.416015625 0.48486328113207544 0.4111328125 0.48046875 0.4052734375 0.48046875 0.4013671875 0.483398437735849 0.400390625 0.48486328113207544 0.400390625 0.4907226566037736 0.408203125 0.5112304688679246 0.4130859375 0.518554687735849 0.4150390625 0.518554687735849 0.41796875 0.5112304688679246 0.41796875 0.4907226566037736 0.416015625 0.48486328113207544
9 0.53515625 0.49658203113207544 0.533203125 0.4907226566037736 0.5283203125 0.483398437735849 0.5205078125 0.47753906226415094 0.5146484375 0.47753906226415094 0.509765625 0.48486328113207544 0.509765625 0.48779296886792456 0.515625 0.49951171886792456 0.5185546875 0.50390625 0.5224609375 0.506835937735849 0.5322265625 0.506835937735849 0.53515625 0.49951171886792456 0.53515625 0.49658203113207544
20 0.6748046875 0.47167968773584906 0.6650390625 0.47167968773584906 0.6640625 0.4731445311320755 0.662109375 0.4936523433962264 0.662109375 0.5024414066037736 0.6708984375 0.515625 0.6728515625 0.515625 0.677734375 0.5083007811320754 0.677734375 0.4936523433962264 0.67578125 0.4731445311320755 0.6748046875 0.47167968773584906
9 0.7529296875 0.515625 0.7490234375 0.512695312264151 0.7333984375 0.5097656245283019 0.7314453125 0.5097656245283019 0.73046875 0.5112304688679246 0.728515625 0.5170898433962264 0.728515625 0.5288085933962264 0.7294921875 0.530273437735849 0.7412109375 0.536132812264151 0.7490234375 0.536132812264151 0.75390625 0.5288085933962264 0.75390625 0.5170898433962264 0.7529296875 0.515625
20 0.787109375 0.6254882811320754 0.7841796875 0.62109375 0.7705078125 0.6152343754716981 0.7685546875 0.6152343754716981 0.7646484375 0.618164062264151 0.76171875 0.6225585933962264 0.76171875 0.6254882811320754 0.7646484375 0.6328125 0.7763671875 0.641601562264151 0.7861328125 0.641601562264151 0.7890625 0.6372070311320754 0.7890625 0.6313476566037736 0.787109375 0.6254882811320754
13 0.765625 0.7309570311320754 0.765625 0.7250976566037736 0.763671875 0.7192382811320754 0.759765625 0.7104492188679246 0.7548828125 0.703125 0.7451171875 0.694335937735849 0.7255859375 0.682617187735849 0.7197265625 0.6796875 0.7177734375 0.6796875 0.716796875 0.6811523433962264 0.70703125 0.7075195311320754 0.70703125 0.7104492188679246 0.7099609375 0.71484375 0.7294921875 0.729492187735849 0.7509765625 0.73828125 0.7587890625 0.73828125 0.7626953125 0.735351562264151 0.765625 0.7309570311320754
21 0.66015625 0.6606445311320754 0.662109375 0.6166992188679246 0.6611328125 0.6152343754716981 0.6572265625 0.6152343754716981 0.6083984375 0.629882812264151 0.607421875 0.6313476566037736 0.607421875 0.6665039066037736 0.615234375 0.7104492188679246 0.6162109375 0.711914062264151 0.6259765625 0.717773437735849 0.6298828125 0.717773437735849 0.654296875 0.6752929688679246 0.66015625 0.6606445311320754
1 0.5947265625 0.559570312264151 0.591796875 0.5639648433962264 0.58984375 0.5698242188679246 0.58984375 0.5815429688679246 0.5947265625 0.588867187735849 0.6025390625 0.588867187735849 0.611328125 0.5727539066037736 0.611328125 0.5639648433962264 0.6083984375 0.559570312264151 0.5947265625 0.559570312264151
9 0.5390625 0.6811523433962264 0.541015625 0.6752929688679246 0.541015625 0.6635742188679246 0.5166015625 0.641601562264151 0.5126953125 0.641601562264151 0.51171875 0.6430664066037736 0.509765625 0.6489257811320754 0.509765625 0.6694335933962264 0.51171875 0.6752929688679246 0.5166015625 0.682617187735849 0.5263671875 0.688476562264151 0.5322265625 0.688476562264151 0.5361328125 0.6855468754716981 0.5390625 0.6811523433962264
9 0.4453125 0.7397460933962264 0.4453125 0.7250976566037736 0.443359375 0.7192382811320754 0.4248046875 0.700195312264151 0.4072265625 0.711914062264151 0.40625 0.7133789066037736 0.40625 0.7309570311320754 0.4130859375 0.741210937735849 0.4208984375 0.747070312264151 0.4267578125 0.75 0.4365234375 0.75 0.4404296875 0.747070312264151 0.4453125 0.7397460933962264
9 0.3896484375 0.7910156245283019 0.3779296875 0.7910156245283019 0.3662109375 0.805664062264151 0.365234375 0.8071289066037736 0.365234375 0.8129882811320754 0.3701171875 0.8203125 0.3974609375 0.834960937735849 0.3994140625 0.834960937735849 0.40234375 0.8305664066037736 0.40234375 0.8071289066037736 0.3896484375 0.7910156245283019