20 0.7216796875 0.5449218754716981 0.7138671875 0.5449218754716981 0.6865234375 0.553710937735849 0.6806640625 0.5566406245283019 0.677734375 0.5610351566037736 0.669921875 0.6166992188679246 0.669921875 0.6196289066037736 0.6767578125 0.6328125 0.7451171875 0.5917968754716981 0.74609375 0.5903320311320754 0.728515625 0.5522460933962264 0.7255859375 0.547851562264151 0.7216796875 0.5449218754716981
20 0.4111328125 0.2636718754716981 0.4052734375 0.2636718754716981 0.3974609375 0.26953125 0.3857421875 0.28417968773584906 0.3828125 0.2915039066037736 0.376953125 0.3413085933962264 0.3779296875 0.34277343773584906 0.3994140625 0.33984375 0.4423828125 0.29003906226415094 0.443359375 0.2885742188679245 0.443359375 0.2856445311320755 0.4423828125 0.28417968773584906 0.4111328125 0.2636718754716981
20 0.6318359375 0.647460937735849 0.5439453125 0.588867187735849 0.54296875 0.5903320311320754 0.54296875 0.5932617188679246 0.552734375 0.6987304688679246 0.5546875 0.7045898433962264 0.5576171875 0.7089843754716981 0.5673828125 0.7089843754716981 0.6328125 0.6489257811320754 0.6318359375 0.647460937735849
21 0.5224609375 0.234375 0.513671875 0.2475585933962264 0.505859375 0.2651367188679245 0.505859375 0.2739257811320755 0.5224609375 0.32519531226415094 0.56640625 0.2827148433962264 0.560546875 0.21533203113207547 0.5576171875 0.2109375 0.5498046875 0.20800781226415094 0.5224609375 0.234375
14 0.6953125 0.3208007811320755 0.68359375 0.2973632811320755 0.6826171875 0.29589843773584906 0.6728515625 0.29296875 0.666015625 0.3032226566037736 0.67578125 0.3237304688679245 0.6787109375 0.328125 0.6845703125 0.3339843754716981 0.6884765625 0.3339843754716981 0.6923828125 0.33105468773584906 0.6953125 0.3237304688679245 0.6953125 0.3208007811320755
9 0.796875 0.4438476566037736 0.7919921875 0.4394531245283019 0.7841796875 0.4394531245283019 0.7783203125 0.44238281226415094 0.775390625 0.4467773433962264 0.775390625 0.4526367188679245 0.7783203125 0.45703125 0.7841796875 0.4628906245283019 0.7900390625 0.4628906245283019 0.7939453125 0.45996093773584906 0.796875 0.4555664066037736 0.796875 0.4438476566037736
9 0.7060546875 0.39550781226415094 0.7041015625 0.39550781226415094 0.69921875 0.4028320311320755 0.69921875 0.4233398433962264 0.7021484375 0.4277343745283019 0.7099609375 0.4277343745283019 0.712890625 0.4233398433962264 0.712890625 0.4145507811320755 0.7109375 0.4028320311320755 0.7060546875 0.39550781226415094
9 0.7138671875 0.4277343745283019 0.7001953125 0.43066406226415094 0.697265625 0.4350585933962264 0.697265625 0.4379882811320755 0.7001953125 0.44238281226415094 0.7099609375 0.44824218773584906 0.7158203125 0.44824218773584906 0.71875 0.4438476566037736 0.720703125 0.4379882811320755 0.7138671875 0.4277343745283019
9 0.7275390625 0.670898437735849 0.7138671875 0.670898437735849 0.708984375 0.6782226566037736 0.708984375 0.6840820311320754 0.7138671875 0.69140625 0.7197265625 0.69140625 0.7294921875 0.688476562264151 0.732421875 0.6840820311320754 0.732421875 0.6782226566037736 0.7275390625 0.670898437735849
9 0.6123046875 0.4863281245283018 0.6083984375 0.483398437735849 0.6005859375 0.48046875 0.5966796875 0.48046875 0.59375 0.48486328113207544 0.59375 0.4936523433962264 0.6005859375 0.50390625 0.6064453125 0.506835937735849 0.6103515625 0.50390625 0.61328125 0.49951171886792456 0.615234375 0.4936523433962264 0.6123046875 0.4863281245283018
9 0.4755859375 0.4980468754716982 0.470703125 0.5053710933962264 0.46875 0.5200195311320754 0.470703125 0.5258789066037736 0.4736328125 0.530273437735849 0.484375 0.5141601566037736 0.486328125 0.5083007811320754 0.486328125 0.5053710933962264 0.4814453125 0.4980468754716982 0.4755859375 0.4980468754716982
9 0.4501953125 0.641601562264151 0.44921875 0.6430664066037736 0.44921875 0.6547851566037736 0.4541015625 0.6621093754716981 0.4638671875 0.665039062264151 0.46875 0.6606445311320754 0.46875 0.6577148433962264 0.4580078125 0.641601562264151 0.4501953125 0.641601562264151
9 0.4501953125 0.624023437735849 0.4462890625 0.6269531245283019 0.44140625 0.6342773433962264 0.44140625 0.6372070311320754 0.4443359375 0.641601562264151 0.4580078125 0.641601562264151 0.462890625 0.6342773433962264 0.4609375 0.6284179688679246 0.4580078125 0.624023437735849 0.4501953125 0.624023437735849
9 0.376953125 0.5405273433962264 0.3720703125 0.5332031245283019 0.3701171875 0.5332031245283019 0.3671875 0.5375976566037736 0.365234375 0.5493164066037736 0.365234375 0.5551757811320754 0.3671875 0.5610351566037736 0.3701171875 0.565429687735849 0.3740234375 0.565429687735849 0.37890625 0.5581054688679246 0.37890625 0.5463867188679246 0.376953125 0.5405273433962264
9 0.431640625 0.3969726566037736 0.4287109375 0.3925781245283019 0.4169921875 0.3925781245283019 0.4013671875 0.4042968745283019 0.396484375 0.4116210933962264 0.396484375 0.4204101566037736 0.4013671875 0.4277343745283019 0.4091796875 0.4277343745283019 0.4228515625 0.4160156245283019 0.4296875 0.4057617188679245 0.431640625 0.3999023433962264 0.431640625 0.3969726566037736
9 0.4951171875 0.14941406226415094 0.4853515625 0.15234375 0.48046875 0.15966796886792453 0.48046875 0.17138671886792453 0.4814453125 0.17285156226415094 0.4912109375 0.17285156226415094 0.4970703125 0.16699218773584906 0.5 0.1625976566037736 0.5 0.1538085933962264 0.4951171875 0.14941406226415094