9 0.55859375 0.15966796886792453 0.560546875 0.14794921886792453 0.560546875 0.13623046886792453 0.5576171875 0.12890625 0.5517578125 0.12597656226415094 0.5458984375 0.12890625 0.541015625 0.13623046886792453 0.537109375 0.14794921886792453 0.537109375 0.1625976566037736 0.5390625 0.16845703113207547 0.5439453125 0.17578125 0.5458984375 0.17578125 0.5517578125 0.17285156226415094 0.556640625 0.1655273433962264 0.55859375 0.15966796886792453
1 0.474609375 0.20654296886792453 0.4716796875 0.20214843773584906 0.4658203125 0.19921875 0.4580078125 0.19921875 0.4521484375 0.20214843773584906 0.4453125 0.2124023433962264 0.44140625 0.2241210933962264 0.44140625 0.2416992188679245 0.4453125 0.2534179688679245 0.4521484375 0.2636718754716981 0.4599609375 0.26660156226415094 0.46484375 0.2592773433962264 0.474609375 0.2094726566037736 0.474609375 0.20654296886792453
9 0.548828125 0.3090820311320755 0.544921875 0.3002929688679245 0.5419921875 0.29589843773584906 0.5380859375 0.29296875 0.5361328125 0.29296875 0.529296875 0.3032226566037736 0.52734375 0.3120117188679245 0.52734375 0.3178710933962264 0.5380859375 0.33691406226415094 0.5439453125 0.33984375 0.5478515625 0.33984375 0.552734375 0.3354492188679245 0.55078125 0.3178710933962264 0.548828125 0.3090820311320755
9 0.6064453125 0.20800781226415094 0.5927734375 0.20507812452830187 0.5908203125 0.20507812452830187 0.5869140625 0.20800781226415094 0.5859375 0.2094726566037736 0.5859375 0.21533203113207547 0.587890625 0.2211914066037736 0.5986328125 0.23144531226415094 0.6064453125 0.23144531226415094 0.609375 0.22705078113207547 0.609375 0.2124023433962264 0.6064453125 0.20800781226415094
9 0.69140625 0.2416992188679245 0.6865234375 0.234375 0.6826171875 0.23144531226415094 0.6748046875 0.23144531226415094 0.6708984375 0.234375 0.666015625 0.2416992188679245 0.6640625 0.2475585933962264 0.6640625 0.2504882811320755 0.666015625 0.2709960933962264 0.6669921875 0.27246093773584906 0.6708984375 0.27246093773584906 0.693359375 0.2563476566037736 0.693359375 0.2475585933962264 0.69140625 0.2416992188679245
9 0.7802734375 0.26660156226415094 0.7724609375 0.26074218773584906 0.7646484375 0.26074218773584906 0.7587890625 0.26660156226415094 0.751953125 0.2768554688679245 0.751953125 0.2827148433962264 0.7607421875 0.29296875 0.7783203125 0.2988281245283019 0.78515625 0.2885742188679245 0.78515625 0.2768554688679245 0.783203125 0.2709960933962264 0.7802734375 0.26660156226415094
9 0.7685546875 0.34863281226415094 0.7626953125 0.34863281226415094 0.759765625 0.3530273433962264 0.76171875 0.3823242188679245 0.7626953125 0.38378906226415094 0.7685546875 0.38378906226415094 0.7734375 0.3764648433962264 0.775390625 0.3706054688679245 0.775390625 0.3588867188679245 0.7685546875 0.34863281226415094
9 0.69921875 0.4057617188679245 0.69921875 0.4028320311320755 0.6904296875 0.38671875 0.6845703125 0.3808593754716981 0.6787109375 0.37792968773584906 0.6708984375 0.37792968773584906 0.66796875 0.3823242188679245 0.66796875 0.3999023433962264 0.669921875 0.4057617188679245 0.6767578125 0.4160156245283019 0.6806640625 0.41894531226415094 0.6904296875 0.41894531226415094 0.697265625 0.4116210933962264 0.69921875 0.4057617188679245
9 0.6064453125 0.44824218773584906 0.6005859375 0.4453125 0.5908203125 0.4453125 0.5849609375 0.44824218773584906 0.58203125 0.4526367188679245 0.58203125 0.4555664066037736 0.6064453125 0.4921875 0.6103515625 0.4921875 0.611328125 0.4907226566037736 0.615234375 0.4760742188679245 0.615234375 0.4614257811320755 0.6064453125 0.44824218773584906
9 0.517578125 0.4438476566037736 0.5166015625 0.44238281226415094 0.5087890625 0.44238281226415094 0.50390625 0.4497070311320755 0.501953125 0.4555664066037736 0.5 0.4643554688679245 0.5048828125 0.47167968773584906 0.5087890625 0.47167968773584906 0.5126953125 0.46875 0.517578125 0.4614257811320755 0.51953125 0.4555664066037736 0.51953125 0.4526367188679245 0.517578125 0.4438476566037736
9 0.404296875 0.4174804688679245 0.390625 0.3911132811320755 0.3837890625 0.3808593754716981 0.3759765625 0.3808593754716981 0.3720703125 0.38378906226415094 0.365234375 0.3940429688679245 0.36328125 0.4174804688679245 0.3720703125 0.43359375 0.3935546875 0.45703125 0.3994140625 0.45703125 0.40625 0.4497070311320755 0.408203125 0.4438476566037736 0.408203125 0.4409179688679245 0.404296875 0.4174804688679245
9 0.43359375 0.6811523433962264 0.43359375 0.6723632811320754 0.431640625 0.6635742188679246 0.4248046875 0.653320312264151 0.4130859375 0.64453125 0.4091796875 0.64453125 0.408203125 0.6459960933962264 0.408203125 0.6782226566037736 0.412109375 0.6899414066037736 0.416015625 0.6987304688679246 0.4169921875 0.700195312264151 0.4208984375 0.700195312264151 0.4296875 0.6928710933962264 0.43359375 0.6811523433962264
9 0.5234375 0.6108398433962264 0.521484375 0.6049804688679246 0.5166015625 0.59765625 0.5087890625 0.5917968754716981 0.5029296875 0.5917968754716981 0.4951171875 0.594726562264151 0.4921875 0.5991210933962264 0.4921875 0.6020507811320754 0.49609375 0.6196289066037736 0.5126953125 0.635742187735849 0.5166015625 0.6386718754716981 0.5185546875 0.6386718754716981 0.5234375 0.6254882811320754 0.5234375 0.6108398433962264
15 0.708984375 0.6284179688679246 0.708984375 0.6108398433962264 0.7021484375 0.600585937735849 0.7001953125 0.600585937735849 0.6962890625 0.6035156245283019 0.6826171875 0.62109375 0.66796875 0.6430664066037736 0.66796875 0.6489257811320754 0.6689453125 0.6503906245283019 0.6845703125 0.6503906245283019 0.6943359375 0.647460937735849 0.7021484375 0.641601562264151 0.70703125 0.6342773433962264 0.708984375 0.6284179688679246
9 0.5986328125 0.711914062264151 0.5947265625 0.7089843754716981 0.5869140625 0.7089843754716981 0.5791015625 0.711914062264151 0.576171875 0.7163085933962264 0.576171875 0.7250976566037736 0.5791015625 0.729492187735849 0.5849609375 0.7324218754716981 0.5986328125 0.7324218754716981 0.599609375 0.7309570311320754 0.6015625 0.7192382811320754 0.5986328125 0.711914062264151
9 0.7822265625 0.7441406245283019 0.7724609375 0.73828125 0.7646484375 0.741210937735849 0.759765625 0.7485351566037736 0.759765625 0.7631835933962264 0.7744140625 0.776367187735849 0.7841796875 0.776367187735849 0.787109375 0.7719726566037736 0.7890625 0.7631835933962264 0.787109375 0.7514648433962264 0.7822265625 0.7441406245283019
9 0.7861328125 0.4511718745283019 0.7841796875 0.4511718745283019 0.783203125 0.4526367188679245 0.771484375 0.4819335933962264 0.771484375 0.48486328113207544 0.7783203125 0.495117187735849 0.7841796875 0.495117187735849 0.794921875 0.4790039066037736 0.794921875 0.4702148433962264 0.7890625 0.4555664066037736 0.7861328125 0.4511718745283019