6 0.4150390625 0.15820312452830187 0.4033203125 0.15234375 0.3916015625 0.15527343773584906 0.3857421875 0.15820312452830187 0.3779296875 0.1640625 0.35546875 0.1889648433962264 0.345703125 0.22705078113207547 0.34375 0.2358398433962264 0.34375 0.2592773433962264 0.3603515625 0.28417968773584906 0.3662109375 0.28417968773584906 0.4091796875 0.24023437452830187 0.412109375 0.2358398433962264 0.416015625 0.15966796886792453 0.4150390625 0.15820312452830187
6 0.6640625 0.5581054688679246 0.666015625 0.5522460933962264 0.666015625 0.5405273433962264 0.6611328125 0.536132812264151 0.6474609375 0.530273437735849 0.6416015625 0.530273437735849 0.6337890625 0.536132812264151 0.5966796875 0.571289062264151 0.58984375 0.5815429688679246 0.587890625 0.5903320311320754 0.587890625 0.6020507811320754 0.58984375 0.6225585933962264 0.5966796875 0.6328125 0.5986328125 0.6328125 0.6416015625 0.606445312264151 0.64453125 0.6020507811320754 0.6640625 0.5581054688679246
18 0.29296875 0.5493164066037736 0.2802734375 0.530273437735849 0.2763671875 0.52734375 0.2626953125 0.524414062264151 0.2607421875 0.524414062264151 0.2529296875 0.530273437735849 0.24609375 0.5405273433962264 0.24609375 0.5463867188679246 0.2490234375 0.553710937735849 0.2861328125 0.5917968754716981 0.2900390625 0.5917968754716981 0.296875 0.5815429688679246 0.296875 0.5610351566037736 0.29296875 0.5493164066037736
18 0.517578125 0.2592773433962264 0.517578125 0.2534179688679245 0.513671875 0.2416992188679245 0.5087890625 0.23730468773584906 0.5009765625 0.23730468773584906 0.4931640625 0.24023437452830187 0.4794921875 0.24609375 0.4716796875 0.2519531245283019 0.462890625 0.2651367188679245 0.462890625 0.2885742188679245 0.4658203125 0.29296875 0.4716796875 0.29589843773584906 0.4775390625 0.29589843773584906 0.5029296875 0.29003906226415094 0.515625 0.2651367188679245 0.517578125 0.2592773433962264
18 0.5224609375 0.694335937735849 0.5341796875 0.6855468754716981 0.541015625 0.6752929688679246 0.544921875 0.6665039066037736 0.548828125 0.6547851566037736 0.548828125 0.6196289066037736 0.546875 0.6137695311320754 0.5361328125 0.59765625 0.5126953125 0.588867187735849 0.5087890625 0.588867187735849 0.50390625 0.5932617188679246 0.4765625 0.6459960933962264 0.4765625 0.6547851566037736 0.478515625 0.6635742188679246 0.486328125 0.6782226566037736 0.4931640625 0.688476562264151 0.5048828125 0.6972656245283019 0.5126953125 0.6972656245283019 0.5224609375 0.694335937735849
1 0.396484375 0.3793945311320755 0.396484375 0.3559570311320755 0.39453125 0.3500976566037736 0.3857421875 0.33691406226415094 0.3779296875 0.33105468773584906 0.3662109375 0.33105468773584906 0.3623046875 0.3339843754716981 0.361328125 0.3354492188679245 0.361328125 0.3471679688679245 0.369140625 0.3852539066037736 0.3798828125 0.39550781226415094 0.3857421875 0.39550781226415094 0.3916015625 0.38964843773584906 0.39453125 0.3852539066037736 0.396484375 0.3793945311320755
1 0.5576171875 0.3457031245283019 0.5556640625 0.3457031245283019 0.5302734375 0.36328125 0.5234375 0.3735351566037736 0.5234375 0.3852539066037736 0.5302734375 0.39550781226415094 0.5517578125 0.39550781226415094 0.560546875 0.3823242188679245 0.564453125 0.3706054688679245 0.564453125 0.3559570311320755 0.5576171875 0.3457031245283019
1 0.71875 0.48486328113207544 0.7099609375 0.47167968773584906 0.7001953125 0.4628906245283019 0.6943359375 0.4628906245283019 0.6904296875 0.46582031226415094 0.67578125 0.48779296886792456 0.7001953125 0.530273437735849 0.7041015625 0.5332031245283019 0.7080078125 0.5332031245283019 0.716796875 0.5200195311320754 0.720703125 0.5083007811320754 0.720703125 0.4936523433962264 0.71875 0.48486328113207544
1 0.7353515625 0.57421875 0.7314453125 0.57421875 0.7275390625 0.577148437735849 0.72265625 0.5844726566037736 0.720703125 0.5903320311320754 0.720703125 0.5961914066037736 0.724609375 0.6166992188679246 0.7314453125 0.6269531245283019 0.7333984375 0.6269531245283019 0.740234375 0.6166992188679246 0.7421875 0.5815429688679246 0.7353515625 0.57421875
1 0.4580078125 0.6796875 0.4521484375 0.6738281245283019 0.4404296875 0.6738281245283019 0.4345703125 0.6796875 0.4296875 0.6899414066037736 0.427734375 0.6987304688679246 0.427734375 0.7104492188679246 0.431640625 0.7192382811320754 0.4345703125 0.723632812264151 0.4384765625 0.723632812264151 0.4453125 0.7133789066037736 0.4609375 0.6840820311320754 0.4580078125 0.6796875
20 0.599609375 0.14501953113207547 0.5927734375 0.13476562452830187 0.5869140625 0.13476562452830187 0.5732421875 0.140625 0.5419921875 0.15820312452830187 0.5390625 0.1625976566037736 0.544921875 0.19189453113207547 0.5458984375 0.19335937547169813 0.5771484375 0.19042968773584906 0.5966796875 0.17871093773584906 0.59765625 0.1772460933962264 0.599609375 0.15673828113207547 0.599609375 0.14501953113207547
20 0.6591796875 0.6503906245283019 0.6533203125 0.653320312264151 0.65234375 0.6547851566037736 0.630859375 0.6928710933962264 0.6318359375 0.694335937735849 0.6591796875 0.711914062264151 0.6982421875 0.6855468754716981 0.703125 0.6811523433962264 0.6748046875 0.65625 0.6611328125 0.6503906245283019 0.6591796875 0.6503906245283019
3 0.623046875 0.2651367188679245 0.6220703125 0.2636718754716981 0.6181640625 0.2636718754716981 0.583984375 0.2885742188679245 0.580078125 0.3090820311320755 0.58984375 0.3500976566037736 0.5908203125 0.3515625 0.5986328125 0.3515625 0.623046875 0.3178710933962264 0.62890625 0.2915039066037736 0.62890625 0.2827148433962264 0.623046875 0.2651367188679245
14 0.3154296875 0.24023437452830187 0.3095703125 0.24023437452830187 0.306640625 0.2446289066037736 0.3046875 0.2504882811320755 0.302734375 0.2592773433962264 0.302734375 0.2739257811320755 0.3076171875 0.28125 0.3134765625 0.28125 0.31640625 0.2768554688679245 0.322265625 0.2446289066037736 0.3212890625 0.2431640622641509 0.3154296875 0.24023437452830187
14 0.3583984375 0.48046875 0.353515625 0.48486328113207544 0.349609375 0.49658203113207544 0.349609375 0.49951171886792456 0.35546875 0.5200195311320754 0.3603515625 0.524414062264151 0.37109375 0.5141601566037736 0.3671875 0.48779296886792456 0.3623046875 0.48046875 0.3583984375 0.48046875
14 0.4375 0.4497070311320755 0.4306640625 0.4394531245283019 0.4208984375 0.4394531245283019 0.419921875 0.4409179688679245 0.419921875 0.4497070311320755 0.435546875 0.4760742188679245 0.4384765625 0.48046875 0.4404296875 0.48046875 0.4453125 0.4731445311320755 0.4453125 0.4702148433962264 0.4375 0.4497070311320755
14 0.53515625 0.4731445311320755 0.5283203125 0.4628906245283019 0.5224609375 0.4628906245283019 0.5087890625 0.48046875 0.5078125 0.4819335933962264 0.5078125 0.48779296886792456 0.5126953125 0.495117187735849 0.5166015625 0.4980468754716982 0.5224609375 0.4980468754716982 0.533203125 0.4819335933962264 0.53515625 0.4760742188679245 0.53515625 0.4731445311320755
14 0.611328125 0.4584960933962264 0.6064453125 0.45410156226415094 0.6005859375 0.45410156226415094 0.59765625 0.4584960933962264 0.595703125 0.48486328113207544 0.6005859375 0.4921875 0.6044921875 0.495117187735849 0.6083984375 0.495117187735849 0.6123046875 0.4921875 0.61328125 0.4907226566037736 0.61328125 0.4702148433962264 0.611328125 0.4584960933962264
14 0.3740234375 0.7089843754716981 0.3662109375 0.7089843754716981 0.361328125 0.7163085933962264 0.357421875 0.7250976566037736 0.35546875 0.7309570311320754 0.35546875 0.7426757811320754 0.357421875 0.7485351566037736 0.3603515625 0.752929687735849 0.3642578125 0.7558593754716981 0.369140625 0.7514648433962264 0.376953125 0.7133789066037736 0.3740234375 0.7089843754716981
9 0.5029296875 0.11132812452830189 0.4912109375 0.11132812452830189 0.4853515625 0.11425781226415094 0.4775390625 0.12011718773584906 0.4765625 0.12158203113207545 0.4765625 0.1274414066037736 0.4833984375 0.13476562452830187 0.4912109375 0.140625 0.5009765625 0.13769531226415094 0.513671875 0.1274414066037736 0.513671875 0.12451171886792455 0.5029296875 0.11132812452830189
9 0.4794921875 0.20800781226415094 0.4765625 0.2124023433962264 0.4765625 0.2211914066037736 0.4794921875 0.22558593773584906 0.4931640625 0.21972656226415094 0.49609375 0.21533203113207547 0.4912109375 0.20800781226415094 0.4833984375 0.20507812452830187 0.4794921875 0.20800781226415094
9 0.646484375 0.3940429688679245 0.646484375 0.3911132811320755 0.6455078125 0.38964843773584906 0.6435546875 0.38964843773584906 0.6162109375 0.3984375 0.6103515625 0.40136718773584906 0.609375 0.4028320311320755 0.609375 0.4086914066037736 0.6142578125 0.4160156245283019 0.6220703125 0.42480468773584906 0.6279296875 0.42480468773584906 0.6357421875 0.41894531226415094 0.642578125 0.4086914066037736 0.646484375 0.3940429688679245
9 0.681640625 0.3764648433962264 0.6787109375 0.37207031226415094 0.6728515625 0.37207031226415094 0.66796875 0.3793945311320755 0.66796875 0.3881835933962264 0.671875 0.3999023433962264 0.6748046875 0.4042968745283019 0.6767578125 0.4042968745283019 0.6796875 0.3999023433962264 0.681640625 0.3881835933962264 0.681640625 0.3764648433962264
9 0.7392578125 0.31347656226415094 0.736328125 0.3178710933962264 0.734375 0.3237304688679245 0.732421875 0.3354492188679245 0.732421875 0.3413085933962264 0.7333984375 0.34277343773584906 0.7412109375 0.34277343773584906 0.748046875 0.3295898433962264 0.75 0.3208007811320755 0.7470703125 0.31347656226415094 0.7392578125 0.31347656226415094
9 0.734375 0.4057617188679245 0.7294921875 0.3984375 0.7275390625 0.3984375 0.7236328125 0.40136718773584906 0.716796875 0.4116210933962264 0.716796875 0.4233398433962264 0.7177734375 0.42480468773584906 0.7216796875 0.42480468773584906 0.7275390625 0.421875 0.7314453125 0.41894531226415094 0.734375 0.4145507811320755 0.734375 0.4057617188679245
9 0.7509765625 0.4980468754716982 0.7451171875 0.4980468754716982 0.7421875 0.5053710933962264 0.740234375 0.5141601566037736 0.740234375 0.5258789066037736 0.7431640625 0.530273437735849 0.7509765625 0.530273437735849 0.75390625 0.5258789066037736 0.75390625 0.5170898433962264 0.751953125 0.49951171886792456 0.7509765625 0.4980468754716982
9 0.5673828125 0.506835937735849 0.5556640625 0.506835937735849 0.5517578125 0.5097656245283019 0.548828125 0.5141601566037736 0.548828125 0.5229492188679246 0.5537109375 0.530273437735849 0.5576171875 0.530273437735849 0.5654296875 0.5214843754716981 0.5703125 0.5141601566037736 0.5703125 0.5112304688679246 0.5673828125 0.506835937735849
9 0.458984375 0.5786132811320754 0.4482421875 0.5625 0.4423828125 0.5625 0.439453125 0.5668945311320754 0.439453125 0.5786132811320754 0.4423828125 0.583007812264151 0.4521484375 0.5917968754716981 0.4541015625 0.5917968754716981 0.4580078125 0.588867187735849 0.458984375 0.5874023433962264 0.458984375 0.5786132811320754
9 0.4013671875 0.635742187735849 0.3955078125 0.6386718754716981 0.390625 0.6459960933962264 0.390625 0.6547851566037736 0.3935546875 0.659179687735849 0.4013671875 0.659179687735849 0.41015625 0.6430664066037736 0.41015625 0.6401367188679246 0.4072265625 0.635742187735849 0.4013671875 0.635742187735849
9 0.4072265625 0.530273437735849 0.3994140625 0.530273437735849 0.390625 0.5405273433962264 0.388671875 0.5463867188679246 0.388671875 0.5493164066037736 0.3935546875 0.5566406245283019 0.4072265625 0.55078125 0.41015625 0.5463867188679246 0.412109375 0.5405273433962264 0.41015625 0.5346679688679246 0.4072265625 0.530273437735849
9 0.3310546875 0.6269531245283019 0.3251953125 0.6269531245283019 0.3203125 0.6342773433962264 0.31640625 0.6430664066037736 0.31640625 0.6459960933962264 0.3212890625 0.653320312264151 0.3291015625 0.6503906245283019 0.333984375 0.6430664066037736 0.3359375 0.6372070311320754 0.3359375 0.6342773433962264 0.3310546875 0.6269531245283019
9 0.330078125 0.7104492188679246 0.3193359375 0.694335937735849 0.3134765625 0.694335937735849 0.3125 0.6958007811320754 0.3125 0.7075195311320754 0.31640625 0.7192382811320754 0.3193359375 0.723632812264151 0.3232421875 0.7265625 0.3251953125 0.7265625 0.330078125 0.7192382811320754 0.330078125 0.7104492188679246
9 0.3154296875 0.43359375 0.310546875 0.4409179688679245 0.310546875 0.4467773433962264 0.3154296875 0.45410156226415094 0.3271484375 0.45703125 0.330078125 0.4526367188679245 0.330078125 0.4467773433962264 0.3212890625 0.43359375 0.3154296875 0.43359375
9 0.3134765625 0.37207031226415094 0.3125 0.3735351566037736 0.310546875 0.3823242188679245 0.3232421875 0.40136718773584906 0.3271484375 0.40136718773584906 0.330078125 0.3969726566037736 0.330078125 0.3940429688679245 0.32421875 0.3764648433962264 0.3212890625 0.37207031226415094 0.3134765625 0.37207031226415094
9 0.26953125 0.3969726566037736 0.267578125 0.3881835933962264 0.2626953125 0.3808593754716981 0.2587890625 0.3808593754716981 0.255859375 0.3852539066037736 0.255859375 0.4028320311320755 0.2578125 0.4086914066037736 0.2607421875 0.41308593773584906 0.2646484375 0.41308593773584906 0.267578125 0.4086914066037736 0.26953125 0.4028320311320755 0.26953125 0.3969726566037736