18 0.603515625 0.7514648433962264 0.60546875 0.7338867188679246 0.60546875 0.7280273433962264 0.603515625 0.7192382811320754 0.599609375 0.7075195311320754 0.5947265625 0.700195312264151 0.5888671875 0.694335937735849 0.5791015625 0.688476562264151 0.5732421875 0.688476562264151 0.5673828125 0.69140625 0.5634765625 0.694335937735849 0.5546875 0.7075195311320754 0.552734375 0.7133789066037736 0.55078125 0.7250976566037736 0.560546875 0.7690429688679246 0.5615234375 0.770507812264151 0.5673828125 0.7734375 0.5791015625 0.776367187735849 0.5869140625 0.7734375 0.5927734375 0.770507812264151 0.603515625 0.7514648433962264
18 0.5517578125 0.600585937735849 0.5556640625 0.59765625 0.568359375 0.5815429688679246 0.568359375 0.5610351566037736 0.560546875 0.5434570311320754 0.5361328125 0.506835937735849 0.5244140625 0.4980468754716982 0.5107421875 0.4980468754716982 0.5029296875 0.50390625 0.5 0.5112304688679246 0.498046875 0.5258789066037736 0.5 0.5375976566037736 0.501953125 0.5434570311320754 0.509765625 0.5581054688679246 0.5263671875 0.583007812264151 0.5361328125 0.594726562264151 0.5400390625 0.59765625 0.5517578125 0.600585937735849
18 0.2451171875 0.577148437735849 0.251953125 0.5698242188679246 0.25390625 0.5610351566037736 0.25390625 0.5463867188679246 0.251953125 0.5405273433962264 0.2314453125 0.515625 0.2197265625 0.50390625 0.2138671875 0.50390625 0.2099609375 0.506835937735849 0.205078125 0.5141601566037736 0.203125 0.5200195311320754 0.203125 0.5258789066037736 0.205078125 0.5317382811320754 0.2109375 0.5434570311320754 0.2255859375 0.5683593754716981 0.2333984375 0.57421875 0.2392578125 0.577148437735849 0.2451171875 0.577148437735849
18 0.3544921875 0.31933593773584906 0.357421875 0.3149414066037736 0.361328125 0.3061523433962264 0.361328125 0.2856445311320755 0.353515625 0.2592773433962264 0.3447265625 0.24609375 0.3408203125 0.2431640622641509 0.3369140625 0.2431640622641509 0.3330078125 0.24609375 0.328125 0.2534179688679245 0.326171875 0.2622070311320755 0.326171875 0.2680664066037736 0.333984375 0.3061523433962264 0.337890625 0.3178710933962264 0.3388671875 0.31933593773584906 0.3447265625 0.3222656245283019 0.3486328125 0.3222656245283019 0.3544921875 0.31933593773584906
18 0.583984375 0.2475585933962264 0.583984375 0.2446289066037736 0.58203125 0.23876953113207547 0.5654296875 0.21386718773584906 0.5498046875 0.20214843773584906 0.5478515625 0.20214843773584906 0.5390625 0.2094726566037736 0.537109375 0.21826171886792453 0.537109375 0.2241210933962264 0.541015625 0.2358398433962264 0.5478515625 0.24609375 0.5634765625 0.2636718754716981 0.5712890625 0.2636718754716981 0.5751953125 0.26074218773584906 0.583984375 0.2475585933962264
3 0.529296875 0.2416992188679245 0.529296875 0.2241210933962264 0.5283203125 0.22265625 0.5068359375 0.20507812452830187 0.4873046875 0.19921875 0.4580078125 0.19921875 0.453125 0.20654296886792453 0.453125 0.23876953113207547 0.45703125 0.2651367188679245 0.4716796875 0.3046875 0.4833984375 0.3046875 0.4931640625 0.2988281245283019 0.525390625 0.2680664066037736 0.529296875 0.2416992188679245
9 0.6328125 0.2563476566037736 0.6259765625 0.24609375 0.6201171875 0.24023437452830187 0.6142578125 0.24023437452830187 0.609375 0.2475585933962264 0.609375 0.2563476566037736 0.61328125 0.2651367188679245 0.6162109375 0.26953125 0.6201171875 0.27246093773584906 0.6259765625 0.27246093773584906 0.62890625 0.2680664066037736 0.6328125 0.2563476566037736
9 0.6865234375 0.38964843773584906 0.6787109375 0.38964843773584906 0.6748046875 0.3925781245283019 0.671875 0.3969726566037736 0.66796875 0.4057617188679245 0.66796875 0.4145507811320755 0.669921875 0.4204101566037736 0.6748046875 0.42480468773584906 0.6767578125 0.42480468773584906 0.6953125 0.4028320311320755 0.6953125 0.3969726566037736 0.6865234375 0.38964843773584906
9 0.4970703125 0.694335937735849 0.4892578125 0.694335937735849 0.486328125 0.6987304688679246 0.484375 0.7045898433962264 0.484375 0.7133789066037736 0.4892578125 0.7207031245283019 0.4970703125 0.7265625 0.5029296875 0.7265625 0.5078125 0.7192382811320754 0.5078125 0.7104492188679246 0.4970703125 0.694335937735849
9 0.5859375 0.4233398433962264 0.58203125 0.4116210933962264 0.5771484375 0.4042968745283019 0.5732421875 0.40136718773584906 0.5673828125 0.40136718773584906 0.564453125 0.4057617188679245 0.5625 0.4116210933962264 0.5625 0.4204101566037736 0.5751953125 0.4394531245283019 0.5791015625 0.44238281226415094 0.5849609375 0.44238281226415094 0.587890625 0.4379882811320755 0.587890625 0.4321289066037736 0.5859375 0.4233398433962264
3 0.3818359375 0.717773437735849 0.3759765625 0.717773437735849 0.373046875 0.7221679688679246 0.37109375 0.7426757811320754 0.3740234375 0.747070312264151 0.3779296875 0.75 0.3837890625 0.75 0.38671875 0.7456054688679246 0.38671875 0.7397460933962264 0.384765625 0.7221679688679246 0.3818359375 0.717773437735849
3 0.5048828125 0.30175781226415094 0.50390625 0.3032226566037736 0.50390625 0.3208007811320755 0.5087890625 0.32519531226415094 0.5107421875 0.32519531226415094 0.51171875 0.3237304688679245 0.513671875 0.3120117188679245 0.5087890625 0.30175781226415094 0.5048828125 0.30175781226415094
20 0.3828125 0.18017578113207547 0.3798828125 0.17578125 0.3642578125 0.1640625 0.3623046875 0.1640625 0.359375 0.16845703113207547 0.35546875 0.1772460933962264 0.353515625 0.1889648433962264 0.35546875 0.20361328113207547 0.357421875 0.2094726566037736 0.3623046875 0.21679687452830187 0.3701171875 0.21679687452830187 0.384765625 0.1977539066037736 0.384765625 0.1860351566037736 0.3828125 0.18017578113207547
20 0.310546875 0.3764648433962264 0.3076171875 0.37207031226415094 0.2998046875 0.37207031226415094 0.291015625 0.3881835933962264 0.287109375 0.4028320311320755 0.287109375 0.4086914066037736 0.2890625 0.4174804688679245 0.2958984375 0.42480468773584906 0.3056640625 0.42480468773584906 0.314453125 0.4116210933962264 0.318359375 0.4028320311320755 0.310546875 0.3764648433962264
20 0.2470703125 0.4277343745283019 0.2158203125 0.40136718773584906 0.212890625 0.4057617188679245 0.1953125 0.4438476566037736 0.2001953125 0.4511718745283019 0.2333984375 0.47753906226415094 0.2529296875 0.46582031226415094 0.2578125 0.4614257811320755 0.2578125 0.4467773433962264 0.251953125 0.4350585933962264 0.2470703125 0.4277343745283019
20 0.42578125 0.3413085933962264 0.4248046875 0.33984375 0.4091796875 0.33984375 0.4052734375 0.34277343773584906 0.40234375 0.3500976566037736 0.400390625 0.3618164066037736 0.400390625 0.4028320311320755 0.4228515625 0.43652343773584906 0.4306640625 0.43652343773584906 0.435546875 0.4262695311320755 0.435546875 0.4204101566037736 0.427734375 0.3530273433962264 0.42578125 0.3413085933962264
7 0.3544921875 0.6796875 0.35546875 0.6782226566037736 0.3154296875 0.629882812264151 0.3115234375 0.6269531245283019 0.3076171875 0.6269531245283019 0.2783203125 0.6328125 0.2373046875 0.6738281245283019 0.23046875 0.6840820311320754 0.228515625 0.6899414066037736 0.228515625 0.7133789066037736 0.2294921875 0.71484375 0.2353515625 0.717773437735849 0.2490234375 0.717773437735849 0.2822265625 0.7089843754716981 0.2998046875 0.703125 0.3544921875 0.6796875
21 0.48046875 0.5610351566037736 0.48046875 0.5288085933962264 0.4765625 0.5141601566037736 0.4755859375 0.512695312264151 0.3662109375 0.4453125 0.3642578125 0.4453125 0.36328125 0.4467773433962264 0.3515625 0.5083007811320754 0.3671875 0.5522460933962264 0.380859375 0.5815429688679246 0.3837890625 0.5859375 0.4541015625 0.5800781245283019 0.4736328125 0.57421875 0.478515625 0.5668945311320754 0.48046875 0.5610351566037736
3 0.69921875 0.5610351566037736 0.685546875 0.5317382811320754 0.6826171875 0.52734375 0.6455078125 0.506835937735849 0.6357421875 0.506835937735849 0.5966796875 0.515625 0.58984375 0.5258789066037736 0.603515625 0.6079101566037736 0.6083984375 0.62109375 0.6318359375 0.6269531245283019 0.6708984375 0.6152343754716981 0.6962890625 0.6035156245283019 0.69921875 0.5991210933962264 0.69921875 0.5610351566037736
1 0.4404296875 0.647460937735849 0.4306640625 0.647460937735849 0.427734375 0.6518554688679246 0.42578125 0.6577148433962264 0.42578125 0.6635742188679246 0.431640625 0.6811523433962264 0.4345703125 0.6855468754716981 0.4404296875 0.6855468754716981 0.4453125 0.6752929688679246 0.443359375 0.6518554688679246 0.4404296875 0.647460937735849
1 0.318359375 0.5639648433962264 0.3115234375 0.55078125 0.3037109375 0.547851562264151 0.2978515625 0.547851562264151 0.2880859375 0.553710937735849 0.283203125 0.5610351566037736 0.283203125 0.5727539066037736 0.3115234375 0.612304687735849 0.3173828125 0.612304687735849 0.3203125 0.6079101566037736 0.322265625 0.6020507811320754 0.322265625 0.5786132811320754 0.318359375 0.5639648433962264
12 0.5546875 0.6694335933962264 0.552734375 0.6635742188679246 0.5439453125 0.6503906245283019 0.5400390625 0.647460937735849 0.5322265625 0.64453125 0.52734375 0.6518554688679246 0.52734375 0.6547851566037736 0.53515625 0.6899414066037736 0.5380859375 0.694335937735849 0.5458984375 0.6972656245283019 0.5498046875 0.694335937735849 0.5546875 0.6870117188679246 0.5546875 0.6694335933962264
0 0.43756967750000003 0.6307141509433962 0.43964162625000003 0.6274119820754717 0.4389941425 0.623138587735849 0.43614521312500004 0.6211961358490565 0.43342578000000004 0.6260522660377359 0.432001315625 0.6318796216981133 0.43536823187499996 0.635958770754717 0.43756967750000003 0.6307141509433962