18 0.30859375 0.2592773433962264 0.306640625 0.2534179688679245 0.2998046875 0.2431640622641509 0.2880859375 0.2431640622641509 0.2822265625 0.24609375 0.275390625 0.2563476566037736 0.271484375 0.2651367188679245 0.259765625 0.2973632811320755 0.2578125 0.3061523433962264 0.2578125 0.3325195311320755 0.2646484375 0.34277343773584906 0.2724609375 0.3457031245283019 0.2783203125 0.3457031245283019 0.291015625 0.3266601566037736 0.30859375 0.2739257811320755 0.30859375 0.2592773433962264
18 0.44140625 0.4028320311320755 0.44140625 0.3881835933962264 0.4345703125 0.37792968773584906 0.4287109375 0.375 0.4267578125 0.375 0.4228515625 0.37792968773584906 0.41796875 0.3852539066037736 0.408203125 0.4145507811320755 0.40625 0.4321289066037736 0.41015625 0.4526367188679245 0.4111328125 0.45410156226415094 0.4228515625 0.45410156226415094 0.4296875 0.4467773433962264 0.435546875 0.4291992188679245 0.439453125 0.4145507811320755 0.44140625 0.4028320311320755
18 0.6513671875 0.23144531226415094 0.6572265625 0.22558593773584906 0.6640625 0.21533203113207547 0.66796875 0.20654296886792453 0.673828125 0.1889648433962264 0.671875 0.1772460933962264 0.6689453125 0.17285156226415094 0.6591796875 0.16992187547169813 0.6064453125 0.19628906226415094 0.603515625 0.2006835933962264 0.603515625 0.20654296886792453 0.607421875 0.21826171886792453 0.6142578125 0.22851562452830187 0.6220703125 0.234375 0.6298828125 0.23730468773584906 0.6416015625 0.23730468773584906 0.6513671875 0.23144531226415094
20 0.404296875 0.2006835933962264 0.3974609375 0.1875 0.3876953125 0.1875 0.3720703125 0.19335937547169813 0.3662109375 0.19921875 0.357421875 0.2124023433962264 0.35546875 0.21826171886792453 0.35546875 0.2329101566037736 0.357421875 0.23876953113207547 0.3583984375 0.24023437452830187 0.3642578125 0.2431640622641509 0.3681640625 0.2431640622641509 0.3720703125 0.24023437452830187 0.404296875 0.2006835933962264
20 0.5380859375 0.12597656226415094 0.515625 0.17138671886792453 0.505859375 0.19189453113207547 0.505859375 0.20361328113207547 0.5126953125 0.21386718773584906 0.5341796875 0.23144531226415094 0.54296875 0.2211914066037736 0.541015625 0.15673828113207547 0.5390625 0.1274414066037736 0.5380859375 0.12597656226415094
3 0.2861328125 0.4277343745283019 0.2490234375 0.47753906226415094 0.24609375 0.4819335933962264 0.2705078125 0.547851562264151 0.2978515625 0.541992187735849 0.330078125 0.48779296886792456 0.330078125 0.4790039066037736 0.322265625 0.4350585933962264 0.3017578125 0.41308593773584906 0.2861328125 0.4277343745283019
9 0.3544921875 0.703125 0.3447265625 0.7089843754716981 0.33984375 0.7163085933962264 0.33984375 0.7221679688679246 0.3447265625 0.7265625 0.3583984375 0.7265625 0.36328125 0.7221679688679246 0.36328125 0.7104492188679246 0.3583984375 0.703125 0.3544921875 0.703125
9 0.6640625 0.7133789066037736 0.66015625 0.7309570311320754 0.66015625 0.7397460933962264 0.6650390625 0.747070312264151 0.6689453125 0.747070312264151 0.673828125 0.7397460933962264 0.673828125 0.7133789066037736 0.6689453125 0.7089843754716981 0.6640625 0.7133789066037736
9 0.6904296875 0.59765625 0.6865234375 0.600585937735849 0.681640625 0.6079101566037736 0.681640625 0.6166992188679246 0.6826171875 0.618164062264151 0.7001953125 0.618164062264151 0.703125 0.6137695311320754 0.703125 0.6020507811320754 0.7001953125 0.59765625 0.6904296875 0.59765625
9 0.6982421875 0.48046875 0.6884765625 0.47753906226415094 0.6826171875 0.47753906226415094 0.681640625 0.4790039066037736 0.6796875 0.48486328113207544 0.6796875 0.48779296886792456 0.6904296875 0.500976562264151 0.6943359375 0.50390625 0.7001953125 0.500976562264151 0.703125 0.49658203113207544 0.703125 0.48779296886792456 0.6982421875 0.48046875
9 0.72265625 0.3647460933962264 0.7197265625 0.3574218754716981 0.7099609375 0.3574218754716981 0.708984375 0.3588867188679245 0.708984375 0.3735351566037736 0.7109375 0.3793945311320755 0.7138671875 0.38378906226415094 0.7177734375 0.38378906226415094 0.720703125 0.3793945311320755 0.72265625 0.3706054688679245 0.72265625 0.3647460933962264
6 0.5810546875 0.4394531245283019 0.6025390625 0.4394531245283019 0.6083984375 0.43652343773584906 0.6220703125 0.42480468773584906 0.634765625 0.4028320311320755 0.63671875 0.3940429688679245 0.63671875 0.3881835933962264 0.6337890625 0.38378906226415094 0.5673828125 0.3046875 0.5302734375 0.28125 0.4970703125 0.328125 0.494140625 0.3325195311320755 0.494140625 0.3706054688679245 0.498046875 0.3823242188679245 0.5068359375 0.39550781226415094 0.5224609375 0.41015625 0.5302734375 0.4160156245283019 0.5712890625 0.43652343773584906 0.5810546875 0.4394531245283019
14 0.478515625 0.5493164066037736 0.4736328125 0.541992187735849 0.470703125 0.5463867188679246 0.455078125 0.5756835933962264 0.455078125 0.5786132811320754 0.4560546875 0.5800781245283019 0.4599609375 0.583007812264151 0.4658203125 0.583007812264151 0.474609375 0.5668945311320754 0.478515625 0.5551757811320754 0.478515625 0.5493164066037736
1 0.4111328125 0.6738281245283019 0.4052734375 0.6738281245283019 0.3984375 0.6840820311320754 0.396484375 0.6899414066037736 0.396484375 0.7016601566037736 0.3984375 0.7104492188679246 0.4013671875 0.71484375 0.404296875 0.7104492188679246 0.412109375 0.6782226566037736 0.412109375 0.6752929688679246 0.4111328125 0.6738281245283019
1 0.541015625 0.5405273433962264 0.5390625 0.5346679688679246 0.5322265625 0.524414062264151 0.5244140625 0.524414062264151 0.5205078125 0.52734375 0.515625 0.5346679688679246 0.513671875 0.5405273433962264 0.513671875 0.5610351566037736 0.515625 0.5668945311320754 0.5185546875 0.571289062264151 0.5263671875 0.57421875 0.5302734375 0.57421875 0.541015625 0.5493164066037736 0.541015625 0.5405273433962264
1 0.509765625 0.7133789066037736 0.513671875 0.7016601566037736 0.515625 0.6928710933962264 0.515625 0.6870117188679246 0.51171875 0.6723632811320754 0.5048828125 0.6621093754716981 0.5009765625 0.659179687735849 0.4853515625 0.659179687735849 0.48046875 0.6665039066037736 0.478515625 0.6899414066037736 0.482421875 0.7163085933962264 0.484375 0.7221679688679246 0.4873046875 0.7265625 0.4912109375 0.7265625 0.5009765625 0.723632812264151 0.5068359375 0.717773437735849 0.509765625 0.7133789066037736
1 0.6025390625 0.670898437735849 0.5986328125 0.66796875 0.5947265625 0.66796875 0.59375 0.6694335933962264 0.58203125 0.6899414066037736 0.5849609375 0.694335937735849 0.5966796875 0.703125 0.6044921875 0.703125 0.607421875 0.6958007811320754 0.607421875 0.6899414066037736 0.60546875 0.6752929688679246 0.6025390625 0.670898437735849