6 0.318359375 0.6372070311320754 0.326171875 0.5932617188679246 0.326171875 0.5844726566037736 0.30859375 0.5346679688679246 0.3037109375 0.52734375 0.2978515625 0.5214843754716981 0.2900390625 0.518554687735849 0.2841796875 0.518554687735849 0.2470703125 0.524414062264151 0.24609375 0.5258789066037736 0.271484375 0.6987304688679246 0.2763671875 0.706054687735849 0.2783203125 0.706054687735849 0.2822265625 0.703125 0.296875 0.6840820311320754 0.31640625 0.6430664066037736 0.318359375 0.6372070311320754
6 0.5078125 0.4145507811320755 0.515625 0.3940429688679245 0.515625 0.3706054688679245 0.5048828125 0.3574218754716981 0.4970703125 0.3515625 0.4599609375 0.33105468773584906 0.4521484375 0.33105468773584906 0.4365234375 0.33691406226415094 0.4052734375 0.35449218773584906 0.390625 0.3764648433962264 0.380859375 0.3940429688679245 0.37890625 0.3999023433962264 0.376953125 0.4116210933962264 0.376953125 0.4291992188679245 0.37890625 0.4379882811320755 0.38671875 0.4614257811320755 0.3935546875 0.47167968773584906 0.3994140625 0.47753906226415094 0.4814453125 0.4746093745283019 0.5078125 0.4145507811320755
6 0.689453125 0.2885742188679245 0.6865234375 0.28417968773584906 0.6279296875 0.24023437452830187 0.5986328125 0.24609375 0.5859375 0.2651367188679245 0.583984375 0.2709960933962264 0.583984375 0.2739257811320755 0.58984375 0.3090820311320755 0.5947265625 0.31640625 0.5986328125 0.31933593773584906 0.6708984375 0.3457031245283019 0.689453125 0.2915039066037736 0.689453125 0.2885742188679245
6 0.513671875 0.7163085933962264 0.513671875 0.7133789066037736 0.490234375 0.5903320311320754 0.474609375 0.5434570311320754 0.4716796875 0.5390625 0.4697265625 0.5390625 0.46875 0.5405273433962264 0.44921875 0.5932617188679246 0.447265625 0.6020507811320754 0.447265625 0.6137695311320754 0.44921875 0.6459960933962264 0.462890625 0.6811523433962264 0.4677734375 0.688476562264151 0.4990234375 0.711914062264151 0.5126953125 0.717773437735849 0.513671875 0.7163085933962264
18 0.7353515625 0.483398437735849 0.73828125 0.4760742188679245 0.736328125 0.4584960933962264 0.7314453125 0.45410156226415094 0.7080078125 0.45410156226415094 0.6982421875 0.45703125 0.6923828125 0.45996093773584906 0.6796875 0.4702148433962264 0.677734375 0.4760742188679245 0.677734375 0.48779296886792456 0.6806640625 0.4921875 0.6845703125 0.495117187735849 0.7060546875 0.495117187735849 0.7216796875 0.4921875 0.7275390625 0.489257812264151 0.7353515625 0.483398437735849
18 0.3701171875 0.3574218754716981 0.373046875 0.3530273433962264 0.375 0.3471679688679245 0.37890625 0.3061523433962264 0.37890625 0.2856445311320755 0.3740234375 0.27832031226415094 0.3701171875 0.2753906245283019 0.3662109375 0.2753906245283019 0.3623046875 0.27832031226415094 0.357421875 0.2856445311320755 0.3515625 0.3032226566037736 0.349609375 0.3208007811320755 0.349609375 0.3325195311320755 0.3515625 0.3471679688679245 0.353515625 0.3530273433962264 0.3564453125 0.3574218754716981 0.3603515625 0.36035156226415094 0.3662109375 0.36035156226415094 0.3701171875 0.3574218754716981
1 0.2998046875 0.375 0.2919921875 0.375 0.291015625 0.3764648433962264 0.2890625 0.3881835933962264 0.287109375 0.4145507811320755 0.2939453125 0.42480468773584906 0.2998046875 0.42480468773584906 0.30859375 0.4116210933962264 0.310546875 0.4057617188679245 0.310546875 0.3940429688679245 0.30859375 0.3881835933962264 0.2998046875 0.375
1 0.38671875 0.7016601566037736 0.38671875 0.6928710933962264 0.37890625 0.6518554688679246 0.3779296875 0.6503906245283019 0.3408203125 0.676757812264151 0.3359375 0.6840820311320754 0.33203125 0.6958007811320754 0.33203125 0.7133789066037736 0.3427734375 0.729492187735849 0.3544921875 0.735351562264151 0.3623046875 0.735351562264151 0.3759765625 0.7265625 0.3828125 0.7163085933962264 0.38671875 0.7016601566037736
1 0.611328125 0.7075195311320754 0.611328125 0.6899414066037736 0.59765625 0.6577148433962264 0.5869140625 0.64453125 0.5810546875 0.6386718754716981 0.5732421875 0.6386718754716981 0.564453125 0.6518554688679246 0.5625 0.6577148433962264 0.560546875 0.6665039066037736 0.560546875 0.6899414066037736 0.564453125 0.6987304688679246 0.5751953125 0.71484375 0.5849609375 0.7207031245283019 0.5927734375 0.7207031245283019 0.6064453125 0.71484375 0.611328125 0.7075195311320754
18 0.6142578125 0.5214843754716981 0.619140625 0.5141601566037736 0.623046875 0.5024414066037736 0.623046875 0.49658203113207544 0.62109375 0.4907226566037736 0.6162109375 0.483398437735849 0.6123046875 0.48046875 0.6044921875 0.48046875 0.5634765625 0.50390625 0.55859375 0.5083007811320754 0.556640625 0.5141601566037736 0.556640625 0.5258789066037736 0.55859375 0.5317382811320754 0.5634765625 0.5390625 0.5693359375 0.541992187735849 0.5791015625 0.541992187735849 0.5888671875 0.5390625 0.6142578125 0.5214843754716981
1 0.4501953125 0.515625 0.447265625 0.5200195311320754 0.447265625 0.5229492188679246 0.4501953125 0.52734375 0.4560546875 0.52734375 0.458984375 0.5229492188679246 0.458984375 0.5170898433962264 0.4580078125 0.515625 0.4501953125 0.515625