9 0.48828125 0.19482421886792453 0.4833984375 0.1875 0.4736328125 0.18164062452830187 0.4677734375 0.18164062452830187 0.462890625 0.1889648433962264 0.462890625 0.19482421886792453 0.478515625 0.2329101566037736 0.4814453125 0.23730468773584906 0.4853515625 0.23730468773584906 0.490234375 0.22998046886792453 0.490234375 0.2006835933962264 0.48828125 0.19482421886792453
9 0.564453125 0.22705078113207547 0.564453125 0.2241210933962264 0.560546875 0.20654296886792453 0.5458984375 0.18164062452830187 0.5419921875 0.17871093773584906 0.5380859375 0.17871093773584906 0.537109375 0.18017578113207547 0.53125 0.1977539066037736 0.53125 0.20361328113207547 0.533203125 0.2094726566037736 0.5400390625 0.21972656226415094 0.5478515625 0.22558593773584906 0.5537109375 0.22851562452830187 0.5634765625 0.22851562452830187 0.564453125 0.22705078113207547
14 0.66796875 0.19482421886792453 0.666015625 0.1889648433962264 0.6630859375 0.18457031226415094 0.6591796875 0.18164062452830187 0.6533203125 0.18164062452830187 0.65234375 0.18310546886792453 0.65234375 0.22705078113207547 0.6552734375 0.23144531226415094 0.6630859375 0.23144531226415094 0.6669921875 0.22851562452830187 0.669921875 0.2241210933962264 0.669921875 0.2094726566037736 0.66796875 0.19482421886792453
9 0.6201171875 0.2871093754716981 0.6162109375 0.28417968773584906 0.6123046875 0.2871093754716981 0.607421875 0.2944335933962264 0.60546875 0.3090820311320755 0.60546875 0.3178710933962264 0.6083984375 0.3222656245283019 0.6142578125 0.3222656245283019 0.62109375 0.3120117188679245 0.623046875 0.3061523433962264 0.623046875 0.2915039066037736 0.6201171875 0.2871093754716981
9 0.552734375 0.2827148433962264 0.5498046875 0.27832031226415094 0.5439453125 0.2753906245283019 0.5400390625 0.27832031226415094 0.537109375 0.2827148433962264 0.53515625 0.2885742188679245 0.537109375 0.3032226566037736 0.5390625 0.3090820311320755 0.5419921875 0.31347656226415094 0.5458984375 0.31347656226415094 0.548828125 0.3090820311320755 0.552734375 0.2944335933962264 0.552734375 0.2827148433962264
9 0.4619140625 0.33691406226415094 0.4541015625 0.33691406226415094 0.4462890625 0.3457031245283019 0.44140625 0.3530273433962264 0.44140625 0.3588867188679245 0.4443359375 0.36328125 0.4541015625 0.36328125 0.4619140625 0.36035156226415094 0.466796875 0.3530273433962264 0.466796875 0.3442382811320755 0.4619140625 0.33691406226415094
9 0.41015625 0.3061523433962264 0.41015625 0.2856445311320755 0.4072265625 0.28125 0.3974609375 0.28125 0.39453125 0.2856445311320755 0.392578125 0.2915039066037736 0.392578125 0.3002929688679245 0.39453125 0.3090820311320755 0.396484375 0.3149414066037736 0.3994140625 0.31933593773584906 0.4033203125 0.31933593773584906 0.408203125 0.3120117188679245 0.41015625 0.3061523433962264
15 0.3251953125 0.500976562264151 0.3447265625 0.489257812264151 0.3505859375 0.483398437735849 0.365234375 0.4614257811320755 0.369140625 0.4526367188679245 0.376953125 0.4262695311320755 0.37890625 0.4116210933962264 0.37890625 0.3881835933962264 0.376953125 0.3764648433962264 0.37109375 0.3500976566037736 0.361328125 0.3237304688679245 0.3525390625 0.3105468754716981 0.3427734375 0.2988281245283019 0.3330078125 0.29003906226415094 0.3212890625 0.28125 0.3037109375 0.27246093773584906 0.2919921875 0.27246093773584906 0.2841796875 0.27832031226415094 0.2783203125 0.28417968773584906 0.26953125 0.2973632811320755 0.263671875 0.3149414066037736 0.259765625 0.3354492188679245 0.2578125 0.3559570311320755 0.25390625 0.4174804688679245 0.25390625 0.4321289066037736 0.2578125 0.4497070311320755 0.263671875 0.4672851566037736 0.2744140625 0.483398437735849 0.2802734375 0.489257812264151 0.2978515625 0.500976562264151 0.3251953125 0.500976562264151
9 0.3984375 0.5493164066037736 0.3935546875 0.541992187735849 0.3857421875 0.5332031245283019 0.3837890625 0.5332031245283019 0.380859375 0.5375976566037736 0.380859375 0.5815429688679246 0.3818359375 0.583007812264151 0.3916015625 0.583007812264151 0.3984375 0.5727539066037736 0.400390625 0.5639648433962264 0.400390625 0.5551757811320754 0.3984375 0.5493164066037736
1 0.515625 0.5551757811320754 0.51953125 0.5405273433962264 0.51953125 0.5112304688679246 0.515625 0.49951171886792456 0.51171875 0.4907226566037736 0.5029296875 0.47753906226415094 0.4912109375 0.47753906226415094 0.4755859375 0.495117187735849 0.47265625 0.49951171886792456 0.470703125 0.5083007811320754 0.470703125 0.5405273433962264 0.4765625 0.5551757811320754 0.4833984375 0.565429687735849 0.4912109375 0.571289062264151 0.5029296875 0.571289062264151 0.5087890625 0.565429687735849 0.515625 0.5551757811320754
9 0.53515625 0.3969726566037736 0.5283203125 0.38671875 0.5263671875 0.38671875 0.5224609375 0.38964843773584906 0.51953125 0.3940429688679245 0.51953125 0.4057617188679245 0.5283203125 0.41894531226415094 0.5341796875 0.421875 0.5380859375 0.421875 0.5390625 0.4204101566037736 0.5390625 0.4086914066037736 0.53515625 0.3969726566037736
9 0.611328125 0.4174804688679245 0.6044921875 0.40722656226415094 0.5966796875 0.40136718773584906 0.5947265625 0.40136718773584906 0.58984375 0.4116210933962264 0.5859375 0.4497070311320755 0.5859375 0.4555664066037736 0.5869140625 0.45703125 0.5986328125 0.45703125 0.6025390625 0.45410156226415094 0.60546875 0.4497070311320755 0.611328125 0.4350585933962264 0.611328125 0.4174804688679245
9 0.77734375 0.4497070311320755 0.7724609375 0.44238281226415094 0.7666015625 0.43652343773584906 0.7568359375 0.43066406226415094 0.7490234375 0.43359375 0.7333984375 0.44824218773584906 0.732421875 0.4497070311320755 0.732421875 0.4555664066037736 0.736328125 0.4672851566037736 0.7392578125 0.47167968773584906 0.7431640625 0.47167968773584906 0.7646484375 0.45996093773584906 0.7744140625 0.45410156226415094 0.77734375 0.4497070311320755
9 0.7001953125 0.3984375 0.6962890625 0.3984375 0.6923828125 0.40136718773584906 0.689453125 0.4057617188679245 0.6875 0.4145507811320755 0.6875 0.4291992188679245 0.6904296875 0.43652343773584906 0.6982421875 0.43652343773584906 0.703125 0.4291992188679245 0.70703125 0.4174804688679245 0.70703125 0.4086914066037736 0.7001953125 0.3984375
9 0.6611328125 0.45996093773584906 0.6572265625 0.45703125 0.6513671875 0.45703125 0.64453125 0.4672851566037736 0.642578125 0.4731445311320755 0.642578125 0.48486328113207544 0.6455078125 0.489257812264151 0.6513671875 0.489257812264151 0.6552734375 0.4863281245283018 0.6640625 0.4731445311320755 0.6640625 0.4643554688679245 0.6611328125 0.45996093773584906
9 0.736328125 0.5610351566037736 0.73828125 0.5522460933962264 0.73828125 0.5346679688679246 0.7353515625 0.530273437735849 0.7333984375 0.530273437735849 0.720703125 0.5463867188679246 0.71875 0.5522460933962264 0.71875 0.5551757811320754 0.720703125 0.5610351566037736 0.7236328125 0.565429687735849 0.7275390625 0.5683593754716981 0.7294921875 0.5683593754716981 0.7333984375 0.565429687735849 0.736328125 0.5610351566037736
20 0.615234375 0.5229492188679246 0.6123046875 0.518554687735849 0.6044921875 0.515625 0.6005859375 0.515625 0.5947265625 0.518554687735849 0.59375 0.5200195311320754 0.591796875 0.5258789066037736 0.591796875 0.5288085933962264 0.5966796875 0.536132812264151 0.6025390625 0.541992187735849 0.6083984375 0.5449218754716981 0.6162109375 0.541992187735849 0.619140625 0.5346679688679246 0.615234375 0.5229492188679246
1 0.3662109375 0.741210937735849 0.3720703125 0.73828125 0.3837890625 0.729492187735849 0.38671875 0.7250976566037736 0.390625 0.7163085933962264 0.392578125 0.7075195311320754 0.392578125 0.6987304688679246 0.38671875 0.6313476566037736 0.3857421875 0.629882812264151 0.3740234375 0.624023437735849 0.3466796875 0.624023437735849 0.3408203125 0.6269531245283019 0.32421875 0.6518554688679246 0.3203125 0.6665039066037736 0.318359375 0.6782226566037736 0.318359375 0.6958007811320754 0.322265625 0.7104492188679246 0.328125 0.7221679688679246 0.3330078125 0.729492187735849 0.3388671875 0.735351562264151 0.3466796875 0.741210937735849 0.3662109375 0.741210937735849
1 0.453125 0.6665039066037736 0.439453125 0.6196289066037736 0.4384765625 0.618164062264151 0.4306640625 0.618164062264151 0.4267578125 0.62109375 0.419921875 0.6313476566037736 0.41796875 0.6372070311320754 0.41796875 0.6665039066037736 0.4267578125 0.6796875 0.4326171875 0.6855468754716981 0.4443359375 0.688476562264151 0.4482421875 0.6855468754716981 0.453125 0.6782226566037736 0.453125 0.6665039066037736
1 0.62109375 0.5991210933962264 0.6162109375 0.5917968754716981 0.6123046875 0.588867187735849 0.6044921875 0.588867187735849 0.6015625 0.5932617188679246 0.6015625 0.6020507811320754 0.603515625 0.6108398433962264 0.6064453125 0.6152343754716981 0.6181640625 0.6152343754716981 0.623046875 0.6079101566037736 0.623046875 0.6049804688679246 0.62109375 0.5991210933962264
9 0.703125 0.6108398433962264 0.7001953125 0.606445312264151 0.6865234375 0.606445312264151 0.6826171875 0.609375 0.677734375 0.6166992188679246 0.677734375 0.6225585933962264 0.6826171875 0.629882812264151 0.6884765625 0.6328125 0.6904296875 0.6328125 0.6982421875 0.624023437735849 0.703125 0.6166992188679246 0.703125 0.6108398433962264
9 0.357421875 0.8364257811320754 0.357421875 0.8334960933962264 0.3544921875 0.829101562264151 0.3466796875 0.823242187735849 0.3349609375 0.817382812264151 0.3232421875 0.817382812264151 0.3154296875 0.823242187735849 0.314453125 0.8247070311320754 0.314453125 0.8305664066037736 0.3173828125 0.834960937735849 0.3330078125 0.8496093745283019 0.3388671875 0.852539062264151 0.3525390625 0.846679687735849 0.35546875 0.8422851566037736 0.357421875 0.8364257811320754
1 0.505859375 0.7309570311320754 0.50390625 0.7250976566037736 0.4990234375 0.717773437735849 0.4912109375 0.717773437735849 0.4853515625 0.723632812264151 0.4765625 0.7368164066037736 0.4765625 0.7573242188679246 0.4814453125 0.7675781245283019 0.4931640625 0.776367187735849 0.5029296875 0.776367187735849 0.509765625 0.7690429688679246 0.509765625 0.7602539066037736 0.505859375 0.7309570311320754
1 0.59765625 0.7573242188679246 0.599609375 0.7456054688679246 0.59765625 0.7338867188679246 0.5908203125 0.723632812264151 0.5849609375 0.717773437735849 0.5771484375 0.71484375 0.5712890625 0.71484375 0.5654296875 0.717773437735849 0.564453125 0.7192382811320754 0.556640625 0.7368164066037736 0.556640625 0.7426757811320754 0.5625 0.7631835933962264 0.5712890625 0.776367187735849 0.5751953125 0.7792968754716981 0.5830078125 0.7792968754716981 0.5908203125 0.7734375 0.59765625 0.7573242188679246
9 0.658203125 0.7573242188679246 0.65625 0.7514648433962264 0.6533203125 0.747070312264151 0.6494140625 0.7441406245283019 0.6416015625 0.741210937735849 0.6376953125 0.741210937735849 0.6337890625 0.7441406245283019 0.630859375 0.7485351566037736 0.630859375 0.7543945311320754 0.6337890625 0.758789062264151 0.6455078125 0.770507812264151 0.6513671875 0.7734375 0.6572265625 0.770507812264151 0.658203125 0.7690429688679246 0.658203125 0.7573242188679246
9 0.7001953125 0.747070312264151 0.6904296875 0.747070312264151 0.6875 0.7514648433962264 0.68359375 0.7631835933962264 0.68359375 0.7749023433962264 0.6884765625 0.782226562264151 0.6962890625 0.782226562264151 0.701171875 0.7749023433962264 0.703125 0.7661132811320754 0.703125 0.7543945311320754 0.7001953125 0.747070312264151