6 0.49471153875 0.20288461509433964 0.49294871812499996 0.19639423113207546 0.47724359 0.16274038490566037 0.462820513125 0.140625 0.44727564125 0.13004807735849058 0.408173076875 0.12716346132075473 0.3673076925 0.14206730754716979 0.31971153874999997 0.17764423113207548 0.31618589750000003 0.18149038490566038 0.31634615374999997 0.18245192264150942 0.45496794875 0.22932692264150942 0.467948718125 0.2295673075471698 0.48637820499999995 0.2235576924528302 0.490705128125 0.22067307735849057 0.49471153875 0.20889423113207548 0.49471153875 0.20288461509433964
6 0.6641025643749999 0.20504807735849057 0.66602564125 0.20168269245283021 0.6665064099999999 0.19735576886792452 0.665865384375 0.1899038462264151 0.653044871875 0.1757211537735849 0.5889423075 0.1288461537735849 0.576923076875 0.1266826924528302 0.5701923074999999 0.1305288462264151 0.564262820625 0.1375 0.5524038462499999 0.16201923113207548 0.548076923125 0.18125 0.5472756412500001 0.18870192264150942 0.54775641 0.19326923113207548 0.54871794875 0.19639423113207546 0.5525641025 0.20096153867924527 0.59775641 0.2370192311320755 0.6264423075 0.2483173075471698 0.62900641 0.24783653867924527 0.6641025643749999 0.20504807735849057
21 0.306891025625 0.2889423075471698 0.263621795 0.2932692311320755 0.26153846125 0.29471153867924527 0.23557692312499998 0.3454326924528302 0.23461538437499999 0.34951923113207545 0.21378205125000002 0.48221153867924527 0.21426282062500002 0.48605769245283015 0.21634615375 0.48942307735849055 0.2911858975 0.54375 0.29471153875 0.5389423075471699 0.354487179375 0.34951923113207545 0.337820513125 0.3009615386792453 0.306891025625 0.2889423075471698
6 0.521634615625 0.3185096150943396 0.518429486875 0.3141826924528302 0.51346153875 0.30961538490566043 0.50625 0.3064903849056604 0.43541666687499997 0.2853365386792453 0.428044871875 0.28870192264150946 0.390865384375 0.3139423075471698 0.5019230768749999 0.4670673075471698 0.506730769375 0.46658653867924527 0.509615384375 0.4646634613207547 0.51474359 0.45697115377358494 0.52147435875 0.4360576924528302 0.523397435625 0.39879807735849054 0.52259615375 0.3221153849056604 0.521634615625 0.3185096150943396
9 0.589262820625 0.4115384613207547 0.580608974375 0.4076923075471698 0.573878205 0.41009615377358494 0.572115384375 0.4163461537735849 0.571794871875 0.41995192264150943 0.5725961537500001 0.42379807735849057 0.5764423075 0.43317307735849053 0.5798076925 0.43557692264150943 0.591666666875 0.44014423113207546 0.59727564125 0.4329326924528302 0.600480769375 0.42379807735849057 0.589262820625 0.4115384613207547
20 0.712980769375 0.46490384622641506 0.7081730768750001 0.45096153867924527 0.6982371793750001 0.43942307735849057 0.6889423075000001 0.4314903849056604 0.662179486875 0.4266826924528302 0.6564102562499999 0.4274038462264151 0.64647435875 0.43004807735849054 0.638621795 0.4377403849056604 0.63766025625 0.44254807735849055 0.63766025625 0.45096153867924527 0.638621795 0.453125 0.652083333125 0.4704326924528302 0.689423076875 0.4963942311320754 0.691666666875 0.4959134613207547 0.70400641 0.48677884622641515 0.712820513125 0.4704326924528302 0.712980769375 0.46490384622641506
6 0.730608974375 0.6694711537735849 0.7660256412500001 0.6072115386792453 0.7915064099999999 0.5175480773584905 0.78397435875 0.49807692264150943 0.7799679487500001 0.49014423113207545 0.775320513125 0.4896634613207547 0.7641025643749999 0.4939903849056604 0.7578525643749999 0.49783653867924527 0.72403846125 0.525 0.718269230625 0.5329326924528301 0.7088141025 0.571875 0.7048076925 0.5915865386792453 0.700320513125 0.6189903849056604 0.70400641 0.6586538462264151 0.709134615625 0.6735576924528301 0.712820513125 0.6783653849056605 0.716666666875 0.6786057688679246 0.720352564375 0.6774038462264151 0.7274038462500001 0.6735576924528301 0.730608974375 0.6694711537735849
6 0.63028846125 0.5252403849056604 0.6288461537500001 0.5225961537735849 0.62772435875 0.5211538462264151 0.5836538462499999 0.49831730754716985 0.5644230768749999 0.49302884622641513 0.562019230625 0.4935096150943396 0.5524038462499999 0.5026442311320755 0.546794871875 0.5096153849056604 0.545833333125 0.5137019226415095 0.548076923125 0.5221153849056605 0.58733974375 0.6088942311320754 0.5921474356249999 0.6158653849056605 0.638621795 0.6540865386792453 0.64727564125 0.6228365386792453 0.6411858975 0.5838942311320754 0.63028846125 0.5252403849056604
12 0.705608974375 0.7245192311320754 0.697115384375 0.7185096150943396 0.6876602562499999 0.7153846150943396 0.6772435900000001 0.715625 0.6695512818749999 0.7197115386792453 0.665865384375 0.7245192311320754 0.660416666875 0.7350961537735848 0.659455128125 0.7396634613207548 0.659294871875 0.7557692311320754 0.662019230625 0.7670673075471699 0.669391025625 0.7764423075471698 0.6772435900000001 0.7788461537735849 0.689423076875 0.7752403849056604 0.70897435875 0.7612980773584905 0.7197115387499999 0.7401442311320754 0.705608974375 0.7245192311320754
20 0.610416666875 0.6841346150943396 0.604326923125 0.6810096150943395 0.5993589743750001 0.6817307688679246 0.587820513125 0.6949519226415094 0.587019230625 0.6978365386792452 0.58477564125 0.7322115386792453 0.599519230625 0.7581730773584906 0.630448718125 0.7497596150943396 0.6349358975 0.7480769226415095 0.638621795 0.7442307688679246 0.638621795 0.7401442311320754 0.6248397437500001 0.7081730773584906 0.610416666875 0.6841346150943396
6 0.548878205 0.74375 0.5525641025 0.7286057688679246 0.55272435875 0.71875 0.551923076875 0.7125 0.55 0.7050480773584905 0.5451923075 0.6932692311320754 0.5088141025 0.6382211537735849 0.505769230625 0.6355769226415094 0.457371795 0.6423076924528301 0.45064102562499997 0.6463942311320754 0.425 0.6778846150943396 0.42435897437500003 0.6814903849056604 0.42628205125 0.6971153849056604 0.42756410250000004 0.7009615386792453 0.431570513125 0.7110576924528301 0.447916666875 0.7362980773584905 0.53477564125 0.7567307688679246 0.5407051281249999 0.7555288462264151 0.548878205 0.74375
6 0.51875 0.5283653849056604 0.519070513125 0.5252403849056604 0.517628205 0.521875 0.45112179500000005 0.4798076924528302 0.39839743562499996 0.4735576924528302 0.389423076875 0.47451923113207545 0.380608974375 0.48221153867924527 0.371794871875 0.5370192311320754 0.372115384375 0.5391826924528301 0.44278846125 0.5735576924528302 0.48990384625 0.5836538462264151 0.49198717937499997 0.5829326924528302 0.49487179500000006 0.5800480773584905 0.51746794875 0.5346153849056604 0.51875 0.5283653849056604
9 0.373076923125 0.6076923075471699 0.36522435875 0.6014423075471699 0.361698718125 0.6004807688679246 0.35288461562499995 0.6002403849056605 0.349519230625 0.6019230773584906 0.348237179375 0.6048076924528302 0.34807692312500005 0.6076923075471699 0.34983974375000004 0.6151442311320754 0.35336538437500004 0.6254807688679246 0.36506410250000004 0.6442307688679246 0.380769230625 0.6461538462264151 0.380929486875 0.6230769226415095 0.37740384624999995 0.6141826924528302 0.373076923125 0.6076923075471699
9 0.38621794875 0.7144230773584905 0.3875 0.7086538462264151 0.38461538437500004 0.7040865386792453 0.36987179500000006 0.7040865386792453 0.357852564375 0.7086538462264151 0.35192307687499996 0.7137019226415094 0.350320513125 0.7175480773584906 0.34983974375000004 0.7247596150943396 0.352083333125 0.7295673075471698 0.35753205125 0.7348557688679246 0.360897435625 0.7362980773584905 0.365544871875 0.7365384613207547 0.373076923125 0.7334134613207547 0.379487179375 0.7274038462264151 0.38621794875 0.7144230773584905
6 0.31858974375 0.7504807688679246 0.32596153875 0.7432692311320754 0.32852564125 0.7225961537735849 0.32820512812499997 0.7055288462264151 0.32227564125 0.6737980773584905 0.29871794875 0.6382211537735849 0.29150641 0.6302884613207548 0.24407051312499997 0.6079326924528301 0.23349359 0.6254807688679246 0.232852564375 0.6269230773584905 0.23477564125 0.6387019226415095 0.251762820625 0.6894230773584905 0.27852564125 0.7322115386792453 0.287019230625 0.7442307688679246 0.298878205 0.7548076924528302 0.306730769375 0.75625 0.31858974375 0.7504807688679246