6 0.62890625 0.2504882811320755 0.630859375 0.2329101566037736 0.62890625 0.2211914066037736 0.6259765625 0.21386718773584906 0.6083984375 0.19335937547169813 0.5869140625 0.17871093773584906 0.5556640625 0.17871093773584906 0.5244140625 0.1875 0.5185546875 0.19335937547169813 0.50390625 0.2124023433962264 0.501953125 0.21826171886792453 0.501953125 0.22998046886792453 0.53125 0.3295898433962264 0.5322265625 0.33105468773584906 0.5341796875 0.33105468773584906 0.6240234375 0.26074218773584906 0.626953125 0.2563476566037736 0.62890625 0.2504882811320755
6 0.4541015625 0.45996093773584906 0.4638671875 0.45703125 0.46484375 0.4555664066037736 0.46875 0.4174804688679245 0.44140625 0.3676757811320755 0.4384765625 0.36328125 0.4326171875 0.3574218754716981 0.4267578125 0.3574218754716981 0.41796875 0.3764648433962264 0.4140625 0.3881835933962264 0.4140625 0.3999023433962264 0.41796875 0.4145507811320755 0.431640625 0.4438476566037736 0.4345703125 0.44824218773584906 0.4404296875 0.45410156226415094 0.4501953125 0.45996093773584906 0.4541015625 0.45996093773584906
18 0.4853515625 0.16113281226415094 0.49609375 0.14501953113207547 0.49609375 0.12158203113207545 0.4921875 0.11279296886792453 0.4873046875 0.10546875 0.4833984375 0.10253906226415094 0.4658203125 0.10253906226415094 0.4345703125 0.1171875 0.4228515625 0.12597656226415094 0.419921875 0.1303710933962264 0.416015625 0.1391601566037736 0.416015625 0.15966796886792453 0.4228515625 0.16992187547169813 0.4267578125 0.17285156226415094 0.4365234375 0.17578125 0.4521484375 0.17578125 0.4716796875 0.16992187547169813 0.4853515625 0.16113281226415094
18 0.373046875 0.3881835933962264 0.375 0.3823242188679245 0.375 0.3706054688679245 0.373046875 0.3559570311320755 0.3720703125 0.35449218773584906 0.3388671875 0.33691406226415094 0.3310546875 0.33691406226415094 0.3271484375 0.33984375 0.32421875 0.3442382811320755 0.32421875 0.3559570311320755 0.326171875 0.3618164066037736 0.3349609375 0.375 0.3408203125 0.3808593754716981 0.3583984375 0.3925781245283019 0.3681640625 0.3925781245283019 0.373046875 0.3881835933962264
18 0.25390625 0.5668945311320754 0.255859375 0.5610351566037736 0.255859375 0.5522460933962264 0.25390625 0.5463867188679246 0.2509765625 0.541992187735849 0.2470703125 0.5390625 0.2314453125 0.536132812264151 0.2236328125 0.536132812264151 0.21875 0.5434570311320754 0.21875 0.5581054688679246 0.2255859375 0.5683593754716981 0.2294921875 0.571289062264151 0.2373046875 0.57421875 0.2470703125 0.57421875 0.2509765625 0.571289062264151 0.25390625 0.5668945311320754
18 0.2392578125 0.47753906226415094 0.2421875 0.4731445311320755 0.25 0.4555664066037736 0.25390625 0.4438476566037736 0.2578125 0.4291992188679245 0.2578125 0.4233398433962264 0.25390625 0.4028320311320755 0.2451171875 0.38964843773584906 0.2412109375 0.38671875 0.2197265625 0.3808593754716981 0.216796875 0.3852539066037736 0.20703125 0.4145507811320755 0.197265625 0.4526367188679245 0.197265625 0.4555664066037736 0.203125 0.4672851566037736 0.2138671875 0.483398437735849 0.2177734375 0.4863281245283018 0.2255859375 0.489257812264151 0.2333984375 0.483398437735849 0.2392578125 0.47753906226415094
14 0.2861328125 0.22558593773584906 0.2822265625 0.22558593773584906 0.275390625 0.2358398433962264 0.275390625 0.2563476566037736 0.279296875 0.2680664066037736 0.2841796875 0.2753906245283019 0.2861328125 0.2753906245283019 0.287109375 0.2739257811320755 0.287109375 0.22705078113207547 0.2861328125 0.22558593773584906
14 0.423828125 0.2006835933962264 0.4052734375 0.17871093773584906 0.4033203125 0.17871093773584906 0.400390625 0.18310546886792453 0.400390625 0.19189453113207547 0.40625 0.20654296886792453 0.4091796875 0.2109375 0.4130859375 0.21386718773584906 0.4208984375 0.21386718773584906 0.42578125 0.20654296886792453 0.423828125 0.2006835933962264
14 0.5947265625 0.34277343773584906 0.5869140625 0.33984375 0.5751953125 0.34277343773584906 0.572265625 0.3471679688679245 0.572265625 0.3530273433962264 0.5751953125 0.3574218754716981 0.5849609375 0.3574218754716981 0.5908203125 0.35449218773584906 0.595703125 0.3471679688679245 0.595703125 0.3442382811320755 0.5947265625 0.34277343773584906
14 0.513671875 0.4379882811320755 0.505859375 0.4174804688679245 0.5048828125 0.4160156245283019 0.4990234375 0.41308593773584906 0.498046875 0.4145507811320755 0.498046875 0.4233398433962264 0.501953125 0.4467773433962264 0.505859375 0.4614257811320755 0.5107421875 0.46582031226415094 0.5126953125 0.46582031226415094 0.513671875 0.4643554688679245 0.513671875 0.4379882811320755
14 0.4931640625 0.489257812264151 0.48828125 0.49658203113207544 0.48828125 0.5083007811320754 0.4921875 0.5288085933962264 0.4931640625 0.530273437735849 0.5009765625 0.5332031245283019 0.5126953125 0.5214843754716981 0.515625 0.5170898433962264 0.4931640625 0.489257812264151
14 0.400390625 0.5375976566037736 0.400390625 0.5258789066037736 0.3994140625 0.524414062264151 0.3681640625 0.524414062264151 0.3671875 0.5258789066037736 0.3671875 0.5288085933962264 0.369140625 0.5405273433962264 0.3720703125 0.5449218754716981 0.3818359375 0.547851562264151 0.3896484375 0.547851562264151 0.3955078125 0.5449218754716981 0.400390625 0.5375976566037736
14 0.330078125 0.5200195311320754 0.3291015625 0.518554687735849 0.3193359375 0.530273437735849 0.318359375 0.5317382811320754 0.318359375 0.5405273433962264 0.32421875 0.5581054688679246 0.3291015625 0.565429687735849 0.3330078125 0.565429687735849 0.333984375 0.5639648433962264 0.3359375 0.5405273433962264 0.330078125 0.5200195311320754
14 0.2763671875 0.47167968773584906 0.2646484375 0.45996093773584906 0.2626953125 0.45996093773584906 0.26171875 0.4614257811320755 0.2421875 0.49951171886792456 0.2421875 0.5024414066037736 0.2431640625 0.50390625 0.2470703125 0.506835937735849 0.2607421875 0.500976562264151 0.27734375 0.4790039066037736 0.27734375 0.4731445311320755 0.2763671875 0.47167968773584906
14 0.607421875 0.6196289066037736 0.6025390625 0.612304687735849 0.5986328125 0.612304687735849 0.59765625 0.6137695311320754 0.58984375 0.6518554688679246 0.58984375 0.6547851566037736 0.5947265625 0.6621093754716981 0.5966796875 0.6621093754716981 0.6005859375 0.659179687735849 0.603515625 0.6547851566037736 0.609375 0.6401367188679246 0.607421875 0.6196289066037736
14 0.5166015625 0.5800781245283019 0.513671875 0.5844726566037736 0.509765625 0.6079101566037736 0.509765625 0.6196289066037736 0.5126953125 0.6269531245283019 0.5224609375 0.6269531245283019 0.5234375 0.6254882811320754 0.51953125 0.5903320311320754 0.517578125 0.5815429688679246 0.5166015625 0.5800781245283019
14 0.4736328125 0.65625 0.4716796875 0.65625 0.4677734375 0.659179687735849 0.46484375 0.6635742188679246 0.46484375 0.6665039066037736 0.4794921875 0.6796875 0.4931640625 0.6796875 0.494140625 0.6782226566037736 0.4833984375 0.6621093754716981 0.4794921875 0.659179687735849 0.4736328125 0.65625
20 0.4013671875 0.5625 0.39453125 0.5786132811320754 0.380859375 0.6635742188679246 0.3818359375 0.665039062264151 0.4150390625 0.6621093754716981 0.419921875 0.6489257811320754 0.427734375 0.5961914066037736 0.416015625 0.5551757811320754 0.4150390625 0.553710937735849 0.4013671875 0.5625
20 0.271484375 0.6635742188679246 0.271484375 0.6489257811320754 0.26953125 0.6166992188679246 0.2587890625 0.59765625 0.255859375 0.6020507811320754 0.248046875 0.6372070311320754 0.24609375 0.6635742188679246 0.24609375 0.6811523433962264 0.2529296875 0.69140625 0.2607421875 0.69140625 0.2646484375 0.688476562264151 0.267578125 0.6840820311320754 0.26953125 0.6782226566037736 0.271484375 0.6635742188679246
20 0.654296875 0.3266601566037736 0.654296875 0.3149414066037736 0.6376953125 0.28417968773584906 0.6240234375 0.27832031226415094 0.623046875 0.2797851566037736 0.623046875 0.3442382811320755 0.6259765625 0.34863281226415094 0.6376953125 0.36035156226415094 0.6435546875 0.36035156226415094 0.6474609375 0.3574218754716981 0.65234375 0.3471679688679245 0.654296875 0.3266601566037736
20 0.412109375 0.48486328113207544 0.412109375 0.4790039066037736 0.41015625 0.4731445311320755 0.3916015625 0.43359375 0.3876953125 0.43359375 0.3759765625 0.4453125 0.375 0.4467773433962264 0.3828125 0.4819335933962264 0.3837890625 0.483398437735849 0.3896484375 0.489257812264151 0.3974609375 0.495117187735849 0.4052734375 0.495117187735849 0.41015625 0.4907226566037736 0.412109375 0.48486328113207544
1 0.361328125 0.2006835933962264 0.359375 0.19482421886792453 0.3544921875 0.1875 0.3505859375 0.18457031226415094 0.3447265625 0.18457031226415094 0.34375 0.1860351566037736 0.33203125 0.2124023433962264 0.33203125 0.21826171886792453 0.3388671875 0.22851562452830187 0.3505859375 0.22851562452830187 0.3544921875 0.22558593773584906 0.359375 0.21826171886792453 0.361328125 0.2124023433962264 0.361328125 0.2006835933962264
1 0.3671875 0.6401367188679246 0.369140625 0.6313476566037736 0.369140625 0.6049804688679246 0.3662109375 0.600585937735849 0.3525390625 0.588867187735849 0.3154296875 0.577148437735849 0.314453125 0.5786132811320754 0.314453125 0.6108398433962264 0.3203125 0.6430664066037736 0.3271484375 0.653320312264151 0.3349609375 0.65625 0.3525390625 0.65625 0.3603515625 0.6503906245283019 0.3671875 0.6401367188679246
9 0.306640625 0.19189453113207547 0.306640625 0.18017578113207547 0.302734375 0.16845703113207547 0.2978515625 0.15820312452830187 0.2939453125 0.15820312452830187 0.291015625 0.1625976566037736 0.2890625 0.16845703113207547 0.2890625 0.1860351566037736 0.291015625 0.19189453113207547 0.2939453125 0.19628906226415094 0.2978515625 0.19921875 0.2998046875 0.19921875 0.3037109375 0.19628906226415094 0.306640625 0.19189453113207547
9 0.3388671875 0.15234375 0.3310546875 0.15527343773584906 0.328125 0.15966796886792453 0.328125 0.17138671886792453 0.3349609375 0.18164062452830187 0.3388671875 0.18457031226415094 0.3447265625 0.18457031226415094 0.349609375 0.1772460933962264 0.349609375 0.16845703113207547 0.3388671875 0.15234375
9 0.541015625 0.1391601566037736 0.53515625 0.1274414066037736 0.5302734375 0.12304687547169811 0.525390625 0.1303710933962264 0.52734375 0.14501953113207547 0.529296875 0.1508789066037736 0.5322265625 0.15527343773584906 0.5380859375 0.15527343773584906 0.54296875 0.14794921886792453 0.54296875 0.14501953113207547 0.541015625 0.1391601566037736
9 0.4443359375 0.22265625 0.44140625 0.22705078113207547 0.44140625 0.2329101566037736 0.4501953125 0.24609375 0.4560546875 0.24609375 0.458984375 0.2416992188679245 0.458984375 0.22998046886792453 0.4541015625 0.22558593773584906 0.4443359375 0.22265625
9 0.3994140625 0.31933593773584906 0.3955078125 0.31640625 0.3876953125 0.31640625 0.384765625 0.3208007811320755 0.384765625 0.3295898433962264 0.3955078125 0.34863281226415094 0.4033203125 0.34863281226415094 0.40625 0.3442382811320755 0.40625 0.3325195311320755 0.404296875 0.3266601566037736 0.3994140625 0.31933593773584906
9 0.3427734375 0.26074218773584906 0.3369140625 0.2578125 0.3271484375 0.2578125 0.326171875 0.2592773433962264 0.32421875 0.2651367188679245 0.32421875 0.2709960933962264 0.3291015625 0.27832031226415094 0.3349609375 0.27832031226415094 0.3408203125 0.2753906245283019 0.34375 0.2709960933962264 0.345703125 0.2651367188679245 0.3427734375 0.26074218773584906
9 0.31640625 0.4438476566037736 0.3115234375 0.43652343773584906 0.3037109375 0.43652343773584906 0.302734375 0.4379882811320755 0.30078125 0.4438476566037736 0.30078125 0.4526367188679245 0.302734375 0.4672851566037736 0.3095703125 0.47753906226415094 0.314453125 0.4702148433962264 0.31640625 0.4643554688679245 0.318359375 0.4497070311320755 0.31640625 0.4438476566037736
9 0.310546875 0.6225585933962264 0.3095703125 0.62109375 0.3056640625 0.618164062264151 0.3017578125 0.618164062264151 0.296875 0.6254882811320754 0.296875 0.6313476566037736 0.30078125 0.6430664066037736 0.3056640625 0.6503906245283019 0.3076171875 0.6503906245283019 0.3125 0.6459960933962264 0.3125 0.6313476566037736 0.310546875 0.6225585933962264
9 0.4560546875 0.5332031245283019 0.4521484375 0.536132812264151 0.44921875 0.5405273433962264 0.447265625 0.5463867188679246 0.4453125 0.5551757811320754 0.4453125 0.5668945311320754 0.4482421875 0.571289062264151 0.4541015625 0.571289062264151 0.4599609375 0.565429687735849 0.46875 0.5493164066037736 0.4580078125 0.5332031245283019 0.4560546875 0.5332031245283019
9 0.55078125 0.6928710933962264 0.5478515625 0.688476562264151 0.5400390625 0.682617187735849 0.5322265625 0.682617187735849 0.53125 0.6840820311320754 0.529296875 0.6899414066037736 0.529296875 0.6928710933962264 0.5341796875 0.700195312264151 0.5419921875 0.703125 0.5478515625 0.703125 0.548828125 0.7016601566037736 0.55078125 0.6958007811320754 0.55078125 0.6928710933962264
9 0.578125 0.7280273433962264 0.5751953125 0.723632812264151 0.5693359375 0.7207031245283019 0.5673828125 0.7207031245283019 0.564453125 0.7250976566037736 0.5625 0.7309570311320754 0.5625 0.7368164066037736 0.56640625 0.7485351566037736 0.5712890625 0.7558593754716981 0.5810546875 0.7558593754716981 0.583984375 0.7514648433962264 0.583984375 0.7426757811320754 0.578125 0.7280273433962264
9 0.6669921875 0.547851562264151 0.6494140625 0.547851562264151 0.64453125 0.5551757811320754 0.64453125 0.5668945311320754 0.6474609375 0.571289062264151 0.6552734375 0.57421875 0.6669921875 0.5683593754716981 0.671875 0.5639648433962264 0.671875 0.5551757811320754 0.6669921875 0.547851562264151
9 0.6494140625 0.4453125 0.65234375 0.4409179688679245 0.65234375 0.4379882811320755 0.646484375 0.4145507811320755 0.6435546875 0.41015625 0.6337890625 0.41015625 0.630859375 0.4145507811320755 0.630859375 0.4262695311320755 0.6328125 0.4321289066037736 0.63671875 0.4409179688679245 0.6396484375 0.4453125 0.6435546875 0.44824218773584906 0.6455078125 0.44824218773584906 0.6494140625 0.4453125
9 0.5810546875 0.36035156226415094 0.5712890625 0.3691406245283019 0.564453125 0.3793945311320755 0.5693359375 0.38671875 0.5791015625 0.38671875 0.5869140625 0.38378906226415094 0.58984375 0.3793945311320755 0.58984375 0.3647460933962264 0.5849609375 0.36035156226415094 0.5810546875 0.36035156226415094
9 0.5166015625 0.3339843754716981 0.5048828125 0.32519531226415094 0.5009765625 0.32519531226415094 0.4951171875 0.328125 0.494140625 0.3295898433962264 0.494140625 0.3413085933962264 0.4970703125 0.3457031245283019 0.5126953125 0.3574218754716981 0.517578125 0.3500976566037736 0.51953125 0.3442382811320755 0.51953125 0.3413085933962264 0.5166015625 0.3339843754716981
21 0.3037109375 0.40722656226415094 0.3359375 0.3823242188679245 0.306640625 0.3237304688679245 0.2841796875 0.30175781226415094 0.2236328125 0.328125 0.22265625 0.3295898433962264 0.22265625 0.3383789066037736 0.25 0.3911132811320755 0.2607421875 0.40722656226415094 0.2685546875 0.41308593773584906 0.2744140625 0.4160156245283019 0.2900390625 0.41308593773584906 0.3037109375 0.40722656226415094
12 0.5810546875 0.618164062264151 0.6142578125 0.62109375 0.6240234375 0.62109375 0.62890625 0.6137695311320754 0.62890625 0.5786132811320754 0.625 0.5346679688679246 0.619140625 0.49658203113207544 0.615234375 0.4790039066037736 0.611328125 0.4672851566037736 0.6005859375 0.4511718745283019 0.5966796875 0.44824218773584906 0.5888671875 0.4453125 0.5712890625 0.4453125 0.5615234375 0.4511718745283019 0.552734375 0.4643554688679245 0.548828125 0.4731445311320755 0.541015625 0.49951171886792456 0.5390625 0.5112304688679246 0.5390625 0.5434570311320754 0.541015625 0.5551757811320754 0.544921875 0.5668945311320754 0.556640625 0.5932617188679246 0.5673828125 0.609375 0.5751953125 0.6152343754716981 0.5810546875 0.618164062264151