6 0.38671875 0.20654296886792453 0.3857421875 0.20507812452830187 0.3583984375 0.19042968773584906 0.3525390625 0.19042968773584906 0.3349609375 0.20214843773584906 0.30859375 0.2622070311320755 0.306640625 0.2680664066037736 0.30859375 0.2739257811320755 0.3330078125 0.2988281245283019 0.3388671875 0.30175781226415094 0.3623046875 0.30761718773584906 0.3671875 0.3032226566037736 0.38671875 0.2094726566037736 0.38671875 0.20654296886792453
6 0.2060546875 0.47167968773584906 0.205078125 0.4731445311320755 0.205078125 0.4760742188679245 0.2060546875 0.47753906226415094 0.2080078125 0.47753906226415094 0.208984375 0.4760742188679245 0.208984375 0.4731445311320755 0.2080078125 0.47167968773584906 0.2060546875 0.47167968773584906
9 0.2099609375 0.46875 0.2041015625 0.46875 0.1943359375 0.47753906226415094 0.19140625 0.4819335933962264 0.1943359375 0.489257812264151 0.2158203125 0.506835937735849 0.2177734375 0.506835937735849 0.22265625 0.49951171886792456 0.22265625 0.48486328113207544 0.2138671875 0.47167968773584906 0.2099609375 0.46875
9 0.267578125 0.5756835933962264 0.2607421875 0.565429687735849 0.2548828125 0.565429687735849 0.248046875 0.5756835933962264 0.24609375 0.5815429688679246 0.24609375 0.6166992188679246 0.251953125 0.6313476566037736 0.2548828125 0.635742187735849 0.2587890625 0.635742187735849 0.271484375 0.6196289066037736 0.26953125 0.5844726566037736 0.267578125 0.5756835933962264
9 0.69921875 0.3442382811320755 0.697265625 0.3383789066037736 0.6962890625 0.33691406226415094 0.6904296875 0.3339843754716981 0.6845703125 0.3339843754716981 0.6806640625 0.33691406226415094 0.673828125 0.3442382811320755 0.6640625 0.3706054688679245 0.662109375 0.3793945311320755 0.662109375 0.3911132811320755 0.6728515625 0.40722656226415094 0.6767578125 0.40722656226415094 0.6826171875 0.40136718773584906 0.689453125 0.3911132811320755 0.69921875 0.3471679688679245 0.69921875 0.3442382811320755
13 0.41015625 0.6049804688679246 0.4033203125 0.59765625 0.3544921875 0.577148437735849 0.3525390625 0.577148437735849 0.3349609375 0.588867187735849 0.330078125 0.5961914066037736 0.330078125 0.6166992188679246 0.3359375 0.6342773433962264 0.3720703125 0.688476562264151 0.3759765625 0.69140625 0.3837890625 0.69140625 0.41015625 0.6108398433962264 0.41015625 0.6049804688679246
1 0.3291015625 0.3925781245283019 0.3115234375 0.38378906226415094 0.3076171875 0.38378906226415094 0.306640625 0.3852539066037736 0.318359375 0.4438476566037736 0.3251953125 0.45996093773584906 0.3310546875 0.45410156226415094 0.3359375 0.4438476566037736 0.337890625 0.4291992188679245 0.337890625 0.4057617188679245 0.3291015625 0.3925781245283019
1 0.595703125 0.5288085933962264 0.58984375 0.5112304688679246 0.5712890625 0.4863281245283018 0.5673828125 0.483398437735849 0.5576171875 0.483398437735849 0.5546875 0.48779296886792456 0.556640625 0.5053710933962264 0.57421875 0.5522460933962264 0.5751953125 0.553710937735849 0.5771484375 0.553710937735849 0.5927734375 0.5449218754716981 0.595703125 0.5405273433962264 0.595703125 0.5288085933962264
1 0.6904296875 0.594726562264151 0.6728515625 0.594726562264151 0.6669921875 0.59765625 0.666015625 0.5991210933962264 0.66796875 0.6049804688679246 0.6728515625 0.612304687735849 0.7041015625 0.641601562264151 0.712890625 0.6342773433962264 0.712890625 0.6196289066037736 0.7021484375 0.6035156245283019 0.6904296875 0.594726562264151
1 0.58984375 0.2416992188679245 0.5859375 0.20654296886792453 0.583984375 0.1977539066037736 0.5791015625 0.19042968773584906 0.5634765625 0.17578125 0.5556640625 0.17285156226415094 0.5361328125 0.17285156226415094 0.5263671875 0.17871093773584906 0.51953125 0.1889648433962264 0.517578125 0.19482421886792453 0.517578125 0.21533203113207547 0.51953125 0.2241210933962264 0.5205078125 0.22558593773584906 0.5498046875 0.23730468773584906 0.5869140625 0.2431640622641509 0.5888671875 0.2431640622641509 0.58984375 0.2416992188679245
15 0.484375 0.4760742188679245 0.4775390625 0.46582031226415094 0.4736328125 0.4628906245283019 0.4599609375 0.4628906245283019 0.451171875 0.4760742188679245 0.44921875 0.4819335933962264 0.44921875 0.5053710933962264 0.4560546875 0.515625 0.4619140625 0.515625 0.4736328125 0.5097656245283019 0.4775390625 0.506835937735849 0.484375 0.49658203113207544 0.484375 0.4760742188679245