20 0.337890625 0.5258789066037736 0.3232421875 0.4863281245283018 0.2958984375 0.47753906226415094 0.2939453125 0.47753906226415094 0.29296875 0.4790039066037736 0.291015625 0.5112304688679246 0.294921875 0.5258789066037736 0.2958984375 0.52734375 0.3212890625 0.541992187735849 0.3310546875 0.541992187735849 0.3359375 0.5375976566037736 0.337890625 0.5317382811320754 0.337890625 0.5258789066037736
3 0.7626953125 0.624023437735849 0.763671875 0.6225585933962264 0.7265625 0.48779296886792456 0.7001953125 0.4394531245283019 0.6962890625 0.43652343773584906 0.6923828125 0.43652343773584906 0.681640625 0.4526367188679245 0.6640625 0.49951171886792456 0.662109375 0.5317382811320754 0.6640625 0.5522460933962264 0.6650390625 0.553710937735849 0.7060546875 0.59765625 0.7138671875 0.6035156245283019 0.7431640625 0.62109375 0.7509765625 0.624023437735849 0.7626953125 0.624023437735849
14 0.4482421875 0.5800781245283019 0.4423828125 0.5800781245283019 0.4306640625 0.583007812264151 0.4248046875 0.588867187735849 0.423828125 0.5903320311320754 0.4326171875 0.6035156245283019 0.4365234375 0.606445312264151 0.4423828125 0.606445312264151 0.4501953125 0.6035156245283019 0.453125 0.5991210933962264 0.453125 0.5874023433962264 0.4482421875 0.5800781245283019
14 0.6044921875 0.20507812452830187 0.603515625 0.20654296886792453 0.591796875 0.2329101566037736 0.5986328125 0.2490234377358491 0.6142578125 0.26074218773584906 0.615234375 0.2592773433962264 0.6171875 0.2475585933962264 0.611328125 0.2094726566037736 0.6083984375 0.20507812452830187 0.6044921875 0.20507812452830187
11 0.5654296875 0.29003906226415094 0.564453125 0.2915039066037736 0.5703125 0.3208007811320755 0.5712890625 0.3222656245283019 0.5732421875 0.3222656245283019 0.578125 0.3149414066037736 0.578125 0.3032226566037736 0.5732421875 0.29003906226415094 0.5654296875 0.29003906226415094
9 0.44921875 0.3295898433962264 0.4453125 0.2973632811320755 0.44140625 0.2885742188679245 0.4384765625 0.28417968773584906 0.4326171875 0.28417968773584906 0.42578125 0.2944335933962264 0.42578125 0.3032226566037736 0.4296875 0.3325195311320755 0.4326171875 0.33691406226415094 0.4384765625 0.34277343773584906 0.4423828125 0.34277343773584906 0.4453125 0.3383789066037736 0.44921875 0.3295898433962264
9 0.4853515625 0.506835937735849 0.4814453125 0.506835937735849 0.478515625 0.5112304688679246 0.478515625 0.5346679688679246 0.4833984375 0.541992187735849 0.4892578125 0.541992187735849 0.494140625 0.5346679688679246 0.494140625 0.5229492188679246 0.490234375 0.5141601566037736 0.4853515625 0.506835937735849
9 0.60546875 0.4145507811320755 0.6005859375 0.40722656226415094 0.5966796875 0.40722656226415094 0.5888671875 0.41015625 0.583984375 0.4174804688679245 0.583984375 0.4233398433962264 0.5849609375 0.42480468773584906 0.5908203125 0.4277343745283019 0.6005859375 0.4277343745283019 0.603515625 0.4233398433962264 0.60546875 0.4174804688679245 0.60546875 0.4145507811320755
9 0.6201171875 0.47753906226415094 0.6064453125 0.47753906226415094 0.6015625 0.48486328113207544 0.6015625 0.5024414066037736 0.6044921875 0.506835937735849 0.6083984375 0.506835937735849 0.6123046875 0.50390625 0.623046875 0.48779296886792456 0.623046875 0.4819335933962264 0.6201171875 0.47753906226415094
9 0.580078125 0.6049804688679246 0.578125 0.5932617188679246 0.5732421875 0.5859375 0.5693359375 0.5859375 0.564453125 0.5932617188679246 0.564453125 0.6137695311320754 0.5673828125 0.618164062264151 0.5712890625 0.62109375 0.5751953125 0.618164062264151 0.578125 0.6137695311320754 0.580078125 0.6079101566037736 0.580078125 0.6049804688679246
9 0.689453125 0.6372070311320754 0.6865234375 0.6328125 0.6806640625 0.6328125 0.66796875 0.6518554688679246 0.66796875 0.6577148433962264 0.6708984375 0.6621093754716981 0.6748046875 0.665039062264151 0.6826171875 0.665039062264151 0.689453125 0.6547851566037736 0.69140625 0.6430664066037736 0.689453125 0.6372070311320754
9 0.3857421875 0.670898437735849 0.3818359375 0.670898437735849 0.3779296875 0.6738281245283019 0.373046875 0.6811523433962264 0.369140625 0.6899414066037736 0.3671875 0.6987304688679246 0.369140625 0.7104492188679246 0.3779296875 0.723632812264151 0.3818359375 0.723632812264151 0.384765625 0.7192382811320754 0.390625 0.6958007811320754 0.390625 0.6752929688679246 0.3857421875 0.670898437735849
9 0.4990234375 0.42480468773584906 0.4921875 0.4350585933962264 0.5068359375 0.45703125 0.5126953125 0.4628906245283019 0.5166015625 0.4628906245283019 0.51953125 0.4584960933962264 0.51953125 0.4379882811320755 0.5107421875 0.42480468773584906 0.4990234375 0.42480468773584906