1 0.634765625 0.2915039066037736 0.6328125 0.2856445311320755 0.6279296875 0.2753906245283019 0.6103515625 0.2753906245283019 0.603515625 0.2856445311320755 0.603515625 0.3032226566037736 0.60546875 0.3090820311320755 0.6103515625 0.31347656226415094 0.6259765625 0.31347656226415094 0.6328125 0.3032226566037736 0.634765625 0.2973632811320755 0.634765625 0.2915039066037736
1 0.5546875 0.3706054688679245 0.5478515625 0.36035156226415094 0.5400390625 0.36035156226415094 0.53515625 0.3706054688679245 0.533203125 0.3823242188679245 0.533203125 0.3911132811320755 0.53515625 0.3999023433962264 0.5400390625 0.40722656226415094 0.5439453125 0.41015625 0.5537109375 0.41308593773584906 0.556640625 0.4086914066037736 0.5546875 0.3706054688679245
1 0.4873046875 0.4921875 0.4853515625 0.4921875 0.4765625 0.5053710933962264 0.474609375 0.5112304688679246 0.474609375 0.5229492188679246 0.4794921875 0.530273437735849 0.4853515625 0.530273437735849 0.48828125 0.5258789066037736 0.490234375 0.5112304688679246 0.490234375 0.49658203113207544 0.4873046875 0.4921875
1 0.4853515625 0.752929687735849 0.4814453125 0.752929687735849 0.4765625 0.7602539066037736 0.4765625 0.7719726566037736 0.4794921875 0.776367187735849 0.4814453125 0.776367187735849 0.482421875 0.7749023433962264 0.486328125 0.7602539066037736 0.486328125 0.7543945311320754 0.4853515625 0.752929687735849
14 0.6806640625 0.741210937735849 0.6689453125 0.741210937735849 0.66796875 0.7426757811320754 0.6748046875 0.7558593754716981 0.6865234375 0.76171875 0.6962890625 0.76171875 0.705078125 0.7543945311320754 0.703125 0.7485351566037736 0.6982421875 0.7441406245283019 0.6806640625 0.741210937735849
14 0.4638671875 0.5097656245283019 0.4580078125 0.506835937735849 0.455078125 0.5112304688679246 0.458984375 0.5258789066037736 0.4619140625 0.530273437735849 0.4755859375 0.5449218754716981 0.4873046875 0.5449218754716981 0.48828125 0.5434570311320754 0.4736328125 0.5214843754716981 0.4638671875 0.5097656245283019
9 0.4287109375 0.19921875 0.4267578125 0.19921875 0.421875 0.20654296886792453 0.421875 0.21533203113207547 0.4287109375 0.22558593773584906 0.4326171875 0.22851562452830187 0.4375 0.2241210933962264 0.4375 0.21826171886792453 0.435546875 0.2094726566037736 0.4287109375 0.19921875
9 0.4462890625 0.19042968773584906 0.4404296875 0.19042968773584906 0.435546875 0.1977539066037736 0.435546875 0.21533203113207547 0.4384765625 0.21972656226415094 0.4404296875 0.21972656226415094 0.44921875 0.20654296886792453 0.451171875 0.2006835933962264 0.451171875 0.1977539066037736 0.4462890625 0.19042968773584906
9 0.4521484375 0.23144531226415094 0.44921875 0.23876953113207547 0.447265625 0.2504882811320755 0.447265625 0.2563476566037736 0.4501953125 0.26074218773584906 0.4560546875 0.26074218773584906 0.462890625 0.2416992188679245 0.462890625 0.23876953113207547 0.4599609375 0.23144531226415094 0.4521484375 0.23144531226415094
9 0.4912109375 0.21679687452830187 0.4833984375 0.21679687452830187 0.474609375 0.2329101566037736 0.47265625 0.2475585933962264 0.47265625 0.2563476566037736 0.4755859375 0.26074218773584906 0.4794921875 0.26074218773584906 0.4833984375 0.2578125 0.494140625 0.23876953113207547 0.49609375 0.2241210933962264 0.4912109375 0.21679687452830187
9 0.548828125 0.16845703113207547 0.5458984375 0.1640625 0.5400390625 0.16113281226415094 0.5361328125 0.16113281226415094 0.5322265625 0.1640625 0.52734375 0.17138671886792453 0.525390625 0.1772460933962264 0.525390625 0.18310546886792453 0.5302734375 0.1875 0.5439453125 0.18457031226415094 0.5478515625 0.18164062452830187 0.55078125 0.1772460933962264 0.55078125 0.1743164066037736 0.548828125 0.16845703113207547
9 0.5439453125 0.20214843773584906 0.5400390625 0.19921875 0.5380859375 0.19921875 0.533203125 0.20654296886792453 0.533203125 0.21533203113207547 0.5361328125 0.21972656226415094 0.5439453125 0.22558593773584906 0.5498046875 0.22558593773584906 0.552734375 0.2211914066037736 0.552734375 0.21826171886792453 0.5439453125 0.20214843773584906
9 0.5341796875 0.22558593773584906 0.5322265625 0.22558593773584906 0.529296875 0.22998046886792453 0.52734375 0.2358398433962264 0.529296875 0.2534179688679245 0.5341796875 0.2578125 0.5361328125 0.2578125 0.541015625 0.2534179688679245 0.541015625 0.2416992188679245 0.537109375 0.22998046886792453 0.5341796875 0.22558593773584906
9 0.5849609375 0.19335937547169813 0.5791015625 0.19335937547169813 0.578125 0.19482421886792453 0.57421875 0.20654296886792453 0.57421875 0.21533203113207547 0.5771484375 0.21972656226415094 0.5830078125 0.21972656226415094 0.5859375 0.21533203113207547 0.587890625 0.2094726566037736 0.5859375 0.19482421886792453 0.5849609375 0.19335937547169813
9 0.6376953125 0.17285156226415094 0.6318359375 0.17285156226415094 0.623046875 0.1860351566037736 0.62109375 0.1977539066037736 0.623046875 0.2094726566037736 0.6259765625 0.21386718773584906 0.6318359375 0.21386718773584906 0.646484375 0.18310546886792453 0.646484375 0.18017578113207547 0.6435546875 0.17578125 0.6376953125 0.17285156226415094
9 0.6943359375 0.19335937547169813 0.6884765625 0.1875 0.6787109375 0.1875 0.673828125 0.19482421886792453 0.673828125 0.20361328113207547 0.6787109375 0.2109375 0.6865234375 0.21386718773584906 0.6943359375 0.21386718773584906 0.697265625 0.2094726566037736 0.697265625 0.1977539066037736 0.6943359375 0.19335937547169813
9 0.6103515625 0.31347656226415094 0.6064453125 0.31347656226415094 0.6025390625 0.31640625 0.59375 0.3295898433962264 0.59375 0.3383789066037736 0.5966796875 0.34277343773584906 0.6025390625 0.34277343773584906 0.609375 0.3325195311320755 0.61328125 0.3237304688679245 0.61328125 0.3178710933962264 0.6103515625 0.31347656226415094
9 0.3740234375 0.27246093773584906 0.3701171875 0.27246093773584906 0.3662109375 0.2753906245283019 0.365234375 0.2768554688679245 0.365234375 0.2797851566037736 0.3671875 0.2856445311320755 0.3779296875 0.30175781226415094 0.380859375 0.2973632811320755 0.380859375 0.2856445311320755 0.37890625 0.2797851566037736 0.3740234375 0.27246093773584906
9 0.33984375 0.3647460933962264 0.33984375 0.3618164066037736 0.333984375 0.3471679688679245 0.3310546875 0.34277343773584906 0.3251953125 0.34277343773584906 0.322265625 0.3471679688679245 0.322265625 0.3559570311320755 0.32421875 0.3647460933962264 0.326171875 0.3706054688679245 0.3291015625 0.375 0.3330078125 0.375 0.337890625 0.3706054688679245 0.33984375 0.3647460933962264
9 0.361328125 0.4145507811320755 0.3583984375 0.41015625 0.3505859375 0.41015625 0.3427734375 0.4160156245283019 0.33984375 0.4204101566037736 0.33984375 0.4262695311320755 0.3427734375 0.43066406226415094 0.3466796875 0.43359375 0.3525390625 0.43359375 0.3564453125 0.43066406226415094 0.361328125 0.4233398433962264 0.361328125 0.4145507811320755
9 0.4755859375 0.44238281226415094 0.4697265625 0.44238281226415094 0.46484375 0.4497070311320755 0.46484375 0.4584960933962264 0.4677734375 0.4628906245283019 0.4833984375 0.4628906245283019 0.486328125 0.4584960933962264 0.486328125 0.4526367188679245 0.4833984375 0.44824218773584906 0.4755859375 0.44238281226415094
9 0.6689453125 0.34863281226415094 0.6650390625 0.3515625 0.662109375 0.3559570311320755 0.662109375 0.3647460933962264 0.666015625 0.3764648433962264 0.6689453125 0.3808593754716981 0.6728515625 0.3808593754716981 0.67578125 0.3735351566037736 0.673828125 0.3559570311320755 0.6689453125 0.34863281226415094
9 0.7509765625 0.375 0.7392578125 0.38671875 0.736328125 0.3911132811320755 0.736328125 0.3999023433962264 0.7412109375 0.40722656226415094 0.7490234375 0.40722656226415094 0.76171875 0.3940429688679245 0.76171875 0.3823242188679245 0.7548828125 0.375 0.7509765625 0.375
9 0.7802734375 0.38378906226415094 0.7724609375 0.3808593754716981 0.7666015625 0.3808593754716981 0.763671875 0.3852539066037736 0.763671875 0.3911132811320755 0.7685546875 0.3984375 0.7724609375 0.40136718773584906 0.7802734375 0.40136718773584906 0.783203125 0.3969726566037736 0.783203125 0.3881835933962264 0.7802734375 0.38378906226415094
9 0.7568359375 0.35449218773584906 0.7490234375 0.34863281226415094 0.7431640625 0.35449218773584906 0.7421875 0.3559570311320755 0.7421875 0.3588867188679245 0.74609375 0.3676757811320755 0.7509765625 0.375 0.7548828125 0.375 0.759765625 0.3706054688679245 0.759765625 0.3618164066037736 0.7568359375 0.35449218773584906
9 0.748046875 0.4643554688679245 0.7451171875 0.45996093773584906 0.7392578125 0.45703125 0.7314453125 0.45703125 0.728515625 0.4614257811320755 0.728515625 0.4702148433962264 0.7314453125 0.4746093745283019 0.7353515625 0.47753906226415094 0.7373046875 0.47753906226415094 0.7470703125 0.4746093745283019 0.748046875 0.4731445311320755 0.748046875 0.4643554688679245
9 0.6513671875 0.42480468773584906 0.6435546875 0.42480468773584906 0.640625 0.4291992188679245 0.638671875 0.4350585933962264 0.640625 0.4409179688679245 0.6455078125 0.4453125 0.6591796875 0.4453125 0.662109375 0.4409179688679245 0.662109375 0.4350585933962264 0.6572265625 0.4277343745283019 0.6513671875 0.42480468773584906
9 0.6533203125 0.48046875 0.6494140625 0.47753906226415094 0.6455078125 0.47753906226415094 0.640625 0.48486328113207544 0.642578125 0.5024414066037736 0.6455078125 0.506835937735849 0.6513671875 0.506835937735849 0.654296875 0.5024414066037736 0.65625 0.4936523433962264 0.65625 0.48486328113207544 0.6533203125 0.48046875
9 0.6689453125 0.5214843754716981 0.6611328125 0.5214843754716981 0.658203125 0.5288085933962264 0.65625 0.5375976566037736 0.65625 0.5493164066037736 0.6572265625 0.55078125 0.6630859375 0.55078125 0.671875 0.5375976566037736 0.673828125 0.5317382811320754 0.671875 0.5258789066037736 0.6689453125 0.5214843754716981
9 0.31640625 0.5229492188679246 0.3115234375 0.515625 0.3076171875 0.515625 0.302734375 0.5229492188679246 0.30078125 0.5346679688679246 0.30078125 0.5405273433962264 0.3056640625 0.5449218754716981 0.3076171875 0.5449218754716981 0.310546875 0.5405273433962264 0.314453125 0.5317382811320754 0.31640625 0.5258789066037736 0.31640625 0.5229492188679246
9 0.4375 0.5610351566037736 0.4345703125 0.553710937735849 0.4248046875 0.55078125 0.4189453125 0.55078125 0.4140625 0.5581054688679246 0.4140625 0.5668945311320754 0.4169921875 0.571289062264151 0.4208984375 0.57421875 0.4228515625 0.57421875 0.4345703125 0.5683593754716981 0.435546875 0.5668945311320754 0.4375 0.5610351566037736
9 0.5205078125 0.653320312264151 0.5126953125 0.6503906245283019 0.4931640625 0.6503906245283019 0.4833984375 0.653320312264151 0.48046875 0.6577148433962264 0.48046875 0.6665039066037736 0.4892578125 0.6796875 0.4990234375 0.69140625 0.5166015625 0.6972656245283019 0.53515625 0.6694335933962264 0.5283203125 0.659179687735849 0.5205078125 0.653320312264151
9 0.529296875 0.6079101566037736 0.52734375 0.6020507811320754 0.5244140625 0.59765625 0.5087890625 0.59765625 0.505859375 0.6020507811320754 0.505859375 0.6079101566037736 0.5107421875 0.6152343754716981 0.5166015625 0.618164062264151 0.5263671875 0.618164062264151 0.52734375 0.6166992188679246 0.529296875 0.6108398433962264 0.529296875 0.6079101566037736
9 0.5498046875 0.5214843754716981 0.5458984375 0.5214843754716981 0.54296875 0.5258789066037736 0.55078125 0.5434570311320754 0.5556640625 0.55078125 0.5576171875 0.55078125 0.560546875 0.5463867188679246 0.560546875 0.5346679688679246 0.5556640625 0.52734375 0.5498046875 0.5214843754716981
9 0.5712890625 0.4277343745283019 0.5673828125 0.4277343745283019 0.564453125 0.4321289066037736 0.564453125 0.4350585933962264 0.5693359375 0.44238281226415094 0.5732421875 0.44238281226415094 0.57421875 0.4409179688679245 0.57421875 0.4350585933962264 0.572265625 0.4291992188679245 0.5712890625 0.4277343745283019
9 0.5791015625 0.43652343773584906 0.578125 0.4379882811320755 0.57421875 0.4467773433962264 0.5791015625 0.45410156226415094 0.5869140625 0.45410156226415094 0.58984375 0.4467773433962264 0.58984375 0.4438476566037736 0.587890625 0.4379882811320755 0.5869140625 0.43652343773584906 0.5791015625 0.43652343773584906
9 0.638671875 0.6020507811320754 0.6357421875 0.59765625 0.6318359375 0.594726562264151 0.6220703125 0.594726562264151 0.619140625 0.5991210933962264 0.619140625 0.6079101566037736 0.6201171875 0.609375 0.6298828125 0.6152343754716981 0.6318359375 0.6152343754716981 0.6357421875 0.612304687735849 0.638671875 0.6079101566037736 0.638671875 0.6020507811320754
9 0.5830078125 0.55078125 0.5791015625 0.547851562264151 0.5751953125 0.547851562264151 0.5673828125 0.55078125 0.564453125 0.5551757811320754 0.564453125 0.5610351566037736 0.5693359375 0.565429687735849 0.5751953125 0.5683593754716981 0.5830078125 0.5683593754716981 0.5859375 0.5639648433962264 0.5859375 0.5551757811320754 0.5830078125 0.55078125
9 0.5751953125 0.583007812264151 0.5654296875 0.5800781245283019 0.5634765625 0.5800781245283019 0.5595703125 0.583007812264151 0.556640625 0.5874023433962264 0.556640625 0.5932617188679246 0.5615234375 0.600585937735849 0.5712890625 0.600585937735849 0.5751953125 0.59765625 0.578125 0.5932617188679246 0.578125 0.5874023433962264 0.5751953125 0.583007812264151
9 0.6162109375 0.688476562264151 0.6044921875 0.688476562264151 0.5986328125 0.694335937735849 0.59765625 0.6958007811320754 0.59765625 0.7075195311320754 0.6005859375 0.711914062264151 0.6123046875 0.7089843754716981 0.6162109375 0.706054687735849 0.619140625 0.7016601566037736 0.619140625 0.6958007811320754 0.6162109375 0.688476562264151
9 0.7412109375 0.6972656245283019 0.7333984375 0.700195312264151 0.728515625 0.7075195311320754 0.728515625 0.7104492188679246 0.7314453125 0.717773437735849 0.7392578125 0.717773437735849 0.7451171875 0.711914062264151 0.75 0.7045898433962264 0.7451171875 0.6972656245283019 0.7412109375 0.6972656245283019
9 0.7666015625 0.635742187735849 0.7607421875 0.635742187735849 0.7578125 0.6401367188679246 0.755859375 0.6489257811320754 0.755859375 0.6635742188679246 0.7587890625 0.66796875 0.7646484375 0.66796875 0.76953125 0.6606445311320754 0.76953125 0.6459960933962264 0.767578125 0.6372070311320754 0.7666015625 0.635742187735849
9 0.7001953125 0.641601562264151 0.6962890625 0.641601562264151 0.69140625 0.6459960933962264 0.6875 0.6606445311320754 0.6875 0.6635742188679246 0.6904296875 0.66796875 0.6943359375 0.66796875 0.6982421875 0.665039062264151 0.703125 0.6577148433962264 0.703125 0.6459960933962264 0.7001953125 0.641601562264151
9 0.6650390625 0.6503906245283019 0.6630859375 0.6503906245283019 0.66015625 0.6547851566037736 0.65625 0.6635742188679246 0.65625 0.6694335933962264 0.6591796875 0.6738281245283019 0.6611328125 0.6738281245283019 0.6640625 0.6694335933962264 0.66796875 0.6606445311320754 0.66796875 0.6547851566037736 0.6650390625 0.6503906245283019
9 0.6904296875 0.758789062264151 0.6884765625 0.758789062264151 0.68359375 0.7661132811320754 0.681640625 0.7719726566037736 0.681640625 0.7866210933962264 0.6845703125 0.7910156245283019 0.6923828125 0.7910156245283019 0.693359375 0.7895507811320754 0.6953125 0.7807617188679246 0.693359375 0.7631835933962264 0.6904296875 0.758789062264151
9 0.5830078125 0.670898437735849 0.5732421875 0.676757812264151 0.568359375 0.6840820311320754 0.568359375 0.6899414066037736 0.5712890625 0.694335937735849 0.5810546875 0.694335937735849 0.587890625 0.6840820311320754 0.587890625 0.6811523433962264 0.5859375 0.6752929688679246 0.5830078125 0.670898437735849