9 0.702083333125 0.5682692311320754 0.7011217949999999 0.5658653849056604 0.69903846125 0.5639423075471699 0.6923076924999999 0.5625 0.687019230625 0.5682692311320754 0.68108974375 0.5819711537735849 0.680929486875 0.5875 0.681730769375 0.5896634613207548 0.685416666875 0.5920673075471699 0.689423076875 0.5911057688679245 0.6982371793750001 0.5838942311320754 0.7 0.58125 0.701762820625 0.5762019226415095 0.702083333125 0.5682692311320754
10 0.45096153875 0.4110576924528302 0.44711538437500004 0.40913461509433957 0.443269230625 0.41442307735849054 0.42996794875 0.446875 0.427083333125 0.465625 0.42740384625 0.4870192311320754 0.433333333125 0.5293269226415095 0.43525641 0.5331730773584905 0.43958333312500003 0.534375 0.4411858975 0.5326923075471699 0.44455128187500004 0.5177884613207547 0.45128205125 0.41610576886792455 0.45096153875 0.4110576924528302
18 0.41971153875 0.16995192264150943 0.415544871875 0.16201923113207548 0.409294871875 0.15408653867924527 0.40096153875 0.14639423113207548 0.391987179375 0.14110576886792453 0.38477564125 0.13846153867924527 0.37291666687499997 0.13701923113207548 0.366666666875 0.13846153867924527 0.3576923075 0.14254807735849057 0.35128205125 0.15408653867924527 0.349358974375 0.16610576886792452 0.349519230625 0.17548076886792452 0.36474359 0.1918269226415094 0.407852564375 0.21682692264150943 0.412019230625 0.215625 0.42083333312500004 0.20504807735849057 0.42467948687499996 0.19350961509433962 0.42403846125 0.18341346132075473 0.41971153875 0.16995192264150943
14 0.37275641 0.2483173075471698 0.3625 0.2641826924528302 0.36153846125 0.2673076924528302 0.361698718125 0.290625 0.364423076875 0.29375 0.370512820625 0.29399038490566043 0.37275641 0.2913461537735849 0.3786858975 0.25576923113207545 0.37708333312500003 0.24783653867924527 0.37275641 0.2483173075471698
6 0.52516025625 0.309375 0.538141025625 0.290625 0.548878205 0.2711538462264151 0.559455128125 0.24783653867924527 0.55977564125 0.2435096150943396 0.556570513125 0.23461538490566036 0.549679486875 0.23100961509433962 0.48221153875 0.2163461537735849 0.474358974375 0.22091346132075473 0.45272435875 0.2391826924528302 0.431570513125 0.2641826924528302 0.426923076875 0.2725961537735849 0.4213141025 0.2908653849056604 0.417948718125 0.3024038462264151 0.418269230625 0.3060096150943396 0.42147435875 0.3185096150943396 0.42564102562499995 0.32379807735849053 0.430929486875 0.32860576886792453 0.45096153875 0.3425480773584905 0.47083333312500003 0.3425480773584905 0.52516025625 0.309375
20 0.624679486875 0.15408653867924527 0.623237179375 0.153125 0.618108974375 0.15336538490566037 0.6166666668749999 0.1545673075471698 0.61522435875 0.15841346132075473 0.614102564375 0.1694711537735849 0.614262820625 0.22091346132075473 0.619070513125 0.23100961509433962 0.6269230768749999 0.22211538490566038 0.6389423075 0.20120192264150943 0.639102564375 0.1930288462264151 0.6288461537500001 0.16153846132075472 0.624679486875 0.15408653867924527
9 0.750641025625 0.3257211537735849 0.749198718125 0.31875 0.748076923125 0.31682692264150947 0.736858974375 0.3091346150943396 0.724519230625 0.31057692264150943 0.722916666875 0.31442307735849057 0.72227564125 0.3185096150943396 0.723397435625 0.33028846132075473 0.7243589743750001 0.3336538462264151 0.7270833331250001 0.3365384613207547 0.740384615625 0.3401442311320755 0.744230769375 0.3389423075471698 0.7490384612500001 0.3336538462264151 0.750641025625 0.3257211537735849
9 0.6950320512499999 0.4903846150943396 0.693429486875 0.4826923075471698 0.689583333125 0.4802884613207547 0.6767628206249999 0.4836538462264151 0.6725961537499999 0.4875 0.6713141025 0.49014423113207545 0.6701923075 0.4939903849056604 0.672916666875 0.5004807688679246 0.6772435900000001 0.5036057688679246 0.68397435875 0.5050480773584906 0.6889423075000001 0.5045673075471698 0.6924679487500001 0.5021634613207547 0.694230769375 0.49759615377358485 0.6950320512499999 0.4903846150943396
20 0.560737179375 0.48629807735849057 0.55641025625 0.48605769245283015 0.549198718125 0.4935096150943396 0.5368589743750001 0.5112980773584905 0.535576923125 0.515625 0.5358974356249999 0.5230769226415094 0.5413461537500001 0.528125 0.544230769375 0.5298076924528301 0.5605769231250001 0.5334134613207547 0.60016025625 0.5057692311320754 0.5975961537500001 0.5014423075471699 0.5918269231250001 0.4973557688679246 0.560737179375 0.48629807735849057
1 0.6413461537499999 0.6497596150943395 0.6400641025 0.6305288462264151 0.634615384375 0.6213942311320754 0.62724359 0.6170673075471699 0.6248397437500001 0.6182692311320754 0.617147435625 0.6293269226415095 0.604166666875 0.6543269226415095 0.6096153843750001 0.6725961537735848 0.6139423075 0.6766826924528302 0.618269230625 0.6790865386792453 0.62628205125 0.6790865386792453 0.633173076875 0.6737980773584905 0.640384615625 0.6627403849056605 0.6413461537499999 0.6497596150943395
6 0.508173076875 0.6617788462264151 0.50849359 0.6536057688679245 0.505769230625 0.6338942311320754 0.5019230768749999 0.6322115386792453 0.443269230625 0.6259615386792453 0.439423076875 0.6264423075471699 0.412019230625 0.6507211537735849 0.40961538437500006 0.6538461537735849 0.376923076875 0.7144230773584905 0.376602564375 0.7163461537735849 0.37612179500000004 0.7271634613207547 0.376923076875 0.7341346150943396 0.39246794875 0.7487980773584906 0.443108974375 0.7480769226415095 0.478205128125 0.7129807688679246 0.49006410250000004 0.6987980773584905 0.50625 0.6694711537735849 0.508173076875 0.6617788462264151
9 0.311378205 0.5762019226415095 0.30625 0.5697115386792453 0.30208333312499996 0.56875 0.296634615625 0.5706730773584906 0.293108974375 0.5769230773584906 0.29134615375 0.5949519226415094 0.2911858975 0.6033653849056604 0.294070513125 0.6079326924528301 0.299198718125 0.6086538462264152 0.30384615375 0.6064903849056604 0.305128205 0.6050480773584905 0.309455128125 0.5939903849056604 0.311858974375 0.5841346150943396 0.311378205 0.5762019226415095
9 0.3326923075 0.46658653867924527 0.332371795 0.4586538462264151 0.32852564125 0.44326923113207545 0.322916666875 0.43557692264150943 0.315705128125 0.4314903849056604 0.31233974375 0.43173076886792455 0.31105769250000004 0.4350961537735849 0.3099358975 0.44735576886792455 0.318269230625 0.4795673075471698 0.31971153874999997 0.48245192264150943 0.32211538437500004 0.4846153849056604 0.326602564375 0.4855769226415095 0.329647435625 0.4838942311320754 0.332051281875 0.4783653849056604 0.3326923075 0.46658653867924527