1 0.3837890625 0.25488281226415094 0.3779296875 0.25488281226415094 0.373046875 0.2622070311320755 0.37109375 0.2680664066037736 0.37109375 0.2797851566037736 0.3779296875 0.29296875 0.3916015625 0.29296875 0.396484375 0.2856445311320755 0.396484375 0.2739257811320755 0.3916015625 0.26074218773584906 0.3837890625 0.25488281226415094
1 0.3671875 0.4526367188679245 0.369140625 0.4438476566037736 0.369140625 0.4379882811320755 0.3671875 0.4291992188679245 0.3623046875 0.421875 0.3525390625 0.4160156245283019 0.3466796875 0.4160156245283019 0.341796875 0.4204101566037736 0.33984375 0.4262695311320755 0.33984375 0.4350585933962264 0.341796875 0.4526367188679245 0.3466796875 0.45996093773584906 0.3505859375 0.4628906245283019 0.3583984375 0.4628906245283019 0.3623046875 0.45996093773584906 0.3671875 0.4526367188679245
1 0.4208984375 0.4042968745283019 0.4111328125 0.3984375 0.4072265625 0.3984375 0.4033203125 0.40136718773584906 0.400390625 0.4057617188679245 0.3984375 0.4116210933962264 0.3984375 0.4145507811320755 0.400390625 0.4204101566037736 0.4033203125 0.42480468773584906 0.4189453125 0.42480468773584906 0.421875 0.4204101566037736 0.423828125 0.4116210933962264 0.4208984375 0.4042968745283019
1 0.74609375 0.2885742188679245 0.74609375 0.2827148433962264 0.744140625 0.2739257811320755 0.7314453125 0.2636718754716981 0.7080078125 0.26953125 0.7021484375 0.2753906245283019 0.701171875 0.2768554688679245 0.701171875 0.2827148433962264 0.70703125 0.2973632811320755 0.7158203125 0.3046875 0.7216796875 0.30761718773584906 0.7275390625 0.30761718773584906 0.7373046875 0.30175781226415094 0.74609375 0.2885742188679245
1 0.5927734375 0.6796875 0.5712890625 0.6796875 0.5634765625 0.682617187735849 0.5625 0.6840820311320754 0.5625 0.6987304688679246 0.5693359375 0.7089843754716981 0.5791015625 0.7089843754716981 0.5849609375 0.703125 0.59375 0.6899414066037736 0.595703125 0.6840820311320754 0.5927734375 0.6796875
1 0.490234375 0.6840820311320754 0.482421875 0.6635742188679246 0.4814453125 0.6621093754716981 0.4697265625 0.6621093754716981 0.46484375 0.6665039066037736 0.4609375 0.6752929688679246 0.4609375 0.6958007811320754 0.4677734375 0.706054687735849 0.4716796875 0.7089843754716981 0.4814453125 0.7089843754716981 0.4853515625 0.706054687735849 0.490234375 0.6928710933962264 0.490234375 0.6840820311320754
21 0.6005859375 0.37207031226415094 0.6064453125 0.36621093773584906 0.64453125 0.3178710933962264 0.64453125 0.3061523433962264 0.61328125 0.21826171886792453 0.5869140625 0.15820312452830187 0.5791015625 0.15234375 0.5712890625 0.15234375 0.560546875 0.1655273433962264 0.552734375 0.18017578113207547 0.546875 0.1977539066037736 0.544921875 0.20654296886792453 0.541015625 0.23876953113207547 0.53515625 0.2885742188679245 0.53515625 0.3208007811320755 0.544921875 0.3413085933962264 0.5517578125 0.3515625 0.5732421875 0.37207031226415094 0.5771484375 0.375 0.5966796875 0.375 0.6005859375 0.37207031226415094
20 0.5244140625 0.3515625 0.5048828125 0.3457031245283019 0.4951171875 0.34863281226415094 0.490234375 0.3559570311320755 0.490234375 0.3618164066037736 0.494140625 0.3793945311320755 0.4951171875 0.3808593754716981 0.5009765625 0.3808593754716981 0.5224609375 0.3574218754716981 0.525390625 0.3530273433962264 0.5244140625 0.3515625
20 0.73828125 0.6752929688679246 0.736328125 0.6811523433962264 0.7470703125 0.703125 0.7587890625 0.706054687735849 0.759765625 0.7045898433962264 0.76171875 0.6987304688679246 0.7509765625 0.66796875 0.7431640625 0.66796875 0.73828125 0.6752929688679246
20 0.416015625 0.6137695311320754 0.4150390625 0.612304687735849 0.39453125 0.6372070311320754 0.390625 0.6606445311320754 0.390625 0.6723632811320754 0.3935546875 0.676757812264151 0.4033203125 0.676757812264151 0.4091796875 0.6738281245283019 0.41796875 0.6606445311320754 0.41796875 0.6372070311320754 0.416015625 0.6137695311320754
9 0.662109375 0.2446289066037736 0.658203125 0.2534179688679245 0.658203125 0.2592773433962264 0.6591796875 0.26074218773584906 0.6669921875 0.26074218773584906 0.67578125 0.2475585933962264 0.67578125 0.2416992188679245 0.6708984375 0.234375 0.662109375 0.2446289066037736
9 0.6591796875 0.3984375 0.6552734375 0.3984375 0.654296875 0.3999023433962264 0.65234375 0.4233398433962264 0.6552734375 0.4277343745283019 0.6591796875 0.4277343745283019 0.6640625 0.4204101566037736 0.666015625 0.4145507811320755 0.666015625 0.4057617188679245 0.6630859375 0.40136718773584906 0.6591796875 0.3984375
9 0.77734375 0.5053710933962264 0.7744140625 0.500976562264151 0.7685546875 0.495117187735849 0.7626953125 0.495117187735849 0.759765625 0.49951171886792456 0.759765625 0.5053710933962264 0.7666015625 0.518554687735849 0.7705078125 0.5214843754716981 0.7744140625 0.5214843754716981 0.77734375 0.5170898433962264 0.779296875 0.5112304688679246 0.77734375 0.5053710933962264
9 0.796875 0.4702148433962264 0.7939453125 0.46582031226415094 0.7900390625 0.46582031226415094 0.787109375 0.4702148433962264 0.78125 0.48779296886792456 0.78125 0.4907226566037736 0.7841796875 0.4980468754716982 0.7880859375 0.500976562264151 0.7900390625 0.500976562264151 0.794921875 0.4936523433962264 0.796875 0.4790039066037736 0.796875 0.4702148433962264
9 0.6845703125 0.700195312264151 0.681640625 0.7045898433962264 0.677734375 0.7192382811320754 0.677734375 0.7280273433962264 0.6787109375 0.729492187735849 0.6845703125 0.729492187735849 0.6953125 0.7133789066037736 0.6953125 0.7075195311320754 0.6904296875 0.700195312264151 0.6845703125 0.700195312264151
9 0.6796875 0.6606445311320754 0.6748046875 0.653320312264151 0.6708984375 0.653320312264151 0.666015625 0.6606445311320754 0.666015625 0.6752929688679246 0.66796875 0.6840820311320754 0.6689453125 0.6855468754716981 0.6748046875 0.6855468754716981 0.67578125 0.6840820311320754 0.6796875 0.6665039066037736 0.6796875 0.6606445311320754
9 0.3798828125 0.665039062264151 0.3720703125 0.6621093754716981 0.3701171875 0.6621093754716981 0.3662109375 0.665039062264151 0.36328125 0.6694335933962264 0.36328125 0.6782226566037736 0.3662109375 0.682617187735849 0.3740234375 0.682617187735849 0.3818359375 0.6796875 0.384765625 0.6752929688679246 0.384765625 0.6694335933962264 0.3798828125 0.665039062264151
9 0.3447265625 0.530273437735849 0.3369140625 0.52734375 0.3310546875 0.52734375 0.3251953125 0.530273437735849 0.322265625 0.5346679688679246 0.322265625 0.5463867188679246 0.3232421875 0.547851562264151 0.3505859375 0.5625 0.35546875 0.5581054688679246 0.35546875 0.5405273433962264 0.3544921875 0.5390625 0.3447265625 0.530273437735849
6 0.806640625 0.4145507811320755 0.7978515625 0.40136718773584906 0.7841796875 0.38378906226415094 0.7802734375 0.3808593754716981 0.7685546875 0.3808593754716981 0.7607421875 0.38671875 0.7392578125 0.40722656226415094 0.732421875 0.4174804688679245 0.728515625 0.4291992188679245 0.728515625 0.4497070311320755 0.7294921875 0.4511718745283019 0.7353515625 0.4511718745283019 0.7470703125 0.44824218773584906 0.7998046875 0.42480468773584906 0.8037109375 0.421875 0.806640625 0.4145507811320755
18 0.609375 0.5200195311320754 0.609375 0.5112304688679246 0.607421875 0.5024414066037736 0.603515625 0.4936523433962264 0.5966796875 0.483398437735849 0.5927734375 0.483398437735849 0.5888671875 0.4863281245283018 0.583984375 0.49658203113207544 0.58203125 0.5053710933962264 0.580078125 0.5288085933962264 0.580078125 0.5639648433962264 0.58203125 0.5698242188679246 0.5849609375 0.57421875 0.5947265625 0.57421875 0.599609375 0.5668945311320754 0.603515625 0.5581054688679246 0.609375 0.5200195311320754
18 0.662109375 0.6225585933962264 0.6640625 0.6166992188679246 0.6640625 0.6108398433962264 0.662109375 0.6049804688679246 0.6572265625 0.59765625 0.6455078125 0.59765625 0.6337890625 0.6035156245283019 0.6201171875 0.612304687735849 0.6142578125 0.618164062264151 0.607421875 0.6284179688679246 0.60546875 0.6342773433962264 0.60546875 0.6430664066037736 0.6103515625 0.6503906245283019 0.6142578125 0.653320312264151 0.6181640625 0.653320312264151 0.6376953125 0.64453125 0.6552734375 0.6328125 0.662109375 0.6225585933962264
18 0.787109375 0.6313476566037736 0.7822265625 0.618164062264151 0.7763671875 0.6152343754716981 0.7705078125 0.6152343754716981 0.7587890625 0.62109375 0.7509765625 0.6269531245283019 0.7451171875 0.6328125 0.7421875 0.6372070311320754 0.740234375 0.6430664066037736 0.740234375 0.6459960933962264 0.7421875 0.6518554688679246 0.7470703125 0.659179687735849 0.7490234375 0.659179687735849 0.7744140625 0.647460937735849 0.7802734375 0.641601562264151 0.787109375 0.6313476566037736
3 0.5625 0.5903320311320754 0.5625 0.5786132811320754 0.5390625 0.4643554688679245 0.5341796875 0.45703125 0.5283203125 0.4511718745283019 0.5166015625 0.44238281226415094 0.5087890625 0.4394531245283019 0.4912109375 0.4394531245283019 0.4833984375 0.4453125 0.4306640625 0.495117187735849 0.42578125 0.5024414066037736 0.42578125 0.6254882811320754 0.4365234375 0.6386718754716981 0.4658203125 0.65625 0.4775390625 0.65625 0.5478515625 0.618164062264151 0.55859375 0.6079101566037736 0.5625 0.5903320311320754
14 0.7099609375 0.7675781245283019 0.7001953125 0.7675781245283019 0.6962890625 0.770507812264151 0.693359375 0.7749023433962264 0.693359375 0.7836914066037736 0.7119140625 0.796875 0.7138671875 0.796875 0.720703125 0.7866210933962264 0.720703125 0.7807617188679246 0.7158203125 0.7734375 0.7099609375 0.7675781245283019