3 0.490234375 0.3852539066037736 0.4873046875 0.3808593754716981 0.4267578125 0.3515625 0.4130859375 0.3691406245283019 0.41015625 0.3764648433962264 0.40625 0.4555664066037736 0.4111328125 0.4628906245283019 0.4189453125 0.46582031226415094 0.4716796875 0.45703125 0.4775390625 0.45410156226415094 0.482421875 0.4497070311320755 0.494140625 0.4116210933962264 0.490234375 0.3852539066037736
3 0.58203125 0.3647460933962264 0.58203125 0.3530273433962264 0.578125 0.3120117188679245 0.5771484375 0.3105468754716981 0.5751953125 0.3105468754716981 0.5419921875 0.328125 0.541015625 0.3295898433962264 0.533203125 0.3940429688679245 0.53515625 0.3999023433962264 0.5419921875 0.41015625 0.5537109375 0.4160156245283019 0.5634765625 0.41308593773584906 0.5703125 0.4028320311320755 0.578125 0.3823242188679245 0.58203125 0.3647460933962264
3 0.54296875 0.6723632811320754 0.5380859375 0.665039062264151 0.5341796875 0.6621093754716981 0.5263671875 0.6621093754716981 0.525390625 0.6635742188679246 0.515625 0.6840820311320754 0.517578125 0.7133789066037736 0.5224609375 0.7207031245283019 0.5283203125 0.7207031245283019 0.5322265625 0.717773437735849 0.5390625 0.7075195311320754 0.54296875 0.6899414066037736 0.54296875 0.6723632811320754
20 0.2861328125 0.46875 0.2822265625 0.46582031226415094 0.2744140625 0.46582031226415094 0.271484375 0.4702148433962264 0.271484375 0.5434570311320754 0.2724609375 0.5449218754716981 0.3232421875 0.515625 0.326171875 0.5112304688679246 0.326171875 0.5053710933962264 0.3251953125 0.50390625 0.2861328125 0.46875
14 0.6826171875 0.29003906226415094 0.6689453125 0.29003906226415094 0.6650390625 0.29296875 0.662109375 0.2973632811320755 0.662109375 0.3090820311320755 0.6630859375 0.3105468754716981 0.6845703125 0.31933593773584906 0.6904296875 0.31347656226415094 0.693359375 0.3090820311320755 0.693359375 0.3032226566037736 0.6826171875 0.29003906226415094
14 0.591796875 0.4760742188679245 0.591796875 0.4672851566037736 0.5888671875 0.4628906245283019 0.5654296875 0.483398437735849 0.564453125 0.48486328113207544 0.564453125 0.48779296886792456 0.5673828125 0.4921875 0.5712890625 0.495117187735849 0.5810546875 0.495117187735849 0.5849609375 0.4921875 0.587890625 0.48779296886792456 0.591796875 0.4760742188679245
14 0.626953125 0.7250976566037736 0.626953125 0.7104492188679246 0.6240234375 0.706054687735849 0.6162109375 0.706054687735849 0.615234375 0.7075195311320754 0.615234375 0.7338867188679246 0.6171875 0.7485351566037736 0.619140625 0.7543945311320754 0.6201171875 0.7558593754716981 0.6220703125 0.7558593754716981 0.625 0.7514648433962264 0.626953125 0.7250976566037736
14 0.484375 0.7338867188679246 0.4794921875 0.7265625 0.4755859375 0.7265625 0.4580078125 0.747070312264151 0.45703125 0.7485351566037736 0.45703125 0.7573242188679246 0.4619140625 0.764648437735849 0.4677734375 0.764648437735849 0.4775390625 0.758789062264151 0.48046875 0.7543945311320754 0.484375 0.7426757811320754 0.484375 0.7338867188679246
14 0.443359375 0.5727539066037736 0.4404296875 0.5683593754716981 0.4306640625 0.565429687735849 0.4296875 0.5668945311320754 0.427734375 0.5844726566037736 0.43359375 0.6020507811320754 0.4365234375 0.606445312264151 0.4404296875 0.609375 0.4423828125 0.609375 0.447265625 0.6020507811320754 0.451171875 0.5932617188679246 0.443359375 0.5727539066037736
1 0.3525390625 0.758789062264151 0.3427734375 0.758789062264151 0.33984375 0.7631835933962264 0.33984375 0.7719726566037736 0.34375 0.7924804688679246 0.3466796875 0.796875 0.3564453125 0.796875 0.361328125 0.7895507811320754 0.361328125 0.7719726566037736 0.3525390625 0.758789062264151
18 0.720703125 0.6313476566037736 0.720703125 0.6401367188679246 0.7275390625 0.6503906245283019 0.7294921875 0.6503906245283019 0.736328125 0.6284179688679246 0.7314453125 0.624023437735849 0.7236328125 0.6269531245283019 0.720703125 0.6313476566037736
13 0.6484375 0.49658203113207544 0.6474609375 0.495117187735849 0.6123046875 0.4921875 0.6044921875 0.4921875 0.6005859375 0.495117187735849 0.599609375 0.49658203113207544 0.599609375 0.5024414066037736 0.607421875 0.5258789066037736 0.6357421875 0.559570312264151 0.6396484375 0.559570312264151 0.642578125 0.5551757811320754 0.64453125 0.5463867188679246 0.6484375 0.49658203113207544
15 0.298828125 0.7045898433962264 0.2900390625 0.69140625 0.2861328125 0.69140625 0.28125 0.6987304688679246 0.28125 0.7133789066037736 0.2841796875 0.717773437735849 0.2880859375 0.7207031245283019 0.2919921875 0.7207031245283019 0.296875 0.7133789066037736 0.298828125 0.7075195311320754 0.298828125 0.7045898433962264
9 0.7138671875 0.40722656226415094 0.7119140625 0.40722656226415094 0.7080078125 0.41015625 0.69921875 0.4204101566037736 0.697265625 0.4262695311320755 0.69921875 0.4321289066037736 0.7001953125 0.43359375 0.7041015625 0.43359375 0.7158203125 0.4277343745283019 0.71875 0.4233398433962264 0.71875 0.4145507811320755 0.7138671875 0.40722656226415094
9 0.7255859375 0.5214843754716981 0.7216796875 0.518554687735849 0.7197265625 0.518554687735849 0.7119140625 0.52734375 0.708984375 0.5317382811320754 0.708984375 0.5375976566037736 0.7119140625 0.541992187735849 0.7177734375 0.541992187735849 0.7236328125 0.5390625 0.728515625 0.5317382811320754 0.728515625 0.5258789066037736 0.7255859375 0.5214843754716981
9 0.68359375 0.5610351566037736 0.681640625 0.5551757811320754 0.6728515625 0.541992187735849 0.6689453125 0.5390625 0.6640625 0.5463867188679246 0.6640625 0.5493164066037736 0.66796875 0.5639648433962264 0.6748046875 0.57421875 0.6787109375 0.57421875 0.681640625 0.5698242188679246 0.68359375 0.5639648433962264 0.68359375 0.5610351566037736
9 0.5595703125 0.52734375 0.5546875 0.5317382811320754 0.552734375 0.5405273433962264 0.552734375 0.5493164066037736 0.5556640625 0.553710937735849 0.5576171875 0.553710937735849 0.568359375 0.5375976566037736 0.568359375 0.5317382811320754 0.5634765625 0.52734375 0.5595703125 0.52734375
9 0.5205078125 0.4160156245283019 0.5166015625 0.4160156245283019 0.513671875 0.4204101566037736 0.513671875 0.4291992188679245 0.5166015625 0.43359375 0.5205078125 0.43652343773584906 0.5283203125 0.4394531245283019 0.53125 0.4350585933962264 0.53125 0.4262695311320755 0.5205078125 0.4160156245283019
9 0.3505859375 0.3984375 0.3486328125 0.3984375 0.34375 0.4028320311320755 0.341796875 0.4086914066037736 0.341796875 0.4233398433962264 0.3447265625 0.4277343745283019 0.3505859375 0.4277343745283019 0.3544921875 0.42480468773584906 0.35546875 0.4233398433962264 0.35546875 0.4057617188679245 0.3505859375 0.3984375
9 0.3125 0.3647460933962264 0.3125 0.3559570311320755 0.3095703125 0.3515625 0.2978515625 0.3515625 0.2890625 0.3647460933962264 0.283203125 0.3764648433962264 0.283203125 0.3852539066037736 0.2861328125 0.38964843773584906 0.2900390625 0.3925781245283019 0.2939453125 0.3925781245283019 0.3017578125 0.38378906226415094 0.310546875 0.3706054688679245 0.3125 0.3647460933962264
9 0.2587890625 0.594726562264151 0.2509765625 0.594726562264151 0.25 0.5961914066037736 0.25 0.6079101566037736 0.2529296875 0.612304687735849 0.2626953125 0.618164062264151 0.2666015625 0.618164062264151 0.26953125 0.6137695311320754 0.26953125 0.6079101566037736 0.2587890625 0.594726562264151
9 0.3017578125 0.6035156245283019 0.298828125 0.6079101566037736 0.298828125 0.6137695311320754 0.3017578125 0.618164062264151 0.3115234375 0.6269531245283019 0.31640625 0.6196289066037736 0.31640625 0.6079101566037736 0.3115234375 0.6035156245283019 0.3017578125 0.6035156245283019
9 0.3798828125 0.723632812264151 0.375 0.7309570311320754 0.375 0.7368164066037736 0.3759765625 0.73828125 0.3818359375 0.73828125 0.38671875 0.7309570311320754 0.38671875 0.7250976566037736 0.3857421875 0.723632812264151 0.3798828125 0.723632812264151
9 0.3955078125 0.823242187735849 0.3896484375 0.8203125 0.3857421875 0.823242187735849 0.384765625 0.8247070311320754 0.384765625 0.8334960933962264 0.390625 0.8481445311320754 0.3916015625 0.8496093745283019 0.3974609375 0.8496093745283019 0.400390625 0.8452148433962264 0.400390625 0.8305664066037736 0.3955078125 0.823242187735849
9 0.5 0.8305664066037736 0.4970703125 0.8261718745283019 0.4931640625 0.8261718745283019 0.4873046875 0.83203125 0.484375 0.8364257811320754 0.482421875 0.8422851566037736 0.482421875 0.8452148433962264 0.4873046875 0.852539062264151 0.4892578125 0.852539062264151 0.4931640625 0.8496093745283019 0.49609375 0.8452148433962264 0.5 0.8364257811320754 0.5 0.8305664066037736
9 0.5615234375 0.7910156245283019 0.548828125 0.8012695311320754 0.546875 0.8100585933962264 0.548828125 0.8159179688679246 0.5498046875 0.817382812264151 0.5576171875 0.817382812264151 0.564453125 0.8071289066037736 0.56640625 0.8012695311320754 0.56640625 0.7983398433962264 0.5615234375 0.7910156245283019
9 0.6298828125 0.793945312264151 0.6259765625 0.7910156245283019 0.6162109375 0.7910156245283019 0.611328125 0.7983398433962264 0.611328125 0.8041992188679246 0.6142578125 0.80859375 0.6220703125 0.8144531245283019 0.6279296875 0.8144531245283019 0.6328125 0.8100585933962264 0.6328125 0.7983398433962264 0.6298828125 0.793945312264151
9 0.6708984375 0.717773437735849 0.6640625 0.7280273433962264 0.662109375 0.7338867188679246 0.662109375 0.7368164066037736 0.6689453125 0.747070312264151 0.673828125 0.7397460933962264 0.67578125 0.7338867188679246 0.677734375 0.7192382811320754 0.6767578125 0.717773437735849 0.6708984375 0.717773437735849
9 0.5654296875 0.6152343754716981 0.5576171875 0.6152343754716981 0.556640625 0.6166992188679246 0.5546875 0.6225585933962264 0.556640625 0.6284179688679246 0.5673828125 0.6386718754716981 0.5712890625 0.6386718754716981 0.576171875 0.6313476566037736 0.576171875 0.6225585933962264 0.5751953125 0.62109375 0.5654296875 0.6152343754716981
9 0.5380859375 0.6035156245283019 0.53515625 0.6079101566037736 0.53515625 0.6313476566037736 0.5380859375 0.635742187735849 0.544921875 0.6254882811320754 0.546875 0.6196289066037736 0.546875 0.6079101566037736 0.5439453125 0.6035156245283019 0.5380859375 0.6035156245283019
9 0.482421875 0.6665039066037736 0.4775390625 0.659179687735849 0.4716796875 0.659179687735849 0.46875 0.6635742188679246 0.46875 0.6694335933962264 0.470703125 0.6752929688679246 0.4775390625 0.6855468754716981 0.4814453125 0.6855468754716981 0.484375 0.6811523433962264 0.484375 0.6723632811320754 0.482421875 0.6665039066037736
9 0.6513671875 0.606445312264151 0.650390625 0.6079101566037736 0.6484375 0.6137695311320754 0.650390625 0.6196289066037736 0.6572265625 0.6269531245283019 0.6630859375 0.6269531245283019 0.66796875 0.6196289066037736 0.66796875 0.6137695311320754 0.6611328125 0.606445312264151 0.6513671875 0.606445312264151
9 0.3681640625 0.5332031245283019 0.3642578125 0.530273437735849 0.3525390625 0.530273437735849 0.3486328125 0.5332031245283019 0.34765625 0.5346679688679246 0.361328125 0.5698242188679246 0.3642578125 0.57421875 0.3720703125 0.5800781245283019 0.3818359375 0.5800781245283019 0.3828125 0.5786132811320754 0.3828125 0.5668945311320754 0.3681640625 0.5332031245283019
21 0.4892578125 0.500976562264151 0.4814453125 0.4980468754716982 0.4638671875 0.506835937735849 0.4267578125 0.5566406245283019 0.42578125 0.5581054688679246 0.42578125 0.5610351566037736 0.46875 0.6342773433962264 0.4697265625 0.635742187735849 0.4716796875 0.635742187735849 0.501953125 0.5815429688679246 0.517578125 0.5346679688679246 0.4892578125 0.500976562264151