11 0.2177734375 0.530273437735849 0.21484375 0.5346679688679246 0.2158203125 0.536132812264151 0.2216796875 0.536132812264151 0.2353515625 0.5332031245283019 0.236328125 0.5317382811320754 0.2333984375 0.52734375 0.2216796875 0.52734375 0.2177734375 0.530273437735849
14 0.24375 0.4439903849056604 0.24182692312499998 0.44735576886792455 0.240705128125 0.4545673075471698 0.240544871875 0.45889423113207545 0.24134615375 0.46129807735849054 0.25977564125 0.4742788462264151 0.273878205 0.45216346132075474 0.27756410249999997 0.43942307735849057 0.264102564375 0.4288461537735849 0.259615384375 0.4274038462264151 0.24375 0.4439903849056604
9 0.470512820625 0.12235576886792453 0.46746794875 0.10985576886792453 0.46490384625 0.10600961509433962 0.457051281875 0.09807692264150944 0.454647435625 0.096875 0.45240384624999996 0.09855769245283019 0.449198718125 0.11105769245283019 0.444070513125 0.13870192264150943 0.44375 0.1430288462264151 0.4451923075 0.1483173075471698 0.45096153875 0.1538461537735849 0.45865384625 0.15288461509433962 0.4639423075 0.1483173075471698 0.467147435625 0.14158653867924528 0.470512820625 0.1274038462264151 0.470512820625 0.12235576886792453
9 0.56891025625 0.09326923113207547 0.5605769231250001 0.08485576886792452 0.557051281875 0.08341346132075471 0.55272435875 0.0836538462264151 0.5472756412500001 0.0875 0.53125 0.10961538490566038 0.527083333125 0.11899038490566037 0.524679486875 0.1305288462264151 0.52483974375 0.1375 0.5298076925 0.15024038490566038 0.5407051281249999 0.1641826924528302 0.54471153875 0.16225961509433962 0.55721153875 0.1461538462264151 0.5713141025 0.11129807735849057 0.57099359 0.10336538490566037 0.56891025625 0.09326923113207547
9 0.65865384625 0.1454326924528302 0.654647435625 0.13413461509433963 0.650480769375 0.13485576886792452 0.641666666875 0.14711538490566037 0.639583333125 0.15048076886792452 0.637980769375 0.15817307735849057 0.6375 0.16778846132075473 0.64375 0.18557692264150943 0.6463141025 0.1899038462264151 0.650320513125 0.19326923113207548 0.65384615375 0.19423076886792454 0.658333333125 0.19375 0.6650641025 0.18557692264150943 0.65865384625 0.1454326924528302
9 0.38125 0.16129807735849058 0.380608974375 0.15625 0.379487179375 0.1536057688679245 0.376923076875 0.1514423075471698 0.37291666687499997 0.15024038490566038 0.36891025624999996 0.15216346132075473 0.35625 0.16153846132075472 0.355769230625 0.1639423075471698 0.35560897437500005 0.17403846132075473 0.35625 0.1764423075471698 0.3576923075 0.17932692264150943 0.36121794875 0.1819711537735849 0.373237179375 0.1798076924528302 0.37548076937499997 0.178125 0.379487179375 0.171875 0.38125 0.16129807735849058
9 0.32227564125 0.19807692264150942 0.318269230625 0.196875 0.310416666875 0.1987980773584906 0.30400641 0.2048076924528302 0.301602564375 0.2079326924528302 0.2963141025 0.21995192264150942 0.297115384375 0.22716346132075474 0.298397435625 0.23100961509433962 0.30224359 0.23629807735849057 0.310416666875 0.24182692264150946 0.31714743562500003 0.24038461509433962 0.340544871875 0.22067307735849057 0.3264423075 0.20096153867924527 0.32227564125 0.19807692264150942
9 0.38141025624999997 0.27067307735849055 0.38141025624999997 0.26658653867924526 0.378044871875 0.24783653867924527 0.37612179500000004 0.2454326924528302 0.373076923125 0.2439903849056604 0.3713141025 0.24447115377358491 0.36875 0.24639423113207548 0.366666666875 0.25192307735849057 0.364583333125 0.2668269226415095 0.364583333125 0.27139423113207545 0.36586538437500005 0.2752403849056604 0.369230769375 0.2788461537735849 0.373397435625 0.2798076924528302 0.37708333312500003 0.27860576886792454 0.37900641 0.2764423075471698 0.38141025624999997 0.27067307735849055
9 0.410416666875 0.19711538490566038 0.408012820625 0.1951923075471698 0.40384615375000005 0.1954326924528302 0.39391025625 0.20216346132075472 0.390865384375 0.20889423113207548 0.39070512812499997 0.2132211537735849 0.391826923125 0.21682692264150943 0.400480769375 0.22019230754716979 0.4099358975 0.21538461509433962 0.41137820499999994 0.2125 0.412820513125 0.20456730754716979 0.41233974375000004 0.20120192264150943 0.410416666875 0.19711538490566038
9 0.5009615387499999 0.22475961509433962 0.500641025625 0.21658653867924527 0.496955128125 0.21274038490566038 0.4826923075 0.20817307735849058 0.47836538437500004 0.20817307735849058 0.474679486875 0.2100961537735849 0.471634615625 0.21658653867924527 0.47099359 0.22019230754716979 0.471634615625 0.22548076886792454 0.47403846125 0.23149038490566037 0.477083333125 0.23341346132075472 0.483012820625 0.23413461509433964 0.4974358975 0.23028846132075473 0.49983974375 0.22788461509433963 0.5009615387499999 0.22475961509433962
9 0.5644230768749999 0.2074519226415094 0.5605769231250001 0.2100961537735849 0.55849359 0.2144230773584906 0.55641025625 0.2233173075471698 0.5568910256249999 0.228125 0.559294871875 0.2295673075471698 0.572916666875 0.2300480773584906 0.57628205125 0.22836538490566038 0.5777243587499999 0.2204326924528302 0.573878205 0.21153846132075474 0.56746794875 0.20673076886792452 0.5644230768749999 0.2074519226415094
9 0.733333333125 0.3139423075471698 0.735416666875 0.3064903849056604 0.724519230625 0.27067307735849055 0.720673076875 0.26346153867924527 0.7108974356250001 0.27860576886792454 0.709455128125 0.28341346132075473 0.708333333125 0.2903846150943396 0.709455128125 0.29879807735849057 0.712820513125 0.3069711537735849 0.716666666875 0.31298076886792453 0.719391025625 0.315625 0.723878205 0.31754807735849055 0.72884615375 0.31754807735849055 0.733333333125 0.3139423075471698
9 0.641987179375 0.2875 0.638301281875 0.2882211537735849 0.6338141025 0.2908653849056604 0.6288461537500001 0.2985576924528302 0.62628205125 0.30625 0.6251602562499999 0.31514423113207546 0.625 0.3189903849056604 0.626121795 0.32524038490566043 0.62996794875 0.33389423113207545 0.634615384375 0.3375 0.638621795 0.3375 0.65272435875 0.31442307735849057 0.650320513125 0.2889423075471698 0.641987179375 0.2875
14 0.548878205 0.27692307735849053 0.545352564375 0.2747596150943396 0.53990384625 0.2752403849056604 0.536698718125 0.2788461537735849 0.537019230625 0.2829326924528302 0.555769230625 0.32716346132075474 0.556570513125 0.3283653849056604 0.560416666875 0.3257211537735849 0.5634615387499999 0.3180288462264151 0.5626602562499999 0.30264423113207545 0.553365384375 0.2826923075471698 0.548878205 0.27692307735849053
9 0.48621794875 0.2901442311320755 0.48349359 0.2923076924528302 0.482051281875 0.29735576886792453 0.48221153875 0.3028846150943396 0.485897435625 0.31033653867924527 0.5016025643750001 0.3161057688679245 0.507852564375 0.309375 0.5100961537500001 0.30264423113207545 0.508012820625 0.29639423113207547 0.5019230768749999 0.2915865386792453 0.48621794875 0.2901442311320755
9 0.44711538437500004 0.3180288462264151 0.443269230625 0.3180288462264151 0.440544871875 0.3209134613207547 0.439262820625 0.32596153867924527 0.43878205125 0.3346153849056604 0.439423076875 0.3377403849056604 0.442948718125 0.34110576886792454 0.44727564125 0.3396634613207547 0.45096153875 0.33028846132075473 0.45112179500000005 0.32596153867924527 0.4485576925 0.3194711537735849 0.44711538437500004 0.3180288462264151
13 0.32211538437500004 0.32524038490566043 0.30384615375 0.3108173075471698 0.257371795 0.29254807735849053 0.25192307687500004 0.2935096150943396 0.250320513125 0.2966346150943396 0.25048076937499997 0.30192307735849055 0.26121794875 0.34951923113207545 0.275320513125 0.3608173075471698 0.319871795 0.34591346132075473 0.324679486875 0.34182692264150943 0.325801281875 0.3384615386792453 0.32516025625 0.33389423113207545 0.32211538437500004 0.32524038490566043
14 0.40625 0.3810096150943396 0.39631410250000004 0.3713942311320755 0.376762820625 0.3716346150943396 0.370833333125 0.3795673075471698 0.3701923075 0.38076923113207545 0.37291666687499997 0.3891826924528302 0.376923076875 0.39134615377358495 0.40496794875 0.39326923113207546 0.407051281875 0.3920673075471698 0.409134615625 0.38870192264150943 0.407852564375 0.3836538462264151 0.40625 0.3810096150943396
14 0.515705128125 0.40432692264150943 0.52227564125 0.3939903849056604 0.5275641025 0.38076923113207545 0.526762820625 0.37572115377358495 0.52483974375 0.3737980773584905 0.48878205125 0.3834134613207547 0.488301281875 0.3846153849056604 0.489583333125 0.39278846132075473 0.49214743562499996 0.3997596150943396 0.49375 0.40192307735849053 0.49775641 0.40552884622641505 0.50977564125 0.40673076886792453 0.513621795 0.4060096150943396 0.515705128125 0.40432692264150943
9 0.595512820625 0.40889423113207546 0.5921474356249999 0.40697115377358495 0.587820513125 0.4074519226415095 0.584134615625 0.4110576924528302 0.58125 0.4163461537735849 0.58108974375 0.4201923075471698 0.5836538462499999 0.4286057688679245 0.5918269231250001 0.44182692264150947 0.5956730768749999 0.4420673075471698 0.6011217950000001 0.4362980773584905 0.60224359 0.42572115377358494 0.5975961537500001 0.4125 0.595512820625 0.40889423113207546
9 0.655608974375 0.38076923113207545 0.65384615375 0.3786057688679245 0.639102564375 0.371875 0.634615384375 0.37211538490566043 0.630769230625 0.3737980773584905 0.6275641025 0.3841346150943396 0.62740384625 0.38846153867924527 0.62996794875 0.3939903849056604 0.6338141025 0.39807692264150946 0.638621795 0.3992788462264151 0.650480769375 0.3951923075471698 0.65352564125 0.39278846132075473 0.6548076924999999 0.38846153867924527 0.655608974375 0.38076923113207545
9 0.7375 0.4341346150943396 0.72772435875 0.4264423075471698 0.724198718125 0.4254807688679245 0.718429486875 0.42692307735849055 0.71522435875 0.42932692264150946 0.7104166668749999 0.4358173075471698 0.70641025625 0.4439903849056604 0.704166666875 0.45240384622641505 0.704487179375 0.4591346150943396 0.705608974375 0.4625 0.70897435875 0.46610576886792454 0.7264423075 0.45625 0.735416666875 0.44927884622641506 0.738141025625 0.44375 0.73846153875 0.4360576924528302 0.7375 0.4341346150943396
9 0.643429486875 0.47451923113207545 0.6429487181250001 0.4704326924528302 0.636378205 0.45240384622641505 0.633173076875 0.4459134613207547 0.6230769231250001 0.43533653867924527 0.622115384375 0.4375 0.618429486875 0.4608173075471698 0.618269230625 0.46298076886792455 0.622115384375 0.4841346150943396 0.6258012818750001 0.4915865386792453 0.629326923125 0.4939903849056604 0.6326923074999999 0.4939903849056604 0.63766025625 0.4915865386792453 0.640384615625 0.4879807688679246 0.643429486875 0.47451923113207545
10 0.7649038462500001 0.5838942311320754 0.75240384625 0.5685096150943396 0.7416666668749999 0.5625 0.7375 0.5615384613207547 0.7323717949999999 0.5620192311320754 0.719391025625 0.5682692311320754 0.7165064099999999 0.5706730773584906 0.71153846125 0.5757211537735849 0.7036858975 0.5862980773584906 0.701762820625 0.5903846150943396 0.6958333331250001 0.6129807688679246 0.6950320512499999 0.61875 0.695512820625 0.6271634613207547 0.70096153875 0.6360576924528302 0.70496794875 0.6370192311320754 0.7636217949999999 0.5995192311320754 0.765705128125 0.5961538462264151 0.7663461537499999 0.5913461537735849 0.7649038462500001 0.5838942311320754
1 0.66009615375 0.5569711537735849 0.6602564099999999 0.5526442311320754 0.657051281875 0.5483173075471699 0.639102564375 0.540625 0.631730769375 0.5442307688679245 0.6288461537500001 0.5478365386792453 0.62772435875 0.5516826924528302 0.6306089743750001 0.5713942311320754 0.63365384625 0.5783653849056604 0.638621795 0.5817307688679246 0.64278846125 0.5819711537735849 0.650320513125 0.5766826924528301 0.656891025625 0.5680288462264151 0.659615384375 0.5608173075471699 0.66009615375 0.5569711537735849
2 0.64903846125 0.6963942311320754 0.6491987181250001 0.671875 0.6471153843749999 0.6598557688679246 0.6456730768750001 0.6581730773584905 0.6421474356250001 0.6579326924528301 0.593269230625 0.7173076924528301 0.5927884612500001 0.7206730773584905 0.5947115387499999 0.7235576924528302 0.606891025625 0.7278846150943395 0.619070513125 0.7286057688679246 0.63477564125 0.7247596150943396 0.6410256412500001 0.7206730773584905 0.64727564125 0.709375 0.64903846125 0.6963942311320754
9 0.59599359 0.6307692311320754 0.596955128125 0.6161057688679246 0.59647435875 0.6100961537735848 0.594070513125 0.6052884613207548 0.5838141025 0.5978365386792452 0.57996794875 0.5990384613207548 0.55625 0.6129807688679246 0.548397435625 0.6259615386792453 0.548397435625 0.6307692311320754 0.550320513125 0.6387019226415095 0.55224359 0.6439903849056604 0.55400641 0.6463942311320754 0.560416666875 0.6492788462264151 0.568269230625 0.6478365386792453 0.593269230625 0.6348557688679246 0.59599359 0.6307692311320754
9 0.548878205 0.5163461537735848 0.54375 0.5192307688679246 0.53974359 0.5247596150943395 0.537980769375 0.5290865386792453 0.537179486875 0.5367788462264151 0.537019230625 0.5408653849056604 0.5641025643750001 0.5675480773584906 0.5725961537500001 0.5487980773584905 0.57371794875 0.5372596150943396 0.57275641 0.5326923075471699 0.569551281875 0.5286057688679245 0.557371795 0.5197115386792452 0.548878205 0.5163461537735848
9 0.44903846125 0.4783653849056604 0.449198718125 0.4704326924528302 0.446955128125 0.46586538490566043 0.443269230625 0.4627403849056604 0.43733974375 0.4634615386792453 0.426762820625 0.4721153849056604 0.42227564125 0.4810096150943396 0.422115384375 0.48245192264150943 0.424519230625 0.4877403849056604 0.42724359 0.4903846150943396 0.431570513125 0.4908653849056604 0.443269230625 0.4875 0.44535256437500004 0.48605769245283015 0.447916666875 0.4819711537735849 0.44903846125 0.4783653849056604
9 0.346955128125 0.47860576886792455 0.34775641 0.47451923113207545 0.346955128125 0.46682692264150943 0.33461538437500005 0.4314903849056604 0.33012820499999995 0.43125 0.325480769375 0.43485576886792454 0.32147435874999997 0.44254807735849055 0.319871795 0.4485576924528302 0.319871795 0.4548076924528302 0.32115384625 0.4646634613207547 0.323237179375 0.47091346132075473 0.32612179500000005 0.4759615386792453 0.3286858975 0.47860576886792455 0.33349359 0.4807692311320755 0.345673076875 0.4802884613207547 0.346955128125 0.47860576886792455
9 0.33525641 0.5581730773584905 0.333333333125 0.5569711537735849 0.325801281875 0.5586538462264151 0.322916666875 0.5629807688679246 0.3201923075 0.5706730773584906 0.32003205125 0.5841346150943396 0.32243589749999996 0.590625 0.325801281875 0.5930288462264152 0.329326923125 0.5927884613207547 0.336378205 0.5879807688679246 0.33733974375000003 0.5680288462264151 0.33653846125000003 0.5603365386792453 0.33525641 0.5581730773584905
9 0.408173076875 0.6012019226415094 0.38846153875 0.5959134613207547 0.385737179375 0.5995192311320754 0.38477564125 0.603125 0.38461538437500004 0.6072115386792453 0.38621794875 0.6146634613207548 0.3900641025 0.6237980773584906 0.395673076875 0.6310096150943396 0.408012820625 0.6408653849056604 0.42403846125 0.6153846150943396 0.423237179375 0.6110576924528301 0.408173076875 0.6012019226415094
9 0.484615384375 0.6346153849056604 0.47836538437500004 0.6146634613207548 0.469551281875 0.5995192311320754 0.46266025624999996 0.5949519226415094 0.45897435875 0.59375 0.454647435625 0.6057692311320754 0.4536858975 0.6122596150943396 0.45416666687499996 0.6204326924528302 0.458173076875 0.6319711537735849 0.466826923125 0.6425480773584905 0.479166666875 0.6451923075471698 0.48221153875 0.6442307688679246 0.48397435875 0.6423076924528301 0.48477564125 0.6389423075471699 0.484615384375 0.6346153849056604
9 0.518108974375 0.6932692311320754 0.51490384625 0.6882211537735848 0.50977564125 0.6848557688679245 0.49599359 0.6889423075471699 0.48541666687499996 0.6959134613207547 0.48221153875 0.7052884613207547 0.48221153875 0.7134615386792452 0.48974359 0.7235576924528302 0.49727564125 0.7269230773584906 0.50224359 0.7266826924528301 0.508173076875 0.7242788462264151 0.514262820625 0.7170673075471699 0.51746794875 0.7076923075471698 0.518108974375 0.6932692311320754
9 0.44455128187500004 0.7105769226415094 0.439262820625 0.7 0.43525641 0.6985576924528302 0.429166666875 0.7067307688679246 0.42099359 0.7242788462264151 0.42083333312500004 0.7286057688679246 0.422115384375 0.7336538462264152 0.42516025625 0.7379807688679246 0.428044871875 0.7396634613207548 0.43653846125 0.7326923075471699 0.443108974375 0.7247596150943396 0.44535256437500004 0.7168269226415095 0.44455128187500004 0.7105769226415094
15 0.37483974375 0.6932692311320754 0.37548076937499997 0.6858173075471699 0.375 0.6766826924528302 0.37451923062500003 0.6735576924528301 0.369391025625 0.6629807688679246 0.36538461562499996 0.6560096150943396 0.36153846125 0.6519230773584905 0.35016025624999997 0.6463942311320754 0.341826923125 0.6471153849056605 0.337019230625 0.6502403849056604 0.333012820625 0.6543269226415095 0.32724359 0.6670673075471698 0.32403846125 0.68125 0.324198718125 0.6930288462264151 0.32612179500000005 0.7052884613207547 0.33028846125 0.7165865386792453 0.345512820625 0.7375 0.353205128125 0.7375 0.3610576925 0.7334134613207547 0.368429486875 0.7206730773584905 0.37483974375 0.6932692311320754