6 0.599609375 0.5170898433962264 0.60546875 0.48486328113207544 0.60546875 0.4526367188679245 0.603515625 0.4467773433962264 0.5966796875 0.43652343773584906 0.5869140625 0.4277343745283019 0.5771484375 0.42480468773584906 0.5498046875 0.4277343745283019 0.5009765625 0.4746093745283019 0.490234375 0.4907226566037736 0.484375 0.5053710933962264 0.4765625 0.5405273433962264 0.4765625 0.5463867188679246 0.4814453125 0.553710937735849 0.4951171875 0.553710937735849 0.5283203125 0.547851562264151 0.5966796875 0.52734375 0.59765625 0.5258789066037736 0.599609375 0.5170898433962264
20 0.34765625 0.4116210933962264 0.3408203125 0.4042968745283019 0.3271484375 0.3925781245283019 0.3173828125 0.39550781226415094 0.3134765625 0.3984375 0.306640625 0.4086914066037736 0.306640625 0.4262695311320755 0.3076171875 0.4277343745283019 0.3154296875 0.43359375 0.3447265625 0.43359375 0.34765625 0.4291992188679245 0.349609375 0.4233398433962264 0.34765625 0.4116210933962264
20 0.34375 0.6049804688679246 0.33984375 0.5698242188679246 0.337890625 0.5639648433962264 0.3330078125 0.5566406245283019 0.3115234375 0.55078125 0.310546875 0.5522460933962264 0.31640625 0.6254882811320754 0.3232421875 0.635742187735849 0.3271484375 0.635742187735849 0.3349609375 0.6269531245283019 0.341796875 0.6166992188679246 0.34375 0.6108398433962264 0.34375 0.6049804688679246
20 0.662109375 0.6137695311320754 0.6591796875 0.609375 0.6552734375 0.606445312264151 0.6513671875 0.606445312264151 0.6435546875 0.612304687735849 0.63671875 0.6225585933962264 0.6328125 0.6313476566037736 0.626953125 0.6489257811320754 0.626953125 0.6547851566037736 0.6318359375 0.659179687735849 0.6396484375 0.659179687735849 0.6455078125 0.653320312264151 0.66015625 0.6313476566037736 0.662109375 0.6254882811320754 0.662109375 0.6137695311320754
14 0.51953125 0.2504882811320755 0.509765625 0.2739257811320755 0.509765625 0.2768554688679245 0.51171875 0.2827148433962264 0.5146484375 0.2871093754716981 0.5185546875 0.2871093754716981 0.537109375 0.2709960933962264 0.5224609375 0.24609375 0.51953125 0.2504882811320755
9 0.72265625 0.6811523433962264 0.716796875 0.6665039066037736 0.7158203125 0.665039062264151 0.7138671875 0.665039062264151 0.712890625 0.6665039066037736 0.703125 0.6840820311320754 0.703125 0.6987304688679246 0.705078125 0.7075195311320754 0.7099609375 0.71484375 0.7138671875 0.717773437735849 0.720703125 0.7075195311320754 0.72265625 0.6987304688679246 0.72265625 0.6811523433962264
9 0.5517578125 0.65625 0.5380859375 0.65625 0.533203125 0.6635742188679246 0.533203125 0.6665039066037736 0.5380859375 0.6738281245283019 0.5419921875 0.676757812264151 0.5517578125 0.676757812264151 0.5546875 0.6723632811320754 0.5546875 0.6606445311320754 0.5517578125 0.65625
9 0.4287109375 0.653320312264151 0.4189453125 0.653320312264151 0.41796875 0.6547851566037736 0.416015625 0.6606445311320754 0.416015625 0.6635742188679246 0.419921875 0.6782226566037736 0.4248046875 0.6855468754716981 0.4306640625 0.6855468754716981 0.43359375 0.6811523433962264 0.43359375 0.6606445311320754 0.4287109375 0.653320312264151
9 0.5 0.3764648433962264 0.4931640625 0.36621093773584906 0.4873046875 0.36621093773584906 0.486328125 0.3676757811320755 0.486328125 0.3793945311320755 0.48828125 0.3881835933962264 0.4931640625 0.39550781226415094 0.4990234375 0.39550781226415094 0.501953125 0.3911132811320755 0.501953125 0.3823242188679245 0.5 0.3764648433962264
9 0.7060546875 0.512695312264151 0.701171875 0.5200195311320754 0.697265625 0.5317382811320754 0.697265625 0.5405273433962264 0.7001953125 0.5449218754716981 0.7041015625 0.5449218754716981 0.716796875 0.5258789066037736 0.716796875 0.5170898433962264 0.7119140625 0.512695312264151 0.7060546875 0.512695312264151
9 0.7255859375 0.29003906226415094 0.7138671875 0.29003906226415094 0.7099609375 0.29296875 0.705078125 0.3002929688679245 0.705078125 0.3032226566037736 0.70703125 0.3090820311320755 0.7099609375 0.31347656226415094 0.7138671875 0.31640625 0.7177734375 0.31347656226415094 0.73046875 0.2973632811320755 0.7255859375 0.29003906226415094
9 0.5947265625 0.15527343773584906 0.5908203125 0.15527343773584906 0.5859375 0.1625976566037736 0.5859375 0.17138671886792453 0.58984375 0.18017578113207547 0.5947265625 0.1875 0.5966796875 0.1875 0.599609375 0.18310546886792453 0.599609375 0.1625976566037736 0.5947265625 0.15527343773584906
9 0.390625 0.2592773433962264 0.3857421875 0.2519531245283019 0.3837890625 0.2519531245283019 0.376953125 0.2622070311320755 0.375 0.2680664066037736 0.375 0.2739257811320755 0.376953125 0.2797851566037736 0.3779296875 0.28125 0.3857421875 0.28125 0.388671875 0.2768554688679245 0.390625 0.2709960933962264 0.390625 0.2592773433962264
9 0.4169921875 0.41015625 0.4111328125 0.40722656226415094 0.4072265625 0.40722656226415094 0.4033203125 0.41015625 0.3984375 0.4174804688679245 0.3984375 0.4204101566037736 0.4013671875 0.4277343745283019 0.4091796875 0.4277343745283019 0.4150390625 0.42480468773584906 0.419921875 0.4204101566037736 0.419921875 0.4145507811320755 0.4169921875 0.41015625