9 0.2578125 0.4731445311320755 0.248046875 0.4526367188679245 0.2451171875 0.44824218773584906 0.2353515625 0.44824218773584906 0.23046875 0.4555664066037736 0.23046875 0.4672851566037736 0.236328125 0.4819335933962264 0.2431640625 0.4921875 0.2470703125 0.495117187735849 0.2509765625 0.495117187735849 0.2578125 0.48486328113207544 0.2578125 0.4731445311320755
9 0.3740234375 0.5214843754716981 0.3701171875 0.518554687735849 0.3642578125 0.518554687735849 0.36328125 0.5200195311320754 0.361328125 0.5258789066037736 0.361328125 0.5288085933962264 0.3642578125 0.536132812264151 0.3779296875 0.5449218754716981 0.3798828125 0.5449218754716981 0.3828125 0.5405273433962264 0.3828125 0.5317382811320754 0.3740234375 0.5214843754716981
9 0.462890625 0.3618164066037736 0.4580078125 0.3515625 0.4501953125 0.34863281226415094 0.44140625 0.3618164066037736 0.439453125 0.3735351566037736 0.439453125 0.3881835933962264 0.4404296875 0.38964843773584906 0.4462890625 0.3925781245283019 0.4501953125 0.3925781245283019 0.458984375 0.3793945311320755 0.4609375 0.3735351566037736 0.462890625 0.3618164066037736
9 0.541015625 0.4643554688679245 0.53515625 0.4526367188679245 0.5283203125 0.44238281226415094 0.5224609375 0.4394531245283019 0.5185546875 0.44238281226415094 0.515625 0.4467773433962264 0.513671875 0.4526367188679245 0.513671875 0.4643554688679245 0.5185546875 0.47167968773584906 0.5322265625 0.483398437735849 0.5380859375 0.483398437735849 0.54296875 0.4760742188679245 0.54296875 0.4702148433962264 0.541015625 0.4643554688679245
9 0.5771484375 0.653320312264151 0.5712890625 0.653320312264151 0.5595703125 0.65625 0.55859375 0.6577148433962264 0.55859375 0.6694335933962264 0.5595703125 0.670898437735849 0.5673828125 0.6738281245283019 0.5771484375 0.6738281245283019 0.580078125 0.6694335933962264 0.580078125 0.6577148433962264 0.5771484375 0.653320312264151
9 0.67578125 0.5844726566037736 0.6708984375 0.5800781245283019 0.6689453125 0.5800781245283019 0.6640625 0.5844726566037736 0.662109375 0.5932617188679246 0.6640625 0.6079101566037736 0.6689453125 0.6152343754716981 0.6708984375 0.6152343754716981 0.67578125 0.6079101566037736 0.677734375 0.5961914066037736 0.677734375 0.5903320311320754 0.67578125 0.5844726566037736
9 0.677734375 0.4526367188679245 0.671875 0.4350585933962264 0.6689453125 0.43066406226415094 0.6572265625 0.44238281226415094 0.65625 0.4438476566037736 0.65625 0.4467773433962264 0.658203125 0.4526367188679245 0.6689453125 0.46875 0.6748046875 0.4746093745283019 0.6767578125 0.4746093745283019 0.6796875 0.4702148433962264 0.677734375 0.4526367188679245
9 0.6279296875 0.36035156226415094 0.6181640625 0.3691406245283019 0.6171875 0.3706054688679245 0.6171875 0.3793945311320755 0.6201171875 0.38378906226415094 0.6298828125 0.3808593754716981 0.634765625 0.3735351566037736 0.634765625 0.3647460933962264 0.6298828125 0.36035156226415094 0.6279296875 0.36035156226415094
18 0.697265625 0.3178710933962264 0.697265625 0.3120117188679245 0.689453125 0.2915039066037736 0.6806640625 0.27832031226415094 0.6689453125 0.27832031226415094 0.66796875 0.2797851566037736 0.666015625 0.2856445311320755 0.666015625 0.3002929688679245 0.671875 0.3149414066037736 0.6806640625 0.328125 0.6845703125 0.33105468773584906 0.6865234375 0.33105468773584906 0.6904296875 0.328125 0.697265625 0.3178710933962264
18 0.4326171875 0.1875 0.431640625 0.1889648433962264 0.4296875 0.21533203113207547 0.4345703125 0.21972656226415094 0.4384765625 0.21972656226415094 0.4443359375 0.21679687452830187 0.44921875 0.20654296886792453 0.44921875 0.19482421886792453 0.4443359375 0.1875 0.4326171875 0.1875
18 0.357421875 0.3530273433962264 0.353515625 0.3413085933962264 0.3466796875 0.33105468773584906 0.3369140625 0.33105468773584906 0.3359375 0.3325195311320755 0.333984375 0.3383789066037736 0.333984375 0.3735351566037736 0.341796875 0.4116210933962264 0.3466796875 0.41894531226415094 0.3564453125 0.41894531226415094 0.361328125 0.4116210933962264 0.361328125 0.3764648433962264 0.357421875 0.3530273433962264
21 0.3115234375 0.624023437735849 0.3037109375 0.624023437735849 0.2919921875 0.6328125 0.2890625 0.6372070311320754 0.287109375 0.6459960933962264 0.287109375 0.6635742188679246 0.291015625 0.6723632811320754 0.3017578125 0.688476562264151 0.314453125 0.6723632811320754 0.322265625 0.6459960933962264 0.322265625 0.6342773433962264 0.3115234375 0.624023437735849
1 0.3720703125 0.6796875 0.3642578125 0.6796875 0.361328125 0.6840820311320754 0.359375 0.6899414066037736 0.359375 0.6987304688679246 0.361328125 0.7045898433962264 0.3662109375 0.711914062264151 0.3720703125 0.711914062264151 0.376953125 0.7045898433962264 0.373046875 0.6811523433962264 0.3720703125 0.6796875
1 0.6064453125 0.7324218754716981 0.5947265625 0.7324218754716981 0.58984375 0.7397460933962264 0.58984375 0.7426757811320754 0.5927734375 0.747070312264151 0.5986328125 0.747070312264151 0.6083984375 0.7441406245283019 0.609375 0.7426757811320754 0.609375 0.7368164066037736 0.6064453125 0.7324218754716981
0 0.560546875 0.2563476566037736 0.5625 0.2622070311320755 0.5654296875 0.26660156226415094 0.5693359375 0.26660156226415094 0.572265625 0.2622070311320755 0.5673828125 0.25488281226415094 0.5615234375 0.25488281226415094 0.560546875 0.2563476566037736