3 0.6796875 0.2680664066037736 0.673828125 0.2241210933962264 0.66796875 0.2124023433962264 0.6279296875 0.1640625 0.6162109375 0.15234375 0.6123046875 0.15234375 0.6064453125 0.15527343773584906 0.5986328125 0.16113281226415094 0.5810546875 0.17578125 0.57421875 0.1860351566037736 0.5625 0.2241210933962264 0.564453125 0.2446289066037736 0.568359375 0.2592773433962264 0.583984375 0.3002929688679245 0.58984375 0.3120117188679245 0.5966796875 0.3222656245283019 0.6220703125 0.3222656245283019 0.6796875 0.2680664066037736
18 0.720703125 0.3032226566037736 0.7197265625 0.30175781226415094 0.7080078125 0.29296875 0.7001953125 0.29296875 0.6943359375 0.2988281245283019 0.689453125 0.3061523433962264 0.6875 0.3120117188679245 0.685546875 0.3237304688679245 0.689453125 0.3383789066037736 0.6982421875 0.34863281226415094 0.7080078125 0.35449218773584906 0.7197265625 0.35449218773584906 0.73046875 0.3442382811320755 0.73046875 0.3413085933962264 0.720703125 0.3032226566037736
18 0.720703125 0.4614257811320755 0.72265625 0.4467773433962264 0.720703125 0.4262695311320755 0.71875 0.4174804688679245 0.716796875 0.4116210933962264 0.7060546875 0.39550781226415094 0.7021484375 0.3925781245283019 0.6904296875 0.3925781245283019 0.6865234375 0.39550781226415094 0.68359375 0.3999023433962264 0.68359375 0.4145507811320755 0.6875 0.4760742188679245 0.689453125 0.4936523433962264 0.6904296875 0.495117187735849 0.7099609375 0.483398437735849 0.716796875 0.4731445311320755 0.720703125 0.4614257811320755
18 0.6767578125 0.483398437735849 0.68359375 0.4731445311320755 0.68359375 0.4672851566037736 0.6748046875 0.45410156226415094 0.6455078125 0.42480468773584906 0.6435546875 0.42480468773584906 0.634765625 0.4350585933962264 0.6328125 0.4409179688679245 0.6328125 0.4614257811320755 0.63671875 0.4760742188679245 0.6455078125 0.489257812264151 0.6533203125 0.495117187735849 0.6611328125 0.495117187735849 0.6708984375 0.489257812264151 0.6767578125 0.483398437735849
18 0.654296875 0.5639648433962264 0.66015625 0.5463867188679246 0.66015625 0.5405273433962264 0.6591796875 0.5390625 0.6220703125 0.5214843754716981 0.6142578125 0.5214843754716981 0.611328125 0.5258789066037736 0.611328125 0.5317382811320754 0.61328125 0.5405273433962264 0.615234375 0.5463867188679246 0.6279296875 0.565429687735849 0.6337890625 0.571289062264151 0.6474609375 0.571289062264151 0.654296875 0.5639648433962264
18 0.6435546875 0.665039062264151 0.6494140625 0.659179687735849 0.658203125 0.6459960933962264 0.662109375 0.6342773433962264 0.662109375 0.6254882811320754 0.6572265625 0.618164062264151 0.6533203125 0.6152343754716981 0.6396484375 0.6152343754716981 0.6025390625 0.635742187735849 0.59765625 0.6430664066037736 0.595703125 0.6489257811320754 0.595703125 0.6547851566037736 0.59765625 0.6665039066037736 0.6025390625 0.6738281245283019 0.6064453125 0.676757812264151 0.6240234375 0.676757812264151 0.6357421875 0.670898437735849 0.6435546875 0.665039062264151
18 0.7333984375 0.57421875 0.7236328125 0.5683593754716981 0.7216796875 0.5683593754716981 0.720703125 0.5698242188679246 0.720703125 0.5903320311320754 0.7255859375 0.59765625 0.7314453125 0.59765625 0.734375 0.5932617188679246 0.736328125 0.5874023433962264 0.736328125 0.5815429688679246 0.7333984375 0.57421875
18 0.57421875 0.3881835933962264 0.576171875 0.3793945311320755 0.576171875 0.3559570311320755 0.5673828125 0.34277343773584906 0.5615234375 0.33691406226415094 0.5478515625 0.33691406226415094 0.5419921875 0.34277343773584906 0.5390625 0.3471679688679245 0.537109375 0.3559570311320755 0.537109375 0.3706054688679245 0.5390625 0.3793945311320755 0.544921875 0.3969726566037736 0.5478515625 0.40136718773584906 0.5517578125 0.4042968745283019 0.5634765625 0.4042968745283019 0.57421875 0.3881835933962264
18 0.310546875 0.7250976566037736 0.30859375 0.7192382811320754 0.3037109375 0.71484375 0.2978515625 0.71484375 0.2939453125 0.717773437735849 0.2890625 0.7250976566037736 0.2890625 0.7397460933962264 0.2939453125 0.747070312264151 0.2978515625 0.75 0.3017578125 0.75 0.3056640625 0.747070312264151 0.310546875 0.7397460933962264 0.310546875 0.7250976566037736
20 0.5 0.7075195311320754 0.5 0.6958007811320754 0.4970703125 0.688476562264151 0.4873046875 0.6796875 0.4697265625 0.670898437735849 0.4658203125 0.670898437735849 0.46484375 0.6723632811320754 0.4609375 0.6958007811320754 0.4609375 0.7104492188679246 0.4619140625 0.711914062264151 0.4697265625 0.7207031245283019 0.4912109375 0.7207031245283019 0.4970703125 0.717773437735849 0.498046875 0.7163085933962264 0.5 0.7075195311320754
20 0.40234375 0.6606445311320754 0.400390625 0.6401367188679246 0.3955078125 0.6328125 0.3857421875 0.6328125 0.3828125 0.6372070311320754 0.376953125 0.6518554688679246 0.375 0.6694335933962264 0.376953125 0.6752929688679246 0.3818359375 0.682617187735849 0.3857421875 0.6855468754716981 0.3896484375 0.6855468754716981 0.3935546875 0.682617187735849 0.400390625 0.6723632811320754 0.40234375 0.6606445311320754
1 0.490234375 0.4233398433962264 0.498046875 0.3969726566037736 0.5 0.3852539066037736 0.5 0.3793945311320755 0.4990234375 0.37792968773584906 0.4853515625 0.37207031226415094 0.458984375 0.4145507811320755 0.453125 0.4321289066037736 0.455078125 0.4438476566037736 0.4580078125 0.44824218773584906 0.4619140625 0.4511718745283019 0.4697265625 0.4511718745283019 0.4794921875 0.4453125 0.482421875 0.4409179688679245 0.490234375 0.4233398433962264
15 0.435546875 0.48779296886792456 0.4296875 0.4731445311320755 0.4267578125 0.46875 0.4189453125 0.46582031226415094 0.4033203125 0.46582031226415094 0.40234375 0.4672851566037736 0.40234375 0.4731445311320755 0.4228515625 0.4980468754716982 0.4267578125 0.500976562264151 0.4306640625 0.500976562264151 0.43359375 0.49658203113207544 0.435546875 0.4907226566037736 0.435546875 0.48779296886792456
13 0.5126953125 0.20507812452830187 0.51171875 0.20654296886792453 0.509765625 0.2124023433962264 0.509765625 0.21533203113207547 0.5107421875 0.21679687452830187 0.5146484375 0.21679687452830187 0.517578125 0.2124023433962264 0.517578125 0.20654296886792453 0.5166015625 0.20507812452830187 0.5126953125 0.20507812452830187
9 0.439453125 0.15966796886792453 0.4365234375 0.15527343773584906 0.4326171875 0.15234375 0.4208984375 0.15527343773584906 0.41796875 0.15966796886792453 0.41796875 0.1655273433962264 0.4208984375 0.16992187547169813 0.4248046875 0.17285156226415094 0.4326171875 0.17578125 0.4365234375 0.17285156226415094 0.439453125 0.16845703113207547 0.439453125 0.15966796886792453
9 0.4384765625 0.19628906226415094 0.4326171875 0.19042968773584906 0.4287109375 0.19042968773584906 0.42578125 0.19482421886792453 0.42578125 0.1977539066037736 0.4296875 0.2124023433962264 0.4326171875 0.21679687452830187 0.4384765625 0.21679687452830187 0.44140625 0.2124023433962264 0.44140625 0.2006835933962264 0.4384765625 0.19628906226415094
9 0.533203125 0.2241210933962264 0.5302734375 0.21972656226415094 0.5283203125 0.21972656226415094 0.5244140625 0.22265625 0.521484375 0.22705078113207547 0.517578125 0.2358398433962264 0.515625 0.2416992188679245 0.515625 0.2446289066037736 0.517578125 0.2504882811320755 0.5224609375 0.25488281226415094 0.5263671875 0.2519531245283019 0.529296875 0.2475585933962264 0.533203125 0.2329101566037736 0.533203125 0.2241210933962264
9 0.5458984375 0.234375 0.5361328125 0.2431640622641509 0.533203125 0.2475585933962264 0.533203125 0.2592773433962264 0.5380859375 0.2636718754716981 0.5400390625 0.2636718754716981 0.544921875 0.2592773433962264 0.55078125 0.2416992188679245 0.55078125 0.23876953113207547 0.5458984375 0.234375
9 0.5498046875 0.22558593773584906 0.546875 0.22998046886792453 0.546875 0.2358398433962264 0.5478515625 0.23730468773584906 0.5517578125 0.23730468773584906 0.5546875 0.2329101566037736 0.5546875 0.2241210933962264 0.5537109375 0.22265625 0.5498046875 0.22558593773584906
9 0.4833984375 0.30175781226415094 0.4794921875 0.30175781226415094 0.4697265625 0.3046875 0.46484375 0.3120117188679245 0.46484375 0.3208007811320755 0.4697265625 0.328125 0.4736328125 0.328125 0.4775390625 0.32519531226415094 0.486328125 0.3120117188679245 0.486328125 0.3061523433962264 0.4833984375 0.30175781226415094
9 0.4658203125 0.28417968773584906 0.4619140625 0.28417968773584906 0.458984375 0.2885742188679245 0.458984375 0.2915039066037736 0.4677734375 0.3046875 0.4755859375 0.3046875 0.48046875 0.3002929688679245 0.48046875 0.2944335933962264 0.4755859375 0.2871093754716981 0.4658203125 0.28417968773584906
9 0.439453125 0.3090820311320755 0.4365234375 0.3046875 0.4345703125 0.3046875 0.4306640625 0.30761718773584906 0.4296875 0.3090820311320755 0.4296875 0.3208007811320755 0.431640625 0.3266601566037736 0.4345703125 0.33105468773584906 0.4404296875 0.33105468773584906 0.443359375 0.3266601566037736 0.443359375 0.3237304688679245 0.439453125 0.3090820311320755
9 0.427734375 0.3002929688679245 0.4248046875 0.29589843773584906 0.4169921875 0.29589843773584906 0.4140625 0.3002929688679245 0.4140625 0.3090820311320755 0.4208984375 0.31933593773584906 0.4248046875 0.3222656245283019 0.4287109375 0.31933593773584906 0.4296875 0.3178710933962264 0.4296875 0.3061523433962264 0.427734375 0.3002929688679245
9 0.3876953125 0.26660156226415094 0.3798828125 0.26074218773584906 0.3740234375 0.26074218773584906 0.37109375 0.2651367188679245 0.37109375 0.2680664066037736 0.37890625 0.2827148433962264 0.3837890625 0.29003906226415094 0.3857421875 0.29003906226415094 0.390625 0.2827148433962264 0.390625 0.2709960933962264 0.3876953125 0.26660156226415094
9 0.4365234375 0.36035156226415094 0.4267578125 0.36621093773584906 0.423828125 0.3706054688679245 0.421875 0.3764648433962264 0.423828125 0.3823242188679245 0.4267578125 0.38671875 0.4326171875 0.38671875 0.4453125 0.3706054688679245 0.4453125 0.3647460933962264 0.4423828125 0.36035156226415094 0.4365234375 0.36035156226415094
9 0.392578125 0.3823242188679245 0.3798828125 0.36328125 0.3720703125 0.36328125 0.3671875 0.3706054688679245 0.3671875 0.3793945311320755 0.3857421875 0.4042968745283019 0.3876953125 0.4042968745283019 0.3916015625 0.40136718773584906 0.39453125 0.3969726566037736 0.39453125 0.3881835933962264 0.392578125 0.3823242188679245
9 0.3447265625 0.28125 0.3427734375 0.28125 0.337890625 0.2885742188679245 0.33984375 0.3032226566037736 0.3427734375 0.30761718773584906 0.3486328125 0.30761718773584906 0.353515625 0.3002929688679245 0.353515625 0.2973632811320755 0.349609375 0.2856445311320755 0.3447265625 0.28125
9 0.306640625 0.3618164066037736 0.3115234375 0.3691406245283019 0.3271484375 0.375 0.328125 0.3735351566037736 0.328125 0.3676757811320755 0.326171875 0.3618164066037736 0.3134765625 0.3515625 0.306640625 0.3618164066037736
9 0.3232421875 0.47753906226415094 0.3193359375 0.4746093745283019 0.3154296875 0.4746093745283019 0.3076171875 0.47753906226415094 0.306640625 0.4790039066037736 0.306640625 0.48779296886792456 0.3115234375 0.4921875 0.3173828125 0.495117187735849 0.3212890625 0.495117187735849 0.326171875 0.48779296886792456 0.326171875 0.4819335933962264 0.3232421875 0.47753906226415094
9 0.349609375 0.5112304688679246 0.3466796875 0.506835937735849 0.3388671875 0.506835937735849 0.3330078125 0.5097656245283019 0.33203125 0.5112304688679246 0.330078125 0.5170898433962264 0.330078125 0.5229492188679246 0.3330078125 0.52734375 0.3369140625 0.530273437735849 0.3388671875 0.530273437735849 0.3447265625 0.524414062264151 0.349609375 0.5170898433962264 0.349609375 0.5112304688679246
9 0.2802734375 0.559570312264151 0.275390625 0.5668945311320754 0.2734375 0.5786132811320754 0.2734375 0.5874023433962264 0.2763671875 0.5917968754716981 0.2841796875 0.5917968754716981 0.287109375 0.5844726566037736 0.287109375 0.5756835933962264 0.28515625 0.5668945311320754 0.2802734375 0.559570312264151
9 0.2978515625 0.6796875 0.2939453125 0.6796875 0.2861328125 0.6855468754716981 0.28125 0.6928710933962264 0.28125 0.6958007811320754 0.2841796875 0.700195312264151 0.2958984375 0.700195312264151 0.2998046875 0.6972656245283019 0.302734375 0.6928710933962264 0.302734375 0.6870117188679246 0.2978515625 0.6796875
9 0.3623046875 0.6621093754716981 0.3564453125 0.6621093754716981 0.3515625 0.6694335933962264 0.3515625 0.6811523433962264 0.353515625 0.6899414066037736 0.3544921875 0.69140625 0.3603515625 0.69140625 0.365234375 0.6782226566037736 0.365234375 0.6665039066037736 0.3623046875 0.6621093754716981
9 0.458984375 0.5463867188679246 0.4501953125 0.52734375 0.4423828125 0.52734375 0.44140625 0.5288085933962264 0.44140625 0.5405273433962264 0.4453125 0.5551757811320754 0.4482421875 0.559570312264151 0.4541015625 0.559570312264151 0.45703125 0.5551757811320754 0.458984375 0.5493164066037736 0.458984375 0.5463867188679246
9 0.4365234375 0.515625 0.4326171875 0.515625 0.42578125 0.5258789066037736 0.42578125 0.5375976566037736 0.4287109375 0.541992187735849 0.4326171875 0.5449218754716981 0.4345703125 0.5449218754716981 0.439453125 0.5375976566037736 0.439453125 0.5200195311320754 0.4365234375 0.515625
9 0.4482421875 0.45703125 0.4404296875 0.45996093773584906 0.435546875 0.4672851566037736 0.435546875 0.4731445311320755 0.4404296875 0.48046875 0.4462890625 0.48046875 0.453125 0.4731445311320755 0.453125 0.4614257811320755 0.4521484375 0.45996093773584906 0.4482421875 0.45703125
9 0.5 0.5288085933962264 0.49609375 0.5083007811320754 0.4912109375 0.500976562264151 0.4873046875 0.4980468754716982 0.4833984375 0.500976562264151 0.478515625 0.5083007811320754 0.478515625 0.5170898433962264 0.48046875 0.5258789066037736 0.484375 0.5375976566037736 0.4873046875 0.541992187735849 0.4951171875 0.541992187735849 0.5 0.5346679688679246 0.5 0.5288085933962264
9 0.5009765625 0.45410156226415094 0.4951171875 0.45410156226415094 0.4921875 0.4584960933962264 0.4921875 0.4643554688679245 0.5029296875 0.47753906226415094 0.5087890625 0.47753906226415094 0.509765625 0.4760742188679245 0.509765625 0.4702148433962264 0.5078125 0.4643554688679245 0.5009765625 0.45410156226415094
9 0.4853515625 0.4511718745283019 0.4775390625 0.4511718745283019 0.4736328125 0.45410156226415094 0.46875 0.4614257811320755 0.46875 0.4731445311320755 0.4716796875 0.47753906226415094 0.4736328125 0.47753906226415094 0.4814453125 0.47167968773584906 0.486328125 0.4584960933962264 0.486328125 0.4526367188679245 0.4853515625 0.4511718745283019
9 0.5478515625 0.4511718745283019 0.5419921875 0.4511718745283019 0.541015625 0.4526367188679245 0.541015625 0.4760742188679245 0.5419921875 0.47753906226415094 0.5478515625 0.47753906226415094 0.55078125 0.4731445311320755 0.552734375 0.4643554688679245 0.552734375 0.4584960933962264 0.5478515625 0.4511718745283019
9 0.5498046875 0.553710937735849 0.5439453125 0.5566406245283019 0.54296875 0.5581054688679246 0.54296875 0.5668945311320754 0.5517578125 0.57421875 0.5595703125 0.57421875 0.5625 0.5698242188679246 0.5625 0.5639648433962264 0.5576171875 0.5566406245283019 0.5498046875 0.553710937735849
9 0.50390625 0.6020507811320754 0.4990234375 0.59765625 0.4970703125 0.59765625 0.4931640625 0.600585937735849 0.486328125 0.6108398433962264 0.486328125 0.6166992188679246 0.4912109375 0.624023437735849 0.4951171875 0.624023437735849 0.4990234375 0.62109375 0.50390625 0.6137695311320754 0.505859375 0.6079101566037736 0.50390625 0.6020507811320754
9 0.580078125 0.6518554688679246 0.5751953125 0.647460937735849 0.5595703125 0.64453125 0.5537109375 0.6503906245283019 0.552734375 0.6518554688679246 0.552734375 0.6606445311320754 0.5576171875 0.665039062264151 0.5673828125 0.670898437735849 0.5732421875 0.670898437735849 0.5771484375 0.66796875 0.580078125 0.6635742188679246 0.580078125 0.6518554688679246
9 0.615234375 0.7192382811320754 0.6142578125 0.717773437735849 0.6005859375 0.717773437735849 0.5966796875 0.7207031245283019 0.59375 0.7250976566037736 0.59375 0.7338867188679246 0.5966796875 0.73828125 0.6005859375 0.741210937735849 0.6025390625 0.741210937735849 0.6064453125 0.73828125 0.615234375 0.7250976566037736 0.615234375 0.7192382811320754
9 0.6904296875 0.676757812264151 0.6865234375 0.6738281245283019 0.6826171875 0.6738281245283019 0.677734375 0.6811523433962264 0.671875 0.7016601566037736 0.671875 0.7075195311320754 0.6767578125 0.71484375 0.6806640625 0.717773437735849 0.685546875 0.7104492188679246 0.693359375 0.6928710933962264 0.693359375 0.6811523433962264 0.6904296875 0.676757812264151
9 0.7177734375 0.57421875 0.7138671875 0.571289062264151 0.7119140625 0.571289062264151 0.708984375 0.5756835933962264 0.703125 0.5903320311320754 0.701171875 0.6020507811320754 0.7080078125 0.612304687735849 0.7158203125 0.612304687735849 0.71875 0.6079101566037736 0.720703125 0.6020507811320754 0.720703125 0.5844726566037736 0.71875 0.5756835933962264 0.7177734375 0.57421875
9 0.6181640625 0.36621093773584906 0.6083984375 0.37207031226415094 0.603515625 0.3793945311320755 0.603515625 0.3852539066037736 0.6083984375 0.3925781245283019 0.6162109375 0.3925781245283019 0.625 0.3793945311320755 0.625 0.3706054688679245 0.6220703125 0.36621093773584906 0.6181640625 0.36621093773584906
9 0.599609375 0.3471679688679245 0.5888671875 0.33105468773584906 0.5849609375 0.33105468773584906 0.58203125 0.3354492188679245 0.583984375 0.3530273433962264 0.5859375 0.3588867188679245 0.5888671875 0.36328125 0.5927734375 0.36328125 0.59765625 0.3588867188679245 0.599609375 0.3530273433962264 0.599609375 0.3471679688679245
9 0.5732421875 0.16992187547169813 0.5615234375 0.16992187547169813 0.5546875 0.18017578113207547 0.5546875 0.18310546886792453 0.5576171875 0.19042968773584906 0.5615234375 0.19335937547169813 0.5634765625 0.19335937547169813 0.5712890625 0.18457031226415094 0.576171875 0.1743164066037736 0.5732421875 0.16992187547169813