6 0.5947265625 0.4863281245283018 0.6025390625 0.48046875 0.609375 0.4702148433962264 0.609375 0.4438476566037736 0.591796875 0.4028320311320755 0.5888671875 0.3984375 0.5849609375 0.39550781226415094 0.5224609375 0.42480468773584906 0.521484375 0.4262695311320755 0.521484375 0.4409179688679245 0.525390625 0.4643554688679245 0.5400390625 0.47753906226415094 0.5615234375 0.4863281245283018 0.5732421875 0.489257812264151 0.5888671875 0.489257812264151 0.5947265625 0.4863281245283018
18 0.732421875 0.5961914066037736 0.732421875 0.5756835933962264 0.7236328125 0.5625 0.7197265625 0.559570312264151 0.7158203125 0.559570312264151 0.7099609375 0.5625 0.7021484375 0.5683593754716981 0.6787109375 0.5917968754716981 0.66796875 0.6079101566037736 0.666015625 0.6166992188679246 0.666015625 0.6284179688679246 0.6767578125 0.64453125 0.6884765625 0.64453125 0.6962890625 0.641601562264151 0.7060546875 0.6328125 0.728515625 0.6049804688679246 0.732421875 0.5961914066037736
18 0.427734375 0.5961914066037736 0.431640625 0.5874023433962264 0.43359375 0.5786132811320754 0.43359375 0.5639648433962264 0.431640625 0.5581054688679246 0.4287109375 0.553710937735849 0.4248046875 0.55078125 0.4150390625 0.55078125 0.3994140625 0.5625 0.3779296875 0.588867187735849 0.365234375 0.6079101566037736 0.36328125 0.6137695311320754 0.361328125 0.6225585933962264 0.361328125 0.6284179688679246 0.36328125 0.6342773433962264 0.3720703125 0.647460937735849 0.3857421875 0.647460937735849 0.3974609375 0.6386718754716981 0.4248046875 0.600585937735849 0.427734375 0.5961914066037736
18 0.5908203125 0.3339843754716981 0.595703125 0.3208007811320755 0.59765625 0.3032226566037736 0.59765625 0.2944335933962264 0.59375 0.2827148433962264 0.5888671875 0.2753906245283019 0.5810546875 0.26660156226415094 0.5732421875 0.26953125 0.572265625 0.2709960933962264 0.5703125 0.2768554688679245 0.5703125 0.3149414066037736 0.572265625 0.3266601566037736 0.57421875 0.3325195311320755 0.5771484375 0.33691406226415094 0.5810546875 0.33984375 0.5830078125 0.33984375 0.5908203125 0.3339843754716981
9 0.33203125 0.4057617188679245 0.3291015625 0.3984375 0.3173828125 0.3984375 0.3134765625 0.40136718773584906 0.310546875 0.4057617188679245 0.310546875 0.4145507811320755 0.3134765625 0.41894531226415094 0.3173828125 0.421875 0.3193359375 0.421875 0.3271484375 0.4160156245283019 0.33203125 0.4086914066037736 0.33203125 0.4057617188679245
9 0.4345703125 0.14648437547169813 0.4287109375 0.14648437547169813 0.42578125 0.1508789066037736 0.423828125 0.15673828113207547 0.423828125 0.1772460933962264 0.4267578125 0.18164062452830187 0.4306640625 0.18164062452830187 0.435546875 0.1743164066037736 0.439453125 0.1625976566037736 0.439453125 0.1538085933962264 0.4345703125 0.14648437547169813
9 0.666015625 0.2329101566037736 0.666015625 0.2211914066037736 0.6572265625 0.20507812452830187 0.6533203125 0.20214843773584906 0.6494140625 0.20214843773584906 0.6455078125 0.20507812452830187 0.642578125 0.2094726566037736 0.642578125 0.21826171886792453 0.64453125 0.2241210933962264 0.6484375 0.2329101566037736 0.6533203125 0.24023437452830187 0.6572265625 0.2431640622641509 0.6591796875 0.2431640622641509 0.666015625 0.2329101566037736
1 0.5400390625 0.34277343773584906 0.5263671875 0.34277343773584906 0.4912109375 0.36621093773584906 0.490234375 0.3676757811320755 0.4931640625 0.37207031226415094 0.5087890625 0.38671875 0.5244140625 0.38671875 0.5341796875 0.3808593754716981 0.541015625 0.3706054688679245 0.541015625 0.3442382811320755 0.5400390625 0.34277343773584906
1 0.525390625 0.6108398433962264 0.525390625 0.5903320311320754 0.5244140625 0.588867187735849 0.5185546875 0.5859375 0.4970703125 0.5917968754716981 0.490234375 0.6020507811320754 0.486328125 0.6108398433962264 0.486328125 0.6166992188679246 0.4873046875 0.618164062264151 0.4970703125 0.6269531245283019 0.5146484375 0.6269531245283019 0.5185546875 0.624023437735849 0.5234375 0.6166992188679246 0.525390625 0.6108398433962264
14 0.7216796875 0.35449218773584906 0.6982421875 0.37207031226415094 0.697265625 0.3735351566037736 0.69921875 0.3793945311320755 0.7080078125 0.39550781226415094 0.7255859375 0.37207031226415094 0.728515625 0.3647460933962264 0.7265625 0.3588867188679245 0.7236328125 0.35449218773584906 0.7216796875 0.35449218773584906
11 0.5966796875 0.5390625 0.5888671875 0.5390625 0.587890625 0.5405273433962264 0.599609375 0.5639648433962264 0.6005859375 0.565429687735849 0.6025390625 0.565429687735849 0.603515625 0.5639648433962264 0.603515625 0.5522460933962264 0.6015625 0.5463867188679246 0.5966796875 0.5390625
18 0.416015625 0.3325195311320755 0.4169921875 0.3339843754716981 0.4248046875 0.3339843754716981 0.4296875 0.3266601566037736 0.4296875 0.3237304688679245 0.4287109375 0.3222656245283019 0.4228515625 0.3222656245283019 0.416015625 0.3325195311320755