6 0.703125 0.6606445311320754 0.703125 0.6430664066037736 0.69921875 0.6313476566037736 0.6943359375 0.62109375 0.6552734375 0.64453125 0.650390625 0.6489257811320754 0.623046875 0.7016601566037736 0.623046875 0.7192382811320754 0.625 0.7338867188679246 0.6259765625 0.735351562264151 0.6591796875 0.7441406245283019 0.6650390625 0.741210937735849 0.693359375 0.7075195311320754 0.703125 0.6606445311320754
6 0.30859375 0.7192382811320754 0.3046875 0.5493164066037736 0.3017578125 0.5449218754716981 0.2607421875 0.5097656245283019 0.2509765625 0.5097656245283019 0.244140625 0.5170898433962264 0.208984375 0.5786132811320754 0.20703125 0.5991210933962264 0.20703125 0.6020507811320754 0.208984375 0.6079101566037736 0.26953125 0.7309570311320754 0.2744140625 0.73828125 0.2802734375 0.73828125 0.3076171875 0.7207031245283019 0.30859375 0.7192382811320754
6 0.3125 0.2446289066037736 0.310546875 0.23876953113207547 0.3076171875 0.234375 0.2998046875 0.22851562452830187 0.2880859375 0.23730468773584906 0.2568359375 0.27246093773584906 0.25390625 0.2768554688679245 0.248046875 0.3413085933962264 0.248046875 0.3647460933962264 0.2529296875 0.37207031226415094 0.2587890625 0.375 0.2783203125 0.375 0.310546875 0.3237304688679245 0.3125 0.2827148433962264 0.3125 0.2446289066037736
6 0.4541015625 0.17578125 0.462890625 0.1625976566037736 0.46875 0.14794921886792453 0.4677734375 0.14648437547169813 0.4287109375 0.140625 0.4072265625 0.15234375 0.3896484375 0.1640625 0.3759765625 0.17578125 0.3671875 0.1889648433962264 0.35546875 0.2124023433962264 0.35546875 0.23876953113207547 0.357421875 0.2475585933962264 0.3623046875 0.2519531245283019 0.3779296875 0.2578125 0.3857421875 0.2578125 0.4150390625 0.22558593773584906 0.4541015625 0.17578125
5 0.5595703125 0.07324218773584906 0.5166015625 0.0703125 0.5087890625 0.07324218773584906 0.4853515625 0.09082031226415094 0.484375 0.09228515660377358 0.484375 0.11279296886792453 0.5302734375 0.16113281226415094 0.5693359375 0.17578125 0.6435546875 0.17578125 0.646484375 0.16845703113207547 0.5673828125 0.07910156226415094 0.5595703125 0.07324218773584906
15 0.3935546875 0.65625 0.4013671875 0.65625 0.4169921875 0.6503906245283019 0.4287109375 0.641601562264151 0.44140625 0.6225585933962264 0.447265625 0.6079101566037736 0.451171875 0.5903320311320754 0.451171875 0.5668945311320754 0.44140625 0.4907226566037736 0.439453125 0.4819335933962264 0.431640625 0.4584960933962264 0.4248046875 0.44824218773584906 0.4208984375 0.4453125 0.4150390625 0.44238281226415094 0.4013671875 0.44238281226415094 0.3935546875 0.4453125 0.3876953125 0.44824218773584906 0.3798828125 0.45410156226415094 0.3642578125 0.46875 0.34765625 0.4936523433962264 0.341796875 0.5112304688679246 0.337890625 0.5317382811320754 0.3359375 0.5463867188679246 0.3359375 0.5698242188679246 0.337890625 0.5844726566037736 0.341796875 0.6020507811320754 0.34765625 0.6166992188679246 0.361328125 0.6401367188679246 0.3701171875 0.647460937735849 0.3935546875 0.65625
18 0.5966796875 0.5800781245283019 0.6015625 0.5698242188679246 0.6015625 0.5551757811320754 0.595703125 0.5317382811320754 0.5888671875 0.5214843754716981 0.5830078125 0.515625 0.5712890625 0.515625 0.5556640625 0.524414062264151 0.5341796875 0.5449218754716981 0.5263671875 0.553710937735849 0.509765625 0.5786132811320754 0.5078125 0.5844726566037736 0.50390625 0.5991210933962264 0.50390625 0.6254882811320754 0.505859375 0.6313476566037736 0.5166015625 0.647460937735849 0.5205078125 0.6503906245283019 0.5380859375 0.6503906245283019 0.5498046875 0.641601562264151 0.5966796875 0.5800781245283019
9 0.5029296875 0.4160156245283019 0.4970703125 0.41015625 0.4853515625 0.41015625 0.474609375 0.4262695311320755 0.474609375 0.4291992188679245 0.4775390625 0.43359375 0.4912109375 0.43652343773584906 0.5029296875 0.43652343773584906 0.505859375 0.4321289066037736 0.505859375 0.4233398433962264 0.5029296875 0.4160156245283019
9 0.55078125 0.3002929688679245 0.5458984375 0.29296875 0.5341796875 0.29296875 0.5302734375 0.29589843773584906 0.52734375 0.3002929688679245 0.525390625 0.3061523433962264 0.525390625 0.3178710933962264 0.5263671875 0.31933593773584906 0.5341796875 0.31933593773584906 0.5439453125 0.31640625 0.5478515625 0.31347656226415094 0.55078125 0.3090820311320755 0.55078125 0.3002929688679245
9 0.765625 0.4116210933962264 0.7646484375 0.41015625 0.7548828125 0.4042968745283019 0.7470703125 0.40722656226415094 0.73828125 0.4204101566037736 0.73828125 0.4291992188679245 0.7431640625 0.43652343773584906 0.7470703125 0.43652343773584906 0.7568359375 0.43066406226415094 0.76171875 0.4233398433962264 0.765625 0.4145507811320755 0.765625 0.4116210933962264
9 0.697265625 0.5346679688679246 0.6923828125 0.52734375 0.6787109375 0.52734375 0.677734375 0.5288085933962264 0.677734375 0.5346679688679246 0.68359375 0.5639648433962264 0.6845703125 0.565429687735849 0.6884765625 0.565429687735849 0.6923828125 0.5625 0.697265625 0.5551757811320754 0.697265625 0.5346679688679246
1 0.6640625 0.3999023433962264 0.6513671875 0.3808593754716981 0.6455078125 0.37792968773584906 0.6298828125 0.37792968773584906 0.6220703125 0.38378906226415094 0.611328125 0.3999023433962264 0.609375 0.4057617188679245 0.59765625 0.4526367188679245 0.6044921875 0.4628906245283019 0.6416015625 0.489257812264151 0.646484375 0.4819335933962264 0.666015625 0.4321289066037736 0.66796875 0.4204101566037736 0.666015625 0.4057617188679245 0.6640625 0.3999023433962264
14 0.7041015625 0.3046875 0.6943359375 0.3046875 0.689453125 0.3090820311320755 0.6875 0.3149414066037736 0.6875 0.3178710933962264 0.7021484375 0.33691406226415094 0.7060546875 0.33691406226415094 0.7119140625 0.3339843754716981 0.712890625 0.3325195311320755 0.712890625 0.3178710933962264 0.7041015625 0.3046875
11 0.673828125 0.3090820311320755 0.6728515625 0.30761718773584906 0.6630859375 0.30761718773584906 0.6494140625 0.31640625 0.6484375 0.3178710933962264 0.6484375 0.3208007811320755 0.6494140625 0.3222656245283019 0.6552734375 0.3222656245283019 0.6689453125 0.31640625 0.6728515625 0.31347656226415094 0.673828125 0.3120117188679245 0.673828125 0.3090820311320755