7 0.669921875 0.7573242188679246 0.716796875 0.6635742188679246 0.71875 0.6577148433962264 0.71875 0.6459960933962264 0.716796875 0.6372070311320754 0.7119140625 0.6269531245283019 0.6865234375 0.606445312264151 0.6708984375 0.606445312264151 0.66796875 0.6108398433962264 0.638671875 0.6752929688679246 0.63671875 0.6811523433962264 0.634765625 0.6928710933962264 0.634765625 0.7250976566037736 0.638671875 0.7426757811320754 0.642578125 0.7543945311320754 0.6474609375 0.76171875 0.6533203125 0.7675781245283019 0.6689453125 0.758789062264151 0.669921875 0.7573242188679246
1 0.7763671875 0.506835937735849 0.7568359375 0.524414062264151 0.74609375 0.5405273433962264 0.744140625 0.5493164066037736 0.744140625 0.5581054688679246 0.7451171875 0.559570312264151 0.7529296875 0.559570312264151 0.7802734375 0.530273437735849 0.783203125 0.5229492188679246 0.783203125 0.5170898433962264 0.7763671875 0.506835937735849
1 0.34375 0.2797851566037736 0.341796875 0.2739257811320755 0.3369140625 0.26660156226415094 0.3310546875 0.26660156226415094 0.3076171875 0.29296875 0.306640625 0.2944335933962264 0.306640625 0.3002929688679245 0.3095703125 0.3046875 0.3134765625 0.30761718773584906 0.3251953125 0.30761718773584906 0.3349609375 0.30175781226415094 0.341796875 0.2915039066037736 0.34375 0.2797851566037736
14 0.458984375 0.48486328113207544 0.4541015625 0.47753906226415094 0.4501953125 0.4746093745283019 0.4287109375 0.47167968773584906 0.427734375 0.4731445311320755 0.427734375 0.4819335933962264 0.4306640625 0.4863281245283018 0.4384765625 0.4921875 0.4462890625 0.4921875 0.4580078125 0.489257812264151 0.458984375 0.48779296886792456 0.458984375 0.48486328113207544
20 0.5390625 0.6665039066037736 0.537109375 0.6606445311320754 0.5341796875 0.65625 0.5244140625 0.653320312264151 0.509765625 0.6752929688679246 0.509765625 0.6811523433962264 0.5126953125 0.6855468754716981 0.5205078125 0.688476562264151 0.5302734375 0.688476562264151 0.53515625 0.6811523433962264 0.5390625 0.6694335933962264 0.5390625 0.6665039066037736
9 0.701171875 0.2124023433962264 0.6962890625 0.20507812452830187 0.6884765625 0.20507812452830187 0.685546875 0.2094726566037736 0.6875 0.21826171886792453 0.693359375 0.2329101566037736 0.6962890625 0.23730468773584906 0.7021484375 0.23730468773584906 0.703125 0.2358398433962264 0.703125 0.2241210933962264 0.701171875 0.2124023433962264
9 0.693359375 0.4497070311320755 0.6884765625 0.4453125 0.6865234375 0.4453125 0.6826171875 0.44824218773584906 0.6796875 0.4526367188679245 0.6796875 0.4614257811320755 0.6845703125 0.46875 0.6923828125 0.4746093745283019 0.6962890625 0.4746093745283019 0.69921875 0.4702148433962264 0.69921875 0.4614257811320755 0.693359375 0.4497070311320755
9 0.587890625 0.5639648433962264 0.5849609375 0.559570312264151 0.5810546875 0.559570312264151 0.5771484375 0.5625 0.5703125 0.5727539066037736 0.5703125 0.5815429688679246 0.5751953125 0.588867187735849 0.5791015625 0.588867187735849 0.5869140625 0.583007812264151 0.58984375 0.5756835933962264 0.58984375 0.5698242188679246 0.587890625 0.5639648433962264
9 0.3134765625 0.4980468754716982 0.3017578125 0.4980468754716982 0.2939453125 0.500976562264151 0.2890625 0.5083007811320754 0.287109375 0.5141601566037736 0.287109375 0.5170898433962264 0.2919921875 0.5214843754716981 0.3095703125 0.52734375 0.3173828125 0.524414062264151 0.3203125 0.5200195311320754 0.3203125 0.5083007811320754 0.3134765625 0.4980468754716982
9 0.4267578125 0.31933593773584906 0.4208984375 0.31933593773584906 0.4140625 0.3295898433962264 0.412109375 0.3354492188679245 0.412109375 0.3383789066037736 0.4169921875 0.3457031245283019 0.4228515625 0.3457031245283019 0.42578125 0.3413085933962264 0.427734375 0.3354492188679245 0.4296875 0.3237304688679245 0.4267578125 0.31933593773584906
9 0.55078125 0.3178710933962264 0.548828125 0.3120117188679245 0.5439453125 0.30761718773584906 0.5400390625 0.3105468754716981 0.537109375 0.3149414066037736 0.537109375 0.3237304688679245 0.5390625 0.3325195311320755 0.5439453125 0.33984375 0.5458984375 0.33984375 0.548828125 0.3354492188679245 0.55078125 0.3237304688679245 0.55078125 0.3178710933962264
9 0.5322265625 0.12011718773584906 0.5224609375 0.11425781226415094 0.5185546875 0.11425781226415094 0.515625 0.11865234339622642 0.515625 0.12451171886792455 0.5224609375 0.13476562452830187 0.5263671875 0.13769531226415094 0.5322265625 0.13769531226415094 0.53515625 0.1303710933962264 0.53515625 0.12451171886792455 0.5322265625 0.12011718773584906