15 0.6474609375 0.47753906226415094 0.6591796875 0.46875 0.6748046875 0.45410156226415094 0.693359375 0.4262695311320755 0.697265625 0.4174804688679245 0.703125 0.3881835933962264 0.703125 0.3559570311320755 0.69921875 0.3383789066037736 0.693359375 0.3237304688679245 0.6826171875 0.30761718773584906 0.6748046875 0.2988281245283019 0.6669921875 0.29296875 0.6552734375 0.2871093754716981 0.6376953125 0.2871093754716981 0.6298828125 0.29003906226415094 0.6181640625 0.2988281245283019 0.603515625 0.3208007811320755 0.595703125 0.3383789066037736 0.5859375 0.4204101566037736 0.5859375 0.4350585933962264 0.58984375 0.4526367188679245 0.59375 0.4643554688679245 0.6025390625 0.47753906226415094 0.6103515625 0.483398437735849 0.6318359375 0.483398437735849 0.6474609375 0.47753906226415094
18 0.580078125 0.3383789066037736 0.578125 0.3325195311320755 0.5751953125 0.328125 0.5556640625 0.3222656245283019 0.5380859375 0.3222656245283019 0.5341796875 0.32519531226415094 0.53125 0.3295898433962264 0.529296875 0.3354492188679245 0.529296875 0.3471679688679245 0.5361328125 0.3574218754716981 0.5400390625 0.36035156226415094 0.5517578125 0.36328125 0.5732421875 0.36328125 0.580078125 0.3530273433962264 0.580078125 0.3383789066037736
20 0.40234375 0.1743164066037736 0.3994140625 0.16992187547169813 0.3935546875 0.1640625 0.3876953125 0.1640625 0.3720703125 0.17578125 0.365234375 0.1860351566037736 0.37109375 0.2006835933962264 0.3818359375 0.21679687452830187 0.3876953125 0.21972656226415094 0.3935546875 0.21972656226415094 0.3974609375 0.21679687452830187 0.400390625 0.2094726566037736 0.40234375 0.1743164066037736
12 0.3076171875 0.553710937735849 0.30859375 0.5522460933962264 0.30859375 0.5463867188679246 0.296875 0.3735351566037736 0.2919921875 0.36621093773584906 0.2900390625 0.36621093773584906 0.28125 0.3793945311320755 0.27734375 0.3881835933962264 0.2734375 0.4057617188679245 0.271484375 0.4672851566037736 0.275390625 0.4936523433962264 0.279296875 0.5083007811320754 0.287109375 0.5288085933962264 0.29296875 0.5405273433962264 0.2998046875 0.55078125 0.3037109375 0.553710937735849 0.3076171875 0.553710937735849
12 0.59375 0.7075195311320754 0.591796875 0.7016601566037736 0.552734375 0.6137695311320754 0.5517578125 0.612304687735849 0.5439453125 0.6152343754716981 0.533203125 0.6313476566037736 0.53125 0.6372070311320754 0.53125 0.6430664066037736 0.578125 0.7485351566037736 0.5810546875 0.752929687735849 0.5908203125 0.752929687735849 0.591796875 0.7514648433962264 0.59375 0.7397460933962264 0.59375 0.7075195311320754
9 0.69140625 0.6694335933962264 0.69140625 0.6665039066037736 0.6865234375 0.659179687735849 0.6826171875 0.65625 0.6728515625 0.65625 0.6669921875 0.659179687735849 0.666015625 0.6606445311320754 0.666015625 0.6928710933962264 0.6689453125 0.6972656245283019 0.6728515625 0.700195312264151 0.6787109375 0.700195312264151 0.681640625 0.6958007811320754 0.689453125 0.6752929688679246 0.69140625 0.6694335933962264
9 0.435546875 0.6342773433962264 0.4306640625 0.6269531245283019 0.4169921875 0.6269531245283019 0.4072265625 0.6328125 0.40234375 0.6401367188679246 0.40234375 0.6518554688679246 0.4033203125 0.653320312264151 0.4091796875 0.65625 0.4287109375 0.65625 0.4326171875 0.653320312264151 0.435546875 0.6489257811320754 0.435546875 0.6342773433962264
9 0.4677734375 0.583007812264151 0.4658203125 0.583007812264151 0.4521484375 0.5917968754716981 0.447265625 0.5991210933962264 0.447265625 0.6049804688679246 0.4541015625 0.6152343754716981 0.4736328125 0.6152343754716981 0.48046875 0.6049804688679246 0.48046875 0.5932617188679246 0.4775390625 0.588867187735849 0.4677734375 0.583007812264151
9 0.607421875 0.5610351566037736 0.6044921875 0.5566406245283019 0.6005859375 0.553710937735849 0.5908203125 0.55078125 0.5791015625 0.55078125 0.57421875 0.5581054688679246 0.57421875 0.5698242188679246 0.5791015625 0.577148437735849 0.5888671875 0.583007812264151 0.5927734375 0.583007812264151 0.5986328125 0.5800781245283019 0.607421875 0.5727539066037736 0.607421875 0.5610351566037736
9 0.546875 0.48486328113207544 0.546875 0.4790039066037736 0.5419921875 0.47167968773584906 0.5380859375 0.46875 0.5341796875 0.46875 0.529296875 0.4760742188679245 0.5234375 0.4907226566037736 0.521484375 0.49951171886792456 0.521484375 0.5053710933962264 0.5234375 0.5112304688679246 0.5263671875 0.515625 0.5341796875 0.515625 0.5380859375 0.512695312264151 0.54296875 0.5053710933962264 0.546875 0.48486328113207544
9 0.6669921875 0.500976562264151 0.6591796875 0.500976562264151 0.6533203125 0.50390625 0.65234375 0.5053710933962264 0.650390625 0.5112304688679246 0.650390625 0.5141601566037736 0.65234375 0.5200195311320754 0.6552734375 0.524414062264151 0.6591796875 0.524414062264151 0.671875 0.5141601566037736 0.671875 0.5053710933962264 0.6669921875 0.500976562264151
9 0.3310546875 0.27246093773584906 0.3193359375 0.28125 0.314453125 0.2885742188679245 0.314453125 0.3032226566037736 0.3193359375 0.3105468754716981 0.3271484375 0.3105468754716981 0.345703125 0.2944335933962264 0.34375 0.2768554688679245 0.3388671875 0.26953125 0.3310546875 0.27246093773584906