18 0.6533203125 0.26953125 0.6669921875 0.26074218773584906 0.6728515625 0.25488281226415094 0.677734375 0.2475585933962264 0.681640625 0.23876953113207547 0.685546875 0.22705078113207547 0.6875 0.21826171886792453 0.6875 0.2094726566037736 0.685546875 0.2006835933962264 0.6796875 0.1860351566037736 0.6689453125 0.16992187547169813 0.6533203125 0.1640625 0.6298828125 0.16113281226415094 0.5888671875 0.16113281226415094 0.5634765625 0.1640625 0.5498046875 0.16992187547169813 0.537109375 0.1889648433962264 0.53125 0.20654296886792453 0.53125 0.22998046886792453 0.533203125 0.23876953113207547 0.5390625 0.2534179688679245 0.5498046875 0.26953125 0.5615234375 0.2753906245283019 0.6337890625 0.2753906245283019 0.6533203125 0.26953125
18 0.408203125 0.5991210933962264 0.423828125 0.5668945311320754 0.42578125 0.5610351566037736 0.42578125 0.5434570311320754 0.423828125 0.5375976566037736 0.4189453125 0.530273437735849 0.4150390625 0.52734375 0.4111328125 0.52734375 0.4033203125 0.530273437735849 0.3994140625 0.5332031245283019 0.38671875 0.5522460933962264 0.37109375 0.5815429688679246 0.369140625 0.5874023433962264 0.369140625 0.6049804688679246 0.373046875 0.6166992188679246 0.3759765625 0.62109375 0.3798828125 0.624023437735849 0.3896484375 0.624023437735849 0.3935546875 0.62109375 0.408203125 0.5991210933962264
18 0.736328125 0.6635742188679246 0.740234375 0.6225585933962264 0.740234375 0.6137695311320754 0.7353515625 0.600585937735849 0.7275390625 0.59765625 0.71875 0.6108398433962264 0.71484375 0.6254882811320754 0.712890625 0.6430664066037736 0.712890625 0.6752929688679246 0.716796875 0.6928710933962264 0.7177734375 0.694335937735849 0.7236328125 0.694335937735849 0.728515625 0.6870117188679246 0.732421875 0.6782226566037736 0.736328125 0.6635742188679246
18 0.556640625 0.08935546886792453 0.5556640625 0.08789062452830189 0.5537109375 0.08789062452830189 0.548828125 0.09521484339622642 0.548828125 0.10693359339622642 0.5517578125 0.11132812452830189 0.5556640625 0.11425781226415094 0.5576171875 0.11425781226415094 0.55859375 0.11279296886792453 0.55859375 0.10986328113207547 0.556640625 0.08935546886792453
14 0.6923828125 0.782226562264151 0.6826171875 0.788085937735849 0.681640625 0.7895507811320754 0.677734375 0.8041992188679246 0.677734375 0.8217773433962264 0.6787109375 0.823242187735849 0.6884765625 0.823242187735849 0.689453125 0.8217773433962264 0.6953125 0.7954101566037736 0.6953125 0.7895507811320754 0.6923828125 0.782226562264151
14 0.4873046875 0.629882812264151 0.4833984375 0.629882812264151 0.48046875 0.6342773433962264 0.48046875 0.6489257811320754 0.482421875 0.6723632811320754 0.4833984375 0.6738281245283019 0.4873046875 0.6738281245283019 0.5009765625 0.665039062264151 0.509765625 0.6577148433962264 0.4873046875 0.629882812264151
14 0.443359375 0.4614257811320755 0.44140625 0.4936523433962264 0.4423828125 0.495117187735849 0.4560546875 0.495117187735849 0.466796875 0.4672851566037736 0.4619140625 0.4628906245283019 0.4501953125 0.45703125 0.4462890625 0.45703125 0.443359375 0.4614257811320755
14 0.400390625 0.3500976566037736 0.38671875 0.3764648433962264 0.3955078125 0.38378906226415094 0.3974609375 0.38378906226415094 0.4140625 0.3647460933962264 0.4140625 0.3618164066037736 0.4052734375 0.34863281226415094 0.4013671875 0.34863281226415094 0.400390625 0.3500976566037736
14 0.46484375 0.2680664066037736 0.4619140625 0.2636718754716981 0.4599609375 0.2636718754716981 0.4365234375 0.28417968773584906 0.435546875 0.2856445311320755 0.435546875 0.2915039066037736 0.4404296875 0.2988281245283019 0.4462890625 0.2988281245283019 0.4560546875 0.29296875 0.458984375 0.2885742188679245 0.46484375 0.2768554688679245 0.46484375 0.2680664066037736
14 0.3916015625 0.18457031226415094 0.38671875 0.19189453113207547 0.380859375 0.2124023433962264 0.37890625 0.22705078113207547 0.3798828125 0.22851562452830187 0.3837890625 0.22851562452830187 0.392578125 0.21533203113207547 0.396484375 0.2006835933962264 0.396484375 0.1889648433962264 0.3935546875 0.18457031226415094 0.3916015625 0.18457031226415094
14 0.4697265625 0.15527343773584906 0.462890625 0.1655273433962264 0.455078125 0.18017578113207547 0.455078125 0.1889648433962264 0.4580078125 0.19335937547169813 0.4619140625 0.19335937547169813 0.46484375 0.1889648433962264 0.47265625 0.16845703113207547 0.47265625 0.15966796886792453 0.4697265625 0.15527343773584906
14 0.6982421875 0.40136718773584906 0.6923828125 0.3984375 0.6865234375 0.3984375 0.677734375 0.4086914066037736 0.67578125 0.4145507811320755 0.67578125 0.4174804688679245 0.6884765625 0.43652343773584906 0.6904296875 0.43652343773584906 0.6943359375 0.43359375 0.69921875 0.4262695311320755 0.703125 0.4086914066037736 0.6982421875 0.40136718773584906
14 0.7626953125 0.3339843754716981 0.7470703125 0.32519531226415094 0.7392578125 0.3222656245283019 0.7373046875 0.3222656245283019 0.736328125 0.3237304688679245 0.7265625 0.3442382811320755 0.7294921875 0.34863281226415094 0.7333984375 0.3515625 0.7529296875 0.35449218773584906 0.7626953125 0.34863281226415094 0.763671875 0.3471679688679245 0.763671875 0.3354492188679245 0.7626953125 0.3339843754716981
9 0.6572265625 0.6621093754716981 0.6474609375 0.6621093754716981 0.642578125 0.6694335933962264 0.640625 0.6870117188679246 0.642578125 0.6987304688679246 0.6435546875 0.700195312264151 0.6513671875 0.700195312264151 0.658203125 0.6899414066037736 0.662109375 0.6811523433962264 0.662109375 0.6665039066037736 0.6572265625 0.6621093754716981
9 0.7802734375 0.44824218773584906 0.7705078125 0.45410156226415094 0.76953125 0.4555664066037736 0.76953125 0.4643554688679245 0.7744140625 0.47167968773584906 0.7802734375 0.47167968773584906 0.791015625 0.4614257811320755 0.791015625 0.4526367188679245 0.7880859375 0.44824218773584906 0.7802734375 0.44824218773584906
9 0.5107421875 0.34863281226415094 0.5048828125 0.34863281226415094 0.5 0.3559570311320755 0.5 0.3647460933962264 0.50390625 0.3764648433962264 0.5068359375 0.3808593754716981 0.5107421875 0.3808593754716981 0.513671875 0.3764648433962264 0.513671875 0.3559570311320755 0.5107421875 0.34863281226415094
9 0.3671875 0.2739257811320755 0.3642578125 0.26953125 0.3583984375 0.26953125 0.3515625 0.2797851566037736 0.3515625 0.3002929688679245 0.353515625 0.3061523433962264 0.3583984375 0.3105468754716981 0.365234375 0.3002929688679245 0.369140625 0.2885742188679245 0.369140625 0.2797851566037736 0.3671875 0.2739257811320755
9 0.2958984375 0.3984375 0.2919921875 0.3984375 0.2880859375 0.40136718773584906 0.283203125 0.4116210933962264 0.28125 0.4233398433962264 0.28125 0.4291992188679245 0.2841796875 0.43652343773584906 0.2880859375 0.43652343773584906 0.302734375 0.4233398433962264 0.302734375 0.4086914066037736 0.30078125 0.4028320311320755 0.2958984375 0.3984375
9 0.287109375 0.4409179688679245 0.2822265625 0.43359375 0.2744140625 0.43359375 0.2646484375 0.43652343773584906 0.2607421875 0.4394531245283019 0.259765625 0.4409179688679245 0.259765625 0.4497070311320755 0.2626953125 0.45410156226415094 0.2724609375 0.45996093773584906 0.2822265625 0.45996093773584906 0.287109375 0.4526367188679245 0.2890625 0.4467773433962264 0.287109375 0.4409179688679245
20 0.345703125 0.48486328113207544 0.345703125 0.4790039066037736 0.341796875 0.4584960933962264 0.33203125 0.4233398433962264 0.3310546875 0.421875 0.3154296875 0.41308593773584906 0.314453125 0.4145507811320755 0.310546875 0.4379882811320755 0.310546875 0.4614257811320755 0.3203125 0.48486328113207544 0.3271484375 0.495117187735849 0.3310546875 0.4980468754716982 0.3388671875 0.4980468754716982 0.34375 0.4907226566037736 0.345703125 0.48486328113207544
12 0.5166015625 0.13476562452830187 0.51171875 0.1391601566037736 0.509765625 0.14501953113207547 0.509765625 0.1538085933962264 0.5126953125 0.15820312452830187 0.5185546875 0.15820312452830187 0.5283203125 0.15234375 0.53125 0.14794921886792453 0.5224609375 0.13476562452830187 0.5166015625 0.13476562452830187