18 0.515625 0.09814453113207547 0.5107421875 0.09082031226415094 0.5068359375 0.08789062452830189 0.5048828125 0.08789062452830189 0.5009765625 0.09082031226415094 0.49609375 0.09814453113207547 0.494140625 0.10986328113207547 0.494140625 0.1274414066037736 0.49609375 0.1508789066037736 0.5009765625 0.15820312452830187 0.5107421875 0.15820312452830187 0.51953125 0.14501953113207547 0.51953125 0.11865234339622642 0.515625 0.09814453113207547
18 0.255859375 0.3559570311320755 0.26171875 0.3325195311320755 0.26171875 0.3237304688679245 0.2578125 0.3149414066037736 0.2490234375 0.30175781226415094 0.2451171875 0.2988281245283019 0.2333984375 0.2988281245283019 0.2236328125 0.30761718773584906 0.21875 0.3208007811320755 0.216796875 0.3354492188679245 0.21875 0.3471679688679245 0.220703125 0.3530273433962264 0.2294921875 0.36621093773584906 0.2373046875 0.37207031226415094 0.2412109375 0.37207031226415094 0.2470703125 0.3691406245283019 0.255859375 0.3559570311320755
18 0.63671875 0.6547851566037736 0.63671875 0.6489257811320754 0.6318359375 0.641601562264151 0.6123046875 0.6269531245283019 0.6044921875 0.629882812264151 0.59765625 0.6401367188679246 0.59765625 0.6518554688679246 0.599609375 0.6577148433962264 0.6083984375 0.670898437735849 0.6123046875 0.6738281245283019 0.6259765625 0.6738281245283019 0.634765625 0.6606445311320754 0.63671875 0.6547851566037736
18 0.6953125 0.48486328113207544 0.6953125 0.4760742188679245 0.693359375 0.4702148433962264 0.6884765625 0.4628906245283019 0.6845703125 0.45996093773584906 0.6728515625 0.45996093773584906 0.6630859375 0.4628906245283019 0.6552734375 0.46875 0.65234375 0.4731445311320755 0.65234375 0.48486328113207544 0.6533203125 0.4863281245283018 0.6787109375 0.500976562264151 0.6806640625 0.500976562264151 0.6904296875 0.495117187735849 0.693359375 0.4907226566037736 0.6953125 0.48486328113207544
18 0.564453125 0.4614257811320755 0.5537109375 0.44824218773584906 0.5517578125 0.44824218773584906 0.54296875 0.4555664066037736 0.533203125 0.4819335933962264 0.533203125 0.48779296886792456 0.5380859375 0.4921875 0.5439453125 0.495117187735849 0.5478515625 0.495117187735849 0.5556640625 0.4921875 0.564453125 0.4790039066037736 0.564453125 0.4614257811320755
18 0.408203125 0.5053710933962264 0.408203125 0.48779296886792456 0.404296875 0.4790039066037736 0.3974609375 0.47167968773584906 0.3916015625 0.46875 0.3876953125 0.46875 0.3837890625 0.47167968773584906 0.376953125 0.4819335933962264 0.376953125 0.48779296886792456 0.380859375 0.49951171886792456 0.3935546875 0.518554687735849 0.3974609375 0.5214843754716981 0.4013671875 0.5214843754716981 0.40625 0.5141601566037736 0.408203125 0.5053710933962264
18 0.26953125 0.5317382811320754 0.26953125 0.5229492188679246 0.267578125 0.5170898433962264 0.2412109375 0.47753906226415094 0.2333984375 0.47753906226415094 0.2265625 0.48779296886792456 0.2265625 0.5024414066037736 0.228515625 0.5083007811320754 0.2509765625 0.541992187735849 0.2548828125 0.5449218754716981 0.2626953125 0.5449218754716981 0.267578125 0.5375976566037736 0.26953125 0.5317382811320754
18 0.4677734375 0.31347656226415094 0.4560546875 0.31347656226415094 0.4521484375 0.31640625 0.44921875 0.3208007811320755 0.447265625 0.3266601566037736 0.447265625 0.3354492188679245 0.451171875 0.3442382811320755 0.4541015625 0.34863281226415094 0.4658203125 0.34863281226415094 0.474609375 0.3354492188679245 0.474609375 0.3237304688679245 0.4677734375 0.31347656226415094
6 0.6494140625 0.32519531226415094 0.65234375 0.3208007811320755 0.65234375 0.3120117188679245 0.650390625 0.2915039066037736 0.6376953125 0.26953125 0.6103515625 0.234375 0.6044921875 0.23144531226415094 0.5986328125 0.23144531226415094 0.5908203125 0.23730468773584906 0.5859375 0.2446289066037736 0.583984375 0.2504882811320755 0.583984375 0.2622070311320755 0.587890625 0.2739257811320755 0.603515625 0.3090820311320755 0.6123046875 0.3222656245283019 0.6318359375 0.328125 0.6455078125 0.328125 0.6494140625 0.32519531226415094
6 0.392578125 0.2680664066037736 0.400390625 0.2358398433962264 0.3447265625 0.1875 0.2998046875 0.24023437452830187 0.294921875 0.2475585933962264 0.294921875 0.2534179688679245 0.3017578125 0.2636718754716981 0.3095703125 0.26953125 0.3251953125 0.2753906245283019 0.3759765625 0.2753906245283019 0.3916015625 0.26953125 0.392578125 0.2680664066037736
1 0.453125 0.6137695311320754 0.453125 0.6079101566037736 0.451171875 0.6020507811320754 0.4482421875 0.59765625 0.4423828125 0.59765625 0.4365234375 0.6035156245283019 0.4296875 0.6137695311320754 0.4296875 0.6196289066037736 0.4345703125 0.6269531245283019 0.4384765625 0.629882812264151 0.4423828125 0.629882812264151 0.4462890625 0.6269531245283019 0.451171875 0.6196289066037736 0.453125 0.6137695311320754
9 0.3828125 0.6577148433962264 0.3798828125 0.653320312264151 0.3720703125 0.647460937735849 0.3681640625 0.647460937735849 0.3642578125 0.6503906245283019 0.361328125 0.6547851566037736 0.361328125 0.6635742188679246 0.3701171875 0.676757812264151 0.3740234375 0.6796875 0.3818359375 0.6796875 0.384765625 0.6723632811320754 0.384765625 0.6635742188679246 0.3828125 0.6577148433962264
20 0.287109375 0.6518554688679246 0.28515625 0.6430664066037736 0.275390625 0.6079101566037736 0.2744140625 0.606445312264151 0.2646484375 0.612304687735849 0.26171875 0.6166992188679246 0.26171875 0.6459960933962264 0.263671875 0.6606445311320754 0.2685546875 0.66796875 0.2724609375 0.670898437735849 0.2783203125 0.670898437735849 0.28515625 0.6606445311320754 0.287109375 0.6518554688679246