1 0.3212890625 0.6328125 0.322265625 0.6313476566037736 0.322265625 0.6079101566037736 0.318359375 0.5112304688679246 0.3154296875 0.506835937735849 0.2958984375 0.512695312264151 0.2861328125 0.518554687735849 0.27734375 0.5317382811320754 0.2734375 0.5405273433962264 0.26953125 0.5551757811320754 0.267578125 0.5756835933962264 0.267578125 0.5815429688679246 0.26953125 0.5932617188679246 0.275390625 0.6079101566037736 0.2841796875 0.62109375 0.2880859375 0.624023437735849 0.3193359375 0.6328125 0.3212890625 0.6328125
1 0.47265625 0.4291992188679245 0.470703125 0.4204101566037736 0.4638671875 0.41015625 0.4599609375 0.40722656226415094 0.4482421875 0.40722656226415094 0.439453125 0.4145507811320755 0.4375 0.4204101566037736 0.4375 0.4291992188679245 0.4443359375 0.4453125 0.4580078125 0.45703125 0.4677734375 0.44824218773584906 0.470703125 0.4438476566037736 0.47265625 0.4379882811320755 0.47265625 0.4291992188679245
1 0.623046875 0.4819335933962264 0.6201171875 0.47753906226415094 0.6123046875 0.47167968773584906 0.6083984375 0.47167968773584906 0.5986328125 0.47753906226415094 0.59375 0.48486328113207544 0.59375 0.49658203113207544 0.5947265625 0.4980468754716982 0.6220703125 0.512695312264151 0.623046875 0.5112304688679246 0.625 0.49951171886792456 0.625 0.48779296886792456 0.623046875 0.4819335933962264
1 0.748046875 0.6196289066037736 0.748046875 0.6049804688679246 0.7470703125 0.6035156245283019 0.7392578125 0.6035156245283019 0.7314453125 0.609375 0.7265625 0.6166992188679246 0.716796875 0.6459960933962264 0.716796875 0.6606445311320754 0.71875 0.6694335933962264 0.7255859375 0.6796875 0.7314453125 0.6796875 0.734375 0.6752929688679246 0.740234375 0.6606445311320754 0.748046875 0.6196289066037736
14 0.3525390625 0.6855468754716981 0.3466796875 0.682617187735849 0.3369140625 0.682617187735849 0.33203125 0.6899414066037736 0.33203125 0.6928710933962264 0.3525390625 0.723632812264151 0.35546875 0.7192382811320754 0.357421875 0.7133789066037736 0.357421875 0.7045898433962264 0.35546875 0.6899414066037736 0.3525390625 0.6855468754716981
9 0.6318359375 0.752929687735849 0.6279296875 0.752929687735849 0.6240234375 0.7558593754716981 0.623046875 0.7573242188679246 0.623046875 0.7778320311320754 0.6279296875 0.78515625 0.6318359375 0.78515625 0.6328125 0.7836914066037736 0.634765625 0.7749023433962264 0.634765625 0.7573242188679246 0.6318359375 0.752929687735849
9 0.5234375 0.6401367188679246 0.517578125 0.6254882811320754 0.5107421875 0.618164062264151 0.5087890625 0.618164062264151 0.4990234375 0.6269531245283019 0.4833984375 0.64453125 0.478515625 0.6518554688679246 0.474609375 0.6635742188679246 0.474609375 0.6665039066037736 0.4765625 0.6723632811320754 0.4775390625 0.6738281245283019 0.4931640625 0.6796875 0.5146484375 0.659179687735849 0.5234375 0.6430664066037736 0.5234375 0.6401367188679246
9 0.693359375 0.5288085933962264 0.6953125 0.5053710933962264 0.68359375 0.4731445311320755 0.6689453125 0.4628906245283019 0.6669921875 0.4628906245283019 0.6640625 0.4702148433962264 0.662109375 0.4790039066037736 0.662109375 0.5053710933962264 0.666015625 0.5141601566037736 0.6728515625 0.524414062264151 0.6767578125 0.52734375 0.6826171875 0.530273437735849 0.6923828125 0.530273437735849 0.693359375 0.5288085933962264
9 0.421875 0.4907226566037736 0.419921875 0.48486328113207544 0.4169921875 0.48046875 0.4130859375 0.47753906226415094 0.4013671875 0.47753906226415094 0.3935546875 0.483398437735849 0.390625 0.48779296886792456 0.390625 0.4907226566037736 0.392578125 0.49658203113207544 0.3994140625 0.50390625 0.4130859375 0.50390625 0.4169921875 0.500976562264151 0.419921875 0.49658203113207544 0.421875 0.4907226566037736
9 0.4189453125 0.5390625 0.4150390625 0.5390625 0.41015625 0.5463867188679246 0.41015625 0.5698242188679246 0.4130859375 0.57421875 0.4150390625 0.57421875 0.419921875 0.5668945311320754 0.423828125 0.5551757811320754 0.423828125 0.5463867188679246 0.4189453125 0.5390625
3 0.5888671875 0.612304687735849 0.5751953125 0.618164062264151 0.5703125 0.6254882811320754 0.564453125 0.6372070311320754 0.55078125 0.6752929688679246 0.55078125 0.6811523433962264 0.5654296875 0.7089843754716981 0.5888671875 0.71484375 0.58984375 0.7133789066037736 0.59375 0.6137695311320754 0.5927734375 0.612304687735849 0.5888671875 0.612304687735849
18 0.703125 0.2680664066037736 0.701171875 0.2622070311320755 0.6962890625 0.25488281226415094 0.6923828125 0.2519531245283019 0.6845703125 0.25488281226415094 0.677734375 0.2651367188679245 0.67578125 0.2709960933962264 0.671875 0.2915039066037736 0.669921875 0.3090820311320755 0.67578125 0.3237304688679245 0.6806640625 0.328125 0.6904296875 0.328125 0.697265625 0.3178710933962264 0.69921875 0.3061523433962264 0.703125 0.2797851566037736 0.703125 0.2680664066037736
18 0.541015625 0.18310546886792453 0.541015625 0.18017578113207547 0.5400390625 0.17871093773584906 0.5341796875 0.17578125 0.5185546875 0.17578125 0.5146484375 0.17871093773584906 0.505859375 0.19189453113207547 0.501953125 0.2006835933962264 0.5 0.20654296886792453 0.5 0.22998046886792453 0.5048828125 0.234375 0.5126953125 0.22851562452830187 0.5302734375 0.20507812452830187 0.53515625 0.1977539066037736 0.5390625 0.1889648433962264 0.541015625 0.18310546886792453
4 0.38671875 0.2504882811320755 0.38671875 0.2446289066037736 0.3857421875 0.2431640622641509 0.3759765625 0.23730468773584906 0.3583984375 0.23730468773584906 0.3427734375 0.2519531245283019 0.33984375 0.2563476566037736 0.3359375 0.2651367188679245 0.3359375 0.2856445311320755 0.341796875 0.3149414066037736 0.353953951875 0.35569855 0.3759765625 0.28417968773584906 0.380859375 0.2768554688679245 0.384765625 0.2622070311320755 0.38671875 0.2504882811320755