9 0.3779296875 0.1875 0.380859375 0.18310546886792453 0.37890625 0.17138671886792453 0.375 0.15966796886792453 0.37109375 0.1508789066037736 0.3603515625 0.13476562452830187 0.3505859375 0.12890625 0.3466796875 0.12890625 0.345703125 0.1303710933962264 0.345703125 0.15966796886792453 0.349609375 0.17138671886792453 0.3544921875 0.17871093773584906 0.3623046875 0.1875 0.3720703125 0.19042968773584906 0.3740234375 0.19042968773584906 0.3779296875 0.1875
9 0.2744140625 0.4042968745283019 0.2548828125 0.40722656226415094 0.25390625 0.4086914066037736 0.24609375 0.4467773433962264 0.2529296875 0.45703125 0.2724609375 0.47753906226415094 0.2783203125 0.4746093745283019 0.302734375 0.4174804688679245 0.2998046875 0.41308593773584906 0.2861328125 0.4042968745283019 0.2744140625 0.4042968745283019
9 0.30078125 0.5639648433962264 0.30078125 0.5610351566037736 0.2841796875 0.530273437735849 0.2822265625 0.530273437735849 0.27734375 0.5375976566037736 0.275390625 0.5434570311320754 0.275390625 0.5551757811320754 0.27734375 0.5639648433962264 0.2802734375 0.5683593754716981 0.2841796875 0.571289062264151 0.2900390625 0.571289062264151 0.2978515625 0.5683593754716981 0.30078125 0.5639648433962264
9 0.35546875 0.5200195311320754 0.3505859375 0.512695312264151 0.3427734375 0.512695312264151 0.337890625 0.5200195311320754 0.333984375 0.5463867188679246 0.333984375 0.5639648433962264 0.3388671875 0.5683593754716981 0.3427734375 0.565429687735849 0.349609375 0.5522460933962264 0.353515625 0.5405273433962264 0.35546875 0.5317382811320754 0.35546875 0.5200195311320754
9 0.4296875 0.5551757811320754 0.4189453125 0.530273437735849 0.4150390625 0.530273437735849 0.41015625 0.5375976566037736 0.408203125 0.5434570311320754 0.408203125 0.5668945311320754 0.4111328125 0.571289062264151 0.4150390625 0.57421875 0.4248046875 0.577148437735849 0.431640625 0.5668945311320754 0.431640625 0.5610351566037736 0.4296875 0.5551757811320754
9 0.3994140625 0.5917968754716981 0.3916015625 0.5917968754716981 0.3876953125 0.594726562264151 0.384765625 0.5991210933962264 0.3828125 0.6049804688679246 0.3828125 0.6225585933962264 0.3857421875 0.6269531245283019 0.3876953125 0.6269531245283019 0.4033203125 0.609375 0.40625 0.6049804688679246 0.40625 0.5991210933962264 0.3994140625 0.5917968754716981
9 0.66796875 0.6372070311320754 0.654296875 0.5991210933962264 0.6533203125 0.59765625 0.650390625 0.6020507811320754 0.64453125 0.6196289066037736 0.64453125 0.6284179688679246 0.646484375 0.6342773433962264 0.6533203125 0.64453125 0.6591796875 0.647460937735849 0.6669921875 0.64453125 0.66796875 0.6430664066037736 0.66796875 0.6372070311320754
9 0.5 0.2504882811320755 0.4931640625 0.24023437452830187 0.4833984375 0.234375 0.482421875 0.2358398433962264 0.4765625 0.2475585933962264 0.4765625 0.2504882811320755 0.484375 0.2827148433962264 0.4853515625 0.28417968773584906 0.4892578125 0.28417968773584906 0.498046875 0.2709960933962264 0.5 0.2651367188679245 0.5 0.2504882811320755
1 0.6884765625 0.2636718754716981 0.6787109375 0.26660156226415094 0.6728515625 0.27246093773584906 0.669921875 0.2768554688679245 0.66796875 0.2827148433962264 0.66796875 0.2973632811320755 0.6748046875 0.30761718773584906 0.7021484375 0.30761718773584906 0.703125 0.3061523433962264 0.701171875 0.2768554688679245 0.6943359375 0.26660156226415094 0.6884765625 0.2636718754716981
1 0.6220703125 0.3457031245283019 0.6162109375 0.34277343773584906 0.5888671875 0.33691406226415094 0.5859375 0.3413085933962264 0.583984375 0.3471679688679245 0.583984375 0.3647460933962264 0.5888671875 0.37207031226415094 0.6064453125 0.375 0.6162109375 0.3691406245283019 0.626953125 0.3559570311320755 0.626953125 0.3530273433962264 0.6220703125 0.3457031245283019
1 0.400390625 0.2856445311320755 0.3984375 0.2797851566037736 0.3935546875 0.27246093773584906 0.3896484375 0.26953125 0.3779296875 0.26953125 0.3740234375 0.27246093773584906 0.3671875 0.2827148433962264 0.3671875 0.2973632811320755 0.3681640625 0.2988281245283019 0.3916015625 0.30175781226415094 0.3974609375 0.30175781226415094 0.3984375 0.3002929688679245 0.400390625 0.2944335933962264 0.400390625 0.2856445311320755
1 0.419921875 0.4116210933962264 0.4169921875 0.40722656226415094 0.4091796875 0.40722656226415094 0.3837890625 0.43359375 0.3828125 0.4350585933962264 0.3955078125 0.45410156226415094 0.4091796875 0.45410156226415094 0.4130859375 0.4511718745283019 0.419921875 0.4409179688679245 0.421875 0.4350585933962264 0.421875 0.4174804688679245 0.419921875 0.4116210933962264
20 0.33984375 0.2915039066037736 0.33984375 0.2827148433962264 0.3154296875 0.24609375 0.3076171875 0.24023437452830187 0.3017578125 0.24023437452830187 0.2978515625 0.2431640622641509 0.294921875 0.2475585933962264 0.29296875 0.2534179688679245 0.294921875 0.2651367188679245 0.2978515625 0.26953125 0.3134765625 0.2871093754716981 0.3251953125 0.2988281245283019 0.3330078125 0.2988281245283019 0.3369140625 0.29589843773584906 0.33984375 0.2915039066037736
20 0.484375 0.5844726566037736 0.4814453125 0.5800781245283019 0.4716796875 0.5859375 0.462890625 0.6049804688679246 0.4609375 0.6108398433962264 0.4609375 0.6196289066037736 0.48046875 0.6665039066037736 0.4814453125 0.66796875 0.4833984375 0.66796875 0.5 0.6372070311320754 0.5 0.6284179688679246 0.484375 0.5844726566037736
20 0.59765625 0.6020507811320754 0.5791015625 0.5625 0.576171875 0.5668945311320754 0.57421875 0.5727539066037736 0.568359375 0.6254882811320754 0.5693359375 0.6269531245283019 0.5732421875 0.6269531245283019 0.5927734375 0.624023437735849 0.5966796875 0.62109375 0.599609375 0.6166992188679246 0.599609375 0.6079101566037736 0.59765625 0.6020507811320754
20 0.369140625 0.5932617188679246 0.3681640625 0.5917968754716981 0.3662109375 0.5917968754716981 0.3427734375 0.606445312264151 0.3359375 0.6137695311320754 0.333984375 0.6196289066037736 0.333984375 0.6430664066037736 0.3388671875 0.6503906245283019 0.3466796875 0.653320312264151 0.3505859375 0.6503906245283019 0.35546875 0.6430664066037736 0.365234375 0.6225585933962264 0.369140625 0.5932617188679246
9 0.48046875 0.4672851566037736 0.48046875 0.4526367188679245 0.4736328125 0.44238281226415094 0.4697265625 0.4394531245283019 0.4599609375 0.4394531245283019 0.45703125 0.4438476566037736 0.45703125 0.4467773433962264 0.46484375 0.4760742188679245 0.4697265625 0.48046875 0.4716796875 0.48046875 0.4755859375 0.47753906226415094 0.478515625 0.4731445311320755 0.48046875 0.4672851566037736
18 0.5791015625 0.25488281226415094 0.580078125 0.2534179688679245 0.580078125 0.2329101566037736 0.5771484375 0.22851562452830187 0.5712890625 0.22265625 0.5537109375 0.21679687452830187 0.5361328125 0.21679687452830187 0.53515625 0.21826171886792453 0.53125 0.22705078113207547 0.53125 0.2358398433962264 0.533203125 0.2416992188679245 0.5380859375 0.2490234377358491 0.5478515625 0.25488281226415094 0.5576171875 0.2578125 0.5732421875 0.2578125 0.5791015625 0.25488281226415094
18 0.6962890625 0.530273437735849 0.712890625 0.5083007811320754 0.708984375 0.4584960933962264 0.7060546875 0.45410156226415094 0.6943359375 0.44824218773584906 0.6767578125 0.44824218773584906 0.6689453125 0.45703125 0.662109375 0.4702148433962264 0.66015625 0.4760742188679245 0.66015625 0.5053710933962264 0.662109375 0.5141601566037736 0.6669921875 0.524414062264151 0.6748046875 0.530273437735849 0.6806640625 0.5332031245283019 0.6865234375 0.5332031245283019 0.6962890625 0.530273437735849
18 0.345703125 0.3823242188679245 0.345703125 0.3793945311320755 0.3408203125 0.37207031226415094 0.3310546875 0.37207031226415094 0.318359375 0.3911132811320755 0.31640625 0.3999023433962264 0.314453125 0.4116210933962264 0.314453125 0.4262695311320755 0.31640625 0.4321289066037736 0.3193359375 0.43652343773584906 0.3271484375 0.43652343773584906 0.330078125 0.4321289066037736 0.3359375 0.4174804688679245 0.345703125 0.3823242188679245
15 0.60546875 0.4584960933962264 0.60546875 0.4438476566037736 0.6005859375 0.4394531245283019 0.5966796875 0.4394531245283019 0.5859375 0.4555664066037736 0.5859375 0.4672851566037736 0.587890625 0.4760742188679245 0.59375 0.4907226566037736 0.5966796875 0.495117187735849 0.5986328125 0.495117187735849 0.6015625 0.48779296886792456 0.60546875 0.4584960933962264
14 0.5205078125 0.500976562264151 0.51953125 0.5024414066037736 0.51953125 0.5141601566037736 0.5205078125 0.515625 0.5400390625 0.515625 0.54296875 0.5112304688679246 0.5380859375 0.50390625 0.5302734375 0.500976562264151 0.5205078125 0.500976562264151
14 0.5126953125 0.36328125 0.4951171875 0.3515625 0.4931640625 0.3515625 0.4921875 0.3530273433962264 0.490234375 0.3588867188679245 0.490234375 0.3647460933962264 0.4951171875 0.37207031226415094 0.5087890625 0.37792968773584906 0.5126953125 0.37792968773584906 0.513671875 0.3764648433962264 0.513671875 0.3647460933962264 0.5126953125 0.36328125
14 0.4013671875 0.35449218773584906 0.3955078125 0.35449218773584906 0.3837890625 0.3574218754716981 0.380859375 0.3618164066037736 0.380859375 0.3735351566037736 0.3857421875 0.3808593754716981 0.4033203125 0.3808593754716981 0.40625 0.3764648433962264 0.408203125 0.3676757811320755 0.40625 0.3618164066037736 0.4013671875 0.35449218773584906
14 0.3212890625 0.37207031226415094 0.3173828125 0.375 0.314453125 0.3793945311320755 0.310546875 0.3881835933962264 0.310546875 0.3969726566037736 0.3134765625 0.40136718773584906 0.3154296875 0.40136718773584906 0.328125 0.3793945311320755 0.328125 0.3735351566037736 0.3271484375 0.37207031226415094 0.3212890625 0.37207031226415094
13 0.2802734375 0.375 0.279296875 0.3764648433962264 0.279296875 0.3793945311320755 0.2841796875 0.38671875 0.2880859375 0.38671875 0.2890625 0.3852539066037736 0.2861328125 0.37792968773584906 0.2822265625 0.375 0.2802734375 0.375
13 0.5576171875 0.41015625 0.5537109375 0.41015625 0.55078125 0.4145507811320755 0.544921875 0.4291992188679245 0.541015625 0.4409179688679245 0.541015625 0.4438476566037736 0.5439453125 0.44824218773584906 0.5498046875 0.44824218773584906 0.552734375 0.4438476566037736 0.55859375 0.4204101566037736 0.55859375 0.4116210933962264 0.5576171875 0.41015625