21 0.72265625 0.6606445311320754 0.724609375 0.6489257811320754 0.724609375 0.6430664066037736 0.72265625 0.6313476566037736 0.720703125 0.6254882811320754 0.7080078125 0.606445312264151 0.6962890625 0.600585937735849 0.6865234375 0.59765625 0.6728515625 0.606445312264151 0.666015625 0.6166992188679246 0.662109375 0.6284179688679246 0.662109375 0.6518554688679246 0.6650390625 0.65625 0.6689453125 0.659179687735849 0.7119140625 0.6796875 0.7138671875 0.6796875 0.71875 0.6723632811320754 0.72265625 0.6606445311320754
21 0.525390625 0.3969726566037736 0.525390625 0.3911132811320755 0.51953125 0.3413085933962264 0.515625 0.3295898433962264 0.5126953125 0.32519531226415094 0.5087890625 0.3222656245283019 0.5009765625 0.3222656245283019 0.494140625 0.3325195311320755 0.494140625 0.3676757811320755 0.49609375 0.3911132811320755 0.498046875 0.3999023433962264 0.5068359375 0.41308593773584906 0.5146484375 0.41015625 0.5224609375 0.4042968745283019 0.525390625 0.3969726566037736
21 0.4833984375 0.559570312264151 0.4931640625 0.559570312264151 0.498046875 0.5522460933962264 0.5 0.5434570311320754 0.5 0.5375976566037736 0.49609375 0.5258789066037736 0.4736328125 0.4921875 0.4638671875 0.483398437735849 0.4501953125 0.483398437735849 0.44921875 0.48486328113207544 0.4453125 0.4936523433962264 0.4453125 0.49658203113207544 0.447265625 0.5083007811320754 0.44921875 0.5141601566037736 0.455078125 0.5258789066037736 0.4736328125 0.55078125 0.4794921875 0.5566406245283019 0.4833984375 0.559570312264151
21 0.423828125 0.5405273433962264 0.423828125 0.5200195311320754 0.421875 0.5141601566037736 0.4169921875 0.506835937735849 0.4111328125 0.500976562264151 0.4013671875 0.500976562264151 0.3974609375 0.50390625 0.39453125 0.5083007811320754 0.392578125 0.5141601566037736 0.392578125 0.5288085933962264 0.400390625 0.5434570311320754 0.4091796875 0.553710937735849 0.4150390625 0.553710937735849 0.4189453125 0.55078125 0.421875 0.5463867188679246 0.423828125 0.5405273433962264
21 0.439453125 0.4614257811320755 0.435546875 0.4497070311320755 0.4287109375 0.44238281226415094 0.4208984375 0.43652343773584906 0.4150390625 0.43652343773584906 0.4091796875 0.4394531245283019 0.3955078125 0.45703125 0.39453125 0.4584960933962264 0.39453125 0.4614257811320755 0.3994140625 0.46875 0.4033203125 0.47167968773584906 0.4306640625 0.48046875 0.4345703125 0.48046875 0.439453125 0.4672851566037736 0.439453125 0.4614257811320755
3 0.560546875 0.6606445311320754 0.552734375 0.6342773433962264 0.5478515625 0.6269531245283019 0.5400390625 0.618164062264151 0.5283203125 0.6152343754716981 0.5263671875 0.6152343754716981 0.525390625 0.6166992188679246 0.5234375 0.6225585933962264 0.5234375 0.6254882811320754 0.52734375 0.6489257811320754 0.533203125 0.6635742188679246 0.5341796875 0.665039062264151 0.5576171875 0.670898437735849 0.560546875 0.6665039066037736 0.560546875 0.6606445311320754
3 0.3544921875 0.38378906226415094 0.2958984375 0.41308593773584906 0.294921875 0.4145507811320755 0.337890625 0.4819335933962264 0.3486328125 0.495117187735849 0.3544921875 0.4980468754716982 0.3681640625 0.4980468754716982 0.3828125 0.4790039066037736 0.359375 0.3911132811320755 0.3544921875 0.38378906226415094
21 0.421875 0.6987304688679246 0.44921875 0.6372070311320754 0.44921875 0.6020507811320754 0.4462890625 0.59765625 0.4072265625 0.588867187735849 0.4033203125 0.588867187735849 0.3818359375 0.5917968754716981 0.3740234375 0.59765625 0.3671875 0.6079101566037736 0.365234375 0.6137695311320754 0.365234375 0.6577148433962264 0.37109375 0.6752929688679246 0.3876953125 0.700195312264151 0.4033203125 0.711914062264151 0.4052734375 0.711914062264151 0.4189453125 0.703125 0.421875 0.6987304688679246
20 0.25390625 0.4643554688679245 0.2353515625 0.4453125 0.2314453125 0.4453125 0.23046875 0.4467773433962264 0.228515625 0.4555664066037736 0.220703125 0.49658203113207544 0.220703125 0.5200195311320754 0.2216796875 0.5214843754716981 0.2353515625 0.524414062264151 0.2451171875 0.524414062264151 0.248046875 0.5200195311320754 0.25 0.5141601566037736 0.25390625 0.4643554688679245
14 0.4697265625 0.6328125 0.46875 0.6342773433962264 0.466796875 0.6723632811320754 0.4697265625 0.676757812264151 0.4736328125 0.6738281245283019 0.4765625 0.6694335933962264 0.48046875 0.6547851566037736 0.478515625 0.6401367188679246 0.4736328125 0.6328125 0.4697265625 0.6328125
14 0.6923828125 0.524414062264151 0.6884765625 0.524414062264151 0.68359375 0.5317382811320754 0.697265625 0.5581054688679246 0.6982421875 0.559570312264151 0.7001953125 0.559570312264151 0.705078125 0.5522460933962264 0.70703125 0.5463867188679246 0.70703125 0.5405273433962264 0.6923828125 0.524414062264151
14 0.6943359375 0.4746093745283019 0.6904296875 0.47753906226415094 0.685546875 0.48486328113207544 0.685546875 0.4936523433962264 0.6904296875 0.500976562264151 0.7080078125 0.489257812264151 0.7109375 0.48486328113207544 0.7109375 0.4819335933962264 0.7060546875 0.4746093745283019 0.6943359375 0.4746093745283019
14 0.3095703125 0.7324218754716981 0.2978515625 0.723632812264151 0.2919921875 0.723632812264151 0.287109375 0.7309570311320754 0.2890625 0.7368164066037736 0.2919921875 0.741210937735849 0.2998046875 0.747070312264151 0.3056640625 0.747070312264151 0.310546875 0.7426757811320754 0.310546875 0.7338867188679246 0.3095703125 0.7324218754716981
14 0.3388671875 0.536132812264151 0.3193359375 0.5449218754716981 0.318359375 0.5463867188679246 0.31640625 0.5610351566037736 0.3212890625 0.5683593754716981 0.3251953125 0.5683593754716981 0.3369140625 0.565429687735849 0.337890625 0.5639648433962264 0.341796875 0.5493164066037736 0.341796875 0.5405273433962264 0.3388671875 0.536132812264151
14 0.3232421875 0.618164062264151 0.3212890625 0.618164062264151 0.318359375 0.6225585933962264 0.318359375 0.6284179688679246 0.32421875 0.6518554688679246 0.3251953125 0.653320312264151 0.3271484375 0.653320312264151 0.33203125 0.6489257811320754 0.333984375 0.6342773433962264 0.3232421875 0.618164062264151
14 0.2978515625 0.24609375 0.2919921875 0.24609375 0.2861328125 0.2519531245283019 0.283203125 0.2563476566037736 0.283203125 0.2709960933962264 0.2841796875 0.27246093773584906 0.2919921875 0.2753906245283019 0.296875 0.2680664066037736 0.30078125 0.2592773433962264 0.30078125 0.2504882811320755 0.2978515625 0.24609375
14 0.439453125 0.3032226566037736 0.43359375 0.3266601566037736 0.43359375 0.3325195311320755 0.4365234375 0.33691406226415094 0.4423828125 0.33691406226415094 0.447265625 0.3237304688679245 0.447265625 0.3061523433962264 0.4423828125 0.2988281245283019 0.439453125 0.3032226566037736
14 0.458984375 0.2768554688679245 0.4580078125 0.2753906245283019 0.4560546875 0.2753906245283019 0.451171875 0.2827148433962264 0.451171875 0.2944335933962264 0.4541015625 0.2988281245283019 0.4619140625 0.3046875 0.4638671875 0.3046875 0.466796875 0.3002929688679245 0.466796875 0.2915039066037736 0.458984375 0.2768554688679245
14 0.5556640625 0.27832031226415094 0.5400390625 0.27246093773584906 0.537109375 0.2768554688679245 0.537109375 0.2827148433962264 0.5390625 0.2885742188679245 0.5498046875 0.30175781226415094 0.5537109375 0.30175781226415094 0.55859375 0.2885742188679245 0.55859375 0.2827148433962264 0.5556640625 0.27832031226415094
7 0.310546875 0.3442382811320755 0.30078125 0.3178710933962264 0.2978515625 0.31347656226415094 0.2705078125 0.3339843754716981 0.2392578125 0.375 0.232421875 0.3852539066037736 0.232421875 0.3999023433962264 0.2353515625 0.4042968745283019 0.2431640625 0.4042968745283019 0.2626953125 0.3984375 0.3095703125 0.34863281226415094 0.310546875 0.3471679688679245 0.310546875 0.3442382811320755
9 0.3203125 0.2329101566037736 0.3154296875 0.22558593773584906 0.3115234375 0.22558593773584906 0.30859375 0.22998046886792453 0.30859375 0.2416992188679245 0.310546875 0.2475585933962264 0.3154296875 0.25488281226415094 0.3193359375 0.25488281226415094 0.322265625 0.2504882811320755 0.322265625 0.23876953113207547 0.3203125 0.2329101566037736
9 0.3505859375 0.17285156226415094 0.3447265625 0.17285156226415094 0.341796875 0.1772460933962264 0.33984375 0.18310546886792453 0.33984375 0.1977539066037736 0.3427734375 0.20214843773584906 0.3466796875 0.20214843773584906 0.3515625 0.19482421886792453 0.353515625 0.1889648433962264 0.353515625 0.1772460933962264 0.3505859375 0.17285156226415094
9 0.396484375 0.17138671886792453 0.392578125 0.15966796886792453 0.3876953125 0.15234375 0.3779296875 0.14648437547169813 0.3701171875 0.14648437547169813 0.369140625 0.14794921886792453 0.37109375 0.1625976566037736 0.373046875 0.16845703113207547 0.3759765625 0.17285156226415094 0.3818359375 0.17871093773584906 0.3955078125 0.17871093773584906 0.396484375 0.1772460933962264 0.396484375 0.17138671886792453
9 0.4541015625 0.12304687547169811 0.4482421875 0.12011718773584906 0.4365234375 0.12011718773584906 0.431640625 0.1274414066037736 0.431640625 0.1303710933962264 0.4345703125 0.13476562452830187 0.4384765625 0.13769531226415094 0.4541015625 0.13769531226415094 0.45703125 0.13330078113207547 0.45703125 0.1274414066037736 0.4541015625 0.12304687547169811
9 0.4462890625 0.15527343773584906 0.443359375 0.15966796886792453 0.443359375 0.16845703113207547 0.4462890625 0.17285156226415094 0.4599609375 0.18457031226415094 0.462890625 0.18017578113207547 0.462890625 0.17138671886792453 0.4541015625 0.15527343773584906 0.4462890625 0.15527343773584906
9 0.5068359375 0.13183593773584906 0.5009765625 0.12890625 0.4931640625 0.12890625 0.490234375 0.13330078113207547 0.490234375 0.1391601566037736 0.4951171875 0.14648437547169813 0.5029296875 0.15234375 0.5068359375 0.15234375 0.509765625 0.14794921886792453 0.51171875 0.1391601566037736 0.5068359375 0.13183593773584906
9 0.5400390625 0.13476562452830187 0.5390625 0.13623046886792453 0.537109375 0.14794921886792453 0.537109375 0.15966796886792453 0.5419921875 0.1640625 0.5458984375 0.1640625 0.548828125 0.15966796886792453 0.548828125 0.13623046886792453 0.5478515625 0.13476562452830187 0.5400390625 0.13476562452830187
9 0.5087890625 0.20214843773584906 0.50390625 0.2094726566037736 0.50390625 0.22705078113207547 0.5068359375 0.23144531226415094 0.5087890625 0.23144531226415094 0.517578125 0.21533203113207547 0.517578125 0.20654296886792453 0.5146484375 0.20214843773584906 0.5087890625 0.20214843773584906
9 0.50390625 0.2416992188679245 0.4990234375 0.234375 0.4951171875 0.23144531226415094 0.4931640625 0.23144531226415094 0.490234375 0.2358398433962264 0.4921875 0.2534179688679245 0.494140625 0.2592773433962264 0.4990234375 0.2636718754716981 0.501953125 0.2592773433962264 0.505859375 0.2504882811320755 0.505859375 0.2475585933962264 0.50390625 0.2416992188679245
9 0.5361328125 0.21679687452830187 0.533203125 0.2211914066037736 0.529296875 0.2329101566037736 0.529296875 0.23876953113207547 0.5322265625 0.2431640622641509 0.5341796875 0.2431640622641509 0.546875 0.22705078113207547 0.546875 0.2211914066037736 0.5439453125 0.21679687452830187 0.5361328125 0.21679687452830187
9 0.6005859375 0.22265625 0.5966796875 0.22265625 0.5859375 0.2329101566037736 0.58203125 0.2416992188679245 0.58203125 0.2446289066037736 0.5888671875 0.25488281226415094 0.6044921875 0.24609375 0.609375 0.2358398433962264 0.609375 0.22998046886792453 0.6064453125 0.22558593773584906 0.6005859375 0.22265625
9 0.671875 0.2622070311320755 0.6640625 0.2416992188679245 0.6611328125 0.23730468773584906 0.6572265625 0.234375 0.6552734375 0.234375 0.650390625 0.2416992188679245 0.650390625 0.2504882811320755 0.65234375 0.2622070311320755 0.654296875 0.2680664066037736 0.6591796875 0.2753906245283019 0.6650390625 0.2753906245283019 0.671875 0.2651367188679245 0.671875 0.2622070311320755
9 0.71484375 0.3266601566037736 0.7119140625 0.31933593773584906 0.7041015625 0.31347656226415094 0.6904296875 0.31347656226415094 0.689453125 0.3149414066037736 0.689453125 0.3208007811320755 0.6923828125 0.32519531226415094 0.7080078125 0.34277343773584906 0.7099609375 0.34277343773584906 0.712890625 0.3383789066037736 0.71484375 0.3325195311320755 0.71484375 0.3266601566037736
9 0.6376953125 0.34863281226415094 0.6337890625 0.34863281226415094 0.6298828125 0.3515625 0.623046875 0.3618164066037736 0.623046875 0.3735351566037736 0.6259765625 0.37792968773584906 0.6318359375 0.37792968773584906 0.63671875 0.3706054688679245 0.638671875 0.3647460933962264 0.638671875 0.3500976566037736 0.6376953125 0.34863281226415094
9 0.6123046875 0.30175781226415094 0.611328125 0.3032226566037736 0.609375 0.3090820311320755 0.609375 0.3266601566037736 0.6123046875 0.33105468773584906 0.6181640625 0.33105468773584906 0.623046875 0.3178710933962264 0.623046875 0.3061523433962264 0.6201171875 0.30175781226415094 0.6123046875 0.30175781226415094
9 0.5830078125 0.29003906226415094 0.5771484375 0.29003906226415094 0.57421875 0.2944335933962264 0.572265625 0.3149414066037736 0.57421875 0.3208007811320755 0.5771484375 0.32519531226415094 0.5810546875 0.32519531226415094 0.5859375 0.3208007811320755 0.587890625 0.3120117188679245 0.5859375 0.2973632811320755 0.5830078125 0.29003906226415094
9 0.591796875 0.3764648433962264 0.58984375 0.3647460933962264 0.5849609375 0.35449218773584906 0.5791015625 0.35449218773584906 0.578125 0.3559570311320755 0.57421875 0.3676757811320755 0.57421875 0.3852539066037736 0.576171875 0.3911132811320755 0.5791015625 0.39550781226415094 0.5869140625 0.39550781226415094 0.58984375 0.3911132811320755 0.591796875 0.3852539066037736 0.591796875 0.3764648433962264
9 0.654296875 0.4614257811320755 0.6455078125 0.44824218773584906 0.6298828125 0.4277343745283019 0.6279296875 0.4277343745283019 0.626953125 0.4291992188679245 0.626953125 0.4526367188679245 0.62890625 0.4584960933962264 0.6318359375 0.4628906245283019 0.6396484375 0.46875 0.6494140625 0.46875 0.654296875 0.4643554688679245 0.654296875 0.4614257811320755
9 0.5830078125 0.42480468773584906 0.5732421875 0.42480468773584906 0.572265625 0.4262695311320755 0.5703125 0.4321289066037736 0.5703125 0.4526367188679245 0.5732421875 0.45703125 0.5751953125 0.45703125 0.58203125 0.4467773433962264 0.583984375 0.4409179688679245 0.583984375 0.4262695311320755 0.5830078125 0.42480468773584906
9 0.533203125 0.4760742188679245 0.5224609375 0.45996093773584906 0.5185546875 0.45996093773584906 0.515625 0.4643554688679245 0.515625 0.4731445311320755 0.51953125 0.48486328113207544 0.5244140625 0.4921875 0.5302734375 0.4921875 0.53515625 0.48486328113207544 0.53515625 0.4819335933962264 0.533203125 0.4760742188679245
9 0.46484375 0.3823242188679245 0.46484375 0.3735351566037736 0.4609375 0.3618164066037736 0.4541015625 0.3515625 0.4482421875 0.3515625 0.447265625 0.3530273433962264 0.4453125 0.3618164066037736 0.4453125 0.3764648433962264 0.447265625 0.3852539066037736 0.4501953125 0.38964843773584906 0.4541015625 0.3925781245283019 0.4560546875 0.3925781245283019 0.4599609375 0.38964843773584906 0.46484375 0.3823242188679245
9 0.4228515625 0.36328125 0.4189453125 0.36035156226415094 0.4072265625 0.36328125 0.40234375 0.3706054688679245 0.40234375 0.3764648433962264 0.4052734375 0.3808593754716981 0.4150390625 0.38671875 0.4228515625 0.38671875 0.427734375 0.3793945311320755 0.427734375 0.3706054688679245 0.4228515625 0.36328125
9 0.3232421875 0.33691406226415094 0.3154296875 0.33105468773584906 0.3134765625 0.33105468773584906 0.310546875 0.3354492188679245 0.310546875 0.3413085933962264 0.314453125 0.3500976566037736 0.3212890625 0.36035156226415094 0.3271484375 0.36035156226415094 0.330078125 0.3530273433962264 0.330078125 0.3471679688679245 0.3232421875 0.33691406226415094
9 0.2705078125 0.4628906245283019 0.26953125 0.4643554688679245 0.26953125 0.4760742188679245 0.2724609375 0.48046875 0.2763671875 0.48046875 0.287109375 0.4584960933962264 0.2841796875 0.45410156226415094 0.2802734375 0.45410156226415094 0.2705078125 0.4628906245283019
9 0.3603515625 0.541992187735849 0.3544921875 0.541992187735849 0.3515625 0.5463867188679246 0.3515625 0.5727539066037736 0.3525390625 0.57421875 0.3564453125 0.57421875 0.361328125 0.5668945311320754 0.365234375 0.5581054688679246 0.365234375 0.5493164066037736 0.3603515625 0.541992187735849
9 0.255859375 0.6166992188679246 0.2470703125 0.6035156245283019 0.2451171875 0.6035156245283019 0.2421875 0.6079101566037736 0.23828125 0.6196289066037736 0.240234375 0.6372070311320754 0.2470703125 0.647460937735849 0.2568359375 0.6503906245283019 0.2626953125 0.6503906245283019 0.263671875 0.6489257811320754 0.263671875 0.6459960933962264 0.255859375 0.6166992188679246
9 0.3046875 0.6166992188679246 0.2998046875 0.609375 0.2939453125 0.609375 0.291015625 0.6137695311320754 0.2890625 0.6225585933962264 0.2890625 0.6342773433962264 0.2919921875 0.6386718754716981 0.2939453125 0.6386718754716981 0.2978515625 0.635742187735849 0.30078125 0.6313476566037736 0.3046875 0.6196289066037736 0.3046875 0.6166992188679246
9 0.3193359375 0.64453125 0.3056640625 0.64453125 0.3017578125 0.647460937735849 0.30078125 0.6489257811320754 0.30078125 0.6547851566037736 0.3037109375 0.659179687735849 0.3076171875 0.6621093754716981 0.3095703125 0.6621093754716981 0.3193359375 0.65625 0.322265625 0.6489257811320754 0.3193359375 0.64453125
9 0.361328125 0.7221679688679246 0.361328125 0.7133789066037736 0.357421875 0.7016601566037736 0.3505859375 0.69140625 0.3486328125 0.69140625 0.34375 0.6958007811320754 0.341796875 0.7016601566037736 0.341796875 0.7104492188679246 0.34375 0.7221679688679246 0.345703125 0.7280273433962264 0.3486328125 0.7324218754716981 0.3564453125 0.7324218754716981 0.359375 0.7280273433962264 0.361328125 0.7221679688679246
9 0.388671875 0.7368164066037736 0.3818359375 0.7265625 0.3759765625 0.7265625 0.375 0.7280273433962264 0.373046875 0.7338867188679246 0.373046875 0.7573242188679246 0.375 0.7631835933962264 0.3779296875 0.7675781245283019 0.3876953125 0.7675781245283019 0.390625 0.7631835933962264 0.390625 0.7426757811320754 0.388671875 0.7368164066037736
9 0.513671875 0.7250976566037736 0.513671875 0.7192382811320754 0.51171875 0.7133789066037736 0.5068359375 0.703125 0.5029296875 0.700195312264151 0.4951171875 0.700195312264151 0.4921875 0.7045898433962264 0.4921875 0.7104492188679246 0.494140625 0.7221679688679246 0.4970703125 0.7265625 0.5029296875 0.7324218754716981 0.5068359375 0.735351562264151 0.5087890625 0.735351562264151 0.513671875 0.7250976566037736
9 0.580078125 0.7368164066037736 0.580078125 0.7309570311320754 0.5771484375 0.7265625 0.5732421875 0.723632812264151 0.5654296875 0.723632812264151 0.5625 0.7280273433962264 0.560546875 0.7338867188679246 0.560546875 0.7456054688679246 0.5625 0.7514648433962264 0.5673828125 0.758789062264151 0.5712890625 0.758789062264151 0.5751953125 0.7558593754716981 0.578125 0.7514648433962264 0.580078125 0.7368164066037736
9 0.642578125 0.7397460933962264 0.6318359375 0.723632812264151 0.6298828125 0.723632812264151 0.62890625 0.7250976566037736 0.626953125 0.7573242188679246 0.626953125 0.7778320311320754 0.6279296875 0.7792968754716981 0.6357421875 0.776367187735849 0.640625 0.7690429688679246 0.64453125 0.7573242188679246 0.64453125 0.7456054688679246 0.642578125 0.7397460933962264
9 0.6201171875 0.647460937735849 0.6123046875 0.641601562264151 0.6044921875 0.641601562264151 0.599609375 0.6489257811320754 0.599609375 0.6635742188679246 0.6005859375 0.665039062264151 0.6064453125 0.66796875 0.6181640625 0.670898437735849 0.623046875 0.6635742188679246 0.623046875 0.6518554688679246 0.6201171875 0.647460937735849
9 0.5986328125 0.5566406245283019 0.5966796875 0.5566406245283019 0.59375 0.5610351566037736 0.59375 0.5815429688679246 0.5966796875 0.588867187735849 0.6025390625 0.588867187735849 0.607421875 0.5815429688679246 0.607421875 0.5727539066037736 0.603515625 0.5639648433962264 0.5986328125 0.5566406245283019
9 0.6787109375 0.29003906226415094 0.6748046875 0.29296875 0.669921875 0.3002929688679245 0.669921875 0.3032226566037736 0.6728515625 0.3105468754716981 0.6826171875 0.3105468754716981 0.6875 0.3032226566037736 0.6875 0.2973632811320755 0.6826171875 0.29003906226415094 0.6787109375 0.29003906226415094