27 0.6640625 0.6958007811320754 0.666015625 0.6899414066037736 0.666015625 0.6840820311320754 0.6640625 0.6782226566037736 0.6611328125 0.6738281245283019 0.5986328125 0.600585937735849 0.5947265625 0.600585937735849 0.58984375 0.6079101566037736 0.5859375 0.6196289066037736 0.57421875 0.6811523433962264 0.57421875 0.6899414066037736 0.5771484375 0.694335937735849 0.5830078125 0.6972656245283019 0.6455078125 0.7089843754716981 0.6513671875 0.7089843754716981 0.6591796875 0.703125 0.6640625 0.6958007811320754
3 0.638671875 0.4790039066037736 0.6298828125 0.47167968773584906 0.6201171875 0.47167968773584906 0.5478515625 0.500976562264151 0.544921875 0.5053710933962264 0.5458984375 0.506835937735849 0.5908203125 0.553710937735849 0.6025390625 0.55078125 0.6083984375 0.547851562264151 0.611328125 0.5434570311320754 0.638671875 0.4819335933962264 0.638671875 0.4790039066037736
15 0.4248046875 0.670898437735849 0.4365234375 0.670898437735849 0.4580078125 0.665039062264151 0.4638671875 0.6621093754716981 0.4697265625 0.65625 0.4775390625 0.647460937735849 0.48828125 0.6313476566037736 0.494140625 0.6137695311320754 0.498046875 0.5961914066037736 0.498046875 0.5786132811320754 0.49609375 0.5639648433962264 0.4921875 0.5522460933962264 0.4755859375 0.52734375 0.4638671875 0.518554687735849 0.4580078125 0.515625 0.4404296875 0.515625 0.4033203125 0.530273437735849 0.3916015625 0.5390625 0.3857421875 0.5449218754716981 0.37109375 0.5668945311320754 0.3671875 0.5815429688679246 0.3671875 0.6020507811320754 0.37109375 0.6137695311320754 0.375 0.6225585933962264 0.3935546875 0.6503906245283019 0.3994140625 0.65625 0.4111328125 0.665039062264151 0.4248046875 0.670898437735849
21 0.2216796875 0.565429687735849 0.21875 0.5698242188679246 0.21484375 0.5815429688679246 0.21484375 0.5903320311320754 0.2158203125 0.5917968754716981 0.2177734375 0.5917968754716981 0.24609375 0.5551757811320754 0.2451171875 0.553710937735849 0.2373046875 0.553710937735849 0.2216796875 0.565429687735849
21 0.330078125 0.5229492188679246 0.326171875 0.5024414066037736 0.3134765625 0.483398437735849 0.3095703125 0.48046875 0.3056640625 0.48046875 0.2900390625 0.4863281245283018 0.2822265625 0.4921875 0.2734375 0.5053710933962264 0.24609375 0.5668945311320754 0.24609375 0.5727539066037736 0.2490234375 0.577148437735849 0.3017578125 0.6152343754716981 0.3076171875 0.609375 0.314453125 0.5991210933962264 0.330078125 0.5375976566037736 0.330078125 0.5229492188679246
1 0.251953125 0.3852539066037736 0.2431640625 0.37207031226415094 0.2294921875 0.37207031226415094 0.2265625 0.3764648433962264 0.224609375 0.3823242188679245 0.224609375 0.3940429688679245 0.2412109375 0.42480468773584906 0.2490234375 0.42480468773584906 0.251953125 0.4174804688679245 0.25390625 0.4057617188679245 0.25390625 0.3911132811320755 0.251953125 0.3852539066037736
1 0.353515625 0.19482421886792453 0.3505859375 0.1875 0.3466796875 0.18457031226415094 0.3369140625 0.18457031226415094 0.3330078125 0.1875 0.328125 0.19482421886792453 0.326171875 0.20654296886792453 0.328125 0.21533203113207547 0.3349609375 0.22558593773584906 0.3427734375 0.22558593773584906 0.3486328125 0.22265625 0.349609375 0.2211914066037736 0.353515625 0.1977539066037736 0.353515625 0.19482421886792453
1 0.4482421875 0.40722656226415094 0.4326171875 0.39550781226415094 0.4150390625 0.39550781226415094 0.4111328125 0.3984375 0.40625 0.4057617188679245 0.404296875 0.4116210933962264 0.404296875 0.4233398433962264 0.40625 0.4291992188679245 0.4091796875 0.43359375 0.4423828125 0.45996093773584906 0.458984375 0.4321289066037736 0.458984375 0.4233398433962264 0.4482421875 0.40722656226415094
1 0.6171875 0.3676757811320755 0.61328125 0.3559570311320755 0.6025390625 0.33984375 0.5947265625 0.3339843754716981 0.5400390625 0.31933593773584906 0.5380859375 0.31933593773584906 0.5302734375 0.32519531226415094 0.52734375 0.3295898433962264 0.525390625 0.3354492188679245 0.525390625 0.3500976566037736 0.52734375 0.3559570311320755 0.5380859375 0.37207031226415094 0.5966796875 0.41894531226415094 0.607421875 0.4086914066037736 0.6171875 0.3823242188679245 0.6171875 0.3676757811320755
1 0.52734375 0.4204101566037736 0.52734375 0.4145507811320755 0.525390625 0.4086914066037736 0.5224609375 0.4042968745283019 0.5087890625 0.3984375 0.4931640625 0.40722656226415094 0.4921875 0.4086914066037736 0.49609375 0.4233398433962264 0.4990234375 0.4277343745283019 0.5048828125 0.43359375 0.5126953125 0.43652343773584906 0.5205078125 0.43359375 0.525390625 0.4262695311320755 0.52734375 0.4204101566037736
1 0.5546875 0.16845703113207547 0.5537109375 0.16699218773584906 0.5185546875 0.15234375 0.5068359375 0.15234375 0.50390625 0.15673828113207547 0.501953125 0.1625976566037736 0.5048828125 0.16992187547169813 0.5244140625 0.19042968773584906 0.5361328125 0.19921875 0.5458984375 0.19921875 0.5498046875 0.19628906226415094 0.5546875 0.18310546886792453 0.5546875 0.16845703113207547
1 0.5751953125 0.21386718773584906 0.5712890625 0.2109375 0.5615234375 0.2109375 0.55859375 0.21533203113207547 0.548828125 0.2329101566037736 0.5693359375 0.26660156226415094 0.5732421875 0.26660156226415094 0.580078125 0.2563476566037736 0.583984375 0.2416992188679245 0.583984375 0.22998046886792453 0.58203125 0.2241210933962264 0.5751953125 0.21386718773584906
1 0.6640625 0.3032226566037736 0.6591796875 0.29589843773584906 0.6494140625 0.29003906226415094 0.6435546875 0.29003906226415094 0.6357421875 0.29589843773584906 0.634765625 0.2973632811320755 0.634765625 0.3061523433962264 0.6416015625 0.31640625 0.6572265625 0.328125 0.6611328125 0.328125 0.666015625 0.3208007811320755 0.666015625 0.3090820311320755 0.6640625 0.3032226566037736
1 0.68359375 0.3852539066037736 0.6806640625 0.3808593754716981 0.6728515625 0.375 0.6689453125 0.375 0.6611328125 0.3808593754716981 0.6435546875 0.40136718773584906 0.640625 0.4057617188679245 0.640625 0.4086914066037736 0.6416015625 0.41015625 0.6708984375 0.42480468773584906 0.6748046875 0.421875 0.68359375 0.4086914066037736 0.685546875 0.3940429688679245 0.68359375 0.3852539066037736
9 0.2412109375 0.647460937735849 0.23828125 0.6518554688679246 0.236328125 0.6577148433962264 0.236328125 0.6723632811320754 0.2412109375 0.6796875 0.248046875 0.6694335933962264 0.251953125 0.6606445311320754 0.251953125 0.6547851566037736 0.2470703125 0.647460937735849 0.2412109375 0.647460937735849
9 0.2412109375 0.583007812264151 0.2373046875 0.583007812264151 0.232421875 0.5903320311320754 0.232421875 0.6108398433962264 0.2353515625 0.6152343754716981 0.2412109375 0.6152343754716981 0.244140625 0.6108398433962264 0.24609375 0.6049804688679246 0.24609375 0.5874023433962264 0.2412109375 0.583007812264151
9 0.359375 0.4702148433962264 0.357421875 0.4643554688679245 0.3525390625 0.45703125 0.3447265625 0.45703125 0.341796875 0.4614257811320755 0.33984375 0.4672851566037736 0.33984375 0.4731445311320755 0.345703125 0.48779296886792456 0.3505859375 0.495117187735849 0.3583984375 0.495117187735849 0.361328125 0.48779296886792456 0.361328125 0.4819335933962264 0.359375 0.4702148433962264
9 0.3798828125 0.4160156245283019 0.3759765625 0.4160156245283019 0.37109375 0.4233398433962264 0.37109375 0.4321289066037736 0.373046875 0.4379882811320755 0.3818359375 0.4453125 0.3876953125 0.4453125 0.390625 0.4379882811320755 0.38671875 0.4262695311320755 0.3798828125 0.4160156245283019
9 0.3212890625 0.3925781245283019 0.3193359375 0.3925781245283019 0.3095703125 0.3984375 0.3046875 0.4057617188679245 0.3046875 0.4116210933962264 0.3095703125 0.4160156245283019 0.3193359375 0.4160156245283019 0.3232421875 0.41308593773584906 0.326171875 0.4086914066037736 0.326171875 0.3999023433962264 0.3212890625 0.3925781245283019
9 0.3544921875 0.3515625 0.3427734375 0.3515625 0.33984375 0.3559570311320755 0.337890625 0.3618164066037736 0.33984375 0.3676757811320755 0.3427734375 0.37207031226415094 0.3525390625 0.37207031226415094 0.361328125 0.3647460933962264 0.361328125 0.3588867188679245 0.3583984375 0.35449218773584906 0.3544921875 0.3515625
9 0.3876953125 0.35449218773584906 0.3818359375 0.35449218773584906 0.376953125 0.3618164066037736 0.375 0.3676757811320755 0.375 0.3764648433962264 0.3779296875 0.3808593754716981 0.3837890625 0.3808593754716981 0.390625 0.3706054688679245 0.392578125 0.3647460933962264 0.392578125 0.3618164066037736 0.3876953125 0.35449218773584906
9 0.2978515625 0.3339843754716981 0.2900390625 0.328125 0.2841796875 0.328125 0.283203125 0.3295898433962264 0.28125 0.3354492188679245 0.28125 0.3413085933962264 0.2861328125 0.34863281226415094 0.2939453125 0.3515625 0.2998046875 0.3515625 0.302734375 0.3471679688679245 0.302734375 0.3413085933962264 0.2978515625 0.3339843754716981
9 0.3212890625 0.28417968773584906 0.31640625 0.2915039066037736 0.31640625 0.3090820311320755 0.3173828125 0.3105468754716981 0.3271484375 0.3105468754716981 0.330078125 0.3032226566037736 0.330078125 0.2915039066037736 0.3251953125 0.28417968773584906 0.3212890625 0.28417968773584906
9 0.27734375 0.2885742188679245 0.275390625 0.2827148433962264 0.2724609375 0.27832031226415094 0.2646484375 0.27832031226415094 0.259765625 0.2856445311320755 0.2578125 0.3002929688679245 0.2578125 0.3061523433962264 0.2607421875 0.31347656226415094 0.2646484375 0.31640625 0.2666015625 0.31640625 0.2734375 0.3061523433962264 0.27734375 0.2915039066037736 0.27734375 0.2885742188679245
9 0.4287109375 0.2109375 0.4267578125 0.2109375 0.4228515625 0.21386718773584906 0.419921875 0.21826171886792453 0.416015625 0.22705078113207547 0.416015625 0.2358398433962264 0.4169921875 0.23730468773584906 0.4248046875 0.23730468773584906 0.4306640625 0.23144531226415094 0.43359375 0.22705078113207547 0.43359375 0.21533203113207547 0.4287109375 0.2109375
9 0.4716796875 0.13769531226415094 0.4697265625 0.13769531226415094 0.4599609375 0.14648437547169813 0.458984375 0.14794921886792453 0.458984375 0.1860351566037736 0.4619140625 0.19042968773584906 0.4638671875 0.19042968773584906 0.47265625 0.18017578113207547 0.4765625 0.16845703113207547 0.478515625 0.1538085933962264 0.4716796875 0.13769531226415094
9 0.474609375 0.2446289066037736 0.4697265625 0.23730468773584906 0.4658203125 0.23730468773584906 0.4609375 0.2446289066037736 0.458984375 0.2622070311320755 0.4609375 0.2739257811320755 0.4658203125 0.27832031226415094 0.4697265625 0.27832031226415094 0.4736328125 0.2753906245283019 0.4765625 0.2680664066037736 0.4765625 0.2592773433962264 0.474609375 0.2446289066037736
9 0.515625 0.2534179688679245 0.5126953125 0.2490234377358491 0.5087890625 0.2490234377358491 0.50390625 0.2563476566037736 0.5 0.2739257811320755 0.5 0.2827148433962264 0.5048828125 0.29003906226415094 0.5146484375 0.29003906226415094 0.517578125 0.2856445311320755 0.51953125 0.2797851566037736 0.517578125 0.2592773433962264 0.515625 0.2534179688679245
9 0.5380859375 0.47167968773584906 0.5322265625 0.47167968773584906 0.5224609375 0.47753906226415094 0.51953125 0.4819335933962264 0.51953125 0.48486328113207544 0.5224609375 0.489257812264151 0.5263671875 0.4921875 0.5380859375 0.4921875 0.541015625 0.48779296886792456 0.541015625 0.4760742188679245 0.5380859375 0.47167968773584906
9 0.4169921875 0.30761718773584906 0.4130859375 0.30761718773584906 0.4052734375 0.31640625 0.40234375 0.3208007811320755 0.40234375 0.3295898433962264 0.4033203125 0.33105468773584906 0.4111328125 0.33105468773584906 0.4169921875 0.328125 0.421875 0.3208007811320755 0.421875 0.3149414066037736 0.4169921875 0.30761718773584906
9 0.5322265625 0.609375 0.5302734375 0.609375 0.5263671875 0.612304687735849 0.51953125 0.6254882811320754 0.517578125 0.6313476566037736 0.51953125 0.6372070311320754 0.5224609375 0.641601562264151 0.5302734375 0.641601562264151 0.533203125 0.6342773433962264 0.53515625 0.6254882811320754 0.53515625 0.6137695311320754 0.5322265625 0.609375
9 0.6572265625 0.588867187735849 0.6552734375 0.588867187735849 0.6513671875 0.5917968754716981 0.6484375 0.5961914066037736 0.6484375 0.6079101566037736 0.650390625 0.6137695311320754 0.6533203125 0.618164062264151 0.6591796875 0.618164062264151 0.662109375 0.6137695311320754 0.662109375 0.5961914066037736 0.6572265625 0.588867187735849
9 0.6748046875 0.530273437735849 0.6689453125 0.530273437735849 0.6611328125 0.536132812264151 0.658203125 0.5405273433962264 0.65625 0.5463867188679246 0.65625 0.5493164066037736 0.6611328125 0.5566406245283019 0.6669921875 0.5566406245283019 0.67578125 0.5434570311320754 0.677734375 0.5375976566037736 0.677734375 0.5346679688679246 0.6748046875 0.530273437735849