18 0.6171875 0.2211914066037736 0.6171875 0.21533203113207547 0.611328125 0.1977539066037736 0.6103515625 0.19628906226415094 0.6025390625 0.19335937547169813 0.5947265625 0.19335937547169813 0.5869140625 0.19628906226415094 0.58203125 0.20361328113207547 0.580078125 0.2094726566037736 0.5703125 0.2475585933962264 0.5732421875 0.25488281226415094 0.5791015625 0.2578125 0.5908203125 0.2578125 0.5966796875 0.25488281226415094 0.6025390625 0.2490234377358491 0.61328125 0.2329101566037736 0.6171875 0.2211914066037736
18 0.5634765625 0.30761718773584906 0.5673828125 0.3046875 0.5703125 0.2973632811320755 0.5703125 0.2856445311320755 0.5634765625 0.2753906245283019 0.5517578125 0.26660156226415094 0.5400390625 0.26074218773584906 0.5263671875 0.26074218773584906 0.521484375 0.2680664066037736 0.51953125 0.2739257811320755 0.51953125 0.2797851566037736 0.521484375 0.2856445311320755 0.5244140625 0.29003906226415094 0.5302734375 0.29589843773584906 0.5380859375 0.30175781226415094 0.5517578125 0.30761718773584906 0.5634765625 0.30761718773584906
18 0.521484375 0.3588867188679245 0.5234375 0.3530273433962264 0.5234375 0.3442382811320755 0.51953125 0.3149414066037736 0.517578125 0.3090820311320755 0.5146484375 0.3046875 0.5087890625 0.2988281245283019 0.5068359375 0.2988281245283019 0.5029296875 0.30175781226415094 0.498046875 0.3090820311320755 0.49609375 0.3149414066037736 0.49609375 0.3237304688679245 0.5 0.3442382811320755 0.505859375 0.3618164066037736 0.5107421875 0.36621093773584906 0.5146484375 0.36621093773584906 0.5185546875 0.36328125 0.521484375 0.3588867188679245
18 0.6845703125 0.3574218754716981 0.69140625 0.3471679688679245 0.693359375 0.3413085933962264 0.693359375 0.3325195311320755 0.6865234375 0.3222656245283019 0.6767578125 0.3222656245283019 0.6708984375 0.328125 0.654296875 0.3530273433962264 0.654296875 0.3676757811320755 0.6572265625 0.37207031226415094 0.6611328125 0.375 0.6650390625 0.375 0.6708984375 0.37207031226415094 0.6767578125 0.36621093773584906 0.6845703125 0.3574218754716981
18 0.7646484375 0.559570312264151 0.7685546875 0.5566406245283019 0.771484375 0.5522460933962264 0.775390625 0.5405273433962264 0.775390625 0.5288085933962264 0.7734375 0.5229492188679246 0.7666015625 0.512695312264151 0.7607421875 0.506835937735849 0.7470703125 0.500976562264151 0.7177734375 0.4921875 0.7060546875 0.4921875 0.7001953125 0.495117187735849 0.693359375 0.5053710933962264 0.689453125 0.5170898433962264 0.693359375 0.5375976566037736 0.6982421875 0.5449218754716981 0.7041015625 0.55078125 0.7099609375 0.553710937735849 0.7294921875 0.559570312264151 0.7568359375 0.5625 0.7646484375 0.559570312264151
18 0.642578125 0.4936523433962264 0.6376953125 0.4863281245283018 0.6279296875 0.47753906226415094 0.6064453125 0.47753906226415094 0.6005859375 0.483398437735849 0.59765625 0.48779296886792456 0.59375 0.49658203113207544 0.59375 0.5053710933962264 0.59765625 0.5229492188679246 0.6025390625 0.52734375 0.6416015625 0.518554687735849 0.64453125 0.5141601566037736 0.64453125 0.49951171886792456 0.642578125 0.4936523433962264
18 0.751953125 0.6635742188679246 0.75390625 0.6577148433962264 0.75390625 0.6547851566037736 0.751953125 0.6489257811320754 0.7470703125 0.641601562264151 0.7431640625 0.6386718754716981 0.7333984375 0.635742187735849 0.7158203125 0.635742187735849 0.7109375 0.6430664066037736 0.7109375 0.6547851566037736 0.7158203125 0.6621093754716981 0.7197265625 0.665039062264151 0.7373046875 0.6738281245283019 0.7431640625 0.6738281245283019 0.7470703125 0.670898437735849 0.751953125 0.6635742188679246
18 0.662109375 0.6870117188679246 0.662109375 0.6752929688679246 0.66015625 0.6694335933962264 0.6416015625 0.641601562264151 0.6337890625 0.635742187735849 0.6298828125 0.635742187735849 0.6220703125 0.641601562264151 0.62109375 0.6430664066037736 0.62109375 0.6577148433962264 0.623046875 0.6635742188679246 0.6435546875 0.694335937735849 0.6494140625 0.6972656245283019 0.6552734375 0.6972656245283019 0.66015625 0.6928710933962264 0.662109375 0.6870117188679246
18 0.423828125 0.7133789066037736 0.427734375 0.7016601566037736 0.427734375 0.6840820311320754 0.42578125 0.6782226566037736 0.4130859375 0.659179687735849 0.4091796875 0.65625 0.4033203125 0.653320312264151 0.3955078125 0.653320312264151 0.3857421875 0.65625 0.376953125 0.6694335933962264 0.376953125 0.6987304688679246 0.3828125 0.7104492188679246 0.3857421875 0.71484375 0.3974609375 0.723632812264151 0.4150390625 0.723632812264151 0.4189453125 0.7207031245283019 0.423828125 0.7133789066037736
18 0.345703125 0.7075195311320754 0.345703125 0.6928710933962264 0.34375 0.6870117188679246 0.3271484375 0.6621093754716981 0.3193359375 0.659179687735849 0.3134765625 0.6621093754716981 0.310546875 0.6665039066037736 0.310546875 0.6782226566037736 0.3125 0.6840820311320754 0.322265625 0.7016601566037736 0.3251953125 0.706054687735849 0.3330078125 0.711914062264151 0.3427734375 0.711914062264151 0.345703125 0.7075195311320754
18 0.4638671875 0.42480468773584906 0.466796875 0.4204101566037736 0.470703125 0.4086914066037736 0.47265625 0.3969726566037736 0.47265625 0.3881835933962264 0.470703125 0.3793945311320755 0.466796875 0.3706054688679245 0.4638671875 0.36621093773584906 0.4580078125 0.36035156226415094 0.4560546875 0.36035156226415094 0.4345703125 0.3808593754716981 0.4296875 0.3881835933962264 0.427734375 0.3940429688679245 0.427734375 0.4086914066037736 0.431640625 0.4204101566037736 0.4365234375 0.4277343745283019 0.4443359375 0.43359375 0.4501953125 0.43359375 0.4580078125 0.43066406226415094 0.4638671875 0.42480468773584906
9 0.44921875 0.2592773433962264 0.4462890625 0.25488281226415094 0.4384765625 0.25488281226415094 0.4169921875 0.2578125 0.4072265625 0.2636718754716981 0.4013671875 0.26953125 0.400390625 0.2709960933962264 0.400390625 0.2885742188679245 0.4072265625 0.2988281245283019 0.4130859375 0.2988281245283019 0.4404296875 0.29296875 0.4462890625 0.29003906226415094 0.447265625 0.2885742188679245 0.44921875 0.2592773433962264
9 0.5400390625 0.45703125 0.5361328125 0.45703125 0.53125 0.4614257811320755 0.529296875 0.4672851566037736 0.529296875 0.4936523433962264 0.5341796875 0.500976562264151 0.5380859375 0.500976562264151 0.541015625 0.49658203113207544 0.546875 0.4702148433962264 0.544921875 0.4643554688679245 0.5400390625 0.45703125
9 0.4560546875 0.6152343754716981 0.4501953125 0.612304687735849 0.44921875 0.6137695311320754 0.44921875 0.6196289066037736 0.451171875 0.6254882811320754 0.4560546875 0.629882812264151 0.4580078125 0.629882812264151 0.458984375 0.6284179688679246 0.458984375 0.6196289066037736 0.4560546875 0.6152343754716981
9 0.3056640625 0.6503906245283019 0.2998046875 0.647460937735849 0.2939453125 0.647460937735849 0.2890625 0.6547851566037736 0.2890625 0.6665039066037736 0.29296875 0.6811523433962264 0.2978515625 0.688476562264151 0.3017578125 0.688476562264151 0.30859375 0.6782226566037736 0.306640625 0.6518554688679246 0.3056640625 0.6503906245283019
6 0.5517578125 0.52734375 0.49609375 0.5756835933962264 0.490234375 0.6049804688679246 0.5029296875 0.6386718754716981 0.5673828125 0.577148437735849 0.576171875 0.5581054688679246 0.578125 0.5522460933962264 0.578125 0.5493164066037736 0.5537109375 0.52734375 0.5517578125 0.52734375
2 0.3662109375 0.5800781245283019 0.3720703125 0.57421875 0.3828125 0.5581054688679246 0.38671875 0.5493164066037736 0.390625 0.5346679688679246 0.392578125 0.5200195311320754 0.392578125 0.4702148433962264 0.390625 0.4555664066037736 0.38671875 0.4409179688679245 0.3701171875 0.41015625 0.3623046875 0.40136718773584906 0.3544921875 0.39550781226415094 0.3388671875 0.38964843773584906 0.3271484375 0.38671875 0.3115234375 0.38671875 0.306640625 0.3940429688679245 0.287109375 0.5200195311320754 0.2890625 0.5258789066037736 0.3046875 0.5551757811320754 0.3076171875 0.559570312264151 0.3212890625 0.57421875 0.3369140625 0.583007812264151 0.3603515625 0.583007812264151 0.3662109375 0.5800781245283019
1 0.326171875 0.4409179688679245 0.3212890625 0.43359375 0.2939453125 0.43359375 0.291015625 0.4379882811320755 0.291015625 0.4555664066037736 0.2998046875 0.46875 0.3056640625 0.47167968773584906 0.3115234375 0.47167968773584906 0.3173828125 0.46582031226415094 0.326171875 0.4526367188679245 0.326171875 0.4409179688679245
1 0.4814453125 0.44238281226415094 0.4736328125 0.43652343773584906 0.4658203125 0.43652343773584906 0.4619140625 0.4394531245283019 0.455078125 0.4497070311320755 0.451171875 0.4614257811320755 0.451171875 0.4760742188679245 0.453125 0.48486328113207544 0.4580078125 0.4921875 0.4638671875 0.495117187735849 0.4658203125 0.495117187735849 0.4921875 0.4555664066037736 0.4814453125 0.44238281226415094
1 0.61328125 0.4321289066037736 0.61328125 0.4116210933962264 0.6083984375 0.4042968745283019 0.6044921875 0.40136718773584906 0.5908203125 0.40136718773584906 0.5869140625 0.4042968745283019 0.578125 0.4174804688679245 0.576171875 0.4233398433962264 0.57421875 0.4321289066037736 0.57421875 0.4467773433962264 0.576171875 0.4526367188679245 0.5810546875 0.45996093773584906 0.5849609375 0.4628906245283019 0.5888671875 0.4628906245283019 0.5966796875 0.45703125 0.61328125 0.4321289066037736
9 0.408203125 0.20654296886792453 0.40625 0.2006835933962264 0.4033203125 0.19628906226415094 0.3994140625 0.19335937547169813 0.3955078125 0.19335937547169813 0.392578125 0.1977539066037736 0.390625 0.20361328113207547 0.390625 0.2124023433962264 0.396484375 0.22705078113207547 0.3994140625 0.23144531226415094 0.4052734375 0.23144531226415094 0.408203125 0.22705078113207547 0.41015625 0.2211914066037736 0.408203125 0.20654296886792453
13 0.3486328125 0.26660156226415094 0.3466796875 0.26660156226415094 0.34375 0.2709960933962264 0.34375 0.2739257811320755 0.345703125 0.2827148433962264 0.3466796875 0.28417968773584906 0.3486328125 0.28417968773584906 0.3515625 0.2797851566037736 0.3515625 0.2709960933962264 0.3486328125 0.26660156226415094