6 0.3046875 0.4028320311320755 0.279296875 0.3442382811320755 0.2705078125 0.33105468773584906 0.2646484375 0.328125 0.26171875 0.3325195311320755 0.25390625 0.4116210933962264 0.251953125 0.4584960933962264 0.26171875 0.4790039066037736 0.2685546875 0.489257812264151 0.2900390625 0.5097656245283019 0.29296875 0.5053710933962264 0.306640625 0.4731445311320755 0.30859375 0.4291992188679245 0.3046875 0.4028320311320755
1 0.26953125 0.49658203113207544 0.26953125 0.4907226566037736 0.2587890625 0.47167968773584906 0.2509765625 0.47167968773584906 0.2421875 0.48486328113207544 0.240234375 0.4907226566037736 0.240234375 0.5024414066037736 0.2421875 0.5083007811320754 0.2451171875 0.512695312264151 0.2509765625 0.515625 0.2529296875 0.515625 0.2646484375 0.50390625 0.26953125 0.49658203113207544
1 0.32421875 0.6137695311320754 0.32421875 0.6079101566037736 0.3203125 0.5961914066037736 0.3173828125 0.5917968754716981 0.3037109375 0.5917968754716981 0.2958984375 0.59765625 0.29296875 0.6020507811320754 0.287109375 0.6137695311320754 0.287109375 0.6284179688679246 0.2890625 0.6342773433962264 0.2919921875 0.6386718754716981 0.2958984375 0.641601562264151 0.2978515625 0.641601562264151 0.3212890625 0.618164062264151 0.32421875 0.6137695311320754
1 0.337890625 0.7368164066037736 0.3359375 0.7280273433962264 0.3330078125 0.723632812264151 0.3271484375 0.7207031245283019 0.3212890625 0.7207031245283019 0.3173828125 0.723632812264151 0.3125 0.7309570311320754 0.310546875 0.7368164066037736 0.310546875 0.7456054688679246 0.3125 0.7514648433962264 0.3173828125 0.758789062264151 0.3212890625 0.76171875 0.3330078125 0.76171875 0.337890625 0.7543945311320754 0.337890625 0.7368164066037736
1 0.46484375 0.7250976566037736 0.46484375 0.7016601566037736 0.4609375 0.6899414066037736 0.4501953125 0.6738281245283019 0.4462890625 0.670898437735849 0.4326171875 0.670898437735849 0.427734375 0.6752929688679246 0.423828125 0.6870117188679246 0.423828125 0.6899414066037736 0.439453125 0.7573242188679246 0.4404296875 0.758789062264151 0.4423828125 0.758789062264151 0.4541015625 0.747070312264151 0.4609375 0.7368164066037736 0.46484375 0.7250976566037736
1 0.560546875 0.5083007811320754 0.5498046875 0.4921875 0.5361328125 0.4921875 0.5263671875 0.500976562264151 0.525390625 0.5024414066037736 0.525390625 0.5083007811320754 0.529296875 0.5346679688679246 0.5361328125 0.5449218754716981 0.5517578125 0.5449218754716981 0.55859375 0.5346679688679246 0.560546875 0.5288085933962264 0.560546875 0.5083007811320754
3 0.5849609375 0.24023437452830187 0.58203125 0.2475585933962264 0.580078125 0.3618164066037736 0.5810546875 0.36328125 0.6396484375 0.36035156226415094 0.658203125 0.3149414066037736 0.658203125 0.3061523433962264 0.65625 0.3002929688679245 0.5947265625 0.23730468773584906 0.5849609375 0.24023437452830187
3 0.6806640625 0.4394531245283019 0.677734375 0.4438476566037736 0.63671875 0.5112304688679246 0.6376953125 0.512695312264151 0.6494140625 0.5214843754716981 0.6943359375 0.524414062264151 0.716796875 0.49658203113207544 0.716796875 0.48779296886792456 0.6884765625 0.44238281226415094 0.6806640625 0.4394531245283019
3 0.337890625 0.5375976566037736 0.330078125 0.5083007811320754 0.3271484375 0.50390625 0.3154296875 0.50390625 0.3056640625 0.515625 0.3046875 0.5170898433962264 0.3046875 0.5610351566037736 0.306640625 0.5727539066037736 0.3193359375 0.5917968754716981 0.322265625 0.5874023433962264 0.330078125 0.5698242188679246 0.337890625 0.5434570311320754 0.337890625 0.5375976566037736
20 0.4853515625 0.13769531226415094 0.4716796875 0.13183593773584906 0.4638671875 0.12890625 0.4462890625 0.12890625 0.4453125 0.1303710933962264 0.443359375 0.1860351566037736 0.4443359375 0.1875 0.4658203125 0.18457031226415094 0.4755859375 0.17578125 0.4853515625 0.1640625 0.494140625 0.1508789066037736 0.494140625 0.14794921886792453 0.4853515625 0.13769531226415094
20 0.490234375 0.2915039066037736 0.4873046875 0.28417968773584906 0.46875 0.3178710933962264 0.458984375 0.3852539066037736 0.4599609375 0.38671875 0.4619140625 0.38671875 0.5009765625 0.38378906226415094 0.501953125 0.3823242188679245 0.501953125 0.3793945311320755 0.5 0.3530273433962264 0.490234375 0.2915039066037736
20 0.4658203125 0.26660156226415094 0.4365234375 0.2490234377358491 0.4345703125 0.2490234377358491 0.4267578125 0.25488281226415094 0.41796875 0.2680664066037736 0.41796875 0.3061523433962264 0.421875 0.3178710933962264 0.4228515625 0.31933593773584906 0.4599609375 0.31347656226415094 0.4609375 0.3120117188679245 0.466796875 0.2680664066037736 0.4658203125 0.26660156226415094
20 0.37109375 0.4233398433962264 0.373046875 0.4057617188679245 0.3623046875 0.38964843773584906 0.3427734375 0.4160156245283019 0.33984375 0.4204101566037736 0.341796875 0.4321289066037736 0.3447265625 0.43652343773584906 0.3486328125 0.4394531245283019 0.3603515625 0.4394531245283019 0.3642578125 0.43652343773584906 0.369140625 0.4291992188679245 0.37109375 0.4233398433962264
20 0.623046875 0.48779296886792456 0.6220703125 0.4863281245283018 0.6103515625 0.47753906226415094 0.5947265625 0.47167968773584906 0.5908203125 0.47167968773584906 0.5869140625 0.4746093745283019 0.583984375 0.4790039066037736 0.583984375 0.48779296886792456 0.595703125 0.5141601566037736 0.5986328125 0.518554687735849 0.6083984375 0.524414062264151 0.6279296875 0.518554687735849 0.62890625 0.5170898433962264 0.623046875 0.48779296886792456
20 0.630859375 0.6958007811320754 0.6259765625 0.688476562264151 0.6220703125 0.6855468754716981 0.6142578125 0.6855468754716981 0.609375 0.6928710933962264 0.61328125 0.7456054688679246 0.6318359375 0.7675781245283019 0.6357421875 0.770507812264151 0.6416015625 0.770507812264151 0.64453125 0.7661132811320754 0.6328125 0.7016601566037736 0.630859375 0.6958007811320754
14 0.40625 0.2006835933962264 0.4033203125 0.19628906226415094 0.4013671875 0.19628906226415094 0.3798828125 0.21679687452830187 0.375 0.2241210933962264 0.375 0.22705078113207547 0.3779296875 0.234375 0.3837890625 0.24023437452830187 0.3857421875 0.24023437452830187 0.3916015625 0.234375 0.40625 0.2124023433962264 0.40625 0.2006835933962264
14 0.6240234375 0.4628906245283019 0.619140625 0.4702148433962264 0.62109375 0.48779296886792456 0.6220703125 0.489257812264151 0.6279296875 0.4921875 0.6337890625 0.4921875 0.640625 0.4819335933962264 0.6298828125 0.4628906245283019 0.6240234375 0.4628906245283019
21 0.455078125 0.5874023433962264 0.408203125 0.4936523433962264 0.4033203125 0.4863281245283018 0.3935546875 0.483398437735849 0.3916015625 0.483398437735849 0.390625 0.48486328113207544 0.375 0.5375976566037736 0.37890625 0.5786132811320754 0.38671875 0.6430664066037736 0.3876953125 0.64453125 0.4326171875 0.624023437735849 0.4365234375 0.62109375 0.44140625 0.6137695311320754 0.455078125 0.5874023433962264
21 0.4228515625 0.40722656226415094 0.4130859375 0.40722656226415094 0.4033203125 0.41308593773584906 0.396484375 0.4262695311320755 0.39453125 0.4672851566037736 0.3974609375 0.47167968773584906 0.4462890625 0.45410156226415094 0.447265625 0.4526367188679245 0.447265625 0.4497070311320755 0.4375 0.4233398433962264 0.4287109375 0.41015625 0.4228515625 0.40722656226415094
18 0.369140625 0.2739257811320755 0.369140625 0.2680664066037736 0.3642578125 0.26074218773584906 0.3466796875 0.26074218773584906 0.3369140625 0.2636718754716981 0.3291015625 0.26953125 0.322265625 0.2797851566037736 0.322265625 0.2885742188679245 0.3271484375 0.2988281245283019 0.3330078125 0.30175781226415094 0.3369140625 0.30175781226415094 0.3486328125 0.29589843773584906 0.3603515625 0.2871093754716981 0.369140625 0.2739257811320755
18 0.51171875 0.2416992188679245 0.51171875 0.2124023433962264 0.509765625 0.2006835933962264 0.5048828125 0.19335937547169813 0.4970703125 0.19335937547169813 0.490234375 0.20361328113207547 0.48828125 0.2124023433962264 0.48828125 0.23876953113207547 0.4921875 0.2534179688679245 0.498046875 0.2651367188679245 0.4990234375 0.26660156226415094 0.5009765625 0.26660156226415094 0.509765625 0.2504882811320755 0.51171875 0.2416992188679245
18 0.5546875 0.2094726566037736 0.5458984375 0.19628906226415094 0.5380859375 0.19042968773584906 0.5283203125 0.19042968773584906 0.525390625 0.19482421886792453 0.5234375 0.2006835933962264 0.5234375 0.20361328113207547 0.525390625 0.2094726566037736 0.5341796875 0.22265625 0.5419921875 0.22851562452830187 0.5498046875 0.22851562452830187 0.5546875 0.2211914066037736 0.5546875 0.2094726566037736
18 0.51953125 0.4526367188679245 0.51953125 0.4467773433962264 0.5146484375 0.4394531245283019 0.5087890625 0.43359375 0.4853515625 0.43066406226415094 0.4775390625 0.43359375 0.474609375 0.4379882811320755 0.474609375 0.4526367188679245 0.4775390625 0.45703125 0.4853515625 0.4628906245283019 0.4931640625 0.46582031226415094 0.5087890625 0.46582031226415094 0.5126953125 0.4628906245283019 0.51953125 0.4526367188679245
18 0.6328125 0.6284179688679246 0.6328125 0.6049804688679246 0.62890625 0.5932617188679246 0.625 0.5844726566037736 0.6142578125 0.5683593754716981 0.6044921875 0.559570312264151 0.5888671875 0.553710937735849 0.5849609375 0.553710937735849 0.5732421875 0.565429687735849 0.572265625 0.5668945311320754 0.580078125 0.5961914066037736 0.6005859375 0.6269531245283019 0.6083984375 0.635742187735849 0.6162109375 0.641601562264151 0.6240234375 0.641601562264151 0.630859375 0.6342773433962264 0.6328125 0.6284179688679246
18 0.525390625 0.7016601566037736 0.5234375 0.6870117188679246 0.515625 0.6606445311320754 0.5146484375 0.659179687735849 0.5048828125 0.65625 0.498046875 0.6665039066037736 0.49609375 0.6752929688679246 0.49609375 0.6840820311320754 0.498046875 0.6958007811320754 0.501953125 0.7104492188679246 0.5107421875 0.723632812264151 0.5244140625 0.723632812264151 0.525390625 0.7221679688679246 0.525390625 0.7016601566037736
18 0.576171875 0.7075195311320754 0.5712890625 0.700195312264151 0.5576171875 0.700195312264151 0.5498046875 0.703125 0.5458984375 0.706054687735849 0.541015625 0.7133789066037736 0.541015625 0.7250976566037736 0.5458984375 0.7324218754716981 0.5576171875 0.7324218754716981 0.5634765625 0.729492187735849 0.5673828125 0.7265625 0.576171875 0.7133789066037736 0.576171875 0.7075195311320754
9 0.6923828125 0.6035156245283019 0.6904296875 0.6035156245283019 0.681640625 0.6166992188679246 0.6796875 0.6254882811320754 0.6826171875 0.629882812264151 0.6865234375 0.629882812264151 0.6943359375 0.624023437735849 0.69921875 0.6166992188679246 0.69921875 0.6108398433962264 0.6962890625 0.606445312264151 0.6923828125 0.6035156245283019
9 0.5361328125 0.565429687735849 0.5244140625 0.571289062264151 0.5234375 0.5727539066037736 0.521484375 0.5844726566037736 0.5244140625 0.588867187735849 0.5400390625 0.5917968754716981 0.544921875 0.5844726566037736 0.544921875 0.5727539066037736 0.5419921875 0.5683593754716981 0.5380859375 0.565429687735849 0.5361328125 0.565429687735849
9 0.4990234375 0.565429687735849 0.4931640625 0.559570312264151 0.4873046875 0.559570312264151 0.484375 0.5639648433962264 0.482421875 0.5698242188679246 0.484375 0.5756835933962264 0.4873046875 0.5800781245283019 0.4970703125 0.583007812264151 0.5009765625 0.583007812264151 0.50390625 0.5786132811320754 0.50390625 0.5727539066037736 0.4990234375 0.565429687735849
7 0.548828125 0.4028320311320755 0.55078125 0.3911132811320755 0.55078125 0.3793945311320755 0.544921875 0.3413085933962264 0.53125 0.3178710933962264 0.5224609375 0.3046875 0.5185546875 0.3046875 0.517578125 0.3061523433962264 0.494140625 0.3911132811320755 0.5009765625 0.40136718773584906 0.5146484375 0.4160156245283019 0.5224609375 0.41894531226415094 0.5341796875 0.41894531226415094 0.5439453125 0.41308593773584906 0.546875 0.4086914066037736 0.548828125 0.4028320311320755