18 0.37109375 0.2094726566037736 0.3662109375 0.20507812452830187 0.3525390625 0.20507812452830187 0.3447265625 0.2109375 0.341796875 0.21533203113207547 0.337890625 0.22705078113207547 0.337890625 0.2416992188679245 0.3388671875 0.2431640622641509 0.3466796875 0.2431640622641509 0.3740234375 0.22851562452830187 0.375 0.22705078113207547 0.375 0.2241210933962264 0.37109375 0.2094726566037736
1 0.595703125 0.20654296886792453 0.595703125 0.19189453113207547 0.59375 0.1860351566037736 0.5888671875 0.17871093773584906 0.5830078125 0.17285156226415094 0.5751953125 0.17285156226415094 0.57421875 0.1743164066037736 0.564453125 0.2094726566037736 0.564453125 0.21533203113207547 0.5693359375 0.22265625 0.5732421875 0.22558593773584906 0.5791015625 0.22558593773584906 0.5888671875 0.21972656226415094 0.59375 0.2124023433962264 0.595703125 0.20654296886792453
9 0.6796875 0.22705078113207547 0.6796875 0.21826171886792453 0.67578125 0.2094726566037736 0.6650390625 0.19921875 0.6416015625 0.19335937547169813 0.640625 0.19482421886792453 0.640625 0.2006835933962264 0.64453125 0.2124023433962264 0.65234375 0.22705078113207547 0.6591796875 0.23730468773584906 0.6630859375 0.24023437452830187 0.6708984375 0.24023437452830187 0.6796875 0.22705078113207547
6 0.75390625 0.3061523433962264 0.751953125 0.2973632811320755 0.7490234375 0.29296875 0.7275390625 0.26953125 0.7236328125 0.26953125 0.6845703125 0.30175781226415094 0.6396484375 0.34277343773584906 0.62890625 0.3618164066037736 0.626953125 0.3735351566037736 0.6318359375 0.37792968773584906 0.6982421875 0.39550781226415094 0.7099609375 0.38671875 0.740234375 0.3530273433962264 0.744140625 0.3442382811320755 0.75390625 0.3120117188679245 0.75390625 0.3061523433962264
14 0.5888671875 0.26953125 0.5849609375 0.26953125 0.583984375 0.2709960933962264 0.583984375 0.2797851566037736 0.5859375 0.3120117188679245 0.5869140625 0.31347656226415094 0.5927734375 0.31347656226415094 0.59375 0.3120117188679245 0.59765625 0.2827148433962264 0.5888671875 0.26953125
9 0.5087890625 0.234375 0.4970703125 0.23730468773584906 0.4892578125 0.2431640622641509 0.486328125 0.2475585933962264 0.486328125 0.2592773433962264 0.4931640625 0.26953125 0.4970703125 0.26953125 0.513671875 0.2563476566037736 0.513671875 0.2475585933962264 0.51171875 0.23876953113207547 0.5087890625 0.234375
9 0.4287109375 0.3046875 0.4267578125 0.3046875 0.421875 0.3090820311320755 0.419921875 0.3149414066037736 0.419921875 0.3237304688679245 0.4208984375 0.32519531226415094 0.4248046875 0.32519531226415094 0.4287109375 0.3222656245283019 0.431640625 0.3178710933962264 0.431640625 0.3090820311320755 0.4287109375 0.3046875
1 0.28515625 0.3940429688679245 0.28515625 0.3793945311320755 0.2802734375 0.37207031226415094 0.2744140625 0.37207031226415094 0.2412109375 0.37792968773584906 0.23828125 0.3823242188679245 0.23828125 0.4028320311320755 0.2431640625 0.41308593773584906 0.2509765625 0.41894531226415094 0.2666015625 0.41894531226415094 0.2744140625 0.41308593773584906 0.283203125 0.3999023433962264 0.28515625 0.3940429688679245
2 0.4560546875 0.46582031226415094 0.458984375 0.4614257811320755 0.458984375 0.4526367188679245 0.453125 0.4350585933962264 0.4375 0.3969726566037736 0.43359375 0.3881835933962264 0.4306640625 0.38378906226415094 0.3994140625 0.36621093773584906 0.3857421875 0.36328125 0.3759765625 0.36328125 0.3681640625 0.3691406245283019 0.3466796875 0.39550781226415094 0.333984375 0.4174804688679245 0.326171875 0.4350585933962264 0.318359375 0.4555664066037736 0.30859375 0.49658203113207544 0.306640625 0.5112304688679246 0.3046875 0.5346679688679246 0.3046875 0.5522460933962264 0.306640625 0.5581054688679246 0.3115234375 0.565429687735849 0.3154296875 0.5683593754716981 0.3193359375 0.5683593754716981 0.4501953125 0.47167968773584906 0.4560546875 0.46582031226415094
6 0.6240234375 0.46582031226415094 0.62890625 0.4584960933962264 0.62890625 0.4526367188679245 0.6220703125 0.44238281226415094 0.5908203125 0.41015625 0.5068359375 0.4042968745283019 0.4921875 0.4233398433962264 0.490234375 0.4291992188679245 0.490234375 0.4526367188679245 0.4921875 0.4614257811320755 0.4951171875 0.46582031226415094 0.5556640625 0.5097656245283019 0.5771484375 0.515625 0.5810546875 0.512695312264151 0.6240234375 0.46582031226415094
6 0.5751953125 0.5917968754716981 0.5634765625 0.5800781245283019 0.5595703125 0.577148437735849 0.5146484375 0.553710937735849 0.5126953125 0.553710937735849 0.4658203125 0.59765625 0.447265625 0.6254882811320754 0.447265625 0.6313476566037736 0.4560546875 0.647460937735849 0.5478515625 0.6621093754716981 0.5537109375 0.6621093754716981 0.580078125 0.6137695311320754 0.580078125 0.5991210933962264 0.5751953125 0.5917968754716981
9 0.42578125 0.5727539066037736 0.4189453125 0.5625 0.4091796875 0.5566406245283019 0.4072265625 0.5566406245283019 0.4033203125 0.559570312264151 0.400390625 0.5639648433962264 0.400390625 0.5756835933962264 0.4033203125 0.583007812264151 0.4150390625 0.5917968754716981 0.4228515625 0.5917968754716981 0.427734375 0.5874023433962264 0.427734375 0.5786132811320754 0.42578125 0.5727539066037736
9 0.7939453125 0.5097656245283019 0.8056640625 0.50390625 0.810546875 0.49658203113207544 0.8095703125 0.495117187735849 0.7666015625 0.46875 0.7646484375 0.46875 0.76171875 0.4731445311320755 0.76171875 0.48486328113207544 0.763671875 0.4936523433962264 0.7685546875 0.500976562264151 0.7763671875 0.5097656245283019 0.7822265625 0.512695312264151 0.7861328125 0.512695312264151 0.7939453125 0.5097656245283019
9 0.7255859375 0.5800781245283019 0.7099609375 0.583007812264151 0.70703125 0.5874023433962264 0.70703125 0.5961914066037736 0.7119140625 0.6035156245283019 0.7197265625 0.600585937735849 0.7236328125 0.59765625 0.7265625 0.5932617188679246 0.7265625 0.5815429688679246 0.7255859375 0.5800781245283019
14 0.74609375 0.7690429688679246 0.7431640625 0.764648437735849 0.7333984375 0.758789062264151 0.7255859375 0.76171875 0.7216796875 0.764648437735849 0.71875 0.7690429688679246 0.71875 0.7719726566037736 0.720703125 0.7778320311320754 0.7236328125 0.782226562264151 0.7314453125 0.78515625 0.7373046875 0.78515625 0.74609375 0.7749023433962264 0.74609375 0.7690429688679246
18 0.2734375 0.6079101566037736 0.2685546875 0.600585937735849 0.2666015625 0.600585937735849 0.26171875 0.6049804688679246 0.255859375 0.6225585933962264 0.25390625 0.6313476566037736 0.25390625 0.6635742188679246 0.2548828125 0.665039062264151 0.2626953125 0.665039062264151 0.267578125 0.6577148433962264 0.2734375 0.6284179688679246 0.275390625 0.6137695311320754 0.2734375 0.6079101566037736
14 0.40234375 0.6752929688679246 0.3994140625 0.670898437735849 0.3916015625 0.665039062264151 0.3779296875 0.665039062264151 0.373046875 0.6723632811320754 0.373046875 0.6811523433962264 0.375 0.6870117188679246 0.3779296875 0.69140625 0.3818359375 0.694335937735849 0.3935546875 0.694335937735849 0.40234375 0.6811523433962264 0.40234375 0.6752929688679246
9 0.42578125 0.7250976566037736 0.4208984375 0.717773437735849 0.4169921875 0.71484375 0.4150390625 0.71484375 0.4111328125 0.717773437735849 0.404296875 0.7280273433962264 0.40234375 0.7456054688679246 0.40234375 0.7514648433962264 0.404296875 0.7573242188679246 0.4072265625 0.76171875 0.4150390625 0.76171875 0.419921875 0.7543945311320754 0.42578125 0.7397460933962264 0.42578125 0.7250976566037736