15 0.2294921875 0.5390625 0.2451171875 0.5390625 0.2509765625 0.536132812264151 0.2587890625 0.530273437735849 0.2666015625 0.5214843754716981 0.306640625 0.4526367188679245 0.3125 0.4350585933962264 0.314453125 0.4262695311320755 0.31640625 0.4145507811320755 0.31640625 0.4057617188679245 0.310546875 0.3881835933962264 0.3056640625 0.3808593754716981 0.2998046875 0.375 0.2802734375 0.36328125 0.2626953125 0.3574218754716981 0.2392578125 0.3574218754716981 0.2236328125 0.36328125 0.2041015625 0.37792968773584906 0.1982421875 0.38378906226415094 0.1875 0.3999023433962264 0.1796875 0.4174804688679245 0.17578125 0.4321289066037736 0.173828125 0.4584960933962264 0.17578125 0.4760742188679245 0.1796875 0.48779296886792456 0.1875 0.5024414066037736 0.2001953125 0.5214843754716981 0.2060546875 0.52734375 0.2138671875 0.5332031245283019 0.2294921875 0.5390625
21 0.5732421875 0.3925781245283019 0.5751953125 0.3925781245283019 0.576171875 0.3911132811320755 0.5751953125 0.38964843773584906 0.5732421875 0.38964843773584906 0.572265625 0.3911132811320755 0.5732421875 0.3925781245283019
21 0.6484375 0.3002929688679245 0.646484375 0.2944335933962264 0.6162109375 0.2519531245283019 0.6123046875 0.2519531245283019 0.5869140625 0.2636718754716981 0.58203125 0.2709960933962264 0.55078125 0.3588867188679245 0.5791015625 0.3984375 0.6396484375 0.43359375 0.6416015625 0.43359375 0.650390625 0.4204101566037736 0.65234375 0.4145507811320755 0.650390625 0.3178710933962264 0.6484375 0.3002929688679245
18 0.375 0.13623046886792453 0.376953125 0.1303710933962264 0.376953125 0.12451171886792455 0.375 0.11865234339622642 0.3701171875 0.11425781226415094 0.3583984375 0.11425781226415094 0.3525390625 0.1171875 0.3330078125 0.13183593773584906 0.3193359375 0.14941406226415094 0.318359375 0.1508789066037736 0.3193359375 0.15234375 0.3310546875 0.16113281226415094 0.3369140625 0.1640625 0.3466796875 0.16113281226415094 0.3662109375 0.14648437547169813 0.3720703125 0.140625 0.375 0.13623046886792453
18 0.556640625 0.23876953113207547 0.5478515625 0.22558593773584906 0.5361328125 0.2109375 0.5283203125 0.20507812452830187 0.5263671875 0.20507812452830187 0.5224609375 0.20800781226415094 0.51953125 0.2124023433962264 0.51953125 0.22998046886792453 0.5322265625 0.2490234377358491 0.5439453125 0.26074218773584906 0.5537109375 0.26074218773584906 0.55859375 0.2534179688679245 0.55859375 0.2446289066037736 0.556640625 0.23876953113207547
1 0.439453125 0.1625976566037736 0.44140625 0.1538085933962264 0.44140625 0.1303710933962264 0.439453125 0.12451171886792455 0.4326171875 0.11425781226415094 0.4228515625 0.10546875 0.416015625 0.11865234339622642 0.40625 0.17138671886792453 0.40625 0.1772460933962264 0.4091796875 0.18164062452830187 0.4130859375 0.18457031226415094 0.4169921875 0.18457031226415094 0.4228515625 0.18164062452830187 0.4384765625 0.1640625 0.439453125 0.1625976566037736
1 0.2890625 0.2915039066037736 0.2841796875 0.28417968773584906 0.2763671875 0.28125 0.2724609375 0.28125 0.271484375 0.2827148433962264 0.265625 0.3178710933962264 0.2685546875 0.32519531226415094 0.2744140625 0.328125 0.2802734375 0.328125 0.2841796875 0.32519531226415094 0.291015625 0.3149414066037736 0.291015625 0.3002929688679245 0.2890625 0.2915039066037736
1 0.5966796875 0.57421875 0.5849609375 0.57421875 0.57421875 0.5903320311320754 0.572265625 0.5961914066037736 0.572265625 0.6108398433962264 0.576171875 0.6254882811320754 0.5830078125 0.6328125 0.603515625 0.5991210933962264 0.603515625 0.5874023433962264 0.6015625 0.5815429688679246 0.5966796875 0.57421875
1 0.3974609375 0.55078125 0.3896484375 0.553710937735849 0.3818359375 0.559570312264151 0.375 0.5668945311320754 0.373046875 0.5786132811320754 0.375 0.5874023433962264 0.3779296875 0.5917968754716981 0.4033203125 0.583007812264151 0.40625 0.5756835933962264 0.40625 0.5610351566037736 0.4013671875 0.553710937735849 0.3974609375 0.55078125
1 0.279296875 0.5874023433962264 0.279296875 0.5786132811320754 0.27734375 0.5522460933962264 0.2763671875 0.55078125 0.2451171875 0.553710937735849 0.244140625 0.5551757811320754 0.232421875 0.5844726566037736 0.232421875 0.5961914066037736 0.234375 0.6020507811320754 0.2431640625 0.6152343754716981 0.2587890625 0.6152343754716981 0.2685546875 0.609375 0.27734375 0.5961914066037736 0.279296875 0.5874023433962264
1 0.33203125 0.5493164066037736 0.3271484375 0.541992187735849 0.3115234375 0.541992187735849 0.3037109375 0.5449218754716981 0.2998046875 0.547851562264151 0.296875 0.5522460933962264 0.294921875 0.5581054688679246 0.294921875 0.5727539066037736 0.2958984375 0.57421875 0.2998046875 0.57421875 0.3251953125 0.5625 0.3310546875 0.559570312264151 0.33203125 0.5581054688679246 0.33203125 0.5493164066037736
1 0.5 0.6870117188679246 0.5 0.6811523433962264 0.498046875 0.6723632811320754 0.4921875 0.6547851566037736 0.4873046875 0.647460937735849 0.4658203125 0.6328125 0.46484375 0.6342773433962264 0.458984375 0.6899414066037736 0.4638671875 0.700195312264151 0.4755859375 0.711914062264151 0.4794921875 0.71484375 0.4833984375 0.71484375 0.4931640625 0.706054687735849 0.498046875 0.6958007811320754 0.5 0.6870117188679246
1 0.623046875 0.6870117188679246 0.62109375 0.6811523433962264 0.615234375 0.6694335933962264 0.6142578125 0.66796875 0.61328125 0.6694335933962264 0.587890625 0.7133789066037736 0.5927734375 0.7207031245283019 0.5986328125 0.7265625 0.6103515625 0.7265625 0.6162109375 0.723632812264151 0.623046875 0.7133789066037736 0.625 0.7045898433962264 0.623046875 0.6870117188679246
1 0.294921875 0.7250976566037736 0.2939453125 0.723632812264151 0.2607421875 0.6972656245283019 0.2587890625 0.6972656245283019 0.2578125 0.6987304688679246 0.251953125 0.7192382811320754 0.251953125 0.7250976566037736 0.25390625 0.7309570311320754 0.2646484375 0.747070312264151 0.2783203125 0.747070312264151 0.2861328125 0.741210937735849 0.294921875 0.7280273433962264 0.294921875 0.7250976566037736
1 0.3125 0.6782226566037736 0.310546875 0.6723632811320754 0.3076171875 0.66796875 0.2919921875 0.647460937735849 0.2900390625 0.647460937735849 0.2890625 0.6489257811320754 0.2890625 0.6547851566037736 0.298828125 0.6987304688679246 0.2998046875 0.700195312264151 0.3076171875 0.700195312264151 0.310546875 0.6958007811320754 0.3125 0.6899414066037736 0.3125 0.6782226566037736
3 0.3466796875 0.618164062264151 0.3427734375 0.618164062264151 0.33984375 0.6225585933962264 0.337890625 0.6372070311320754 0.337890625 0.6459960933962264 0.3427734375 0.6503906245283019 0.3486328125 0.6503906245283019 0.3515625 0.6459960933962264 0.357421875 0.6313476566037736 0.357421875 0.6284179688679246 0.3466796875 0.618164062264151
3 0.5595703125 0.41894531226415094 0.5478515625 0.41015625 0.5341796875 0.4042968745283019 0.5322265625 0.4042968745283019 0.51953125 0.4204101566037736 0.515625 0.4379882811320755 0.517578125 0.4672851566037736 0.5341796875 0.489257812264151 0.5380859375 0.489257812264151 0.548828125 0.4760742188679245 0.568359375 0.4350585933962264 0.568359375 0.4321289066037736 0.5595703125 0.41894531226415094
9 0.5185546875 0.16113281226415094 0.5048828125 0.15527343773584906 0.4990234375 0.15527343773584906 0.4951171875 0.15820312452830187 0.4921875 0.1625976566037736 0.4921875 0.1655273433962264 0.4990234375 0.17578125 0.5146484375 0.18457031226415094 0.5185546875 0.18457031226415094 0.5234375 0.1772460933962264 0.5234375 0.16845703113207547 0.5185546875 0.16113281226415094
9 0.5068359375 0.27832031226415094 0.4970703125 0.27246093773584906 0.4912109375 0.27246093773584906 0.486328125 0.2768554688679245 0.484375 0.2856445311320755 0.486328125 0.2915039066037736 0.4951171875 0.2988281245283019 0.5009765625 0.2988281245283019 0.5087890625 0.29589843773584906 0.51171875 0.2885742188679245 0.51171875 0.2856445311320755 0.5068359375 0.27832031226415094
9 0.44921875 0.3354492188679245 0.4462890625 0.328125 0.4404296875 0.32519531226415094 0.4326171875 0.32519531226415094 0.4296875 0.3295898433962264 0.4296875 0.3413085933962264 0.4306640625 0.34277343773584906 0.4345703125 0.3457031245283019 0.4404296875 0.3457031245283019 0.4462890625 0.34277343773584906 0.44921875 0.3383789066037736 0.44921875 0.3354492188679245
9 0.4072265625 0.26660156226415094 0.4013671875 0.26660156226415094 0.396484375 0.2739257811320755 0.396484375 0.2797851566037736 0.400390625 0.2915039066037736 0.4052734375 0.2988281245283019 0.4091796875 0.2988281245283019 0.41015625 0.2973632811320755 0.41015625 0.2709960933962264 0.4072265625 0.26660156226415094
9 0.359375 0.2651367188679245 0.359375 0.2504882811320755 0.357421875 0.2416992188679245 0.3564453125 0.24023437452830187 0.3486328125 0.24023437452830187 0.341796875 0.2504882811320755 0.33984375 0.2563476566037736 0.33984375 0.2768554688679245 0.341796875 0.2856445311320755 0.3427734375 0.2871093754716981 0.3486328125 0.2871093754716981 0.3525390625 0.28417968773584906 0.35546875 0.2797851566037736 0.359375 0.2651367188679245
9 0.3642578125 0.39550781226415094 0.359375 0.4028320311320755 0.357421875 0.4086914066037736 0.3642578125 0.41894531226415094 0.3798828125 0.41894531226415094 0.3828125 0.4145507811320755 0.3828125 0.4028320311320755 0.3798828125 0.3984375 0.3759765625 0.39550781226415094 0.3642578125 0.39550781226415094
9 0.6572265625 0.4863281245283018 0.6396484375 0.4863281245283018 0.6318359375 0.495117187735849 0.630859375 0.49658203113207544 0.630859375 0.5024414066037736 0.6396484375 0.515625 0.6494140625 0.515625 0.6572265625 0.5097656245283019 0.662109375 0.5024414066037736 0.662109375 0.4907226566037736 0.6572265625 0.4863281245283018
9 0.6484375 0.5903320311320754 0.6435546875 0.583007812264151 0.6337890625 0.583007812264151 0.6328125 0.5844726566037736 0.630859375 0.5903320311320754 0.630859375 0.5991210933962264 0.6328125 0.6108398433962264 0.6357421875 0.6152343754716981 0.6396484375 0.6152343754716981 0.64453125 0.6079101566037736 0.6484375 0.5961914066037736 0.6484375 0.5903320311320754
9 0.4814453125 0.565429687735849 0.4736328125 0.565429687735849 0.4697265625 0.5683593754716981 0.46484375 0.5756835933962264 0.46484375 0.5786132811320754 0.4677734375 0.583007812264151 0.4775390625 0.588867187735849 0.4814453125 0.588867187735849 0.486328125 0.5815429688679246 0.486328125 0.5727539066037736 0.4814453125 0.565429687735849
9 0.3115234375 0.5800781245283019 0.30859375 0.5844726566037736 0.30859375 0.5932617188679246 0.3173828125 0.606445312264151 0.322265625 0.6020507811320754 0.32421875 0.5961914066037736 0.32421875 0.5932617188679246 0.3173828125 0.5800781245283019 0.3115234375 0.5800781245283019
9 0.4072265625 0.6738281245283019 0.4052734375 0.6738281245283019 0.40234375 0.6782226566037736 0.40234375 0.6811523433962264 0.40625 0.6928710933962264 0.4091796875 0.6972656245283019 0.412109375 0.6928710933962264 0.412109375 0.6899414066037736 0.41015625 0.6782226566037736 0.4072265625 0.6738281245283019
14 0.4521484375 0.8203125 0.4384765625 0.8203125 0.4326171875 0.823242187735849 0.4296875 0.8276367188679246 0.427734375 0.8334960933962264 0.4296875 0.8393554688679246 0.4326171875 0.84375 0.4384765625 0.8496093745283019 0.4423828125 0.8496093745283019 0.4580078125 0.8378906245283019 0.4609375 0.8334960933962264 0.4521484375 0.8203125
14 0.3623046875 0.6503906245283019 0.3505859375 0.6503906245283019 0.349609375 0.6518554688679246 0.373046875 0.6899414066037736 0.3759765625 0.694335937735849 0.3779296875 0.694335937735849 0.37890625 0.6928710933962264 0.37890625 0.6752929688679246 0.376953125 0.6665039066037736 0.3623046875 0.6503906245283019
14 0.2353515625 0.641601562264151 0.2177734375 0.6269531245283019 0.2138671875 0.624023437735849 0.2119140625 0.624023437735849 0.208984375 0.6284179688679246 0.208984375 0.6342773433962264 0.2275390625 0.659179687735849 0.2353515625 0.6621093754716981 0.2412109375 0.6621093754716981 0.2421875 0.6606445311320754 0.2421875 0.6518554688679246 0.2353515625 0.641601562264151
14 0.4150390625 0.618164062264151 0.4072265625 0.618164062264151 0.40625 0.6196289066037736 0.408203125 0.6254882811320754 0.4150390625 0.635742187735849 0.4404296875 0.641601562264151 0.443359375 0.6372070311320754 0.4404296875 0.629882812264151 0.4326171875 0.624023437735849 0.4150390625 0.618164062264151
14 0.521484375 0.5932617188679246 0.5185546875 0.588867187735849 0.5166015625 0.588867187735849 0.513671875 0.5932617188679246 0.513671875 0.6049804688679246 0.517578125 0.6137695311320754 0.5224609375 0.62109375 0.5283203125 0.6269531245283019 0.533203125 0.6166992188679246 0.533203125 0.6137695311320754 0.521484375 0.5932617188679246
14 0.5732421875 0.524414062264151 0.5654296875 0.5214843754716981 0.5537109375 0.5214843754716981 0.5498046875 0.524414062264151 0.548828125 0.5258789066037736 0.548828125 0.5317382811320754 0.5537109375 0.5390625 0.5693359375 0.547851562264151 0.5751953125 0.547851562264151 0.578125 0.5434570311320754 0.578125 0.5317382811320754 0.5732421875 0.524414062264151
14 0.453125 0.5288085933962264 0.4482421875 0.524414062264151 0.4365234375 0.5214843754716981 0.427734375 0.5346679688679246 0.427734375 0.5434570311320754 0.4287109375 0.5449218754716981 0.4482421875 0.55078125 0.4521484375 0.55078125 0.455078125 0.5463867188679246 0.455078125 0.5346679688679246 0.453125 0.5288085933962264
14 0.3681640625 0.506835937735849 0.3642578125 0.5097656245283019 0.3564453125 0.518554687735849 0.35546875 0.5200195311320754 0.35546875 0.5288085933962264 0.361328125 0.5522460933962264 0.3681640625 0.565429687735849 0.3740234375 0.565429687735849 0.375 0.5639648433962264 0.373046875 0.5112304688679246 0.3681640625 0.506835937735849
14 0.3876953125 0.46875 0.3837890625 0.46875 0.3828125 0.4702148433962264 0.376953125 0.5112304688679246 0.3798828125 0.515625 0.3837890625 0.515625 0.3876953125 0.512695312264151 0.390625 0.5083007811320754 0.392578125 0.5024414066037736 0.392578125 0.4760742188679245 0.3876953125 0.46875
14 0.34765625 0.4643554688679245 0.3447265625 0.45996093773584906 0.3427734375 0.45996093773584906 0.3388671875 0.4628906245283019 0.322265625 0.48779296886792456 0.322265625 0.49658203113207544 0.3232421875 0.4980468754716982 0.3271484375 0.4980468754716982 0.3447265625 0.483398437735849 0.349609375 0.4731445311320755 0.349609375 0.4702148433962264 0.34765625 0.4643554688679245
14 0.4765625 0.4819335933962264 0.4716796875 0.47753906226415094 0.4482421875 0.46875 0.4443359375 0.46875 0.439453125 0.4760742188679245 0.4404296875 0.47753906226415094 0.4482421875 0.4863281245283018 0.4638671875 0.495117187735849 0.4658203125 0.495117187735849 0.4736328125 0.489257812264151 0.4765625 0.48486328113207544 0.4765625 0.4819335933962264
14 0.48828125 0.3120117188679245 0.4853515625 0.30761718773584906 0.4814453125 0.30761718773584906 0.4755859375 0.31347656226415094 0.474609375 0.3149414066037736 0.474609375 0.3413085933962264 0.4794921875 0.34863281226415094 0.4853515625 0.3515625 0.4892578125 0.3515625 0.4921875 0.3471679688679245 0.4921875 0.3413085933962264 0.48828125 0.3120117188679245
14 0.34375 0.3208007811320755 0.3408203125 0.31640625 0.3369140625 0.31640625 0.3212890625 0.33105468773584906 0.3203125 0.3325195311320755 0.3203125 0.3442382811320755 0.3232421875 0.34863281226415094 0.3271484375 0.3515625 0.3310546875 0.3515625 0.3408203125 0.3457031245283019 0.34375 0.3413085933962264 0.34375 0.3208007811320755
14 0.48046875 0.22705078113207547 0.4658203125 0.20507812452830187 0.4638671875 0.20507812452830187 0.4609375 0.2094726566037736 0.4609375 0.21826171886792453 0.462890625 0.2329101566037736 0.470703125 0.2504882811320755 0.4716796875 0.2519531245283019 0.4853515625 0.2431640622641509 0.486328125 0.2416992188679245 0.48046875 0.22705078113207547
12 0.4599609375 0.43652343773584906 0.4609375 0.4350585933962264 0.4609375 0.4321289066037736 0.455078125 0.4086914066037736 0.4501953125 0.40136718773584906 0.4462890625 0.3984375 0.4248046875 0.38671875 0.4091796875 0.3808593754716981 0.4013671875 0.38378906226415094 0.396484375 0.3911132811320755 0.392578125 0.4028320311320755 0.392578125 0.4057617188679245 0.396484375 0.4145507811320755 0.3994140625 0.41894531226415094 0.4072265625 0.42480468773584906 0.4130859375 0.4277343745283019 0.4580078125 0.43652343773584906 0.4599609375 0.43652343773584906
13 0.5107421875 0.583007812264151 0.5078125 0.5874023433962264 0.5087890625 0.588867187735849 0.5146484375 0.588867187735849 0.51953125 0.5844726566037736 0.51953125 0.5786132811320754 0.5185546875 0.577148437735849 0.5166015625 0.577148437735849 0.5107421875 0.583007812264151
11 0.5576171875 0.6738281245283019 0.5419921875 0.670898437735849 0.541015625 0.6723632811320754 0.541015625 0.6752929688679246 0.5439453125 0.6796875 0.5478515625 0.682617187735849 0.5576171875 0.682617187735849 0.55859375 0.6811523433962264 0.55859375 0.6752929688679246 0.5576171875 0.6738281245283019