15 0.7392578125 0.609375 0.7509765625 0.600585937735849 0.763671875 0.5844726566037736 0.76953125 0.5668945311320754 0.7734375 0.5493164066037736 0.7734375 0.5141601566037736 0.771484375 0.5024414066037736 0.767578125 0.48779296886792456 0.763671875 0.4790039066037736 0.7509765625 0.45996093773584906 0.7451171875 0.45410156226415094 0.7353515625 0.44824218773584906 0.7119140625 0.44824218773584906 0.7021484375 0.45410156226415094 0.6630859375 0.500976562264151 0.65625 0.5112304688679246 0.65234375 0.5200195311320754 0.64453125 0.5434570311320754 0.64453125 0.5668945311320754 0.6611328125 0.5917968754716981 0.6708984375 0.600585937735849 0.6865234375 0.612304687735849 0.6982421875 0.6152343754716981 0.7275390625 0.6152343754716981 0.7392578125 0.609375
6 0.66796875 0.7104492188679246 0.6953125 0.6635742188679246 0.69921875 0.6518554688679246 0.69921875 0.6489257811320754 0.6923828125 0.6386718754716981 0.6865234375 0.6328125 0.6591796875 0.618164062264151 0.6435546875 0.6152343754716981 0.6357421875 0.6152343754716981 0.5908203125 0.64453125 0.5849609375 0.6503906245283019 0.580078125 0.6577148433962264 0.580078125 0.6635742188679246 0.5888671875 0.6738281245283019 0.6044921875 0.6855468754716981 0.6396484375 0.7089843754716981 0.6650390625 0.711914062264151 0.6669921875 0.711914062264151 0.66796875 0.7104492188679246
6 0.4697265625 0.547851562264151 0.4873046875 0.536132812264151 0.5087890625 0.515625 0.5234375 0.4936523433962264 0.52734375 0.4819335933962264 0.529296875 0.4702148433962264 0.529296875 0.4321289066037736 0.52734375 0.4262695311320755 0.5244140625 0.421875 0.4658203125 0.39550781226415094 0.4228515625 0.4277343745283019 0.3828125 0.48486328113207544 0.37890625 0.5024414066037736 0.37890625 0.5083007811320754 0.3828125 0.5375976566037736 0.3837890625 0.5390625 0.3876953125 0.541992187735849 0.4365234375 0.559570312264151 0.4580078125 0.553710937735849 0.4697265625 0.547851562264151
13 0.34765625 0.6987304688679246 0.357421875 0.6782226566037736 0.357421875 0.6752929688679246 0.3515625 0.6577148433962264 0.3388671875 0.629882812264151 0.3193359375 0.624023437735849 0.318359375 0.6254882811320754 0.318359375 0.6401367188679246 0.322265625 0.6723632811320754 0.32421875 0.6811523433962264 0.328125 0.6899414066037736 0.3369140625 0.703125 0.3447265625 0.703125 0.34765625 0.6987304688679246
13 0.4765625 0.6782226566037736 0.4716796875 0.670898437735849 0.4677734375 0.66796875 0.4599609375 0.665039062264151 0.4365234375 0.665039062264151 0.4306640625 0.670898437735849 0.421875 0.6840820311320754 0.416015625 0.6958007811320754 0.4140625 0.7045898433962264 0.4140625 0.7192382811320754 0.416015625 0.7280273433962264 0.421875 0.7456054688679246 0.4228515625 0.747070312264151 0.4248046875 0.747070312264151 0.4658203125 0.703125 0.4765625 0.6782226566037736
21 0.5380859375 0.6503906245283019 0.5302734375 0.647460937735849 0.5244140625 0.647460937735849 0.5205078125 0.6503906245283019 0.51171875 0.6635742188679246 0.509765625 0.6694335933962264 0.505859375 0.7221679688679246 0.505859375 0.7309570311320754 0.5068359375 0.7324218754716981 0.5107421875 0.7324218754716981 0.5615234375 0.694335937735849 0.564453125 0.6899414066037736 0.564453125 0.6870117188679246 0.5380859375 0.6503906245283019
21 0.400390625 0.20654296886792453 0.3994140625 0.20507812452830187 0.3662109375 0.19042968773584906 0.3564453125 0.19042968773584906 0.3486328125 0.19628906226415094 0.3427734375 0.20214843773584906 0.33203125 0.21826171886792453 0.33203125 0.22998046886792453 0.3408203125 0.24609375 0.3740234375 0.26074218773584906 0.3759765625 0.26074218773584906 0.380859375 0.2534179688679245 0.400390625 0.2094726566037736 0.400390625 0.20654296886792453
21 0.43359375 0.1772460933962264 0.43359375 0.1743164066037736 0.4326171875 0.17285156226415094 0.4287109375 0.17285156226415094 0.400390625 0.19482421886792453 0.392578125 0.2211914066037736 0.392578125 0.2241210933962264 0.4033203125 0.24023437452830187 0.4052734375 0.24023437452830187 0.4130859375 0.234375 0.423828125 0.21826171886792453 0.42578125 0.2124023433962264 0.43359375 0.1772460933962264
21 0.533203125 0.2446289066037736 0.53515625 0.23876953113207547 0.541015625 0.2094726566037736 0.541015625 0.16845703113207547 0.5390625 0.15673828113207547 0.53125 0.13330078113207547 0.5283203125 0.12890625 0.5244140625 0.12597656226415094 0.5185546875 0.12597656226415094 0.4423828125 0.20800781226415094 0.439453125 0.2124023433962264 0.439453125 0.21533203113207547 0.4609375 0.2944335933962264 0.4619140625 0.29589843773584906 0.4658203125 0.29589843773584906 0.5146484375 0.2636718754716981 0.5263671875 0.25488281226415094 0.533203125 0.2446289066037736
1 0.427734375 0.1508789066037736 0.427734375 0.1420898433962264 0.42578125 0.13623046886792453 0.4228515625 0.13183593773584906 0.4189453125 0.13183593773584906 0.4111328125 0.13476562452830187 0.3984375 0.1538085933962264 0.3984375 0.15966796886792453 0.4052734375 0.16992187547169813 0.4091796875 0.17285156226415094 0.4130859375 0.17285156226415094 0.4169921875 0.16992187547169813 0.42578125 0.15673828113207547 0.427734375 0.1508789066037736
1 0.6474609375 0.19628906226415094 0.6435546875 0.19335937547169813 0.6337890625 0.19335937547169813 0.6259765625 0.19921875 0.623046875 0.20361328113207547 0.62109375 0.2124023433962264 0.62109375 0.2211914066037736 0.6279296875 0.23144531226415094 0.6513671875 0.23144531226415094 0.65234375 0.22998046886792453 0.65234375 0.20654296886792453 0.650390625 0.2006835933962264 0.6474609375 0.19628906226415094
1 0.6171875 0.3588867188679245 0.6162109375 0.3574218754716981 0.5947265625 0.3457031245283019 0.5869140625 0.34277343773584906 0.5830078125 0.34277343773584906 0.5751953125 0.34863281226415094 0.568359375 0.3588867188679245 0.5625 0.3735351566037736 0.560546875 0.3823242188679245 0.560546875 0.3999023433962264 0.5625 0.4116210933962264 0.56640625 0.4262695311320755 0.5673828125 0.4277343745283019 0.5751953125 0.4277343745283019 0.5966796875 0.42480468773584906 0.6171875 0.3588867188679245
9 0.400390625 0.6782226566037736 0.408203125 0.6401367188679246 0.408203125 0.6079101566037736 0.4052734375 0.600585937735849 0.4013671875 0.600585937735849 0.396484375 0.6049804688679246 0.36328125 0.6899414066037736 0.353515625 0.7221679688679246 0.353515625 0.7338867188679246 0.3583984375 0.747070312264151 0.3603515625 0.747070312264151 0.3798828125 0.723632812264151 0.38671875 0.7133789066037736 0.392578125 0.7016601566037736 0.400390625 0.6782226566037736
9 0.4345703125 0.588867187735849 0.431640625 0.5932617188679246 0.42578125 0.6049804688679246 0.42578125 0.6137695311320754 0.4287109375 0.618164062264151 0.4365234375 0.618164062264151 0.439453125 0.6137695311320754 0.443359375 0.5961914066037736 0.4384765625 0.588867187735849 0.4345703125 0.588867187735849
9 0.6357421875 0.4863281245283018 0.6318359375 0.483398437735849 0.6103515625 0.48046875 0.609375 0.4819335933962264 0.607421875 0.48779296886792456 0.607421875 0.4936523433962264 0.6123046875 0.50390625 0.6279296875 0.512695312264151 0.6376953125 0.506835937735849 0.640625 0.49951171886792456 0.640625 0.4936523433962264 0.6357421875 0.4863281245283018
9 0.298828125 0.5434570311320754 0.2958984375 0.5390625 0.2880859375 0.5390625 0.287109375 0.5405273433962264 0.28515625 0.5463867188679246 0.28515625 0.5522460933962264 0.291015625 0.5698242188679246 0.2919921875 0.571289062264151 0.2958984375 0.571289062264151 0.298828125 0.5668945311320754 0.30078125 0.5493164066037736 0.298828125 0.5434570311320754
9 0.2861328125 0.46875 0.2841796875 0.46875 0.28125 0.4731445311320755 0.28125 0.4907226566037736 0.2861328125 0.4980468754716982 0.2880859375 0.4980468754716982 0.29296875 0.4907226566037736 0.29296875 0.4819335933962264 0.2890625 0.4731445311320755 0.2861328125 0.46875
9 0.4345703125 0.33691406226415094 0.431640625 0.3413085933962264 0.431640625 0.3500976566037736 0.4365234375 0.3574218754716981 0.4443359375 0.3574218754716981 0.451171875 0.3471679688679245 0.451171875 0.3442382811320755 0.4482421875 0.33691406226415094 0.4345703125 0.33691406226415094
9 0.498046875 0.3706054688679245 0.49609375 0.3647460933962264 0.4912109375 0.36035156226415094 0.4873046875 0.36035156226415094 0.484375 0.3647460933962264 0.482421875 0.3706054688679245 0.482421875 0.3735351566037736 0.486328125 0.3881835933962264 0.4892578125 0.3925781245283019 0.4931640625 0.3925781245283019 0.49609375 0.3881835933962264 0.498046875 0.3823242188679245 0.498046875 0.3706054688679245
9 0.5302734375 0.48046875 0.52734375 0.48486328113207544 0.52734375 0.49951171886792456 0.5302734375 0.506835937735849 0.5341796875 0.506835937735849 0.5390625 0.49951171886792456 0.5390625 0.4907226566037736 0.5322265625 0.48046875 0.5302734375 0.48046875
9 0.3876953125 0.26074218773584906 0.3828125 0.2680664066037736 0.37890625 0.2797851566037736 0.3818359375 0.28417968773584906 0.3857421875 0.2871093754716981 0.3935546875 0.28125 0.396484375 0.2739257811320755 0.396484375 0.2651367188679245 0.3935546875 0.26074218773584906 0.3876953125 0.26074218773584906
9 0.5634765625 0.15820312452830187 0.5576171875 0.15820312452830187 0.5546875 0.1625976566037736 0.5546875 0.18017578113207547 0.5576171875 0.1875 0.5634765625 0.1875 0.564453125 0.1860351566037736 0.568359375 0.16845703113207547 0.56640625 0.1625976566037736 0.5634765625 0.15820312452830187
9 0.6396484375 0.2636718754716981 0.6337890625 0.2636718754716981 0.6279296875 0.26953125 0.625 0.2739257811320755 0.623046875 0.2797851566037736 0.623046875 0.2827148433962264 0.6259765625 0.2871093754716981 0.6298828125 0.2871093754716981 0.6376953125 0.27832031226415094 0.642578125 0.2709960933962264 0.642578125 0.2680664066037736 0.6396484375 0.2636718754716981
3 0.7001953125 0.3574218754716981 0.6865234375 0.3515625 0.6787109375 0.3515625 0.6748046875 0.35449218773584906 0.666015625 0.3676757811320755 0.662109375 0.3823242188679245 0.6640625 0.3940429688679245 0.6904296875 0.4453125 0.701171875 0.4350585933962264 0.705078125 0.4174804688679245 0.705078125 0.3735351566037736 0.701171875 0.3588867188679245 0.7001953125 0.3574218754716981
3 0.41796875 0.3647460933962264 0.390625 0.2973632811320755 0.3876953125 0.29296875 0.3583984375 0.25488281226415094 0.3525390625 0.2519531245283019 0.3349609375 0.2519531245283019 0.333984375 0.2534179688679245 0.27734375 0.3500976566037736 0.3125 0.4497070311320755 0.31640625 0.4584960933962264 0.3330078125 0.4863281245283018 0.3740234375 0.48046875 0.384765625 0.4643554688679245 0.41796875 0.3676757811320755 0.41796875 0.3647460933962264
18 0.5341796875 0.36621093773584906 0.5400390625 0.36035156226415094 0.548828125 0.3471679688679245 0.55078125 0.3413085933962264 0.55078125 0.3178710933962264 0.548828125 0.3061523433962264 0.5478515625 0.3046875 0.4951171875 0.3046875 0.4892578125 0.30761718773584906 0.484375 0.3149414066037736 0.486328125 0.3442382811320755 0.490234375 0.3559570311320755 0.4931640625 0.36035156226415094 0.5029296875 0.3691406245283019 0.5146484375 0.37207031226415094 0.5205078125 0.37207031226415094 0.5341796875 0.36621093773584906
18 0.5791015625 0.57421875 0.587890625 0.5610351566037736 0.58984375 0.5522460933962264 0.58984375 0.5317382811320754 0.5888671875 0.530273437735849 0.5791015625 0.530273437735849 0.5400390625 0.559570312264151 0.53515625 0.5668945311320754 0.53515625 0.5727539066037736 0.537109375 0.5786132811320754 0.5419921875 0.5859375 0.5498046875 0.5917968754716981 0.5537109375 0.5917968754716981 0.5615234375 0.588867187735849 0.5791015625 0.57421875
20 0.513671875 0.11865234339622642 0.51171875 0.11279296886792453 0.5068359375 0.10839843773584906 0.4970703125 0.10839843773584906 0.4892578125 0.11425781226415094 0.4833984375 0.12011718773584906 0.47265625 0.13623046886792453 0.4755859375 0.140625 0.4833984375 0.14648437547169813 0.4912109375 0.14648437547169813 0.4990234375 0.14355468773584906 0.5087890625 0.13476562452830187 0.513671875 0.12451171886792455 0.513671875 0.11865234339622642
20 0.607421875 0.2329101566037736 0.603515625 0.2211914066037736 0.5927734375 0.20800781226415094 0.56640625 0.22998046886792453 0.560546875 0.2416992188679245 0.568359375 0.2622070311320755 0.5751953125 0.27246093773584906 0.5849609375 0.27246093773584906 0.5927734375 0.2636718754716981 0.599609375 0.2534179688679245 0.607421875 0.2358398433962264 0.607421875 0.2329101566037736
1 0.595703125 0.6079101566037736 0.59375 0.5991210933962264 0.5888671875 0.5917968754716981 0.5849609375 0.588867187735849 0.5810546875 0.588867187735849 0.57421875 0.5991210933962264 0.572265625 0.6049804688679246 0.5703125 0.6313476566037736 0.5703125 0.6459960933962264 0.5751953125 0.6503906245283019 0.5791015625 0.6503906245283019 0.5888671875 0.64453125 0.59375 0.6342773433962264 0.595703125 0.6196289066037736 0.595703125 0.6079101566037736
14 0.55859375 0.6372070311320754 0.5546875 0.6459960933962264 0.5546875 0.6547851566037736 0.5634765625 0.66796875 0.576171875 0.6459960933962264 0.57421875 0.6342773433962264 0.5693359375 0.629882812264151 0.5634765625 0.6328125 0.55859375 0.6372070311320754
14 0.455078125 0.7075195311320754 0.44921875 0.7280273433962264 0.44921875 0.7338867188679246 0.4501953125 0.735351562264151 0.4541015625 0.735351562264151 0.45703125 0.7309570311320754 0.46875 0.7045898433962264 0.4658203125 0.6972656245283019 0.455078125 0.7075195311320754
14 0.65234375 0.4409179688679245 0.6494140625 0.43652343773584906 0.6435546875 0.43359375 0.6318359375 0.43359375 0.630859375 0.4350585933962264 0.630859375 0.4438476566037736 0.634765625 0.4526367188679245 0.6376953125 0.45703125 0.6513671875 0.46582031226415094 0.6552734375 0.46582031226415094 0.65625 0.4643554688679245 0.65234375 0.4409179688679245
14 0.6455078125 0.34277343773584906 0.6416015625 0.34277343773584906 0.6376953125 0.3457031245283019 0.6328125 0.3530273433962264 0.6328125 0.3559570311320755 0.634765625 0.3618164066037736 0.6455078125 0.375 0.6484375 0.3706054688679245 0.650390625 0.3559570311320755 0.650390625 0.3471679688679245 0.6455078125 0.34277343773584906
11 0.3525390625 0.5625 0.3515625 0.5639648433962264 0.3515625 0.5786132811320754 0.3544921875 0.583007812264151 0.3583984375 0.583007812264151 0.359375 0.5815429688679246 0.359375 0.5786132811320754 0.357421875 0.5698242188679246 0.3525390625 0.5625