2 0.314453125 0.5229492188679246 0.314453125 0.5112304688679246 0.3125 0.48779296886792456 0.30859375 0.4526367188679245 0.306640625 0.4467773433962264 0.302734375 0.4379882811320755 0.2958984375 0.4277343745283019 0.2861328125 0.421875 0.2822265625 0.421875 0.2705078125 0.4277343745283019 0.2646484375 0.43359375 0.26171875 0.4379882811320755 0.25390625 0.4614257811320755 0.248046875 0.48779296886792456 0.287109375 0.5756835933962264 0.2919921875 0.583007812264151 0.2978515625 0.583007812264151 0.3017578125 0.5800781245283019 0.306640625 0.5727539066037736 0.310546875 0.5610351566037736 0.314453125 0.5229492188679246
2 0.3623046875 0.647460937735849 0.3671875 0.6401367188679246 0.369140625 0.6342773433962264 0.369140625 0.6313476566037736 0.3662109375 0.6269531245283019 0.3564453125 0.62109375 0.2919921875 0.606445312264151 0.2822265625 0.606445312264151 0.27734375 0.6137695311320754 0.27734375 0.6225585933962264 0.2841796875 0.6328125 0.2900390625 0.6386718754716981 0.3017578125 0.647460937735849 0.3154296875 0.653320312264151 0.3232421875 0.653320312264151 0.3623046875 0.647460937735849
2 0.4931640625 0.2490234377358491 0.5087890625 0.23144531226415094 0.51953125 0.2124023433962264 0.525390625 0.19482421886792453 0.529296875 0.18017578113207547 0.529296875 0.16845703113207547 0.5263671875 0.1640625 0.5224609375 0.16113281226415094 0.5205078125 0.16113281226415094 0.4423828125 0.23144531226415094 0.4375 0.23876953113207547 0.4375 0.2504882811320755 0.4423828125 0.2578125 0.4462890625 0.26074218773584906 0.4521484375 0.2636718754716981 0.4677734375 0.2636718754716981 0.4853515625 0.25488281226415094 0.4931640625 0.2490234377358491
20 0.3955078125 0.2490234377358491 0.3857421875 0.24609375 0.3798828125 0.24609375 0.375 0.2534179688679245 0.375 0.2592773433962264 0.3779296875 0.26660156226415094 0.3876953125 0.2753906245283019 0.3974609375 0.2753906245283019 0.41015625 0.2563476566037736 0.4091796875 0.25488281226415094 0.3955078125 0.2490234377358491
20 0.435546875 0.4086914066037736 0.4287109375 0.3984375 0.4248046875 0.39550781226415094 0.4150390625 0.39550781226415094 0.3974609375 0.4160156245283019 0.396484375 0.4174804688679245 0.4130859375 0.44824218773584906 0.4404296875 0.44824218773584906 0.443359375 0.4438476566037736 0.4453125 0.4379882811320755 0.4453125 0.4291992188679245 0.443359375 0.4233398433962264 0.435546875 0.4086914066037736
9 0.435546875 0.7016601566037736 0.439453125 0.6723632811320754 0.439453125 0.6577148433962264 0.435546875 0.6196289066037736 0.4296875 0.6020507811320754 0.4169921875 0.5859375 0.4130859375 0.5859375 0.404296875 0.5932617188679246 0.3984375 0.6049804688679246 0.3984375 0.6313476566037736 0.41015625 0.6811523433962264 0.416015625 0.6928710933962264 0.4189453125 0.6972656245283019 0.4248046875 0.703125 0.4345703125 0.703125 0.435546875 0.7016601566037736
9 0.3466796875 0.35449218773584906 0.345703125 0.3559570311320755 0.34375 0.3618164066037736 0.34375 0.3676757811320755 0.3447265625 0.3691406245283019 0.3505859375 0.3691406245283019 0.353515625 0.3618164066037736 0.353515625 0.3588867188679245 0.3505859375 0.35449218773584906 0.3466796875 0.35449218773584906
7 0.568359375 0.3530273433962264 0.5703125 0.3442382811320755 0.5703125 0.3120117188679245 0.568359375 0.2944335933962264 0.564453125 0.2739257811320755 0.5576171875 0.2636718754716981 0.5517578125 0.26074218773584906 0.5478515625 0.26074218773584906 0.5419921875 0.2636718754716981 0.5341796875 0.26953125 0.53125 0.2739257811320755 0.509765625 0.3090820311320755 0.509765625 0.3120117188679245 0.529296875 0.3881835933962264 0.5322265625 0.3925781245283019 0.5400390625 0.3925781245283019 0.5478515625 0.38671875 0.560546875 0.3676757811320755 0.568359375 0.3530273433962264
18 0.70703125 0.3940429688679245 0.70703125 0.3764648433962264 0.701171875 0.3530273433962264 0.6953125 0.3383789066037736 0.6904296875 0.33105468773584906 0.6787109375 0.33105468773584906 0.6728515625 0.3339843754716981 0.669921875 0.3383789066037736 0.66796875 0.3471679688679245 0.66796875 0.3647460933962264 0.6796875 0.3940429688679245 0.6865234375 0.4042968745283019 0.6904296875 0.40722656226415094 0.6962890625 0.40722656226415094 0.7001953125 0.4042968745283019 0.70703125 0.3940429688679245
18 0.6484375 0.4350585933962264 0.6435546875 0.4277343745283019 0.6240234375 0.41894531226415094 0.6142578125 0.41894531226415094 0.6103515625 0.421875 0.603515625 0.4321289066037736 0.603515625 0.4409179688679245 0.60546875 0.4467773433962264 0.6103515625 0.45410156226415094 0.6376953125 0.46875 0.650390625 0.4497070311320755 0.650390625 0.4409179688679245 0.6484375 0.4350585933962264
18 0.5546875 0.5200195311320754 0.556640625 0.5112304688679246 0.5546875 0.5024414066037736 0.5458984375 0.489257812264151 0.5419921875 0.4863281245283018 0.5361328125 0.483398437735849 0.5205078125 0.48046875 0.5087890625 0.483398437735849 0.50390625 0.48779296886792456 0.501953125 0.4936523433962264 0.501953125 0.5053710933962264 0.50390625 0.5112304688679246 0.5087890625 0.518554687735849 0.5166015625 0.524414062264151 0.5419921875 0.536132812264151 0.5458984375 0.5332031245283019 0.5546875 0.5200195311320754
18 0.6669921875 0.612304687735849 0.6748046875 0.606445312264151 0.6796875 0.5991210933962264 0.68359375 0.5874023433962264 0.685546875 0.5786132811320754 0.6787109375 0.5683593754716981 0.6748046875 0.565429687735849 0.6455078125 0.559570312264151 0.6279296875 0.559570312264151 0.619140625 0.5727539066037736 0.619140625 0.5756835933962264 0.62109375 0.5815429688679246 0.6279296875 0.5917968754716981 0.6337890625 0.59765625 0.6416015625 0.6035156245283019 0.6572265625 0.612304687735849 0.6669921875 0.612304687735849
18 0.640625 0.6665039066037736 0.646484375 0.6401367188679246 0.6484375 0.6284179688679246 0.646484375 0.6196289066037736 0.6396484375 0.609375 0.6298828125 0.609375 0.6240234375 0.612304687735849 0.619140625 0.6196289066037736 0.61328125 0.6313476566037736 0.607421875 0.6459960933962264 0.595703125 0.6840820311320754 0.595703125 0.7016601566037736 0.599609375 0.7104492188679246 0.6044921875 0.71484375 0.6142578125 0.71484375 0.6181640625 0.711914062264151 0.6328125 0.6899414066037736 0.640625 0.6665039066037736