18 0.7333984375 0.4042968745283019 0.7412109375 0.3984375 0.744140625 0.3940429688679245 0.748046875 0.3823242188679245 0.748046875 0.3706054688679245 0.736328125 0.3383789066037736 0.7158203125 0.3046875 0.7021484375 0.29003906226415094 0.6943359375 0.2871093754716981 0.6865234375 0.29003906226415094 0.673828125 0.3032226566037736 0.671875 0.3120117188679245 0.671875 0.3266601566037736 0.673828125 0.3354492188679245 0.693359375 0.3735351566037736 0.7021484375 0.38671875 0.7099609375 0.39550781226415094 0.7216796875 0.4042968745283019 0.7333984375 0.4042968745283019
18 0.427734375 0.3178710933962264 0.43359375 0.3061523433962264 0.443359375 0.2827148433962264 0.447265625 0.2709960933962264 0.447265625 0.2446289066037736 0.4443359375 0.24023437452830187 0.4306640625 0.23730468773584906 0.4150390625 0.23730468773584906 0.4013671875 0.25488281226415094 0.375 0.2944335933962264 0.37109375 0.3032226566037736 0.3671875 0.3149414066037736 0.365234375 0.3266601566037736 0.37109375 0.3413085933962264 0.3759765625 0.34863281226415094 0.3837890625 0.35449218773584906 0.3955078125 0.35449218773584906 0.3994140625 0.3515625 0.4208984375 0.328125 0.427734375 0.3178710933962264
18 0.5615234375 0.17578125 0.5673828125 0.17285156226415094 0.572265625 0.1655273433962264 0.572265625 0.15673828113207547 0.5703125 0.14794921886792453 0.5673828125 0.14355468773584906 0.5615234375 0.13769531226415094 0.5517578125 0.13476562452830187 0.5263671875 0.13183593773584906 0.5166015625 0.13476562452830187 0.513671875 0.1391601566037736 0.51171875 0.14501953113207547 0.51171875 0.1538085933962264 0.513671875 0.15966796886792453 0.5166015625 0.1640625 0.5205078125 0.16699218773584906 0.5322265625 0.17285156226415094 0.5439453125 0.17578125 0.5615234375 0.17578125
18 0.6728515625 0.26660156226415094 0.681640625 0.2534179688679245 0.685546875 0.22998046886792453 0.68359375 0.2211914066037736 0.6708984375 0.20214843773584906 0.6591796875 0.19921875 0.6513671875 0.20214843773584906 0.6474609375 0.20507812452830187 0.6328125 0.22705078113207547 0.630859375 0.23876953113207547 0.630859375 0.2446289066037736 0.6328125 0.2504882811320755 0.6357421875 0.25488281226415094 0.6513671875 0.26660156226415094 0.6572265625 0.26953125 0.6689453125 0.26953125 0.6728515625 0.26660156226415094
18 0.587890625 0.6547851566037736 0.591796875 0.6459960933962264 0.591796875 0.6313476566037736 0.587890625 0.6196289066037736 0.5830078125 0.612304687735849 0.5634765625 0.5917968754716981 0.5556640625 0.5859375 0.5419921875 0.5859375 0.537109375 0.5932617188679246 0.53515625 0.6049804688679246 0.537109375 0.6137695311320754 0.5517578125 0.635742187735849 0.5673828125 0.653320312264151 0.5712890625 0.65625 0.5791015625 0.659179687735849 0.5849609375 0.659179687735849 0.587890625 0.6547851566037736
18 0.5830078125 0.73828125 0.58984375 0.7250976566037736 0.58984375 0.7192382811320754 0.578125 0.6958007811320754 0.5732421875 0.688476562264151 0.5673828125 0.6855468754716981 0.5615234375 0.6855468754716981 0.5537109375 0.688476562264151 0.5478515625 0.694335937735849 0.544921875 0.6987304688679246 0.544921875 0.7192382811320754 0.548828125 0.7309570311320754 0.5556640625 0.741210937735849 0.5634765625 0.747070312264151 0.5732421875 0.747070312264151 0.5771484375 0.7441406245283019 0.5830078125 0.73828125
18 0.728515625 0.6577148433962264 0.73046875 0.6518554688679246 0.732421875 0.6401367188679246 0.73046875 0.6342773433962264 0.7275390625 0.629882812264151 0.7158203125 0.624023437735849 0.7041015625 0.624023437735849 0.7001953125 0.6269531245283019 0.6953125 0.6342773433962264 0.693359375 0.6401367188679246 0.693359375 0.6518554688679246 0.6953125 0.6577148433962264 0.7021484375 0.66796875 0.7060546875 0.670898437735849 0.7138671875 0.670898437735849 0.7236328125 0.665039062264151 0.728515625 0.6577148433962264
18 0.6611328125 0.547851562264151 0.666015625 0.5405273433962264 0.666015625 0.5288085933962264 0.6552734375 0.512695312264151 0.6474609375 0.50390625 0.6376953125 0.4980468754716982 0.6298828125 0.4980468754716982 0.626953125 0.5024414066037736 0.625 0.5083007811320754 0.626953125 0.5200195311320754 0.62890625 0.5258789066037736 0.6318359375 0.530273437735849 0.6376953125 0.536132812264151 0.6494140625 0.5449218754716981 0.6552734375 0.547851562264151 0.6611328125 0.547851562264151
18 0.451171875 0.5581054688679246 0.453125 0.5522460933962264 0.453125 0.5258789066037736 0.4501953125 0.518554687735849 0.4423828125 0.515625 0.4248046875 0.515625 0.4189453125 0.5214843754716981 0.416015625 0.5258789066037736 0.4140625 0.5317382811320754 0.4140625 0.5434570311320754 0.416015625 0.5551757811320754 0.4228515625 0.565429687735849 0.4306640625 0.571289062264151 0.4404296875 0.571289062264151 0.4443359375 0.5683593754716981 0.451171875 0.5581054688679246
18 0.3876953125 0.506835937735849 0.392578125 0.4936523433962264 0.38671875 0.4790039066037736 0.376953125 0.4614257811320755 0.3681640625 0.44824218773584906 0.3564453125 0.44824218773584906 0.353515625 0.4526367188679245 0.3515625 0.4584960933962264 0.3515625 0.4643554688679245 0.353515625 0.4731445311320755 0.36328125 0.49658203113207544 0.3701171875 0.506835937735849 0.3740234375 0.5097656245283019 0.3837890625 0.5097656245283019 0.3876953125 0.506835937735849
18 0.47265625 0.4262695311320755 0.470703125 0.4204101566037736 0.4560546875 0.41015625 0.4287109375 0.41015625 0.4248046875 0.41308593773584906 0.4140625 0.4291992188679245 0.416015625 0.4467773433962264 0.4169921875 0.44824218773584906 0.4228515625 0.4511718745283019 0.4599609375 0.45410156226415094 0.4638671875 0.4511718745283019 0.470703125 0.4409179688679245 0.47265625 0.4262695311320755
18 0.4228515625 0.6796875 0.4345703125 0.676757812264151 0.4423828125 0.670898437735849 0.451171875 0.6577148433962264 0.453125 0.6518554688679246 0.453125 0.6459960933962264 0.4501953125 0.641601562264151 0.4345703125 0.6269531245283019 0.3818359375 0.59765625 0.3798828125 0.59765625 0.376953125 0.6020507811320754 0.375 0.6108398433962264 0.375 0.6430664066037736 0.376953125 0.6489257811320754 0.3857421875 0.6621093754716981 0.3955078125 0.670898437735849 0.4052734375 0.676757812264151 0.4130859375 0.6796875 0.4228515625 0.6796875
18 0.3583984375 0.26660156226415094 0.365234375 0.2563476566037736 0.3671875 0.2475585933962264 0.3671875 0.22998046886792453 0.3623046875 0.21679687452830187 0.3505859375 0.2109375 0.3388671875 0.2109375 0.3310546875 0.21679687452830187 0.326171875 0.2241210933962264 0.322265625 0.2358398433962264 0.322265625 0.2416992188679245 0.326171875 0.2592773433962264 0.3291015625 0.2636718754716981 0.3388671875 0.27246093773584906 0.3486328125 0.27246093773584906 0.3544921875 0.26953125 0.3583984375 0.26660156226415094
1 0.564453125 0.2358398433962264 0.5615234375 0.23144531226415094 0.5419921875 0.2109375 0.5322265625 0.20507812452830187 0.529296875 0.2094726566037736 0.5234375 0.2241210933962264 0.517578125 0.2475585933962264 0.5205078125 0.2519531245283019 0.5361328125 0.26953125 0.5478515625 0.2753906245283019 0.5576171875 0.2753906245283019 0.572265625 0.2622070311320755 0.572265625 0.2592773433962264 0.564453125 0.2358398433962264
1 0.646484375 0.3383789066037736 0.646484375 0.3208007811320755 0.6455078125 0.31933593773584906 0.6376953125 0.31640625 0.6240234375 0.31640625 0.6201171875 0.31933593773584906 0.61328125 0.3295898433962264 0.611328125 0.3354492188679245 0.611328125 0.3471679688679245 0.6142578125 0.3515625 0.6181640625 0.35449218773584906 0.6279296875 0.3574218754716981 0.6318359375 0.3574218754716981 0.6416015625 0.3457031245283019 0.646484375 0.3383789066037736
1 0.64453125 0.4291992188679245 0.6357421875 0.4160156245283019 0.6298828125 0.41015625 0.6103515625 0.39550781226415094 0.6044921875 0.3925781245283019 0.5908203125 0.38964843773584906 0.58984375 0.3911132811320755 0.58984375 0.4086914066037736 0.6240234375 0.4511718745283019 0.6279296875 0.45410156226415094 0.6337890625 0.45410156226415094 0.6396484375 0.4511718745283019 0.64453125 0.4467773433962264 0.64453125 0.4291992188679245
1 0.3046875 0.5434570311320754 0.310546875 0.5258789066037736 0.310546875 0.5141601566037736 0.306640625 0.5053710933962264 0.3037109375 0.500976562264151 0.2919921875 0.4921875 0.2900390625 0.4921875 0.248046875 0.5551757811320754 0.248046875 0.5639648433962264 0.2490234375 0.565429687735849 0.2666015625 0.57421875 0.2724609375 0.57421875 0.2822265625 0.571289062264151 0.2978515625 0.553710937735849 0.3046875 0.5434570311320754
3 0.6689453125 0.796875 0.6787109375 0.793945312264151 0.7021484375 0.7734375 0.705078125 0.7690429688679246 0.70703125 0.6987304688679246 0.697265625 0.5112304688679246 0.6962890625 0.5097656245283019 0.603515625 0.6489257811320754 0.60546875 0.7016601566037736 0.6171875 0.7543945311320754 0.619140625 0.7602539066037736 0.6298828125 0.776367187735849 0.6357421875 0.782226562264151 0.6611328125 0.796875 0.6689453125 0.796875
3 0.36328125 0.7016601566037736 0.36328125 0.6899414066037736 0.349609375 0.5786132811320754 0.3271484375 0.5390625 0.3212890625 0.5390625 0.3203125 0.5405273433962264 0.26171875 0.6547851566037736 0.259765625 0.6606445311320754 0.259765625 0.6635742188679246 0.287109375 0.7309570311320754 0.3017578125 0.752929687735849 0.3115234375 0.758789062264151 0.3134765625 0.758789062264151 0.3505859375 0.729492187735849 0.36328125 0.7016601566037736
20 0.51171875 0.6958007811320754 0.50390625 0.6811523433962264 0.4892578125 0.659179687735849 0.4814453125 0.659179687735849 0.474609375 0.6694335933962264 0.474609375 0.6928710933962264 0.486328125 0.7397460933962264 0.4873046875 0.741210937735849 0.4892578125 0.741210937735849 0.5205078125 0.7265625 0.521484375 0.7250976566037736 0.51171875 0.6958007811320754
20 0.302734375 0.4409179688679245 0.302734375 0.4233398433962264 0.296875 0.4086914066037736 0.2880859375 0.39550781226415094 0.2783203125 0.39550781226415094 0.27734375 0.3969726566037736 0.2734375 0.4057617188679245 0.2734375 0.4116210933962264 0.287109375 0.4760742188679245 0.2880859375 0.47753906226415094 0.2958984375 0.48046875 0.296875 0.4790039066037736 0.30078125 0.4584960933962264 0.302734375 0.4409179688679245
20 0.5966796875 0.16113281226415094 0.591796875 0.16845703113207547 0.58984375 0.19482421886792453 0.5927734375 0.19921875 0.6259765625 0.22851562452830187 0.626953125 0.22705078113207547 0.626953125 0.20361328113207547 0.623046875 0.18310546886792453 0.6044921875 0.16113281226415094 0.5966796875 0.16113281226415094
20 0.541015625 0.3178710933962264 0.5380859375 0.31347656226415094 0.5322265625 0.30761718773584906 0.5185546875 0.3046875 0.5029296875 0.30761718773584906 0.5 0.3120117188679245 0.5 0.3208007811320755 0.5029296875 0.32519531226415094 0.5244140625 0.34277343773584906 0.5341796875 0.34277343773584906 0.5390625 0.3354492188679245 0.541015625 0.3295898433962264 0.541015625 0.3178710933962264
13 0.4267578125 0.22265625 0.431640625 0.21533203113207547 0.43359375 0.19189453113207547 0.4306640625 0.1875 0.4228515625 0.18457031226415094 0.4013671875 0.18457031226415094 0.3876953125 0.19042968773584906 0.3740234375 0.20214843773584906 0.369140625 0.2094726566037736 0.369140625 0.21826171886792453 0.37109375 0.2241210933962264 0.3759765625 0.23144531226415094 0.3818359375 0.23730468773584906 0.3896484375 0.2431640622641509 0.4111328125 0.24023437452830187 0.4267578125 0.22265625
13 0.337890625 0.4233398433962264 0.3310546875 0.41308593773584906 0.3271484375 0.41308593773584906 0.326171875 0.4145507811320755 0.3125 0.4467773433962264 0.3154296875 0.4511718745283019 0.3193359375 0.45410156226415094 0.3408203125 0.4628906245283019 0.3466796875 0.4628906245283019 0.349609375 0.4555664066037736 0.349609375 0.4497070311320755 0.337890625 0.4233398433962264
14 0.55078125 0.3676757811320755 0.5341796875 0.34863281226415094 0.5302734375 0.34863281226415094 0.52734375 0.3530273433962264 0.52734375 0.3618164066037736 0.529296875 0.3823242188679245 0.5322265625 0.38671875 0.5361328125 0.38964843773584906 0.5380859375 0.38964843773584906 0.548828125 0.3735351566037736 0.55078125 0.3676757811320755
14 0.4384765625 0.37207031226415094 0.4169921875 0.3691406245283019 0.4140625 0.3735351566037736 0.412109375 0.3852539066037736 0.4150390625 0.3925781245283019 0.4326171875 0.3925781245283019 0.4365234375 0.38964843773584906 0.439453125 0.3852539066037736 0.44140625 0.3793945311320755 0.44140625 0.3764648433962264 0.4384765625 0.37207031226415094
14 0.3564453125 0.500976562264151 0.3349609375 0.500976562264151 0.333984375 0.5024414066037736 0.333984375 0.5112304688679246 0.3359375 0.5170898433962264 0.3388671875 0.5214843754716981 0.3564453125 0.5214843754716981 0.359375 0.5170898433962264 0.359375 0.5083007811320754 0.3564453125 0.500976562264151
14 0.4716796875 0.4746093745283019 0.4638671875 0.4746093745283019 0.462890625 0.4760742188679245 0.4658203125 0.48046875 0.4794921875 0.489257812264151 0.4833984375 0.489257812264151 0.484375 0.48779296886792456 0.484375 0.4819335933962264 0.4794921875 0.47753906226415094 0.4716796875 0.4746093745283019
14 0.3837890625 0.694335937735849 0.3779296875 0.69140625 0.3740234375 0.69140625 0.373046875 0.6928710933962264 0.37109375 0.7104492188679246 0.37109375 0.7192382811320754 0.3740234375 0.723632812264151 0.3779296875 0.723632812264151 0.3828125 0.7163085933962264 0.38671875 0.7016601566037736 0.38671875 0.6987304688679246 0.3837890625 0.694335937735849
7 0.525390625 0.5874023433962264 0.529296875 0.5668945311320754 0.52734375 0.5463867188679246 0.525390625 0.5375976566037736 0.521484375 0.5288085933962264 0.5087890625 0.5097656245283019 0.5048828125 0.506835937735849 0.4638671875 0.5449218754716981 0.4609375 0.5493164066037736 0.4609375 0.5698242188679246 0.46484375 0.5815429688679246 0.4736328125 0.594726562264151 0.4931640625 0.609375 0.5107421875 0.609375 0.5166015625 0.606445312264151 0.525390625 0.5874023433962264
7 0.31640625 0.3530273433962264 0.3056640625 0.33691406226415094 0.2978515625 0.33105468773584906 0.2919921875 0.328125 0.2841796875 0.33105468773584906 0.2734375 0.3471679688679245 0.26953125 0.3588867188679245 0.26953125 0.3764648433962264 0.2763671875 0.39550781226415094 0.3134765625 0.41894531226415094 0.3212890625 0.41308593773584906 0.3359375 0.3940429688679245 0.3359375 0.3911132811320755 0.31640625 0.3530273433962264
13 0.3671875 0.2709960933962264 0.3671875 0.2827148433962264 0.3681640625 0.28417968773584906 0.37109375 0.2797851566037736 0.37109375 0.2709960933962264 0.3701171875 0.26953125 0.3681640625 0.26953125 0.3671875 0.2709960933962264
13 0.5078125 0.17138671886792453 0.50390625 0.18017578113207547 0.5048828125 0.18164062452830187 0.5107421875 0.18164062452830187 0.51171875 0.18017578113207547 0.51171875 0.17138671886792453 0.5107421875 0.16992187547169813 0.5087890625 0.16992187547169813 0.5078125 0.17138671886792453
9 0.5126953125 0.12597656226415094 0.5029296875 0.12011718773584906 0.4970703125 0.12011718773584906 0.494140625 0.12451171886792455 0.494140625 0.1274414066037736 0.49609375 0.13330078113207547 0.5048828125 0.14355468773584906 0.5107421875 0.14355468773584906 0.515625 0.13623046886792453 0.515625 0.1303710933962264 0.5126953125 0.12597656226415094
9 0.4677734375 0.15234375 0.4560546875 0.15527343773584906 0.451171875 0.1625976566037736 0.451171875 0.17138671886792453 0.4560546875 0.17871093773584906 0.4599609375 0.17871093773584906 0.4658203125 0.17285156226415094 0.47265625 0.1625976566037736 0.47265625 0.15966796886792453 0.4677734375 0.15234375
9 0.505859375 0.19482421886792453 0.5009765625 0.19042968773584906 0.4990234375 0.19042968773584906 0.494140625 0.1977539066037736 0.4921875 0.2124023433962264 0.494140625 0.2241210933962264 0.4970703125 0.22851562452830187 0.5048828125 0.22851562452830187 0.5078125 0.2241210933962264 0.509765625 0.21533203113207547 0.509765625 0.2094726566037736 0.505859375 0.19482421886792453
9 0.5048828125 0.24023437452830187 0.4970703125 0.2431640622641509 0.4921875 0.2504882811320755 0.4921875 0.2592773433962264 0.4990234375 0.26660156226415094 0.5087890625 0.26660156226415094 0.515625 0.2563476566037736 0.515625 0.2475585933962264 0.5087890625 0.24023437452830187 0.5048828125 0.24023437452830187
9 0.4873046875 0.30761718773584906 0.4814453125 0.30761718773584906 0.4716796875 0.31933593773584906 0.470703125 0.3208007811320755 0.470703125 0.3266601566037736 0.4736328125 0.33105468773584906 0.4794921875 0.33105468773584906 0.4853515625 0.328125 0.490234375 0.3208007811320755 0.490234375 0.3120117188679245 0.4873046875 0.30761718773584906
9 0.5927734375 0.26953125 0.5888671875 0.26953125 0.580078125 0.2797851566037736 0.578125 0.2856445311320755 0.578125 0.2885742188679245 0.5849609375 0.2988281245283019 0.5869140625 0.2988281245283019 0.591796875 0.2915039066037736 0.595703125 0.2797851566037736 0.595703125 0.2739257811320755 0.5927734375 0.26953125
9 0.6025390625 0.33105468773584906 0.5927734375 0.3222656245283019 0.5908203125 0.3222656245283019 0.5859375 0.3295898433962264 0.5859375 0.3325195311320755 0.5947265625 0.34863281226415094 0.5986328125 0.3515625 0.6025390625 0.3515625 0.60546875 0.3471679688679245 0.60546875 0.3354492188679245 0.6025390625 0.33105468773584906
9 0.3232421875 0.30761718773584906 0.3076171875 0.2988281245283019 0.3046875 0.3032226566037736 0.306640625 0.3120117188679245 0.3095703125 0.31640625 0.3154296875 0.3222656245283019 0.3212890625 0.3222656245283019 0.32421875 0.3178710933962264 0.32421875 0.3090820311320755 0.3232421875 0.30761718773584906
9 0.3310546875 0.33105468773584906 0.3271484375 0.33105468773584906 0.3193359375 0.33691406226415094 0.314453125 0.3442382811320755 0.314453125 0.3471679688679245 0.3173828125 0.3515625 0.3271484375 0.35449218773584906 0.3310546875 0.35449218773584906 0.3359375 0.3500976566037736 0.3359375 0.3383789066037736 0.3310546875 0.33105468773584906
9 0.3447265625 0.34277343773584906 0.341796875 0.3471679688679245 0.341796875 0.3618164066037736 0.3505859375 0.3691406245283019 0.3583984375 0.3691406245283019 0.361328125 0.3647460933962264 0.361328125 0.3588867188679245 0.3505859375 0.34277343773584906 0.3447265625 0.34277343773584906
9 0.3603515625 0.38964843773584906 0.353515625 0.3999023433962264 0.3515625 0.4057617188679245 0.3544921875 0.41015625 0.3623046875 0.41015625 0.3662109375 0.40722656226415094 0.369140625 0.4028320311320755 0.369140625 0.3911132811320755 0.3681640625 0.38964843773584906 0.3603515625 0.38964843773584906
9 0.3994140625 0.37792968773584906 0.39453125 0.3852539066037736 0.392578125 0.3911132811320755 0.392578125 0.4028320311320755 0.3974609375 0.41015625 0.4013671875 0.41015625 0.40625 0.4028320311320755 0.40625 0.3852539066037736 0.4013671875 0.37792968773584906 0.3994140625 0.37792968773584906
9 0.52734375 0.4086914066037736 0.5205078125 0.3984375 0.5048828125 0.3984375 0.5009765625 0.40136718773584906 0.5 0.4028320311320755 0.5 0.4116210933962264 0.5048828125 0.41894531226415094 0.5126953125 0.42480468773584906 0.5224609375 0.42480468773584906 0.525390625 0.4204101566037736 0.52734375 0.4145507811320755 0.52734375 0.4086914066037736
9 0.544921875 0.4174804688679245 0.5361328125 0.4042968745283019 0.5322265625 0.4042968745283019 0.529296875 0.4086914066037736 0.529296875 0.4145507811320755 0.533203125 0.4262695311320755 0.5380859375 0.43359375 0.5419921875 0.43359375 0.544921875 0.4291992188679245 0.546875 0.4233398433962264 0.544921875 0.4174804688679245
9 0.751953125 0.4262695311320755 0.7470703125 0.41894531226415094 0.7431640625 0.4160156245283019 0.7392578125 0.4160156245283019 0.736328125 0.4204101566037736 0.736328125 0.4262695311320755 0.73828125 0.4350585933962264 0.7431640625 0.44238281226415094 0.7490234375 0.44238281226415094 0.75390625 0.4350585933962264 0.75390625 0.4321289066037736 0.751953125 0.4262695311320755
9 0.7373046875 0.47167968773584906 0.7294921875 0.47753906226415094 0.724609375 0.48486328113207544 0.724609375 0.48779296886792456 0.7275390625 0.495117187735849 0.7353515625 0.495117187735849 0.744140625 0.4819335933962264 0.744140625 0.4760742188679245 0.7412109375 0.47167968773584906 0.7373046875 0.47167968773584906
9 0.7275390625 0.547851562264151 0.7177734375 0.547851562264151 0.712890625 0.5522460933962264 0.7109375 0.5581054688679246 0.7109375 0.5639648433962264 0.7138671875 0.5683593754716981 0.7216796875 0.5683593754716981 0.7255859375 0.565429687735849 0.73046875 0.5581054688679246 0.73046875 0.5551757811320754 0.7275390625 0.547851562264151
9 0.634765625 0.5668945311320754 0.62890625 0.5522460933962264 0.6240234375 0.5449218754716981 0.6181640625 0.5449218754716981 0.615234375 0.5493164066037736 0.615234375 0.5610351566037736 0.6171875 0.5727539066037736 0.619140625 0.5786132811320754 0.6220703125 0.583007812264151 0.6318359375 0.583007812264151 0.634765625 0.5786132811320754 0.634765625 0.5668945311320754
9 0.5048828125 0.47753906226415094 0.50390625 0.4790039066037736 0.50390625 0.48779296886792456 0.5087890625 0.495117187735849 0.5146484375 0.495117187735849 0.515625 0.4936523433962264 0.515625 0.48486328113207544 0.5107421875 0.47753906226415094 0.5048828125 0.47753906226415094
9 0.619140625 0.48779296886792456 0.615234375 0.4731445311320755 0.603515625 0.4497070311320755 0.5810546875 0.4160156245283019 0.5712890625 0.40722656226415094 0.5478515625 0.41015625 0.544921875 0.4145507811320755 0.5390625 0.4555664066037736 0.5390625 0.4672851566037736 0.5595703125 0.4980468754716982 0.5771484375 0.506835937735849 0.6005859375 0.515625 0.6123046875 0.515625 0.619140625 0.5053710933962264 0.619140625 0.48779296886792456
9 0.3662109375 0.524414062264151 0.3564453125 0.524414062264151 0.35546875 0.5258789066037736 0.35546875 0.5346679688679246 0.3623046875 0.5449218754716981 0.3681640625 0.547851562264151 0.373046875 0.5405273433962264 0.373046875 0.5317382811320754 0.3701171875 0.52734375 0.3662109375 0.524414062264151
9 0.2724609375 0.57421875 0.2666015625 0.57421875 0.263671875 0.5786132811320754 0.263671875 0.5874023433962264 0.2705078125 0.6035156245283019 0.2763671875 0.6035156245283019 0.27734375 0.6020507811320754 0.27734375 0.5903320311320754 0.275390625 0.5786132811320754 0.2724609375 0.57421875
11 0.319254579375 0.47304812358490567 0.31640625 0.4790039066037736 0.31559419 0.4826566452830189 0.31776754625 0.4848871952830188 0.3212890625 0.483398437735849 0.322265625 0.4819335933962264 0.32348690437499994 0.47699448018867924 0.32245742 0.47339128490566035 0.319254579375 0.47304812358490567