6 0.732421875 0.3237304688679245 0.73046875 0.3178710933962264 0.7265625 0.3090820311320755 0.7041015625 0.27832031226415094 0.6904296875 0.26660156226415094 0.6845703125 0.2636718754716981 0.6806640625 0.2636718754716981 0.6728515625 0.26660156226415094 0.66796875 0.2739257811320755 0.6640625 0.2827148433962264 0.66015625 0.2973632811320755 0.669921875 0.3823242188679245 0.685546875 0.4555664066037736 0.6884765625 0.45996093773584906 0.6923828125 0.4628906245283019 0.7275390625 0.4628906245283019 0.748046875 0.4350585933962264 0.732421875 0.3237304688679245
6 0.716796875 0.6079101566037736 0.697265625 0.5288085933962264 0.6923828125 0.524414062264151 0.6865234375 0.524414062264151 0.677734375 0.5434570311320754 0.673828125 0.5727539066037736 0.67578125 0.6079101566037736 0.677734375 0.6254882811320754 0.6806640625 0.6328125 0.7021484375 0.647460937735849 0.7080078125 0.647460937735849 0.7109375 0.6401367188679246 0.716796875 0.6079101566037736
6 0.6484375 0.6899414066037736 0.6357421875 0.670898437735849 0.6220703125 0.65625 0.6083984375 0.64453125 0.5966796875 0.6386718754716981 0.5947265625 0.6386718754716981 0.591796875 0.6430664066037736 0.5859375 0.6577148433962264 0.5859375 0.6606445311320754 0.595703125 0.6870117188679246 0.6455078125 0.747070312264151 0.646484375 0.7456054688679246 0.654296875 0.7163085933962264 0.654296875 0.7016601566037736 0.6484375 0.6899414066037736
6 0.447265625 0.09521484339622642 0.447265625 0.09228515660377358 0.4423828125 0.08496093773584906 0.4365234375 0.08496093773584906 0.3857421875 0.10839843773584906 0.3515625 0.15966796886792453 0.3515625 0.1625976566037736 0.3525390625 0.1640625 0.3564453125 0.16699218773584906 0.3837890625 0.17285156226415094 0.4384765625 0.13183593773584906 0.439453125 0.1303710933962264 0.447265625 0.09521484339622642
6 0.404296875 0.4409179688679245 0.40625 0.4350585933962264 0.41015625 0.3940429688679245 0.40625 0.3618164066037736 0.3916015625 0.34277343773584906 0.3759765625 0.3339843754716981 0.375 0.3354492188679245 0.375 0.4057617188679245 0.380859375 0.4321289066037736 0.384765625 0.4438476566037736 0.3876953125 0.44824218773584906 0.3916015625 0.4511718745283019 0.3974609375 0.4511718745283019 0.404296875 0.4409179688679245
6 0.4296875 0.6928710933962264 0.4267578125 0.688476562264151 0.4111328125 0.682617187735849 0.3701171875 0.6738281245283019 0.369140625 0.6752929688679246 0.345703125 0.7192382811320754 0.3544921875 0.7324218754716981 0.3896484375 0.7558593754716981 0.4169921875 0.7324218754716981 0.427734375 0.7163085933962264 0.431640625 0.7045898433962264 0.431640625 0.6987304688679246 0.4296875 0.6928710933962264
3 0.3125 0.2915039066037736 0.3115234375 0.29003906226415094 0.2685546875 0.26660156226415094 0.2666015625 0.26660156226415094 0.248046875 0.2856445311320755 0.232421875 0.3500976566037736 0.234375 0.4262695311320755 0.236328125 0.4350585933962264 0.2392578125 0.4394531245283019 0.2470703125 0.4394531245283019 0.2666015625 0.43359375 0.279296875 0.4204101566037736 0.3125 0.2915039066037736
3 0.517578125 0.4643554688679245 0.4931640625 0.43359375 0.4833984375 0.4277343745283019 0.4814453125 0.4277343745283019 0.478515625 0.4321289066037736 0.474609375 0.4467773433962264 0.462890625 0.5610351566037736 0.462890625 0.5727539066037736 0.4833984375 0.600585937735849 0.5087890625 0.59765625 0.51171875 0.5932617188679246 0.541015625 0.5200195311320754 0.541015625 0.5170898433962264 0.517578125 0.4643554688679245
3 0.4853515625 0.6738281245283019 0.4580078125 0.6386718754716981 0.4521484375 0.6328125 0.4443359375 0.6328125 0.4326171875 0.641601562264151 0.42578125 0.6518554688679246 0.42578125 0.6547851566037736 0.4755859375 0.7675781245283019 0.498046875 0.7250976566037736 0.501953125 0.7075195311320754 0.501953125 0.7045898433962264 0.494140625 0.6870117188679246 0.4853515625 0.6738281245283019
18 0.248046875 0.7016601566037736 0.248046875 0.6811523433962264 0.240234375 0.6284179688679246 0.236328125 0.6166992188679246 0.2333984375 0.612304687735849 0.2255859375 0.612304687735849 0.216796875 0.6225585933962264 0.21484375 0.6342773433962264 0.212890625 0.6489257811320754 0.212890625 0.6547851566037736 0.216796875 0.6870117188679246 0.220703125 0.6987304688679246 0.2294921875 0.711914062264151 0.2373046875 0.711914062264151 0.2431640625 0.7089843754716981 0.248046875 0.7016601566037736
18 0.6494140625 0.4511718745283019 0.65234375 0.4438476566037736 0.65234375 0.4321289066037736 0.6484375 0.4204101566037736 0.6259765625 0.38964843773584906 0.6220703125 0.38671875 0.6162109375 0.38671875 0.611328125 0.3940429688679245 0.611328125 0.4116210933962264 0.61328125 0.4204101566037736 0.6279296875 0.44238281226415094 0.6357421875 0.4511718745283019 0.6396484375 0.45410156226415094 0.6455078125 0.45410156226415094 0.6494140625 0.4511718745283019
7 0.326171875 0.4790039066037736 0.314453125 0.4467773433962264 0.3115234375 0.44238281226415094 0.3017578125 0.43359375 0.2919921875 0.43066406226415094 0.2880859375 0.43359375 0.2705078125 0.45703125 0.26953125 0.4584960933962264 0.2734375 0.5932617188679246 0.2880859375 0.612304687735849 0.3056640625 0.624023437735849 0.3193359375 0.629882812264151 0.3349609375 0.624023437735849 0.341796875 0.6137695311320754 0.326171875 0.4790039066037736
14 0.3974609375 0.18164062452830187 0.39453125 0.1860351566037736 0.390625 0.1977539066037736 0.390625 0.20654296886792453 0.3916015625 0.20800781226415094 0.4013671875 0.20800781226415094 0.408203125 0.1889648433962264 0.408203125 0.1860351566037736 0.4052734375 0.18164062452830187 0.3974609375 0.18164062452830187
14 0.44140625 0.3911132811320755 0.4345703125 0.3808593754716981 0.4287109375 0.3808593754716981 0.427734375 0.3823242188679245 0.427734375 0.3881835933962264 0.4375 0.4057617188679245 0.4404296875 0.41015625 0.4423828125 0.41015625 0.443359375 0.4086914066037736 0.443359375 0.3999023433962264 0.44140625 0.3911132811320755
9 0.34765625 0.7836914066037736 0.3427734375 0.776367187735849 0.3408203125 0.776367187735849 0.3349609375 0.7792968754716981 0.326171875 0.7924804688679246 0.32421875 0.8012695311320754 0.326171875 0.8129882811320754 0.3271484375 0.8144531245283019 0.3349609375 0.8144531245283019 0.3388671875 0.811523437735849 0.34375 0.8041992188679246 0.34765625 0.7924804688679246 0.34765625 0.7836914066037736
9 0.5244140625 0.635742187735849 0.5185546875 0.6328125 0.5087890625 0.6328125 0.50390625 0.6401367188679246 0.50390625 0.6489257811320754 0.5107421875 0.659179687735849 0.5224609375 0.659179687735849 0.5263671875 0.65625 0.53125 0.6489257811320754 0.53125 0.6459960933962264 0.5244140625 0.635742187735849
9 0.521484375 0.13623046886792453 0.51953125 0.12158203113207545 0.517578125 0.11572265660377358 0.5107421875 0.10546875 0.5068359375 0.10253906226415094 0.5009765625 0.10253906226415094 0.5 0.10400390660377358 0.478515625 0.1391601566037736 0.48828125 0.17138671886792453 0.4912109375 0.17578125 0.4931640625 0.17578125 0.5146484375 0.16113281226415094 0.517578125 0.15673828113207547 0.521484375 0.14501953113207547 0.521484375 0.13623046886792453
18 0.615234375 0.1508789066037736 0.615234375 0.1303710933962264 0.61328125 0.12451171886792455 0.6083984375 0.1171875 0.6025390625 0.11132812452830189 0.5947265625 0.10546875 0.5888671875 0.10253906226415094 0.5732421875 0.10253906226415094 0.5673828125 0.10546875 0.5595703125 0.11132812452830189 0.546875 0.1303710933962264 0.529296875 0.1860351566037736 0.52734375 0.20361328113207547 0.529296875 0.2094726566037736 0.53515625 0.2211914066037736 0.5419921875 0.22851562452830187 0.5478515625 0.23144531226415094 0.5576171875 0.23144531226415094 0.609375 0.1655273433962264 0.615234375 0.1508789066037736
20 0.482421875 0.4204101566037736 0.4775390625 0.41015625 0.4658203125 0.40722656226415094 0.4599609375 0.40722656226415094 0.4541015625 0.41308593773584906 0.453125 0.4145507811320755 0.453125 0.4204101566037736 0.455078125 0.4291992188679245 0.4599609375 0.43652343773584906 0.4677734375 0.44238281226415094 0.4716796875 0.44238281226415094 0.482421875 0.4233398433962264 0.482421875 0.4204101566037736
1 0.318359375 0.7104492188679246 0.31640625 0.6840820311320754 0.3125 0.6752929688679246 0.3017578125 0.659179687735849 0.2978515625 0.65625 0.2841796875 0.65625 0.28125 0.6606445311320754 0.275390625 0.6723632811320754 0.275390625 0.6782226566037736 0.287109375 0.7250976566037736 0.2900390625 0.729492187735849 0.3056640625 0.729492187735849 0.3095703125 0.7265625 0.31640625 0.7163085933962264 0.318359375 0.7104492188679246
1 0.6015625 0.5200195311320754 0.6005859375 0.518554687735849 0.5830078125 0.5097656245283019 0.5751953125 0.512695312264151 0.5703125 0.5170898433962264 0.564453125 0.5288085933962264 0.5625 0.5346679688679246 0.560546875 0.5434570311320754 0.560546875 0.5522460933962264 0.5625 0.5610351566037736 0.564453125 0.5668945311320754 0.5771484375 0.588867187735849 0.5908203125 0.5859375 0.59765625 0.5756835933962264 0.6015625 0.5200195311320754
1 0.60546875 0.3940429688679245 0.607421875 0.3881835933962264 0.607421875 0.3793945311320755 0.6005859375 0.36035156226415094 0.5693359375 0.33105468773584906 0.5595703125 0.33105468773584906 0.5537109375 0.3339843754716981 0.552734375 0.3354492188679245 0.537109375 0.3618164066037736 0.54296875 0.3764648433962264 0.55078125 0.3911132811320755 0.5634765625 0.41015625 0.5732421875 0.4160156245283019 0.5849609375 0.4160156245283019 0.5966796875 0.40722656226415094 0.60546875 0.3940429688679245
1 0.384765625 0.23876953113207547 0.3798828125 0.23144531226415094 0.3681640625 0.23144531226415094 0.3642578125 0.234375 0.361328125 0.23876953113207547 0.353515625 0.2563476566037736 0.353515625 0.2592773433962264 0.3544921875 0.26074218773584906 0.3837890625 0.26074218773584906 0.384765625 0.2592773433962264 0.38671875 0.2504882811320755 0.38671875 0.2446289066037736 0.384765625 0.23876953113207547