1 0.6103515625 0.19628906226415094 0.6005859375 0.19042968773584906 0.5947265625 0.19042968773584906 0.5888671875 0.19335937547169813 0.583984375 0.2006835933962264 0.580078125 0.2094726566037736 0.578125 0.21533203113207547 0.578125 0.22998046886792453 0.5810546875 0.234375 0.5888671875 0.24023437452830187 0.5908203125 0.24023437452830187 0.619140625 0.21533203113207547 0.619140625 0.2094726566037736 0.6103515625 0.19628906226415094
18 0.3779296875 0.47753906226415094 0.384765625 0.4702148433962264 0.388671875 0.4555664066037736 0.388671875 0.4497070311320755 0.38671875 0.4350585933962264 0.373046875 0.3940429688679245 0.3623046875 0.37792968773584906 0.3505859375 0.37792968773584906 0.345703125 0.3852539066037736 0.34375 0.3911132811320755 0.341796875 0.3999023433962264 0.341796875 0.4086914066037736 0.34765625 0.4379882811320755 0.35546875 0.4584960933962264 0.359375 0.4672851566037736 0.3623046875 0.47167968773584906 0.3701171875 0.47753906226415094 0.3779296875 0.47753906226415094
18 0.572265625 0.3266601566037736 0.572265625 0.3178710933962264 0.5703125 0.3120117188679245 0.5615234375 0.2988281245283019 0.5537109375 0.2988281245283019 0.5478515625 0.30175781226415094 0.5361328125 0.31347656226415094 0.5146484375 0.33984375 0.513671875 0.3413085933962264 0.513671875 0.3471679688679245 0.51953125 0.3618164066037736 0.5263671875 0.37207031226415094 0.5439453125 0.37207031226415094 0.5517578125 0.36328125 0.568359375 0.3383789066037736 0.572265625 0.3266601566037736
18 0.67578125 0.5229492188679246 0.673828125 0.5112304688679246 0.669921875 0.49951171886792456 0.6513671875 0.47167968773584906 0.6435546875 0.46582031226415094 0.6396484375 0.46582031226415094 0.6357421875 0.46875 0.6328125 0.4731445311320755 0.6328125 0.48779296886792456 0.634765625 0.4936523433962264 0.64453125 0.5112304688679246 0.6572265625 0.530273437735849 0.6611328125 0.5332031245283019 0.6689453125 0.5332031245283019 0.67578125 0.5229492188679246
18 0.5546875 0.6108398433962264 0.5546875 0.6049804688679246 0.55078125 0.5932617188679246 0.5419921875 0.5800781245283019 0.5302734375 0.565429687735849 0.5224609375 0.5566406245283019 0.5185546875 0.553710937735849 0.5107421875 0.553710937735849 0.5029296875 0.559570312264151 0.5 0.5639648433962264 0.5 0.5844726566037736 0.501953125 0.5903320311320754 0.5263671875 0.6269531245283019 0.5361328125 0.6328125 0.5419921875 0.6328125 0.55078125 0.6254882811320754 0.5546875 0.6108398433962264
18 0.6640625 0.6899414066037736 0.6640625 0.6870117188679246 0.654296875 0.6665039066037736 0.6513671875 0.6621093754716981 0.6435546875 0.653320312264151 0.6181640625 0.629882812264151 0.6142578125 0.6269531245283019 0.6025390625 0.6269531245283019 0.5986328125 0.629882812264151 0.59375 0.6372070311320754 0.591796875 0.6459960933962264 0.591796875 0.6518554688679246 0.59375 0.6606445311320754 0.6044921875 0.676757812264151 0.6279296875 0.700195312264151 0.6376953125 0.706054687735849 0.6455078125 0.706054687735849 0.6640625 0.6899414066037736
18 0.486328125 0.6489257811320754 0.484375 0.6430664066037736 0.4794921875 0.635742187735849 0.4697265625 0.6269531245283019 0.4521484375 0.6269531245283019 0.4482421875 0.629882812264151 0.44140625 0.6401367188679246 0.44140625 0.6459960933962264 0.4462890625 0.653320312264151 0.4736328125 0.6855468754716981 0.4775390625 0.6855468754716981 0.482421875 0.6782226566037736 0.486328125 0.6665039066037736 0.486328125 0.6489257811320754
18 0.302734375 0.5991210933962264 0.30078125 0.5903320311320754 0.2978515625 0.5859375 0.2939453125 0.583007812264151 0.2861328125 0.5800781245283019 0.2802734375 0.583007812264151 0.275390625 0.5903320311320754 0.2734375 0.5991210933962264 0.2734375 0.6079101566037736 0.2763671875 0.6152343754716981 0.2880859375 0.62109375 0.2939453125 0.62109375 0.30078125 0.6108398433962264 0.302734375 0.6049804688679246 0.302734375 0.5991210933962264
14 0.2685546875 0.3222656245283019 0.2587890625 0.3222656245283019 0.25390625 0.3295898433962264 0.25390625 0.3325195311320755 0.2666015625 0.34863281226415094 0.2724609375 0.34863281226415094 0.28125 0.3413085933962264 0.28125 0.3325195311320755 0.2763671875 0.32519531226415094 0.2685546875 0.3222656245283019
14 0.4296875 0.3559570311320755 0.4267578125 0.3515625 0.4208984375 0.3515625 0.4169921875 0.35449218773584906 0.4140625 0.3588867188679245 0.412109375 0.3647460933962264 0.412109375 0.3706054688679245 0.4150390625 0.37792968773584906 0.4228515625 0.37792968773584906 0.4287109375 0.37207031226415094 0.431640625 0.3676757811320755 0.431640625 0.3618164066037736 0.4296875 0.3559570311320755
14 0.625 0.3237304688679245 0.6171875 0.3530273433962264 0.6220703125 0.36035156226415094 0.6259765625 0.36035156226415094 0.638671875 0.3500976566037736 0.63671875 0.3266601566037736 0.6337890625 0.3222656245283019 0.6259765625 0.3222656245283019 0.625 0.3237304688679245
14 0.5263671875 0.47167968773584906 0.5234375 0.4760742188679245 0.5234375 0.5024414066037736 0.5244140625 0.50390625 0.5419921875 0.506835937735849 0.544921875 0.5024414066037736 0.544921875 0.49658203113207544 0.5302734375 0.47167968773584906 0.5263671875 0.47167968773584906
14 0.3818359375 0.62109375 0.3779296875 0.62109375 0.3671875 0.6372070311320754 0.37109375 0.6518554688679246 0.3759765625 0.65625 0.3798828125 0.65625 0.3828125 0.6518554688679246 0.38671875 0.6401367188679246 0.38671875 0.6254882811320754 0.3818359375 0.62109375
3 0.45703125 0.4145507811320755 0.4501953125 0.4042968745283019 0.4462890625 0.4042968745283019 0.4404296875 0.41015625 0.43359375 0.4204101566037736 0.451171875 0.4614257811320755 0.4521484375 0.4628906245283019 0.4580078125 0.45996093773584906 0.4609375 0.4555664066037736 0.462890625 0.4497070311320755 0.462890625 0.4379882811320755 0.45703125 0.4145507811320755
13 0.5498046875 0.512695312264151 0.546875 0.5170898433962264 0.5556640625 0.5332031245283019 0.5595703125 0.5332031245283019 0.5625 0.5288085933962264 0.560546875 0.5170898433962264 0.5556640625 0.5097656245283019 0.5537109375 0.5097656245283019 0.5498046875 0.512695312264151
3 0.2646484375 0.69140625 0.263671875 0.6928710933962264 0.263671875 0.7133789066037736 0.2646484375 0.71484375 0.2783203125 0.71484375 0.279296875 0.7133789066037736 0.279296875 0.6958007811320754 0.2783203125 0.694335937735849 0.2646484375 0.69140625
9 0.2998046875 0.688476562264151 0.2939453125 0.69140625 0.291015625 0.6958007811320754 0.291015625 0.7075195311320754 0.2939453125 0.711914062264151 0.3037109375 0.711914062264151 0.3125 0.6987304688679246 0.3125 0.6899414066037736 0.3115234375 0.688476562264151 0.2998046875 0.688476562264151
9 0.3212890625 0.641601562264151 0.3173828125 0.641601562264151 0.31640625 0.6430664066037736 0.31640625 0.6489257811320754 0.318359375 0.6547851566037736 0.3212890625 0.659179687735849 0.3232421875 0.659179687735849 0.326171875 0.6518554688679246 0.326171875 0.6489257811320754 0.3212890625 0.641601562264151
9 0.3583984375 0.5449218754716981 0.3525390625 0.5449218754716981 0.34765625 0.5522460933962264 0.34765625 0.5610351566037736 0.3515625 0.5756835933962264 0.3564453125 0.5800781245283019 0.361328125 0.5727539066037736 0.36328125 0.5551757811320754 0.361328125 0.5493164066037736 0.3583984375 0.5449218754716981
0 0.251953125 0.5844726566037736 0.2548828125 0.588867187735849 0.2587890625 0.588867187735849 0.259765625 0.5874023433962264 0.259765625 0.5844726566037736 0.2568359375 0.5800781245283019 0.2548828125 0.5800781245283019 0.251953125 0.5844726566037736
9 0.546875 0.6928710933962264 0.54296875 0.6752929688679246 0.5361328125 0.659179687735849 0.5283203125 0.659179687735849 0.5146484375 0.66796875 0.513671875 0.6694335933962264 0.513671875 0.6752929688679246 0.51953125 0.6870117188679246 0.5361328125 0.711914062264151 0.5439453125 0.711914062264151 0.544921875 0.7104492188679246 0.546875 0.6987304688679246 0.546875 0.6928710933962264
9 0.599609375 0.5610351566037736 0.5947265625 0.5566406245283019 0.5908203125 0.559570312264151 0.5859375 0.5668945311320754 0.58203125 0.5786132811320754 0.58203125 0.5903320311320754 0.5869140625 0.59765625 0.5927734375 0.59765625 0.59765625 0.5903320311320754 0.599609375 0.5844726566037736 0.6015625 0.5698242188679246 0.599609375 0.5610351566037736
9 0.478515625 0.5170898433962264 0.4736328125 0.5097656245283019 0.4658203125 0.5097656245283019 0.46484375 0.5112304688679246 0.462890625 0.5170898433962264 0.46484375 0.5288085933962264 0.46875 0.5405273433962264 0.4697265625 0.541992187735849 0.4736328125 0.541992187735849 0.4765625 0.5375976566037736 0.478515625 0.5229492188679246 0.478515625 0.5170898433962264
9 0.4619140625 0.547851562264151 0.4580078125 0.547851562264151 0.45703125 0.5493164066037736 0.455078125 0.5581054688679246 0.45703125 0.5727539066037736 0.4619140625 0.5800781245283019 0.4658203125 0.5800781245283019 0.470703125 0.5727539066037736 0.470703125 0.5639648433962264 0.466796875 0.5551757811320754 0.4619140625 0.547851562264151
9 0.4208984375 0.5214843754716981 0.416015625 0.5288085933962264 0.416015625 0.5405273433962264 0.4208984375 0.553710937735849 0.4267578125 0.553710937735849 0.427734375 0.5522460933962264 0.427734375 0.5229492188679246 0.4267578125 0.5214843754716981 0.4208984375 0.5214843754716981
9 0.3291015625 0.47753906226415094 0.3232421875 0.483398437735849 0.3203125 0.48779296886792456 0.3203125 0.4936523433962264 0.3232421875 0.4980468754716982 0.3349609375 0.4980468754716982 0.33984375 0.4907226566037736 0.33984375 0.4790039066037736 0.3388671875 0.47753906226415094 0.3291015625 0.47753906226415094
9 0.2666015625 0.4511718745283019 0.2607421875 0.4511718745283019 0.2578125 0.4555664066037736 0.2578125 0.4702148433962264 0.26171875 0.4790039066037736 0.2666015625 0.4863281245283018 0.2685546875 0.4863281245283018 0.271484375 0.4819335933962264 0.271484375 0.4584960933962264 0.2666015625 0.4511718745283019
9 0.2421875 0.4028320311320755 0.2373046875 0.3984375 0.2333984375 0.3984375 0.2255859375 0.4042968745283019 0.21875 0.4145507811320755 0.21875 0.4204101566037736 0.2236328125 0.4277343745283019 0.2333984375 0.4277343745283019 0.2392578125 0.42480468773584906 0.244140625 0.4174804688679245 0.244140625 0.4086914066037736 0.2421875 0.4028320311320755
9 0.5927734375 0.495117187735849 0.5869140625 0.495117187735849 0.583984375 0.49951171886792456 0.5859375 0.5053710933962264 0.5888671875 0.5097656245283019 0.5927734375 0.512695312264151 0.5966796875 0.512695312264151 0.59765625 0.5112304688679246 0.59765625 0.5024414066037736 0.5927734375 0.495117187735849
9 0.5673828125 0.4042968745283019 0.5634765625 0.4042968745283019 0.55859375 0.4116210933962264 0.5546875 0.4204101566037736 0.5546875 0.4321289066037736 0.5595703125 0.43652343773584906 0.5634765625 0.43652343773584906 0.568359375 0.4291992188679245 0.5703125 0.4145507811320755 0.5703125 0.4086914066037736 0.5673828125 0.4042968745283019
9 0.5185546875 0.43066406226415094 0.5126953125 0.43359375 0.505859375 0.4409179688679245 0.50390625 0.4467773433962264 0.50390625 0.4526367188679245 0.5087890625 0.45996093773584906 0.5126953125 0.45996093773584906 0.517578125 0.4555664066037736 0.5234375 0.4409179688679245 0.5234375 0.4350585933962264 0.5185546875 0.43066406226415094
9 0.505859375 0.4057617188679245 0.50390625 0.3969726566037736 0.5029296875 0.39550781226415094 0.4931640625 0.38671875 0.4873046875 0.38671875 0.482421875 0.3940429688679245 0.482421875 0.4028320311320755 0.4853515625 0.40722656226415094 0.4892578125 0.41015625 0.4970703125 0.41308593773584906 0.5029296875 0.41308593773584906 0.505859375 0.4086914066037736 0.505859375 0.4057617188679245
9 0.6767578125 0.40136718773584906 0.6728515625 0.3984375 0.6708984375 0.3984375 0.666015625 0.4057617188679245 0.666015625 0.4116210933962264 0.6708984375 0.41894531226415094 0.6787109375 0.42480468773584906 0.6806640625 0.42480468773584906 0.68359375 0.4204101566037736 0.68359375 0.4116210933962264 0.6767578125 0.40136718773584906
9 0.6123046875 0.3515625 0.6044921875 0.3515625 0.603515625 0.3530273433962264 0.603515625 0.3706054688679245 0.6064453125 0.375 0.6123046875 0.375 0.619140625 0.3647460933962264 0.619140625 0.3559570311320755 0.6181640625 0.35449218773584906 0.6123046875 0.3515625
9 0.66796875 0.3090820311320755 0.6611328125 0.2988281245283019 0.6572265625 0.2988281245283019 0.654296875 0.3032226566037736 0.65234375 0.3120117188679245 0.65234375 0.3178710933962264 0.654296875 0.3325195311320755 0.6591796875 0.33984375 0.6669921875 0.33984375 0.671875 0.3325195311320755 0.671875 0.3208007811320755 0.66796875 0.3090820311320755
9 0.4150390625 0.25488281226415094 0.4111328125 0.25488281226415094 0.408203125 0.2592773433962264 0.404296875 0.2768554688679245 0.404296875 0.2827148433962264 0.4072265625 0.2871093754716981 0.4150390625 0.2871093754716981 0.41796875 0.2797851566037736 0.41796875 0.2651367188679245 0.416015625 0.2563476566037736 0.4150390625 0.25488281226415094
9 0.4951171875 0.2519531245283019 0.48828125 0.2622070311320755 0.48828125 0.2651367188679245 0.4931640625 0.27246093773584906 0.5029296875 0.26953125 0.505859375 0.2651367188679245 0.505859375 0.2563476566037736 0.5029296875 0.2519531245283019 0.4951171875 0.2519531245283019
9 0.443359375 0.15966796886792453 0.4404296875 0.15527343773584906 0.4365234375 0.15234375 0.4228515625 0.15234375 0.41796875 0.15966796886792453 0.416015625 0.1655273433962264 0.416015625 0.17138671886792453 0.41796875 0.1772460933962264 0.4228515625 0.18164062452830187 0.4287109375 0.18164062452830187 0.4365234375 0.17578125 0.443359375 0.1655273433962264 0.443359375 0.15966796886792453
9 0.5029296875 0.14648437547169813 0.4970703125 0.14648437547169813 0.4921875 0.1538085933962264 0.4921875 0.17138671886792453 0.4951171875 0.17578125 0.4990234375 0.17578125 0.501953125 0.17138671886792453 0.505859375 0.15966796886792453 0.505859375 0.1508789066037736 0.5029296875 0.14648437547169813
9 0.3876953125 0.1640625 0.380859375 0.1743164066037736 0.37890625 0.18017578113207547 0.37890625 0.1860351566037736 0.3837890625 0.19335937547169813 0.3896484375 0.19335937547169813 0.39453125 0.1860351566037736 0.39453125 0.1655273433962264 0.3935546875 0.1640625 0.3876953125 0.1640625
9 0.3349609375 0.23144531226415094 0.3310546875 0.22851562452830187 0.3212890625 0.22851562452830187 0.318359375 0.2329101566037736 0.318359375 0.23876953113207547 0.3251953125 0.24609375 0.3291015625 0.2490234377358491 0.3349609375 0.2490234377358491 0.337890625 0.2446289066037736 0.337890625 0.2358398433962264 0.3349609375 0.23144531226415094
13 0.2666015625 0.27832031226415094 0.265625 0.2797851566037736 0.265625 0.2827148433962264 0.2666015625 0.28417968773584906 0.2744140625 0.28417968773584906 0.275390625 0.2827148433962264 0.275390625 0.2797851566037736 0.2744140625 0.27832031226415094 0.2666015625 0.27832031226415094