6 0.671875 0.21826171886792453 0.6591796875 0.19921875 0.6298828125 0.19335937547169813 0.6259765625 0.19335937547169813 0.5830078125 0.21386718773584906 0.580078125 0.2211914066037736 0.576171875 0.2358398433962264 0.564453125 0.2885742188679245 0.564453125 0.2915039066037736 0.5673828125 0.29589843773584906 0.5947265625 0.30175781226415094 0.6513671875 0.26953125 0.673828125 0.2504882811320755 0.673828125 0.2241210933962264 0.671875 0.21826171886792453
6 0.5634765625 0.14941406226415094 0.5498046875 0.14355468773584906 0.5302734375 0.13769531226415094 0.5283203125 0.13769531226415094 0.5126953125 0.14941406226415094 0.4951171875 0.16699218773584906 0.4921875 0.17138671886792453 0.484375 0.1889648433962264 0.474609375 0.2241210933962264 0.47265625 0.2358398433962264 0.47265625 0.2416992188679245 0.4765625 0.2563476566037736 0.4853515625 0.26953125 0.4951171875 0.2753906245283019 0.5029296875 0.27832031226415094 0.564453125 0.1508789066037736 0.5634765625 0.14941406226415094
18 0.3837890625 0.26074218773584906 0.3896484375 0.2578125 0.396484375 0.2475585933962264 0.396484375 0.23876953113207547 0.390625 0.2211914066037736 0.3681640625 0.1875 0.3642578125 0.18457031226415094 0.3544921875 0.18457031226415094 0.3505859375 0.1875 0.34765625 0.19189453113207547 0.345703125 0.1977539066037736 0.345703125 0.2094726566037736 0.3515625 0.22705078113207547 0.359375 0.2446289066037736 0.3642578125 0.2519531245283019 0.3720703125 0.2578125 0.3779296875 0.26074218773584906 0.3837890625 0.26074218773584906
18 0.373046875 0.3208007811320755 0.373046875 0.3120117188679245 0.37109375 0.3061523433962264 0.3642578125 0.29589843773584906 0.3603515625 0.29296875 0.3525390625 0.29296875 0.3486328125 0.29589843773584906 0.341796875 0.3061523433962264 0.341796875 0.3266601566037736 0.34375 0.3325195311320755 0.3486328125 0.33984375 0.3623046875 0.33984375 0.3681640625 0.3339843754716981 0.37109375 0.3295898433962264 0.373046875 0.3208007811320755
1 0.47265625 0.4028320311320755 0.48046875 0.3823242188679245 0.48046875 0.3530273433962264 0.474609375 0.3354492188679245 0.4580078125 0.30175781226415094 0.451171875 0.3090820311320755 0.4296875 0.3823242188679245 0.4296875 0.3999023433962264 0.4384765625 0.41308593773584906 0.4462890625 0.4160156245283019 0.4560546875 0.4160156245283019 0.4619140625 0.41308593773584906 0.4697265625 0.40722656226415094 0.47265625 0.4028320311320755
1 0.509765625 0.4731445311320755 0.517578125 0.4057617188679245 0.517578125 0.3823242188679245 0.5146484375 0.37792968773584906 0.4501953125 0.45996093773584906 0.44921875 0.4614257811320755 0.4609375 0.48779296886792456 0.4677734375 0.4980468754716982 0.4716796875 0.500976562264151 0.4912109375 0.500976562264151 0.4970703125 0.4980468754716982 0.5029296875 0.4921875 0.509765625 0.4731445311320755
1 0.3505859375 0.541992187735849 0.35546875 0.5346679688679246 0.361328125 0.5229492188679246 0.365234375 0.5112304688679246 0.369140625 0.4819335933962264 0.365234375 0.4672851566037736 0.3583984375 0.45703125 0.3310546875 0.4746093745283019 0.314453125 0.5053710933962264 0.3125 0.5112304688679246 0.3125 0.5258789066037736 0.314453125 0.5317382811320754 0.3212890625 0.541992187735849 0.3271484375 0.547851562264151 0.3330078125 0.55078125 0.3408203125 0.55078125 0.3505859375 0.541992187735849
1 0.3466796875 0.682617187735849 0.3662109375 0.670898437735849 0.375 0.6577148433962264 0.37890625 0.6489257811320754 0.3828125 0.6342773433962264 0.3828125 0.6196289066037736 0.3759765625 0.609375 0.2958984375 0.588867187735849 0.294921875 0.5903320311320754 0.291015625 0.6196289066037736 0.291015625 0.6313476566037736 0.294921875 0.6430664066037736 0.298828125 0.6518554688679246 0.3115234375 0.670898437735849 0.3271484375 0.6855468754716981 0.3349609375 0.6855468754716981 0.3466796875 0.682617187735849
1 0.6171875 0.6723632811320754 0.623046875 0.6577148433962264 0.626953125 0.6430664066037736 0.626953125 0.6254882811320754 0.615234375 0.5874023433962264 0.6142578125 0.5859375 0.6064453125 0.5917968754716981 0.5595703125 0.653320312264151 0.55859375 0.6547851566037736 0.55859375 0.6606445311320754 0.568359375 0.6840820311320754 0.5751953125 0.694335937735849 0.5849609375 0.700195312264151 0.5927734375 0.700195312264151 0.6025390625 0.694335937735849 0.6171875 0.6723632811320754
1 0.65625 0.7690429688679246 0.6640625 0.7543945311320754 0.673828125 0.7280273433962264 0.673828125 0.7163085933962264 0.6728515625 0.71484375 0.6572265625 0.711914062264151 0.6435546875 0.71484375 0.6201171875 0.7265625 0.6142578125 0.7324218754716981 0.61328125 0.7338867188679246 0.61328125 0.7602539066037736 0.615234375 0.7661132811320754 0.6240234375 0.7792968754716981 0.6279296875 0.782226562264151 0.6396484375 0.782226562264151 0.6513671875 0.776367187735849 0.65625 0.7690429688679246
1 0.76953125 0.4262695311320755 0.7666015625 0.41894531226415094 0.7548828125 0.41894531226415094 0.7470703125 0.42480468773584906 0.73828125 0.4379882811320755 0.73828125 0.4584960933962264 0.7431640625 0.46875 0.7509765625 0.4746093745283019 0.7568359375 0.4746093745283019 0.767578125 0.4614257811320755 0.76953125 0.4467773433962264 0.76953125 0.4262695311320755
20 0.455078125 0.7456054688679246 0.4365234375 0.7207031245283019 0.4248046875 0.711914062264151 0.4228515625 0.711914062264151 0.419921875 0.7163085933962264 0.416015625 0.7485351566037736 0.416015625 0.7543945311320754 0.41796875 0.7602539066037736 0.4208984375 0.764648437735849 0.4306640625 0.764648437735849 0.4541015625 0.752929687735849 0.455078125 0.7514648433962264 0.455078125 0.7456054688679246
14 0.623046875 0.5083007811320754 0.6201171875 0.50390625 0.6103515625 0.50390625 0.60546875 0.5112304688679246 0.60546875 0.5258789066037736 0.609375 0.5405273433962264 0.6123046875 0.5449218754716981 0.6181640625 0.5449218754716981 0.62109375 0.5405273433962264 0.623046875 0.5346679688679246 0.623046875 0.5083007811320754
9 0.5947265625 0.75 0.5888671875 0.75 0.5830078125 0.752929687735849 0.578125 0.7602539066037736 0.576171875 0.7661132811320754 0.576171875 0.7807617188679246 0.5849609375 0.793945312264151 0.5888671875 0.793945312264151 0.58984375 0.7924804688679246 0.59375 0.7690429688679246 0.595703125 0.7514648433962264 0.5947265625 0.75
9 0.5849609375 0.43359375 0.5771484375 0.43359375 0.5732421875 0.43652343773584906 0.56640625 0.4467773433962264 0.56640625 0.4643554688679245 0.5693359375 0.46875 0.5771484375 0.46875 0.587890625 0.4526367188679245 0.58984375 0.4467773433962264 0.58984375 0.4379882811320755 0.5849609375 0.43359375
9 0.6513671875 0.38378906226415094 0.6474609375 0.3808593754716981 0.6455078125 0.3808593754716981 0.6416015625 0.38378906226415094 0.638671875 0.3881835933962264 0.638671875 0.4028320311320755 0.640625 0.4086914066037736 0.6455078125 0.4160156245283019 0.6552734375 0.4160156245283019 0.658203125 0.4116210933962264 0.66015625 0.3999023433962264 0.6513671875 0.38378906226415094
9 0.73046875 0.3266601566037736 0.7255859375 0.31933593773584906 0.7158203125 0.31933593773584906 0.7080078125 0.32519531226415094 0.703125 0.3325195311320755 0.703125 0.3413085933962264 0.7041015625 0.34277343773584906 0.7099609375 0.3457031245283019 0.7158203125 0.3457031245283019 0.7236328125 0.34277343773584906 0.73046875 0.3325195311320755 0.73046875 0.3266601566037736
9 0.783203125 0.6079101566037736 0.7783203125 0.600585937735849 0.7705078125 0.600585937735849 0.7666015625 0.6035156245283019 0.763671875 0.6079101566037736 0.759765625 0.6166992188679246 0.76171875 0.6342773433962264 0.7646484375 0.6386718754716981 0.7685546875 0.6386718754716981 0.7724609375 0.635742187735849 0.78125 0.6225585933962264 0.783203125 0.6166992188679246 0.783203125 0.6079101566037736
9 0.7587890625 0.7324218754716981 0.763671875 0.7250976566037736 0.763671875 0.7192382811320754 0.76171875 0.7133789066037736 0.7548828125 0.703125 0.7333984375 0.6972656245283019 0.732421875 0.6987304688679246 0.732421875 0.7045898433962264 0.734375 0.7163085933962264 0.736328125 0.7221679688679246 0.7431640625 0.7324218754716981 0.7490234375 0.735351562264151 0.7548828125 0.735351562264151 0.7587890625 0.7324218754716981
9 0.7158203125 0.694335937735849 0.7080078125 0.688476562264151 0.7021484375 0.688476562264151 0.701171875 0.6899414066037736 0.69921875 0.6958007811320754 0.69921875 0.6987304688679246 0.703125 0.7075195311320754 0.7080078125 0.71484375 0.7158203125 0.71484375 0.71875 0.7104492188679246 0.71875 0.7016601566037736 0.7158203125 0.694335937735849
9 0.5087890625 0.7324218754716981 0.5009765625 0.7324218754716981 0.498046875 0.7368164066037736 0.49609375 0.7426757811320754 0.498046875 0.7485351566037736 0.5009765625 0.752929687735849 0.5087890625 0.752929687735849 0.5146484375 0.747070312264151 0.517578125 0.7426757811320754 0.5126953125 0.735351562264151 0.5087890625 0.7324218754716981
11 0.4931640625 0.530273437735849 0.490234375 0.5346679688679246 0.4912109375 0.536132812264151 0.5087890625 0.5449218754716981 0.509765625 0.5434570311320754 0.509765625 0.5405273433962264 0.5048828125 0.5332031245283019 0.5009765625 0.530273437735849 0.4931640625 0.530273437735849