6 0.3134765625 0.659179687735849 0.3291015625 0.665039062264151 0.3466796875 0.66796875 0.3623046875 0.665039062264151 0.3662109375 0.6621093754716981 0.375 0.6518554688679246 0.3828125 0.6313476566037736 0.2841796875 0.4921875 0.2802734375 0.489257812264151 0.2724609375 0.4980468754716982 0.267578125 0.5053710933962264 0.263671875 0.5141601566037736 0.26171875 0.5229492188679246 0.259765625 0.5405273433962264 0.259765625 0.5463867188679246 0.263671875 0.5756835933962264 0.267578125 0.5874023433962264 0.271484375 0.5961914066037736 0.2890625 0.6254882811320754 0.3095703125 0.65625 0.3134765625 0.659179687735849
6 0.6552734375 0.2871093754716981 0.66015625 0.2797851566037736 0.6640625 0.2651367188679245 0.6640625 0.2563476566037736 0.662109375 0.2504882811320755 0.6533203125 0.23730468773584906 0.6337890625 0.21679687452830187 0.5537109375 0.22558593773584906 0.5419921875 0.24023437452830187 0.53515625 0.2504882811320755 0.525390625 0.2709960933962264 0.525390625 0.2827148433962264 0.5341796875 0.29589843773584906 0.5380859375 0.2988281245283019 0.5595703125 0.30761718773584906 0.6220703125 0.31640625 0.6259765625 0.31640625 0.6552734375 0.2871093754716981
3 0.654296875 0.4643554688679245 0.65234375 0.4555664066037736 0.646484375 0.4379882811320755 0.6328125 0.4116210933962264 0.6279296875 0.4042968745283019 0.6240234375 0.40136718773584906 0.5849609375 0.40136718773584906 0.5693359375 0.40722656226415094 0.5654296875 0.41015625 0.5625 0.4145507811320755 0.537109375 0.4555664066037736 0.537109375 0.4614257811320755 0.5390625 0.4672851566037736 0.5595703125 0.500976562264151 0.6201171875 0.559570312264151 0.654296875 0.49658203113207544 0.65625 0.4819335933962264 0.654296875 0.4643554688679245
27 0.384765625 0.4028320311320755 0.384765625 0.3969726566037736 0.3837890625 0.39550781226415094 0.3212890625 0.328125 0.3173828125 0.32519531226415094 0.3076171875 0.3222656245283019 0.3037109375 0.32519531226415094 0.30078125 0.3295898433962264 0.27734375 0.4321289066037736 0.27734375 0.4379882811320755 0.2822265625 0.4453125 0.3037109375 0.4628906245283019 0.3076171875 0.4628906245283019 0.3798828125 0.41894531226415094 0.380859375 0.4174804688679245 0.384765625 0.4028320311320755
18 0.353515625 0.7397460933962264 0.35546875 0.7309570311320754 0.35546875 0.7133789066037736 0.3515625 0.7016601566037736 0.34765625 0.6928710933962264 0.3349609375 0.6738281245283019 0.3232421875 0.665039062264151 0.3154296875 0.6621093754716981 0.3095703125 0.6621093754716981 0.3017578125 0.665039062264151 0.296875 0.6694335933962264 0.294921875 0.6752929688679246 0.294921875 0.6782226566037736 0.296875 0.6840820311320754 0.3349609375 0.7441406245283019 0.3388671875 0.747070312264151 0.3447265625 0.747070312264151 0.3505859375 0.7441406245283019 0.353515625 0.7397460933962264
18 0.423828125 0.6782226566037736 0.423828125 0.6606445311320754 0.421875 0.6518554688679246 0.4130859375 0.6386718754716981 0.4052734375 0.6386718754716981 0.3955078125 0.64453125 0.392578125 0.6489257811320754 0.390625 0.6547851566037736 0.390625 0.6694335933962264 0.400390625 0.6987304688679246 0.4013671875 0.700195312264151 0.4091796875 0.700195312264151 0.4150390625 0.694335937735849 0.421875 0.6840820311320754 0.423828125 0.6782226566037736
18 0.462890625 0.6987304688679246 0.4609375 0.6899414066037736 0.4580078125 0.6855468754716981 0.4501953125 0.6855468754716981 0.443359375 0.6958007811320754 0.44140625 0.7045898433962264 0.439453125 0.7163085933962264 0.439453125 0.7338867188679246 0.44140625 0.7397460933962264 0.4443359375 0.7441406245283019 0.4501953125 0.7441406245283019 0.455078125 0.7368164066037736 0.458984375 0.7250976566037736 0.462890625 0.6987304688679246
18 0.49609375 0.6577148433962264 0.494140625 0.6518554688679246 0.4873046875 0.641601562264151 0.4775390625 0.635742187735849 0.4619140625 0.635742187735849 0.4580078125 0.6386718754716981 0.453125 0.6459960933962264 0.451171875 0.6518554688679246 0.451171875 0.6665039066037736 0.455078125 0.6752929688679246 0.4599609375 0.682617187735849 0.4658203125 0.682617187735849 0.4951171875 0.665039062264151 0.49609375 0.6635742188679246 0.49609375 0.6577148433962264
18 0.533203125 0.6137695311320754 0.533203125 0.6079101566037736 0.53125 0.5991210933962264 0.51953125 0.5727539066037736 0.513671875 0.5610351566037736 0.5087890625 0.553710937735849 0.5048828125 0.55078125 0.4970703125 0.55078125 0.494140625 0.5551757811320754 0.4921875 0.5610351566037736 0.4921875 0.5668945311320754 0.49609375 0.5874023433962264 0.50390625 0.6049804688679246 0.5126953125 0.618164062264151 0.5166015625 0.62109375 0.5263671875 0.624023437735849 0.533203125 0.6137695311320754
18 0.646484375 0.6430664066037736 0.646484375 0.6401367188679246 0.64453125 0.6284179688679246 0.638671875 0.6137695311320754 0.6181640625 0.583007812264151 0.6083984375 0.57421875 0.6064453125 0.57421875 0.6025390625 0.577148437735849 0.595703125 0.5874023433962264 0.595703125 0.5991210933962264 0.599609375 0.6108398433962264 0.603515625 0.6196289066037736 0.6259765625 0.65625 0.6298828125 0.659179687735849 0.6396484375 0.65625 0.646484375 0.6430664066037736
18 0.69140625 0.6254882811320754 0.693359375 0.6137695311320754 0.69140625 0.6020507811320754 0.6875 0.5903320311320754 0.6826171875 0.583007812264151 0.6728515625 0.577148437735849 0.6669921875 0.577148437735849 0.666015625 0.5786132811320754 0.66015625 0.6284179688679246 0.66015625 0.6342773433962264 0.6630859375 0.6386718754716981 0.6669921875 0.641601562264151 0.6806640625 0.641601562264151 0.6845703125 0.6386718754716981 0.689453125 0.6313476566037736 0.69140625 0.6254882811320754
18 0.73046875 0.49951171886792456 0.73046875 0.4731445311320755 0.7275390625 0.46875 0.7099609375 0.46875 0.69921875 0.4790039066037736 0.697265625 0.48779296886792456 0.697265625 0.4936523433962264 0.69921875 0.5112304688679246 0.7021484375 0.518554687735849 0.7177734375 0.518554687735849 0.7236328125 0.512695312264151 0.728515625 0.5053710933962264 0.73046875 0.49951171886792456
18 0.642578125 0.3764648433962264 0.64453125 0.3706054688679245 0.64453125 0.3559570311320755 0.6376953125 0.3457031245283019 0.6337890625 0.34277343773584906 0.6162109375 0.34277343773584906 0.611328125 0.3471679688679245 0.60546875 0.3588867188679245 0.60546875 0.3647460933962264 0.609375 0.3735351566037736 0.6162109375 0.38378906226415094 0.6240234375 0.38964843773584906 0.6298828125 0.38964843773584906 0.6376953125 0.38378906226415094 0.642578125 0.3764648433962264
18 0.51953125 0.22998046886792453 0.517578125 0.2241210933962264 0.5087890625 0.2109375 0.5009765625 0.2109375 0.4951171875 0.21386718773584906 0.490234375 0.2211914066037736 0.486328125 0.2329101566037736 0.486328125 0.2416992188679245 0.48828125 0.2504882811320755 0.4970703125 0.2636718754716981 0.5087890625 0.2636718754716981 0.515625 0.2563476566037736 0.51953125 0.2446289066037736 0.51953125 0.22998046886792453
27 0.59375 0.6870117188679246 0.58984375 0.6782226566037736 0.5869140625 0.6738281245283019 0.5751953125 0.659179687735849 0.5712890625 0.65625 0.5341796875 0.6328125 0.5322265625 0.6328125 0.53125 0.6342773433962264 0.517578125 0.6665039066037736 0.517578125 0.6723632811320754 0.5224609375 0.6796875 0.5732421875 0.73828125 0.5830078125 0.7441406245283019 0.5888671875 0.741210937735849 0.603515625 0.7250976566037736 0.59375 0.6870117188679246
20 0.5966796875 0.606445312264151 0.5947265625 0.606445312264151 0.5771484375 0.624023437735849 0.576171875 0.6254882811320754 0.576171875 0.6284179688679246 0.580078125 0.6606445311320754 0.5810546875 0.6621093754716981 0.5986328125 0.6503906245283019 0.603515625 0.6430664066037736 0.603515625 0.6225585933962264 0.5966796875 0.606445312264151
1 0.365234375 0.2358398433962264 0.36328125 0.22998046886792453 0.3603515625 0.22558593773584906 0.3564453125 0.22265625 0.3447265625 0.22265625 0.33984375 0.22998046886792453 0.337890625 0.2358398433962264 0.337890625 0.2446289066037736 0.3525390625 0.26953125 0.3564453125 0.26953125 0.3603515625 0.26660156226415094 0.36328125 0.2622070311320755 0.365234375 0.2563476566037736 0.365234375 0.2358398433962264
1 0.408203125 0.14794921886792453 0.408203125 0.13330078113207547 0.4052734375 0.12890625 0.3974609375 0.12890625 0.3935546875 0.13183593773584906 0.384765625 0.14501953113207547 0.3828125 0.1508789066037736 0.3828125 0.1538085933962264 0.384765625 0.17138671886792453 0.38671875 0.1772460933962264 0.3916015625 0.18164062452830187 0.3974609375 0.18164062452830187 0.400390625 0.1743164066037736 0.408203125 0.14794921886792453
20 0.6826171875 0.717773437735849 0.6806640625 0.717773437735849 0.6748046875 0.723632812264151 0.671875 0.7280273433962264 0.66796875 0.7397460933962264 0.66796875 0.7426757811320754 0.669921875 0.7485351566037736 0.6728515625 0.752929687735849 0.6767578125 0.752929687735849 0.6806640625 0.75 0.69140625 0.7309570311320754 0.6826171875 0.717773437735849
14 0.4375 0.5170898433962264 0.42578125 0.4907226566037736 0.4248046875 0.489257812264151 0.4189453125 0.489257812264151 0.41796875 0.4907226566037736 0.41796875 0.49951171886792456 0.419921875 0.5053710933962264 0.4296875 0.5288085933962264 0.4326171875 0.5332031245283019 0.4345703125 0.5332031245283019 0.4375 0.5288085933962264 0.4375 0.5170898433962264
14 0.3828125 0.4702148433962264 0.3798828125 0.46582031226415094 0.3759765625 0.46582031226415094 0.3720703125 0.46875 0.359375 0.48779296886792456 0.357421875 0.4936523433962264 0.357421875 0.49658203113207544 0.359375 0.5024414066037736 0.3623046875 0.506835937735849 0.3642578125 0.506835937735849 0.373046875 0.49951171886792456 0.3828125 0.4731445311320755 0.3828125 0.4702148433962264
14 0.427734375 0.3471679688679245 0.4228515625 0.33984375 0.419921875 0.3442382811320755 0.4140625 0.3618164066037736 0.4140625 0.3647460933962264 0.416015625 0.3881835933962264 0.4189453125 0.3925781245283019 0.4228515625 0.3925781245283019 0.42578125 0.3881835933962264 0.427734375 0.3588867188679245 0.427734375 0.3471679688679245
14 0.3974609375 0.2988281245283019 0.38671875 0.3149414066037736 0.38671875 0.3178710933962264 0.3896484375 0.3222656245283019 0.3916015625 0.3222656245283019 0.3955078125 0.31933593773584906 0.40625 0.3032226566037736 0.4033203125 0.2988281245283019 0.3974609375 0.2988281245283019
14 0.3310546875 0.2871093754716981 0.326171875 0.2915039066037736 0.32421875 0.3237304688679245 0.3271484375 0.328125 0.3349609375 0.328125 0.34375 0.3120117188679245 0.34375 0.3090820311320755 0.3359375 0.2915039066037736 0.3330078125 0.2871093754716981 0.3310546875 0.2871093754716981
14 0.736328125 0.4350585933962264 0.728515625 0.4145507811320755 0.7255859375 0.41015625 0.7216796875 0.41015625 0.720703125 0.4116210933962264 0.720703125 0.4145507811320755 0.72265625 0.4262695311320755 0.73046875 0.4555664066037736 0.7314453125 0.45703125 0.7333984375 0.45703125 0.736328125 0.4526367188679245 0.736328125 0.4350585933962264
14 0.5966796875 0.16699218773584906 0.5927734375 0.16699218773584906 0.583984375 0.18017578113207547 0.576171875 0.1977539066037736 0.57421875 0.20361328113207547 0.57421875 0.2124023433962264 0.5751953125 0.21386718773584906 0.5771484375 0.21386718773584906 0.580078125 0.2094726566037736 0.59765625 0.1743164066037736 0.59765625 0.16845703113207547 0.5966796875 0.16699218773584906
17 0.4990234375 0.1640625 0.4970703125 0.1640625 0.49609375 0.1655273433962264 0.49609375 0.16845703113207547 0.5009765625 0.18164062452830187 0.5166015625 0.19628906226415094 0.51953125 0.19189453113207547 0.51953125 0.1889648433962264 0.5126953125 0.17871093773584906 0.4990234375 0.1640625
14 0.505859375 0.4233398433962264 0.50390625 0.4086914066037736 0.5029296875 0.40722656226415094 0.4970703125 0.40722656226415094 0.49609375 0.4086914066037736 0.4921875 0.4204101566037736 0.4921875 0.4321289066037736 0.49609375 0.4409179688679245 0.4970703125 0.44238281226415094 0.4990234375 0.44238281226415094 0.50390625 0.4379882811320755 0.505859375 0.4321289066037736 0.505859375 0.4233398433962264
9 0.4501953125 0.12011718773584906 0.4462890625 0.1171875 0.4384765625 0.1171875 0.4345703125 0.12011718773584906 0.43359375 0.12158203113207545 0.43359375 0.12451171886792455 0.4384765625 0.13183593773584906 0.4423828125 0.13476562452830187 0.4482421875 0.13476562452830187 0.453125 0.1274414066037736 0.453125 0.12451171886792455 0.4501953125 0.12011718773584906
9 0.3623046875 0.20800781226415094 0.3564453125 0.20507812452830187 0.3486328125 0.20507812452830187 0.345703125 0.2094726566037736 0.345703125 0.2211914066037736 0.3466796875 0.22265625 0.3583984375 0.22558593773584906 0.3623046875 0.22558593773584906 0.3671875 0.21826171886792453 0.3671875 0.21533203113207547 0.3623046875 0.20800781226415094
9 0.3759765625 0.28125 0.3681640625 0.28125 0.3642578125 0.28417968773584906 0.361328125 0.2885742188679245 0.357421875 0.2973632811320755 0.35546875 0.3032226566037736 0.357421875 0.3149414066037736 0.3583984375 0.31640625 0.3623046875 0.31640625 0.3857421875 0.29296875 0.388671875 0.2885742188679245 0.3876953125 0.2871093754716981 0.3759765625 0.28125
9 0.3564453125 0.27832031226415094 0.3505859375 0.27832031226415094 0.34765625 0.2827148433962264 0.341796875 0.2944335933962264 0.341796875 0.3032226566037736 0.3466796875 0.3105468754716981 0.3505859375 0.3105468754716981 0.3544921875 0.30761718773584906 0.357421875 0.3002929688679245 0.357421875 0.2797851566037736 0.3564453125 0.27832031226415094
9 0.326171875 0.3002929688679245 0.3232421875 0.29589843773584906 0.3193359375 0.29589843773584906 0.3115234375 0.30175781226415094 0.306640625 0.3090820311320755 0.306640625 0.3149414066037736 0.3115234375 0.3222656245283019 0.3154296875 0.3222656245283019 0.3193359375 0.31933593773584906 0.322265625 0.3149414066037736 0.326171875 0.3061523433962264 0.326171875 0.3002929688679245
9 0.2880859375 0.3339843754716981 0.2861328125 0.3339843754716981 0.28125 0.3383789066037736 0.279296875 0.3471679688679245 0.279296875 0.3530273433962264 0.28125 0.3588867188679245 0.2841796875 0.36328125 0.2861328125 0.36328125 0.2890625 0.3588867188679245 0.294921875 0.3442382811320755 0.2880859375 0.3339843754716981
9 0.42578125 0.3178710933962264 0.4228515625 0.31347656226415094 0.4189453125 0.31347656226415094 0.412109375 0.3237304688679245 0.41015625 0.3295898433962264 0.41015625 0.3383789066037736 0.4130859375 0.34277343773584906 0.4189453125 0.34277343773584906 0.42578125 0.3325195311320755 0.427734375 0.3266601566037736 0.427734375 0.3237304688679245 0.42578125 0.3178710933962264
9 0.4560546875 0.27246093773584906 0.4541015625 0.27246093773584906 0.451171875 0.2768554688679245 0.451171875 0.2944335933962264 0.4541015625 0.2988281245283019 0.4619140625 0.2988281245283019 0.462890625 0.2973632811320755 0.4609375 0.2856445311320755 0.45703125 0.2739257811320755 0.4560546875 0.27246093773584906
9 0.4921875 0.2797851566037736 0.4892578125 0.2753906245283019 0.4873046875 0.2753906245283019 0.484375 0.2797851566037736 0.482421875 0.2856445311320755 0.482421875 0.3032226566037736 0.4873046875 0.30761718773584906 0.4912109375 0.30761718773584906 0.494140625 0.3032226566037736 0.49609375 0.2973632811320755 0.494140625 0.2856445311320755 0.4921875 0.2797851566037736
9 0.4462890625 0.16699218773584906 0.4404296875 0.16699218773584906 0.439453125 0.16845703113207547 0.4375 0.1743164066037736 0.4375 0.18310546886792453 0.4443359375 0.19628906226415094 0.4501953125 0.19628906226415094 0.453125 0.19189453113207547 0.453125 0.1860351566037736 0.451171875 0.1743164066037736 0.4462890625 0.16699218773584906
9 0.4619140625 0.20214843773584906 0.4541015625 0.20800781226415094 0.451171875 0.2124023433962264 0.451171875 0.2211914066037736 0.4560546875 0.22558593773584906 0.4638671875 0.22265625 0.46875 0.21826171886792453 0.46875 0.20654296886792453 0.4658203125 0.20214843773584906 0.4619140625 0.20214843773584906
9 0.482421875 0.19482421886792453 0.4794921875 0.19042968773584906 0.4775390625 0.19042968773584906 0.47265625 0.1977539066037736 0.46875 0.2124023433962264 0.46875 0.21826171886792453 0.4736328125 0.22265625 0.4755859375 0.22265625 0.478515625 0.21826171886792453 0.48046875 0.2124023433962264 0.482421875 0.20361328113207547 0.482421875 0.19482421886792453
9 0.4677734375 0.12304687547169811 0.4658203125 0.12304687547169811 0.46484375 0.12451171886792455 0.462890625 0.1303710933962264 0.46484375 0.14794921886792453 0.4658203125 0.14941406226415094 0.4716796875 0.14941406226415094 0.474609375 0.1420898433962264 0.474609375 0.1303710933962264 0.4716796875 0.12597656226415094 0.4677734375 0.12304687547169811
9 0.498046875 0.1274414066037736 0.494140625 0.1420898433962264 0.494140625 0.1508789066037736 0.4951171875 0.15234375 0.5029296875 0.15234375 0.505859375 0.14794921886792453 0.505859375 0.1274414066037736 0.5009765625 0.12011718773584906 0.498046875 0.1274414066037736
9 0.53125 0.1860351566037736 0.5283203125 0.18164062452830187 0.5244140625 0.18164062452830187 0.521484375 0.1860351566037736 0.51953125 0.19482421886792453 0.51953125 0.20361328113207547 0.5244140625 0.2109375 0.5283203125 0.2109375 0.5322265625 0.20800781226415094 0.533203125 0.20654296886792453 0.533203125 0.19189453113207547 0.53125 0.1860351566037736
9 0.5439453125 0.14355468773584906 0.5361328125 0.140625 0.5322265625 0.14355468773584906 0.529296875 0.14794921886792453 0.52734375 0.15966796886792453 0.5302734375 0.1640625 0.5380859375 0.1640625 0.5458984375 0.16113281226415094 0.55078125 0.15673828113207547 0.55078125 0.14794921886792453 0.5498046875 0.14648437547169813 0.5439453125 0.14355468773584906
9 0.5576171875 0.11132812452830189 0.5556640625 0.11132812452830189 0.552734375 0.11572265660377358 0.552734375 0.12451171886792455 0.5546875 0.13623046886792453 0.5576171875 0.140625 0.5615234375 0.140625 0.564453125 0.13623046886792453 0.564453125 0.12158203113207545 0.5576171875 0.11132812452830189
9 0.5966796875 0.12011718773584906 0.5869140625 0.11425781226415094 0.5849609375 0.11425781226415094 0.583984375 0.11572265660377358 0.583984375 0.11865234339622642 0.587890625 0.15673828113207547 0.5908203125 0.16113281226415094 0.5966796875 0.15820312452830187 0.603515625 0.14794921886792453 0.603515625 0.1303710933962264 0.5966796875 0.12011718773584906
9 0.5830078125 0.12304687547169811 0.5732421875 0.12304687547169811 0.5673828125 0.12597656226415094 0.56640625 0.1274414066037736 0.56640625 0.13330078113207547 0.5693359375 0.13769531226415094 0.5771484375 0.13769531226415094 0.5810546875 0.13476562452830187 0.583984375 0.1303710933962264 0.583984375 0.12451171886792455 0.5830078125 0.12304687547169811
9 0.6064453125 0.19628906226415094 0.5986328125 0.19042968773584906 0.5927734375 0.1875 0.5908203125 0.1875 0.5869140625 0.19042968773584906 0.5859375 0.19189453113207547 0.5859375 0.20361328113207547 0.5908203125 0.2109375 0.6005859375 0.21386718773584906 0.6064453125 0.21386718773584906 0.609375 0.2094726566037736 0.609375 0.2006835933962264 0.6064453125 0.19628906226415094
9 0.619140625 0.15966796886792453 0.6162109375 0.15527343773584906 0.6083984375 0.15527343773584906 0.6025390625 0.15820312452830187 0.599609375 0.1625976566037736 0.599609375 0.16845703113207547 0.6025390625 0.17285156226415094 0.6064453125 0.17578125 0.6162109375 0.17578125 0.619140625 0.17138671886792453 0.62109375 0.1655273433962264 0.619140625 0.15966796886792453
9 0.6298828125 0.18164062452830187 0.6259765625 0.17871093773584906 0.6162109375 0.17871093773584906 0.611328125 0.1860351566037736 0.611328125 0.19189453113207547 0.6142578125 0.19628906226415094 0.6259765625 0.19628906226415094 0.6318359375 0.19335937547169813 0.6328125 0.19189453113207547 0.6328125 0.1860351566037736 0.6298828125 0.18164062452830187
9 0.6435546875 0.20214843773584906 0.6279296875 0.20214843773584906 0.625 0.20654296886792453 0.625 0.2094726566037736 0.6279296875 0.21386718773584906 0.6376953125 0.21972656226415094 0.6435546875 0.21972656226415094 0.646484375 0.21533203113207547 0.646484375 0.20654296886792453 0.6435546875 0.20214843773584906
9 0.6630859375 0.18457031226415094 0.6533203125 0.18457031226415094 0.6494140625 0.1875 0.64453125 0.19482421886792453 0.64453125 0.2006835933962264 0.6474609375 0.20800781226415094 0.6572265625 0.20800781226415094 0.6630859375 0.20214843773584906 0.666015625 0.1977539066037736 0.666015625 0.1889648433962264 0.6630859375 0.18457031226415094
9 0.5478515625 0.21386718773584906 0.5458984375 0.21386718773584906 0.5380859375 0.21972656226415094 0.533203125 0.22705078113207547 0.533203125 0.2329101566037736 0.5361328125 0.23730468773584906 0.5400390625 0.23730468773584906 0.5517578125 0.22851562452830187 0.5546875 0.2211914066037736 0.5517578125 0.21679687452830187 0.5478515625 0.21386718773584906
9 0.685546875 0.2241210933962264 0.6845703125 0.22265625 0.6806640625 0.22265625 0.677734375 0.22705078113207547 0.677734375 0.2329101566037736 0.6796875 0.2446289066037736 0.6826171875 0.2490234377358491 0.6865234375 0.2490234377358491 0.6875 0.2475585933962264 0.6875 0.2329101566037736 0.685546875 0.2241210933962264
9 0.6884765625 0.25488281226415094 0.6845703125 0.25488281226415094 0.6806640625 0.2578125 0.6796875 0.2592773433962264 0.6796875 0.2680664066037736 0.6904296875 0.28417968773584906 0.6943359375 0.28417968773584906 0.697265625 0.2797851566037736 0.697265625 0.2768554688679245 0.693359375 0.2622070311320755 0.6884765625 0.25488281226415094
9 0.6689453125 0.2753906245283019 0.666015625 0.2797851566037736 0.6640625 0.2856445311320755 0.6669921875 0.29003906226415094 0.6787109375 0.29003906226415094 0.68359375 0.2827148433962264 0.68359375 0.2768554688679245 0.6806640625 0.26953125 0.6748046875 0.26953125 0.6689453125 0.2753906245283019
9 0.65625 0.2944335933962264 0.65234375 0.3061523433962264 0.6572265625 0.31347656226415094 0.6591796875 0.31347656226415094 0.66796875 0.3002929688679245 0.66796875 0.2915039066037736 0.6669921875 0.29003906226415094 0.6591796875 0.29003906226415094 0.65625 0.2944335933962264
9 0.7197265625 0.29589843773584906 0.7158203125 0.29589843773584906 0.712890625 0.3002929688679245 0.708984375 0.3090820311320755 0.708984375 0.3178710933962264 0.7119140625 0.3222656245283019 0.7177734375 0.3222656245283019 0.720703125 0.3178710933962264 0.72265625 0.3061523433962264 0.72265625 0.3002929688679245 0.7197265625 0.29589843773584906
9 0.685546875 0.3588867188679245 0.6806640625 0.35449218773584906 0.6767578125 0.3574218754716981 0.673828125 0.3618164066037736 0.673828125 0.3676757811320755 0.67578125 0.3735351566037736 0.6806640625 0.3808593754716981 0.6865234375 0.3808593754716981 0.6875 0.3793945311320755 0.6875 0.3647460933962264 0.685546875 0.3588867188679245
9 0.7216796875 0.3691406245283019 0.7177734375 0.3691406245283019 0.7138671875 0.37207031226415094 0.712890625 0.3735351566037736 0.712890625 0.3881835933962264 0.716796875 0.3969726566037736 0.7197265625 0.40136718773584906 0.7255859375 0.40136718773584906 0.732421875 0.3911132811320755 0.7265625 0.3735351566037736 0.7216796875 0.3691406245283019
9 0.6962890625 0.3984375 0.6943359375 0.3984375 0.689453125 0.4057617188679245 0.689453125 0.4233398433962264 0.6943359375 0.43066406226415094 0.7001953125 0.43066406226415094 0.703125 0.4262695311320755 0.703125 0.4204101566037736 0.697265625 0.3999023433962264 0.6962890625 0.3984375
9 0.6669921875 0.41015625 0.6650390625 0.41015625 0.6513671875 0.41894531226415094 0.650390625 0.4204101566037736 0.650390625 0.4262695311320755 0.6552734375 0.43066406226415094 0.6650390625 0.43359375 0.6689453125 0.43066406226415094 0.671875 0.4262695311320755 0.671875 0.4145507811320755 0.6669921875 0.41015625
9 0.6328125 0.3149414066037736 0.6318359375 0.31347656226415094 0.6279296875 0.31347656226415094 0.619140625 0.3266601566037736 0.6171875 0.3325195311320755 0.6171875 0.3354492188679245 0.6201171875 0.33984375 0.6240234375 0.33984375 0.6298828125 0.3339843754716981 0.6328125 0.3295898433962264 0.634765625 0.3237304688679245 0.6328125 0.3149414066037736
9 0.5302734375 0.31933593773584906 0.5205078125 0.31933593773584906 0.517578125 0.3237304688679245 0.517578125 0.3325195311320755 0.5205078125 0.33691406226415094 0.5302734375 0.33691406226415094 0.5390625 0.3295898433962264 0.5390625 0.3237304688679245 0.5380859375 0.3222656245283019 0.5302734375 0.31933593773584906
9 0.5048828125 0.33105468773584906 0.5009765625 0.328125 0.4951171875 0.328125 0.4921875 0.3325195311320755 0.4921875 0.3471679688679245 0.5029296875 0.36035156226415094 0.5087890625 0.36035156226415094 0.513671875 0.3530273433962264 0.513671875 0.3500976566037736 0.51171875 0.3442382811320755 0.5048828125 0.33105468773584906
9 0.5185546875 0.36035156226415094 0.5087890625 0.36035156226415094 0.5048828125 0.36328125 0.50390625 0.3647460933962264 0.50390625 0.3764648433962264 0.5087890625 0.3808593754716981 0.5166015625 0.37792968773584906 0.5205078125 0.375 0.5234375 0.3706054688679245 0.521484375 0.3647460933962264 0.5185546875 0.36035156226415094
9 0.5517578125 0.37207031226415094 0.5458984375 0.36621093773584906 0.5419921875 0.36621093773584906 0.5390625 0.3706054688679245 0.5390625 0.3735351566037736 0.544921875 0.3852539066037736 0.5498046875 0.3925781245283019 0.5517578125 0.3925781245283019 0.5546875 0.3881835933962264 0.5546875 0.3764648433962264 0.5517578125 0.37207031226415094
9 0.53125 0.4028320311320755 0.5263671875 0.39550781226415094 0.5205078125 0.38964843773584906 0.5126953125 0.38964843773584906 0.509765625 0.3940429688679245 0.509765625 0.4028320311320755 0.5126953125 0.40722656226415094 0.5166015625 0.41015625 0.5244140625 0.41308593773584906 0.5263671875 0.41308593773584906 0.529296875 0.4086914066037736 0.53125 0.4028320311320755
9 0.4697265625 0.38378906226415094 0.4638671875 0.38378906226415094 0.4609375 0.3881835933962264 0.458984375 0.3940429688679245 0.4619140625 0.40136718773584906 0.4658203125 0.4042968745283019 0.4736328125 0.40722656226415094 0.4775390625 0.40722656226415094 0.48046875 0.4028320311320755 0.48046875 0.3999023433962264 0.4697265625 0.38378906226415094
9 0.4365234375 0.41894531226415094 0.4287109375 0.42480468773584906 0.42578125 0.4291992188679245 0.42578125 0.4350585933962264 0.4287109375 0.4394531245283019 0.4404296875 0.4394531245283019 0.4453125 0.4321289066037736 0.4453125 0.4262695311320755 0.4404296875 0.41894531226415094 0.4365234375 0.41894531226415094
9 0.3974609375 0.421875 0.392578125 0.4291992188679245 0.392578125 0.4379882811320755 0.3955078125 0.44238281226415094 0.4033203125 0.44238281226415094 0.412109375 0.4291992188679245 0.412109375 0.4262695311320755 0.4091796875 0.421875 0.3974609375 0.421875
9 0.3681640625 0.4277343745283019 0.3623046875 0.4277343745283019 0.357421875 0.4350585933962264 0.353515625 0.4438476566037736 0.353515625 0.4467773433962264 0.3564453125 0.4511718745283019 0.3583984375 0.4511718745283019 0.3623046875 0.44824218773584906 0.37109375 0.4350585933962264 0.37109375 0.4321289066037736 0.3681640625 0.4277343745283019
9 0.3388671875 0.48046875 0.3369140625 0.48046875 0.3330078125 0.483398437735849 0.33203125 0.48486328113207544 0.33203125 0.49658203113207544 0.3349609375 0.500976562264151 0.3447265625 0.500976562264151 0.349609375 0.49658203113207544 0.349609375 0.48779296886792456 0.3466796875 0.483398437735849 0.3388671875 0.48046875
9 0.3330078125 0.4628906245283019 0.3271484375 0.46875 0.322265625 0.4760742188679245 0.322265625 0.48486328113207544 0.3232421875 0.4863281245283018 0.3330078125 0.4863281245283018 0.341796875 0.4731445311320755 0.341796875 0.4672851566037736 0.3388671875 0.4628906245283019 0.3330078125 0.4628906245283019
9 0.4892578125 0.41015625 0.4716796875 0.41015625 0.46484375 0.4204101566037736 0.466796875 0.4321289066037736 0.4716796875 0.43652343773584906 0.4794921875 0.43652343773584906 0.4853515625 0.43359375 0.4921875 0.4233398433962264 0.4921875 0.4145507811320755 0.4892578125 0.41015625
9 0.5107421875 0.44824218773584906 0.5068359375 0.4453125 0.5048828125 0.4453125 0.50390625 0.4467773433962264 0.50390625 0.4672851566037736 0.5107421875 0.47753906226415094 0.5146484375 0.4746093745283019 0.517578125 0.4702148433962264 0.517578125 0.4614257811320755 0.513671875 0.4526367188679245 0.5107421875 0.44824218773584906
9 0.3486328125 0.530273437735849 0.3388671875 0.524414062264151 0.3369140625 0.524414062264151 0.333984375 0.5288085933962264 0.333984375 0.5375976566037736 0.3427734375 0.55078125 0.3505859375 0.55078125 0.353515625 0.5434570311320754 0.353515625 0.5405273433962264 0.3515625 0.5346679688679246 0.3486328125 0.530273437735849
9 0.3662109375 0.5449218754716981 0.3564453125 0.55078125 0.353515625 0.5551757811320754 0.353515625 0.5581054688679246 0.3583984375 0.565429687735849 0.3701171875 0.565429687735849 0.375 0.5581054688679246 0.375 0.5493164066037736 0.3701171875 0.5449218754716981 0.3662109375 0.5449218754716981
9 0.4052734375 0.515625 0.4013671875 0.515625 0.396484375 0.5200195311320754 0.392578125 0.5317382811320754 0.392578125 0.5434570311320754 0.3935546875 0.5449218754716981 0.3955078125 0.5449218754716981 0.3994140625 0.541992187735849 0.408203125 0.5288085933962264 0.408203125 0.5229492188679246 0.4052734375 0.515625
9 0.392578125 0.5141601566037736 0.3896484375 0.5097656245283019 0.3876953125 0.5097656245283019 0.38671875 0.5112304688679246 0.3828125 0.5375976566037736 0.384765625 0.5434570311320754 0.3876953125 0.547851562264151 0.3916015625 0.55078125 0.3935546875 0.55078125 0.39453125 0.5493164066037736 0.39453125 0.5200195311320754 0.392578125 0.5141601566037736
9 0.416015625 0.5639648433962264 0.4111328125 0.5566406245283019 0.4072265625 0.553710937735849 0.4033203125 0.5566406245283019 0.400390625 0.5610351566037736 0.400390625 0.5668945311320754 0.4052734375 0.57421875 0.4130859375 0.5800781245283019 0.4150390625 0.5800781245283019 0.41796875 0.5756835933962264 0.41796875 0.5698242188679246 0.416015625 0.5639648433962264
9 0.4326171875 0.5390625 0.427734375 0.5463867188679246 0.427734375 0.5522460933962264 0.4326171875 0.559570312264151 0.4384765625 0.559570312264151 0.4462890625 0.553710937735849 0.44921875 0.5463867188679246 0.4462890625 0.5390625 0.4326171875 0.5390625
9 0.43359375 0.5786132811320754 0.4306640625 0.57421875 0.4208984375 0.57421875 0.4140625 0.5844726566037736 0.4140625 0.5874023433962264 0.4169921875 0.5917968754716981 0.4208984375 0.594726562264151 0.4267578125 0.594726562264151 0.4306640625 0.5917968754716981 0.43359375 0.5874023433962264 0.43359375 0.5786132811320754
9 0.4130859375 0.609375 0.3955078125 0.609375 0.39453125 0.6108398433962264 0.392578125 0.6166992188679246 0.392578125 0.6196289066037736 0.3974609375 0.6269531245283019 0.4052734375 0.6269531245283019 0.4091796875 0.624023437735849 0.4140625 0.6166992188679246 0.4140625 0.6108398433962264 0.4130859375 0.609375
9 0.4951171875 0.5859375 0.4912109375 0.5859375 0.48828125 0.5903320311320754 0.484375 0.6020507811320754 0.484375 0.6108398433962264 0.4892578125 0.6152343754716981 0.4931640625 0.6152343754716981 0.49609375 0.6108398433962264 0.498046875 0.6049804688679246 0.498046875 0.5932617188679246 0.4951171875 0.5859375
9 0.4658203125 0.46875 0.4619140625 0.46582031226415094 0.4501953125 0.46582031226415094 0.447265625 0.4702148433962264 0.4453125 0.4760742188679245 0.4453125 0.4790039066037736 0.4482421875 0.483398437735849 0.4619140625 0.483398437735849 0.4658203125 0.48046875 0.46875 0.4760742188679245 0.46875 0.4731445311320755 0.4658203125 0.46875
9 0.4482421875 0.515625 0.4423828125 0.5214843754716981 0.4375 0.5288085933962264 0.4375 0.5346679688679246 0.4404296875 0.5390625 0.4521484375 0.5390625 0.45703125 0.5346679688679246 0.45703125 0.5200195311320754 0.4541015625 0.515625 0.4482421875 0.515625
9 0.5595703125 0.5683593754716981 0.5556640625 0.5683593754716981 0.544921875 0.5815429688679246 0.54296875 0.5874023433962264 0.544921875 0.5961914066037736 0.5458984375 0.59765625 0.5537109375 0.59765625 0.5625 0.5844726566037736 0.564453125 0.5786132811320754 0.564453125 0.5756835933962264 0.5595703125 0.5683593754716981
9 0.5791015625 0.600585937735849 0.5732421875 0.600585937735849 0.568359375 0.6049804688679246 0.56640625 0.6108398433962264 0.56640625 0.6137695311320754 0.5712890625 0.62109375 0.5830078125 0.62109375 0.587890625 0.6166992188679246 0.587890625 0.6079101566037736 0.5849609375 0.6035156245283019 0.5791015625 0.600585937735849
9 0.3623046875 0.7441406245283019 0.3583984375 0.7441406245283019 0.35546875 0.7485351566037736 0.35546875 0.7573242188679246 0.3642578125 0.770507812264151 0.3681640625 0.770507812264151 0.373046875 0.7631835933962264 0.373046875 0.7543945311320754 0.3681640625 0.747070312264151 0.3623046875 0.7441406245283019
9 0.6435546875 0.7558593754716981 0.6376953125 0.7558593754716981 0.6318359375 0.76171875 0.626953125 0.7690429688679246 0.626953125 0.7778320311320754 0.6279296875 0.7792968754716981 0.6396484375 0.7792968754716981 0.6455078125 0.776367187735849 0.6484375 0.7719726566037736 0.6484375 0.7631835933962264 0.6435546875 0.7558593754716981
9 0.634765625 0.6811523433962264 0.6298828125 0.6738281245283019 0.6259765625 0.676757812264151 0.625 0.6782226566037736 0.625 0.6899414066037736 0.626953125 0.7016601566037736 0.6298828125 0.706054687735849 0.6357421875 0.706054687735849 0.638671875 0.7016601566037736 0.638671875 0.6899414066037736 0.634765625 0.6811523433962264
9 0.671875 0.6723632811320754 0.6689453125 0.665039062264151 0.6591796875 0.665039062264151 0.658203125 0.6665039066037736 0.658203125 0.6870117188679246 0.66015625 0.6928710933962264 0.6630859375 0.6972656245283019 0.6669921875 0.6972656245283019 0.669921875 0.6928710933962264 0.671875 0.6840820311320754 0.671875 0.6723632811320754
9 0.640625 0.5844726566037736 0.6298828125 0.5683593754716981 0.6259765625 0.5683593754716981 0.6220703125 0.571289062264151 0.619140625 0.5756835933962264 0.619140625 0.5844726566037736 0.6220703125 0.588867187735849 0.6396484375 0.606445312264151 0.640625 0.6049804688679246 0.642578125 0.5961914066037736 0.642578125 0.5903320311320754 0.640625 0.5844726566037736
9 0.673828125 0.5668945311320754 0.673828125 0.5551757811320754 0.66796875 0.5434570311320754 0.6630859375 0.536132812264151 0.6572265625 0.530273437735849 0.6552734375 0.530273437735849 0.654296875 0.5317382811320754 0.650390625 0.5405273433962264 0.650390625 0.5551757811320754 0.65234375 0.5610351566037736 0.6611328125 0.57421875 0.6650390625 0.577148437735849 0.6708984375 0.577148437735849 0.671875 0.5756835933962264 0.673828125 0.5668945311320754
9 0.712890625 0.6752929688679246 0.712890625 0.6694335933962264 0.7099609375 0.665039062264151 0.7060546875 0.665039062264151 0.697265625 0.6752929688679246 0.6953125 0.6811523433962264 0.6953125 0.6840820311320754 0.697265625 0.6899414066037736 0.7001953125 0.694335937735849 0.7021484375 0.694335937735849 0.7060546875 0.69140625 0.708984375 0.6870117188679246 0.712890625 0.6752929688679246
9 0.7119140625 0.6328125 0.708984375 0.6372070311320754 0.708984375 0.6518554688679246 0.7138671875 0.65625 0.7236328125 0.6503906245283019 0.728515625 0.6430664066037736 0.728515625 0.6372070311320754 0.7255859375 0.6328125 0.7119140625 0.6328125
9 0.7373046875 0.565429687735849 0.7314453125 0.565429687735849 0.728515625 0.5698242188679246 0.7265625 0.5756835933962264 0.7294921875 0.583007812264151 0.7412109375 0.5917968754716981 0.7451171875 0.5917968754716981 0.74609375 0.5903320311320754 0.74609375 0.5815429688679246 0.744140625 0.5756835933962264 0.7373046875 0.565429687735849
9 0.7314453125 0.536132812264151 0.7060546875 0.536132812264151 0.705078125 0.5375976566037736 0.705078125 0.5434570311320754 0.7119140625 0.553710937735849 0.7197265625 0.559570312264151 0.7255859375 0.559570312264151 0.732421875 0.5493164066037736 0.732421875 0.5375976566037736 0.7314453125 0.536132812264151
9 0.7470703125 0.43066406226415094 0.744140625 0.4350585933962264 0.7421875 0.4409179688679245 0.7421875 0.4438476566037736 0.7509765625 0.45703125 0.7548828125 0.45703125 0.7578125 0.4497070311320755 0.755859375 0.4379882811320755 0.7509765625 0.43066406226415094 0.7470703125 0.43066406226415094
9 0.7119140625 0.421875 0.7080078125 0.421875 0.70703125 0.4233398433962264 0.70703125 0.4291992188679245 0.7177734375 0.4453125 0.7255859375 0.4453125 0.7265625 0.4438476566037736 0.7265625 0.4321289066037736 0.7216796875 0.42480468773584906 0.7119140625 0.421875
13 0.6728515625 0.46582031226415094 0.6708984375 0.46582031226415094 0.6630859375 0.47167968773584906 0.658203125 0.4790039066037736 0.658203125 0.4907226566037736 0.6591796875 0.4921875 0.6630859375 0.4921875 0.6640625 0.4907226566037736 0.673828125 0.4731445311320755 0.673828125 0.4672851566037736 0.6728515625 0.46582031226415094
13 0.6777929606249999 0.5185574679245283 0.668344431875 0.513138458490566 0.66945602375 0.5210585490566038 0.668344431875 0.5360650349056604 0.6711234106249999 0.5406503500000001 0.6783487562499999 0.5360650349056604 0.68359375 0.5258789066037736 0.68359375 0.5229492188679246 0.6826171875 0.5214843754716981 0.6777929606249999 0.5185574679245283
9 0.5615234375 0.840820312264151 0.5478515625 0.840820312264151 0.544921875 0.8452148433962264 0.544921875 0.8540039066037736 0.5478515625 0.858398437735849 0.5517578125 0.858398437735849 0.5615234375 0.85546875 0.564453125 0.8510742188679246 0.564453125 0.8452148433962264 0.5615234375 0.840820312264151
9 0.5185546875 0.85546875 0.5126953125 0.852539062264151 0.5009765625 0.852539062264151 0.49609375 0.8598632811320754 0.5009765625 0.8730468745283019 0.5068359375 0.875976562264151 0.5146484375 0.875976562264151 0.5205078125 0.8730468745283019 0.5234375 0.8686523433962264 0.5234375 0.8598632811320754 0.5185546875 0.85546875
9 0.4736328125 0.840820312264151 0.4658203125 0.840820312264151 0.462890625 0.8452148433962264 0.4609375 0.8598632811320754 0.4609375 0.8657226566037736 0.4638671875 0.870117187735849 0.4697265625 0.870117187735849 0.474609375 0.8627929688679246 0.4765625 0.8569335933962264 0.4765625 0.8452148433962264 0.4736328125 0.840820312264151
9 0.391558130625 0.5885877367924528 0.387945458125 0.595674133018868 0.387111764375 0.6031773764150944 0.3935546875 0.609375 0.3955078125 0.609375 0.396484375 0.6079101566037736 0.396484375 0.6049804688679246 0.397671884375 0.5923393584905661 0.391558130625 0.5885877367924528
13 0.5673828125 0.17285156226415094 0.56640625 0.1743164066037736 0.56357692625 0.17465882547169811 0.562743233125 0.17549251886792455 0.56357692625 0.1879979245283019 0.56524431375 0.19300008679245284 0.5774718212500001 0.18216206886792452 0.5703125 0.1743164066037736 0.5693359375 0.17285156226415094 0.5673828125 0.17285156226415094