6 0.33984375 0.4262695311320755 0.34765625 0.3881835933962264 0.34765625 0.3500976566037736 0.337890625 0.3090820311320755 0.333984375 0.2944335933962264 0.3330078125 0.29296875 0.3271484375 0.2871093754716981 0.3173828125 0.28125 0.2841796875 0.28417968773584906 0.283203125 0.2856445311320755 0.25390625 0.3911132811320755 0.255859375 0.3999023433962264 0.259765625 0.4116210933962264 0.2861328125 0.45410156226415094 0.2958984375 0.45996093773584906 0.3134765625 0.45996093773584906 0.3349609375 0.43359375 0.33984375 0.4262695311320755
6 0.7109375 0.3237304688679245 0.716796875 0.3090820311320755 0.7109375 0.2915039066037736 0.7060546875 0.28417968773584906 0.6962890625 0.2753906245283019 0.6533203125 0.29003906226415094 0.6396484375 0.29589843773584906 0.611328125 0.3383789066037736 0.609375 0.3706054688679245 0.6123046875 0.375 0.6162109375 0.37792968773584906 0.6357421875 0.37792968773584906 0.6708984375 0.3691406245283019 0.6748046875 0.36621093773584906 0.7080078125 0.328125 0.7109375 0.3237304688679245
18 0.619140625 0.4643554688679245 0.619140625 0.4584960933962264 0.615234375 0.4379882811320755 0.607421875 0.4145507811320755 0.5986328125 0.40136718773584906 0.5927734375 0.3984375 0.5888671875 0.3984375 0.5859375 0.4028320311320755 0.583984375 0.4086914066037736 0.583984375 0.4291992188679245 0.59375 0.4584960933962264 0.59765625 0.4672851566037736 0.6044921875 0.47753906226415094 0.6142578125 0.47753906226415094 0.6171875 0.4731445311320755 0.619140625 0.4643554688679245
20 0.69140625 0.5961914066037736 0.6826171875 0.583007812264151 0.6787109375 0.583007812264151 0.6728515625 0.5859375 0.66796875 0.5932617188679246 0.66796875 0.6079101566037736 0.68359375 0.6489257811320754 0.6904296875 0.65625 0.7138671875 0.665039062264151 0.71484375 0.6635742188679246 0.71484375 0.6606445311320754 0.69140625 0.5961914066037736
1 0.5283203125 0.42480468773584906 0.5166015625 0.42480468773584906 0.5126953125 0.4277343745283019 0.509765625 0.4321289066037736 0.5078125 0.4409179688679245 0.5078125 0.4614257811320755 0.5146484375 0.47167968773584906 0.5185546875 0.47167968773584906 0.537109375 0.4467773433962264 0.537109375 0.4350585933962264 0.5322265625 0.4277343745283019 0.5283203125 0.42480468773584906
14 0.458984375 0.2827148433962264 0.455078125 0.2915039066037736 0.455078125 0.3061523433962264 0.4599609375 0.3105468754716981 0.470703125 0.2885742188679245 0.470703125 0.2856445311320755 0.4677734375 0.28125 0.4599609375 0.28125 0.458984375 0.2827148433962264
14 0.6904296875 0.500976562264151 0.6865234375 0.500976562264151 0.6806640625 0.506835937735849 0.677734375 0.5112304688679246 0.6884765625 0.524414062264151 0.7099609375 0.524414062264151 0.7109375 0.5229492188679246 0.70703125 0.5112304688679246 0.7041015625 0.506835937735849 0.7001953125 0.50390625 0.6904296875 0.500976562264151
9 0.3232421875 0.5332031245283019 0.3095703125 0.5332031245283019 0.3046875 0.5405273433962264 0.3095703125 0.547851562264151 0.3193359375 0.553710937735849 0.3212890625 0.553710937735849 0.326171875 0.5493164066037736 0.328125 0.5434570311320754 0.328125 0.5405273433962264 0.3232421875 0.5332031245283019
9 0.3974609375 0.653320312264151 0.3916015625 0.653320312264151 0.3876953125 0.65625 0.380859375 0.6665039066037736 0.380859375 0.6752929688679246 0.3837890625 0.6796875 0.3916015625 0.6796875 0.396484375 0.6723632811320754 0.400390625 0.6635742188679246 0.400390625 0.6577148433962264 0.3974609375 0.653320312264151
9 0.427734375 0.4555664066037736 0.4228515625 0.44824218773584906 0.4130859375 0.44824218773584906 0.412109375 0.4497070311320755 0.412109375 0.4643554688679245 0.41796875 0.48486328113207544 0.4228515625 0.4921875 0.4267578125 0.4921875 0.4296875 0.48779296886792456 0.4296875 0.4643554688679245 0.427734375 0.4555664066037736
9 0.5146484375 0.606445312264151 0.5126953125 0.606445312264151 0.509765625 0.6108398433962264 0.5078125 0.6196289066037736 0.5078125 0.6313476566037736 0.5126953125 0.6386718754716981 0.5166015625 0.6386718754716981 0.51953125 0.6342773433962264 0.521484375 0.6284179688679246 0.51953125 0.6108398433962264 0.5146484375 0.606445312264151
9 0.416015625 0.2504882811320755 0.4111328125 0.2431640622641509 0.4091796875 0.2431640622641509 0.4052734375 0.24609375 0.3984375 0.2534179688679245 0.38671875 0.2827148433962264 0.38671875 0.2856445311320755 0.3896484375 0.29003906226415094 0.3935546875 0.29003906226415094 0.3994140625 0.2871093754716981 0.4091796875 0.2753906245283019 0.416015625 0.2651367188679245 0.416015625 0.2504882811320755
9 0.55859375 0.22998046886792453 0.5576171875 0.22851562452830187 0.5517578125 0.22851562452830187 0.548828125 0.2329101566037736 0.54296875 0.2446289066037736 0.54296875 0.2563476566037736 0.5439453125 0.2578125 0.5517578125 0.2578125 0.5556640625 0.25488281226415094 0.55859375 0.2475585933962264 0.560546875 0.2358398433962264 0.55859375 0.22998046886792453
13 0.3671875 0.6958007811320754 0.3740234375 0.706054687735849 0.3759765625 0.706054687735849 0.376953125 0.7045898433962264 0.376953125 0.7016601566037736 0.3740234375 0.694335937735849 0.3681640625 0.694335937735849 0.3671875 0.6958007811320754