6 0.7158203125 0.571289062264151 0.7236328125 0.5625 0.7421875 0.5375976566037736 0.755859375 0.4790039066037736 0.755859375 0.4731445311320755 0.751953125 0.4614257811320755 0.7451171875 0.4511718745283019 0.7392578125 0.44824218773584906 0.7197265625 0.45410156226415094 0.6103515625 0.515625 0.609375 0.5170898433962264 0.609375 0.5200195311320754 0.625 0.5698242188679246 0.62890625 0.5786132811320754 0.6357421875 0.588867187735849 0.6435546875 0.594726562264151 0.6806640625 0.594726562264151 0.7158203125 0.571289062264151
1 0.703125 0.7309570311320754 0.703125 0.7163085933962264 0.69921875 0.7045898433962264 0.6865234375 0.6855468754716981 0.6787109375 0.6796875 0.6572265625 0.66796875 0.6474609375 0.66796875 0.6318359375 0.670898437735849 0.630859375 0.6723632811320754 0.65625 0.7514648433962264 0.6669921875 0.76171875 0.6748046875 0.7675781245283019 0.6826171875 0.7675781245283019 0.6884765625 0.76171875 0.697265625 0.7456054688679246 0.703125 0.7309570311320754
1 0.4140625 0.3647460933962264 0.3974609375 0.33691406226415094 0.3935546875 0.3339843754716981 0.3896484375 0.3339843754716981 0.3857421875 0.33691406226415094 0.37890625 0.3471679688679245 0.376953125 0.3530273433962264 0.376953125 0.3618164066037736 0.380859375 0.3735351566037736 0.3876953125 0.3808593754716981 0.3955078125 0.3808593754716981 0.4130859375 0.375 0.4140625 0.3735351566037736 0.4140625 0.3647460933962264
1 0.615234375 0.17138671886792453 0.61328125 0.1625976566037736 0.6103515625 0.15820312452830187 0.5908203125 0.16699218773584906 0.58984375 0.16845703113207547 0.587890625 0.1772460933962264 0.587890625 0.1860351566037736 0.5927734375 0.19335937547169813 0.5966796875 0.19628906226415094 0.6064453125 0.19628906226415094 0.6103515625 0.19335937547169813 0.615234375 0.1860351566037736 0.615234375 0.17138671886792453
3 0.48046875 0.6547851566037736 0.509765625 0.5815429688679246 0.51171875 0.5698242188679246 0.4990234375 0.55078125 0.4345703125 0.495117187735849 0.4267578125 0.500976562264151 0.423828125 0.5053710933962264 0.35546875 0.6459960933962264 0.357421875 0.6518554688679246 0.3671875 0.6694335933962264 0.3837890625 0.694335937735849 0.3876953125 0.6972656245283019 0.4658203125 0.670898437735849 0.4755859375 0.6621093754716981 0.48046875 0.6547851566037736
9 0.2841796875 0.703125 0.2763671875 0.6972656245283019 0.2744140625 0.6972656245283019 0.271484375 0.7016601566037736 0.271484375 0.7133789066037736 0.27734375 0.7368164066037736 0.2802734375 0.741210937735849 0.2861328125 0.741210937735849 0.291015625 0.7338867188679246 0.291015625 0.7133789066037736 0.2841796875 0.703125
9 0.5576171875 0.6152343754716981 0.5478515625 0.62109375 0.546875 0.6225585933962264 0.546875 0.6313476566037736 0.5517578125 0.635742187735849 0.5634765625 0.635742187735849 0.568359375 0.6284179688679246 0.568359375 0.6225585933962264 0.5634765625 0.6152343754716981 0.5576171875 0.6152343754716981
9 0.4189453125 0.4511718745283019 0.4091796875 0.44238281226415094 0.4072265625 0.44238281226415094 0.40234375 0.4497070311320755 0.40234375 0.4526367188679245 0.40625 0.4614257811320755 0.4111328125 0.46875 0.4169921875 0.46875 0.421875 0.4614257811320755 0.421875 0.4555664066037736 0.4189453125 0.4511718745283019
9 0.5185546875 0.3808593754716981 0.5166015625 0.3808593754716981 0.5126953125 0.38378906226415094 0.509765625 0.3881835933962264 0.509765625 0.3940429688679245 0.5146484375 0.40136718773584906 0.5283203125 0.40136718773584906 0.53125 0.3969726566037736 0.53125 0.3911132811320755 0.5302734375 0.38964843773584906 0.5185546875 0.3808593754716981
9 0.7099609375 0.37207031226415094 0.7041015625 0.37207031226415094 0.6943359375 0.37792968773584906 0.693359375 0.3793945311320755 0.693359375 0.3881835933962264 0.6943359375 0.38964843773584906 0.7001953125 0.3925781245283019 0.7099609375 0.3925781245283019 0.71484375 0.3852539066037736 0.71484375 0.3764648433962264 0.7099609375 0.37207031226415094
9 0.455078125 0.15673828113207547 0.4501953125 0.14941406226415094 0.4462890625 0.14941406226415094 0.44140625 0.15673828113207547 0.44140625 0.1655273433962264 0.443359375 0.1772460933962264 0.4443359375 0.17871093773584906 0.4501953125 0.17871093773584906 0.453125 0.17138671886792453 0.455078125 0.1625976566037736 0.455078125 0.15673828113207547