1 0.291015625 0.7719726566037736 0.28125 0.7456054688679246 0.2763671875 0.73828125 0.2646484375 0.729492187735849 0.2587890625 0.7265625 0.2529296875 0.7265625 0.2490234375 0.729492187735849 0.2421875 0.7397460933962264 0.2421875 0.7514648433962264 0.244140625 0.7602539066037736 0.2578125 0.7983398433962264 0.2587890625 0.799804687735849 0.2958984375 0.805664062264151 0.296875 0.8041992188679246 0.291015625 0.7719726566037736
1 0.3359375 0.7104492188679246 0.330078125 0.6870117188679246 0.3251953125 0.6796875 0.3076171875 0.6796875 0.30078125 0.6899414066037736 0.30078125 0.6987304688679246 0.3154296875 0.723632812264151 0.3291015625 0.7324218754716981 0.3369140625 0.7324218754716981 0.337890625 0.7309570311320754 0.337890625 0.7221679688679246 0.3359375 0.7104492188679246
1 0.240234375 0.6196289066037736 0.236328125 0.6108398433962264 0.2353515625 0.609375 0.2236328125 0.6035156245283019 0.2177734375 0.6035156245283019 0.2080078125 0.609375 0.203125 0.6196289066037736 0.201171875 0.6313476566037736 0.201171875 0.6430664066037736 0.203125 0.6489257811320754 0.2099609375 0.659179687735849 0.2158203125 0.659179687735849 0.2392578125 0.6386718754716981 0.2421875 0.6313476566037736 0.240234375 0.6196289066037736
1 0.279296875 0.3823242188679245 0.27734375 0.3676757811320755 0.275390625 0.3618164066037736 0.2646484375 0.3457031245283019 0.2587890625 0.34277343773584906 0.2548828125 0.34277343773584906 0.24609375 0.3530273433962264 0.244140625 0.3588867188679245 0.244140625 0.3618164066037736 0.24609375 0.3706054688679245 0.251953125 0.3823242188679245 0.2646484375 0.3984375 0.2724609375 0.40136718773584906 0.27734375 0.3911132811320755 0.279296875 0.3823242188679245
1 0.345703125 0.3090820311320755 0.345703125 0.3032226566037736 0.3095703125 0.25488281226415094 0.3076171875 0.25488281226415094 0.2958984375 0.26074218773584906 0.294921875 0.2622070311320755 0.29296875 0.2680664066037736 0.29296875 0.2856445311320755 0.294921875 0.3090820311320755 0.2958984375 0.3105468754716981 0.3232421875 0.31640625 0.3369140625 0.31640625 0.3427734375 0.31347656226415094 0.345703125 0.3090820311320755
1 0.396484375 0.14501953113207547 0.3896484375 0.13476562452830187 0.3779296875 0.12597656226415094 0.3720703125 0.12597656226415094 0.37109375 0.1274414066037736 0.353515625 0.1977539066037736 0.3642578125 0.20800781226415094 0.3779296875 0.20800781226415094 0.3857421875 0.20214843773584906 0.396484375 0.1860351566037736 0.400390625 0.1743164066037736 0.400390625 0.15673828113207547 0.396484375 0.14501953113207547
1 0.5625 0.15966796886792453 0.5625 0.1391601566037736 0.5595703125 0.13476562452830187 0.5458984375 0.12597656226415094 0.5283203125 0.13769531226415094 0.525390625 0.1420898433962264 0.5234375 0.1538085933962264 0.5234375 0.1625976566037736 0.5302734375 0.17285156226415094 0.5380859375 0.17871093773584906 0.5498046875 0.17871093773584906 0.5537109375 0.17578125 0.560546875 0.1655273433962264 0.5625 0.15966796886792453
1 0.4638671875 0.6269531245283019 0.4560546875 0.6269531245283019 0.4462890625 0.629882812264151 0.439453125 0.6401367188679246 0.435546875 0.6489257811320754 0.435546875 0.6665039066037736 0.4375 0.6752929688679246 0.4423828125 0.6855468754716981 0.4521484375 0.694335937735849 0.4619140625 0.694335937735849 0.484375 0.6723632811320754 0.4638671875 0.6269531245283019
1 0.63671875 0.6635742188679246 0.6328125 0.6518554688679246 0.6240234375 0.64453125 0.6123046875 0.64453125 0.6083984375 0.647460937735849 0.603515625 0.6547851566037736 0.59765625 0.6694335933962264 0.59765625 0.6782226566037736 0.599609375 0.6928710933962264 0.6005859375 0.694335937735849 0.6123046875 0.694335937735849 0.6337890625 0.676757812264151 0.63671875 0.6694335933962264 0.63671875 0.6635742188679246
1 0.6708984375 0.47753906226415094 0.6630859375 0.47167968773584906 0.6572265625 0.47167968773584906 0.6494140625 0.47753906226415094 0.64453125 0.48486328113207544 0.64453125 0.49951171886792456 0.646484375 0.5053710933962264 0.6513671875 0.512695312264151 0.6552734375 0.515625 0.673828125 0.4907226566037736 0.673828125 0.4819335933962264 0.6708984375 0.47753906226415094
1 0.3828125 0.4321289066037736 0.384765625 0.4262695311320755 0.384765625 0.4028320311320755 0.3837890625 0.40136718773584906 0.3779296875 0.40136718773584906 0.3505859375 0.41015625 0.345703125 0.4145507811320755 0.34375 0.4204101566037736 0.34375 0.4262695311320755 0.349609375 0.4379882811320755 0.3525390625 0.44238281226415094 0.3583984375 0.44824218773584906 0.3681640625 0.44824218773584906 0.3759765625 0.44238281226415094 0.3828125 0.4321289066037736
18 0.306640625 0.6372070311320754 0.310546875 0.6254882811320754 0.310546875 0.6196289066037736 0.3017578125 0.606445312264151 0.2763671875 0.606445312264151 0.2607421875 0.612304687735849 0.2529296875 0.62109375 0.24609375 0.6313476566037736 0.248046875 0.6430664066037736 0.2529296875 0.6503906245283019 0.2607421875 0.653320312264151 0.2763671875 0.653320312264151 0.2998046875 0.64453125 0.3037109375 0.641601562264151 0.306640625 0.6372070311320754
18 0.490234375 0.17138671886792453 0.490234375 0.1655273433962264 0.48828125 0.15673828113207547 0.4833984375 0.14941406226415094 0.4794921875 0.14648437547169813 0.4580078125 0.14355468773584906 0.4501953125 0.14355468773584906 0.4443359375 0.14648437547169813 0.439453125 0.1538085933962264 0.439453125 0.1655273433962264 0.4462890625 0.17578125 0.4580078125 0.18164062452830187 0.4716796875 0.18457031226415094 0.4794921875 0.18164062452830187 0.4873046875 0.17578125 0.490234375 0.17138671886792453
18 0.658203125 0.2885742188679245 0.662109375 0.2768554688679245 0.66015625 0.2680664066037736 0.6337890625 0.21972656226415094 0.6201171875 0.20800781226415094 0.6083984375 0.21972656226415094 0.607421875 0.2211914066037736 0.607421875 0.2416992188679245 0.609375 0.2475585933962264 0.6337890625 0.28417968773584906 0.6396484375 0.29003906226415094 0.6474609375 0.29589843773584906 0.6494140625 0.29589843773584906 0.658203125 0.2885742188679245
18 0.7109375 0.5727539066037736 0.712890625 0.5551757811320754 0.712890625 0.5170898433962264 0.7080078125 0.5097656245283019 0.7041015625 0.506835937735849 0.6982421875 0.506835937735849 0.6943359375 0.5097656245283019 0.6875 0.5200195311320754 0.681640625 0.5317382811320754 0.6796875 0.5375976566037736 0.677734375 0.5463867188679246 0.6796875 0.5581054688679246 0.68359375 0.5698242188679246 0.6884765625 0.5800781245283019 0.6923828125 0.583007812264151 0.7021484375 0.583007812264151 0.7060546875 0.5800781245283019 0.7109375 0.5727539066037736
18 0.6748046875 0.33984375 0.6689453125 0.33984375 0.662109375 0.3500976566037736 0.66015625 0.3588867188679245 0.66015625 0.3735351566037736 0.6611328125 0.375 0.6669921875 0.375 0.681640625 0.3618164066037736 0.681640625 0.3500976566037736 0.6796875 0.3442382811320755 0.6748046875 0.33984375
18 0.373046875 0.5288085933962264 0.369140625 0.49951171886792456 0.3681640625 0.4980468754716982 0.3623046875 0.4980468754716982 0.357421875 0.5024414066037736 0.353515625 0.5141601566037736 0.353515625 0.5200195311320754 0.35546875 0.5317382811320754 0.3603515625 0.5390625 0.3681640625 0.5449218754716981 0.3720703125 0.5449218754716981 0.373046875 0.5434570311320754 0.373046875 0.5288085933962264
11 0.3017578125 0.47753906226415094 0.306640625 0.4672851566037736 0.306640625 0.4555664066037736 0.2939453125 0.43652343773584906 0.2861328125 0.43652343773584906 0.283203125 0.4409179688679245 0.3017578125 0.47753906226415094
18 0.625 0.5493164066037736 0.625 0.5346679688679246 0.623046875 0.5288085933962264 0.5986328125 0.4921875 0.5830078125 0.47753906226415094 0.5712890625 0.47753906226415094 0.5703125 0.4790039066037736 0.583984375 0.5258789066037736 0.5966796875 0.5449218754716981 0.6025390625 0.55078125 0.6064453125 0.553710937735849 0.6201171875 0.559570312264151 0.623046875 0.5551757811320754 0.625 0.5493164066037736
7 0.564453125 0.2622070311320755 0.564453125 0.2563476566037736 0.5625 0.2416992188679245 0.556640625 0.22705078113207547 0.5537109375 0.22265625 0.5439453125 0.21679687452830187 0.5087890625 0.20800781226415094 0.5048828125 0.20800781226415094 0.4931640625 0.22265625 0.4921875 0.2241210933962264 0.4921875 0.22705078113207547 0.5048828125 0.2431640622641509 0.5498046875 0.2871093754716981 0.5556640625 0.29003906226415094 0.556640625 0.2885742188679245 0.5625 0.2709960933962264 0.564453125 0.2622070311320755
7 0.453125 0.2885742188679245 0.455078125 0.2827148433962264 0.455078125 0.2797851566037736 0.4443359375 0.26074218773584906 0.4111328125 0.2490234377358491 0.3916015625 0.2490234377358491 0.3837890625 0.25488281226415094 0.373046875 0.2709960933962264 0.37109375 0.2768554688679245 0.37109375 0.2827148433962264 0.373046875 0.2915039066037736 0.3759765625 0.29589843773584906 0.3818359375 0.30175781226415094 0.3896484375 0.30761718773584906 0.4501953125 0.29296875 0.453125 0.2885742188679245
13 0.5009765625 0.3808593754716981 0.5126953125 0.37792968773584906 0.5166015625 0.375 0.51953125 0.3706054688679245 0.521484375 0.3647460933962264 0.5234375 0.3530273433962264 0.5107421875 0.3222656245283019 0.4619140625 0.29296875 0.4560546875 0.29296875 0.455078125 0.2944335933962264 0.4375 0.3559570311320755 0.4375 0.3588867188679245 0.4404296875 0.36328125 0.4443359375 0.36621093773584906 0.4580078125 0.37207031226415094 0.4755859375 0.37792968773584906 0.4892578125 0.3808593754716981 0.5009765625 0.3808593754716981
9 0.4501953125 0.23730468773584906 0.4443359375 0.23730468773584906 0.44140625 0.2416992188679245 0.44140625 0.2534179688679245 0.4423828125 0.25488281226415094 0.4443359375 0.25488281226415094 0.4482421875 0.2519531245283019 0.451171875 0.2475585933962264 0.451171875 0.23876953113207547 0.4501953125 0.23730468773584906
9 0.2890625 0.5288085933962264 0.291015625 0.5229492188679246 0.291015625 0.5170898433962264 0.2900390625 0.515625 0.2646484375 0.506835937735849 0.26171875 0.5112304688679246 0.26171875 0.5141601566037736 0.263671875 0.5200195311320754 0.2666015625 0.524414062264151 0.2744140625 0.530273437735849 0.2802734375 0.5332031245283019 0.2841796875 0.5332031245283019 0.2890625 0.5288085933962264
9 0.2099609375 0.52734375 0.205078125 0.5346679688679246 0.2080078125 0.5390625 0.2099609375 0.5390625 0.216796875 0.5288085933962264 0.216796875 0.5258789066037736 0.2158203125 0.524414062264151 0.2138671875 0.524414062264151 0.2099609375 0.52734375
9 0.37890625 0.6459960933962264 0.3662109375 0.629882812264151 0.3642578125 0.629882812264151 0.359375 0.6342773433962264 0.357421875 0.6401367188679246 0.357421875 0.6489257811320754 0.361328125 0.6635742188679246 0.3701171875 0.670898437735849 0.3720703125 0.670898437735849 0.3759765625 0.66796875 0.380859375 0.6606445311320754 0.37890625 0.6459960933962264
9 0.6455078125 0.73828125 0.6376953125 0.73828125 0.6337890625 0.741210937735849 0.630859375 0.7456054688679246 0.630859375 0.7485351566037736 0.6357421875 0.7558593754716981 0.6416015625 0.7558593754716981 0.6455078125 0.752929687735849 0.6484375 0.7485351566037736 0.6484375 0.7426757811320754 0.6455078125 0.73828125
14 0.6298828125 0.76171875 0.6025390625 0.76171875 0.6015625 0.7631835933962264 0.603515625 0.7690429688679246 0.6064453125 0.7734375 0.6142578125 0.7792968754716981 0.6279296875 0.7792968754716981 0.6328125 0.7719726566037736 0.6328125 0.7661132811320754 0.6298828125 0.76171875
13 0.490234375 0.8510742188679246 0.490234375 0.8598632811320754 0.4931640625 0.864257812264151 0.498046875 0.8569335933962264 0.498046875 0.8481445311320754 0.4970703125 0.846679687735849 0.4931640625 0.846679687735849 0.490234375 0.8510742188679246
3 0.5595703125 0.688476562264151 0.5341796875 0.6796875 0.5263671875 0.6796875 0.5234375 0.6840820311320754 0.51953125 0.6958007811320754 0.51953125 0.6987304688679246 0.5263671875 0.7089843754716981 0.5380859375 0.71484375 0.5517578125 0.7089843754716981 0.5595703125 0.703125 0.564453125 0.6928710933962264 0.5595703125 0.688476562264151
3 0.5888671875 0.553710937735849 0.5849609375 0.55078125 0.5810546875 0.55078125 0.5703125 0.5639648433962264 0.568359375 0.5698242188679246 0.568359375 0.6108398433962264 0.5693359375 0.612304687735849 0.5791015625 0.612304687735849 0.5908203125 0.606445312264151 0.591796875 0.6049804688679246 0.6015625 0.5668945311320754 0.5888671875 0.553710937735849
20 0.59765625 0.3061523433962264 0.59375 0.2973632811320755 0.5888671875 0.29003906226415094 0.5830078125 0.29003906226415094 0.578125 0.2944335933962264 0.572265625 0.3354492188679245 0.57421875 0.3442382811320755 0.58203125 0.3588867188679245 0.5869140625 0.36621093773584906 0.5908203125 0.3691406245283019 0.591796875 0.3676757811320755 0.599609375 0.3208007811320755 0.59765625 0.3061523433962264
12 0.234375 0.4145507811320755 0.2333984375 0.41308593773584906 0.2314453125 0.41308593773584906 0.23046875 0.4145507811320755 0.23046875 0.4233398433962264 0.236328125 0.4379882811320755 0.2490234375 0.45703125 0.2548828125 0.4628906245283019 0.2607421875 0.4628906245283019 0.26171875 0.4614257811320755 0.234375 0.4145507811320755
9 0.236328125 0.4467773433962264 0.236328125 0.4497070311320755 0.2392578125 0.45410156226415094 0.2421875 0.4467773433962264 0.2421875 0.4438476566037736 0.2392578125 0.4394531245283019 0.23828125 0.4409179688679245 0.236328125 0.4467773433962264
9 0.3837890625 0.4394531245283019 0.3828125 0.4409179688679245 0.3828125 0.4438476566037736 0.3876953125 0.4511718745283019 0.3896484375 0.4511718745283019 0.390625 0.4497070311320755 0.390625 0.4467773433962264 0.3876953125 0.44238281226415094 0.3837890625 0.4394531245283019
17 0.4951171875 0.4277343745283019 0.4580078125 0.421875 0.4150390625 0.43359375 0.412109375 0.4379882811320755 0.43359375 0.5493164066037736 0.4384765625 0.553710937735849 0.5029296875 0.5449218754716981 0.509765625 0.5346679688679246 0.544921875 0.4409179688679245 0.5439453125 0.4394531245283019 0.4951171875 0.4277343745283019
1 0.673828125 0.6342773433962264 0.6708984375 0.629882812264151 0.6689453125 0.629882812264151 0.666015625 0.6342773433962264 0.6640625 0.6401367188679246 0.662109375 0.6547851566037736 0.662109375 0.6752929688679246 0.6640625 0.6811523433962264 0.6669921875 0.6855468754716981 0.6728515625 0.6855468754716981 0.677734375 0.6782226566037736 0.6796875 0.6518554688679246 0.673828125 0.6342773433962264