21 0.64453125 0.6225585933962264 0.6435546875 0.62109375 0.5712890625 0.6035156245283019 0.5693359375 0.6035156245283019 0.56640625 0.6079101566037736 0.548828125 0.6459960933962264 0.57421875 0.7749023433962264 0.5751953125 0.776367187735849 0.6123046875 0.7910156245283019 0.6181640625 0.788085937735849 0.619140625 0.7866210933962264 0.64453125 0.6899414066037736 0.64453125 0.6225585933962264
21 0.5126953125 0.659179687735849 0.5068359375 0.653320312264151 0.4970703125 0.647460937735849 0.4892578125 0.64453125 0.4814453125 0.64453125 0.474609375 0.6547851566037736 0.47265625 0.6606445311320754 0.470703125 0.6723632811320754 0.470703125 0.6811523433962264 0.4765625 0.6987304688679246 0.5244140625 0.7792968754716981 0.52734375 0.7749023433962264 0.537109375 0.7045898433962264 0.51953125 0.6694335933962264 0.5126953125 0.659179687735849
21 0.4208984375 0.6035156245283019 0.373046875 0.6518554688679246 0.369140625 0.7426757811320754 0.3876953125 0.7675781245283019 0.3994140625 0.764648437735849 0.431640625 0.7280273433962264 0.4375 0.6987304688679246 0.43359375 0.6489257811320754 0.423828125 0.6079101566037736 0.4208984375 0.6035156245283019
21 0.3203125 0.6459960933962264 0.341796875 0.5786132811320754 0.341796875 0.5756835933962264 0.322265625 0.5258789066037736 0.3193359375 0.5214843754716981 0.3173828125 0.5214843754716981 0.2783203125 0.5625 0.2734375 0.5698242188679246 0.26953125 0.5786132811320754 0.267578125 0.5903320311320754 0.267578125 0.6079101566037736 0.271484375 0.6225585933962264 0.279296875 0.6401367188679246 0.2900390625 0.65625 0.3076171875 0.6621093754716981 0.3154296875 0.65625 0.3203125 0.6459960933962264
21 0.4296875 0.4262695311320755 0.42578125 0.3881835933962264 0.4248046875 0.38671875 0.4228515625 0.38671875 0.3701171875 0.3984375 0.3369140625 0.4394531245283019 0.3359375 0.4409179688679245 0.3359375 0.4438476566037736 0.376953125 0.5258789066037736 0.3876953125 0.541992187735849 0.4384765625 0.6035156245283019 0.439453125 0.6020507811320754 0.439453125 0.5991210933962264 0.4296875 0.4262695311320755
21 0.306640625 0.4643554688679245 0.30859375 0.4057617188679245 0.3046875 0.3969726566037736 0.3017578125 0.3925781245283019 0.2822265625 0.3808593754716981 0.2724609375 0.3808593754716981 0.2578125 0.3969726566037736 0.248046875 0.4174804688679245 0.244140625 0.4321289066037736 0.2421875 0.4438476566037736 0.2421875 0.4497070311320755 0.24609375 0.4702148433962264 0.2646484375 0.500976562264151 0.2802734375 0.5214843754716981 0.2841796875 0.5214843754716981 0.30078125 0.48486328113207544 0.306640625 0.4643554688679245
21 0.435546875 0.2563476566037736 0.419921875 0.18310546886792453 0.4189453125 0.18164062452830187 0.3505859375 0.13476562452830187 0.3486328125 0.13476562452830187 0.34765625 0.13623046886792453 0.328125 0.20361328113207547 0.328125 0.2475585933962264 0.388671875 0.3559570311320755 0.3896484375 0.3574218754716981 0.3916015625 0.3574218754716981 0.4296875 0.2827148433962264 0.431640625 0.2768554688679245 0.435546875 0.2563476566037736
21 0.58984375 0.3588867188679245 0.5859375 0.3413085933962264 0.5810546875 0.3339843754716981 0.5712890625 0.33105468773584906 0.5634765625 0.33105468773584906 0.5625 0.3325195311320755 0.544921875 0.3618164066037736 0.546875 0.3911132811320755 0.5498046875 0.39550781226415094 0.5537109375 0.39550781226415094 0.5849609375 0.3808593754716981 0.587890625 0.3764648433962264 0.58984375 0.3676757811320755 0.58984375 0.3588867188679245
27 0.66796875 0.3823242188679245 0.66796875 0.3764648433962264 0.6591796875 0.36035156226415094 0.6123046875 0.31933593773584906 0.5966796875 0.32519531226415094 0.591796875 0.3295898433962264 0.587890625 0.3383789066037736 0.587890625 0.3500976566037736 0.58984375 0.3559570311320755 0.638671875 0.4321289066037736 0.6435546875 0.4394531245283019 0.6455078125 0.4394531245283019 0.662109375 0.4057617188679245 0.66796875 0.3823242188679245
27 0.703125 0.5405273433962264 0.705078125 0.5346679688679246 0.703125 0.5229492188679246 0.69921875 0.5112304688679246 0.6962890625 0.506835937735849 0.6162109375 0.4980468754716982 0.61328125 0.5024414066037736 0.61328125 0.5229492188679246 0.634765625 0.6108398433962264 0.6376953125 0.6152343754716981 0.6435546875 0.6152343754716981 0.6474609375 0.612304687735849 0.6962890625 0.553710937735849 0.703125 0.5405273433962264
27 0.318359375 0.6870117188679246 0.318359375 0.6811523433962264 0.3154296875 0.676757812264151 0.3056640625 0.670898437735849 0.2431640625 0.64453125 0.2373046875 0.64453125 0.234375 0.6489257811320754 0.232421875 0.6577148433962264 0.232421875 0.6635742188679246 0.236328125 0.6782226566037736 0.28125 0.7602539066037736 0.2861328125 0.7675781245283019 0.2880859375 0.7675781245283019 0.296875 0.7543945311320754 0.318359375 0.6870117188679246
18 0.2294921875 0.37792968773584906 0.2138671875 0.37792968773584906 0.2109375 0.3823242188679245 0.2109375 0.3852539066037736 0.2333984375 0.421875 0.2392578125 0.4160156245283019 0.244140625 0.4086914066037736 0.244140625 0.3911132811320755 0.2373046875 0.3808593754716981 0.2294921875 0.37792968773584906
18 0.46875 0.3881835933962264 0.470703125 0.3823242188679245 0.47265625 0.3706054688679245 0.466796875 0.3325195311320755 0.46484375 0.3266601566037736 0.4560546875 0.31347656226415094 0.4521484375 0.31347656226415094 0.4482421875 0.31640625 0.4453125 0.3208007811320755 0.443359375 0.3354492188679245 0.443359375 0.3500976566037736 0.4453125 0.3676757811320755 0.447265625 0.3764648433962264 0.44921875 0.3823242188679245 0.4560546875 0.3925781245283019 0.4638671875 0.3925781245283019 0.46875 0.3881835933962264
18 0.4970703125 0.31347656226415094 0.50390625 0.3032226566037736 0.5078125 0.2915039066037736 0.5078125 0.2856445311320755 0.505859375 0.2797851566037736 0.5009765625 0.27246093773584906 0.4970703125 0.26953125 0.4736328125 0.26660156226415094 0.4658203125 0.26660156226415094 0.462890625 0.2709960933962264 0.458984375 0.2797851566037736 0.458984375 0.2915039066037736 0.4609375 0.2973632811320755 0.4677734375 0.30761718773584906 0.4736328125 0.31347656226415094 0.4814453125 0.31640625 0.4912109375 0.31640625 0.4970703125 0.31347656226415094
18 0.47265625 0.5053710933962264 0.4697265625 0.500976562264151 0.4619140625 0.495117187735849 0.4267578125 0.50390625 0.4208984375 0.506835937735849 0.419921875 0.5083007811320754 0.419921875 0.5141601566037736 0.4287109375 0.52734375 0.4384765625 0.5332031245283019 0.4541015625 0.5332031245283019 0.474609375 0.5170898433962264 0.474609375 0.5112304688679246 0.47265625 0.5053710933962264
18 0.548828125 0.5698242188679246 0.5546875 0.5522460933962264 0.5546875 0.5405273433962264 0.5517578125 0.5332031245283019 0.5263671875 0.5332031245283019 0.5205078125 0.536132812264151 0.5126953125 0.541992187735849 0.509765625 0.5463867188679246 0.5078125 0.5522460933962264 0.509765625 0.5698242188679246 0.51171875 0.5756835933962264 0.5146484375 0.5800781245283019 0.5224609375 0.5859375 0.5361328125 0.583007812264151 0.5439453125 0.577148437735849 0.548828125 0.5698242188679246
18 0.609375 0.5493164066037736 0.6025390625 0.5390625 0.5986328125 0.536132812264151 0.5888671875 0.5332031245283019 0.5810546875 0.5332031245283019 0.5751953125 0.536132812264151 0.56640625 0.5493164066037736 0.56640625 0.5639648433962264 0.568359375 0.5756835933962264 0.5712890625 0.5800781245283019 0.5751953125 0.5800781245283019 0.6044921875 0.5625 0.609375 0.5581054688679246 0.609375 0.5493164066037736
3 0.56640625 0.4145507811320755 0.5654296875 0.41308593773584906 0.5185546875 0.45996093773584906 0.517578125 0.4614257811320755 0.517578125 0.4731445311320755 0.5185546875 0.4746093745283019 0.5478515625 0.50390625 0.5634765625 0.506835937735849 0.564453125 0.5053710933962264 0.56640625 0.4555664066037736 0.56640625 0.4145507811320755
14 0.482421875 0.4467773433962264 0.4814453125 0.4453125 0.4541015625 0.4277343745283019 0.4521484375 0.4277343745283019 0.44921875 0.4321289066037736 0.44921875 0.4379882811320755 0.451171875 0.4438476566037736 0.4541015625 0.44824218773584906 0.4658203125 0.45703125 0.4814453125 0.45410156226415094 0.482421875 0.4526367188679245 0.482421875 0.4467773433962264
14 0.525390625 0.3676757811320755 0.5224609375 0.36328125 0.5185546875 0.36328125 0.4990234375 0.375 0.498046875 0.3764648433962264 0.498046875 0.3881835933962264 0.5029296875 0.39550781226415094 0.5146484375 0.39550781226415094 0.5205078125 0.38964843773584906 0.52734375 0.3793945311320755 0.52734375 0.3735351566037736 0.525390625 0.3676757811320755
1 0.30859375 0.2592773433962264 0.306640625 0.2475585933962264 0.3017578125 0.24023437452830187 0.2978515625 0.23730468773584906 0.2900390625 0.23730468773584906 0.2861328125 0.24023437452830187 0.2744140625 0.25488281226415094 0.2734375 0.2563476566037736 0.2734375 0.2739257811320755 0.2763671875 0.27832031226415094 0.2802734375 0.28125 0.2939453125 0.27832031226415094 0.3017578125 0.2753906245283019 0.306640625 0.2680664066037736 0.30859375 0.2592773433962264
13 0.4755859375 0.16992187547169813 0.4658203125 0.16699218773584906 0.4580078125 0.16699218773584906 0.4541015625 0.16992187547169813 0.451171875 0.1743164066037736 0.44921875 0.18017578113207547 0.44921875 0.1860351566037736 0.4609375 0.2504882811320755 0.4658203125 0.26074218773584906 0.4697265625 0.26074218773584906 0.501953125 0.2124023433962264 0.501953125 0.20654296886792453 0.4755859375 0.16992187547169813
13 0.58984375 0.2006835933962264 0.58984375 0.1977539066037736 0.5869140625 0.19335937547169813 0.5322265625 0.140625 0.5244140625 0.140625 0.515625 0.1508789066037736 0.513671875 0.15673828113207547 0.513671875 0.1743164066037736 0.51953125 0.1977539066037736 0.5390625 0.2358398433962264 0.5458984375 0.24609375 0.5517578125 0.2519531245283019 0.5537109375 0.2519531245283019 0.58984375 0.2006835933962264
13 0.2607421875 0.36328125 0.259765625 0.3647460933962264 0.259765625 0.3706054688679245 0.2626953125 0.375 0.2666015625 0.37792968773584906 0.26953125 0.3735351566037736 0.26953125 0.3706054688679245 0.2646484375 0.36328125 0.2607421875 0.36328125