18 0.447265625 0.1420898433962264 0.447265625 0.1274414066037736 0.4423828125 0.12304687547169811 0.4306640625 0.12304687547169811 0.4228515625 0.12890625 0.4111328125 0.14355468773584906 0.40625 0.1508789066037736 0.404296875 0.15673828113207547 0.40234375 0.1655273433962264 0.40234375 0.17138671886792453 0.404296875 0.18017578113207547 0.4091796875 0.1875 0.4169921875 0.1875 0.4208984375 0.18457031226415094 0.44140625 0.1538085933962264 0.447265625 0.1420898433962264
18 0.6162109375 0.20507812452830187 0.62109375 0.1977539066037736 0.623046875 0.19189453113207547 0.623046875 0.18017578113207547 0.62109375 0.1743164066037736 0.6142578125 0.1640625 0.5791015625 0.1640625 0.5732421875 0.16699218773584906 0.5537109375 0.18164062452830187 0.552734375 0.18310546886792453 0.552734375 0.1860351566037736 0.5546875 0.2006835933962264 0.5673828125 0.21386718773584906 0.5732421875 0.21679687452830187 0.5849609375 0.21679687452830187 0.6064453125 0.2109375 0.6162109375 0.20507812452830187
18 0.6435546875 0.38964843773584906 0.65234375 0.3735351566037736 0.654296875 0.3676757811320755 0.654296875 0.3618164066037736 0.65234375 0.3559570311320755 0.6474609375 0.3515625 0.6376953125 0.3515625 0.6142578125 0.36621093773584906 0.6044921875 0.375 0.59765625 0.3852539066037736 0.59765625 0.3969726566037736 0.599609375 0.4028320311320755 0.6005859375 0.4042968745283019 0.6064453125 0.40722656226415094 0.6201171875 0.40722656226415094 0.6259765625 0.4042968745283019 0.6435546875 0.38964843773584906
18 0.779296875 0.4702148433962264 0.779296875 0.4555664066037736 0.77734375 0.4467773433962264 0.771484375 0.4291992188679245 0.7685546875 0.42480468773584906 0.7646484375 0.421875 0.7626953125 0.421875 0.7587890625 0.42480468773584906 0.755859375 0.4291992188679245 0.755859375 0.4497070311320755 0.7578125 0.4614257811320755 0.763671875 0.4790039066037736 0.7666015625 0.483398437735849 0.7685546875 0.483398437735849 0.7744140625 0.47753906226415094 0.779296875 0.4702148433962264
18 0.7685546875 0.577148437735849 0.771484375 0.5727539066037736 0.771484375 0.5698242188679246 0.7412109375 0.52734375 0.7373046875 0.524414062264151 0.7314453125 0.524414062264151 0.7265625 0.5317382811320754 0.72265625 0.5434570311320754 0.72265625 0.5639648433962264 0.724609375 0.5698242188679246 0.7294921875 0.577148437735849 0.7333984375 0.5800781245283019 0.7412109375 0.583007812264151 0.7607421875 0.583007812264151 0.7685546875 0.577148437735849
18 0.5546875 0.6489257811320754 0.556640625 0.6313476566037736 0.556640625 0.6049804688679246 0.5556640625 0.6035156245283019 0.5419921875 0.6035156245283019 0.5380859375 0.606445312264151 0.5029296875 0.65625 0.501953125 0.6577148433962264 0.501953125 0.6635742188679246 0.5146484375 0.682617187735849 0.5302734375 0.682617187735849 0.5361328125 0.6796875 0.5419921875 0.6738281245283019 0.548828125 0.6635742188679246 0.5546875 0.6489257811320754
18 0.423828125 0.7163085933962264 0.42578125 0.7104492188679246 0.42578125 0.6958007811320754 0.416015625 0.6723632811320754 0.4072265625 0.659179687735849 0.4033203125 0.65625 0.3955078125 0.65625 0.3916015625 0.659179687735849 0.388671875 0.6635742188679246 0.38671875 0.6694335933962264 0.38671875 0.6782226566037736 0.392578125 0.6958007811320754 0.400390625 0.7133789066037736 0.4033203125 0.717773437735849 0.4091796875 0.723632812264151 0.4189453125 0.723632812264151 0.423828125 0.7163085933962264
18 0.361328125 0.7543945311320754 0.361328125 0.7045898433962264 0.3544921875 0.694335937735849 0.3486328125 0.694335937735849 0.34375 0.6987304688679246 0.33984375 0.7104492188679246 0.33984375 0.7543945311320754 0.341796875 0.7602539066037736 0.3447265625 0.764648437735849 0.3486328125 0.7675781245283019 0.3544921875 0.7675781245283019 0.359375 0.7602539066037736 0.361328125 0.7543945311320754
18 0.412109375 0.5463867188679246 0.41015625 0.5405273433962264 0.4072265625 0.536132812264151 0.3974609375 0.530273437735849 0.3876953125 0.530273437735849 0.3798828125 0.5332031245283019 0.375 0.5375976566037736 0.373046875 0.5434570311320754 0.373046875 0.5581054688679246 0.3798828125 0.5683593754716981 0.3876953125 0.5683593754716981 0.4052734375 0.5625 0.4091796875 0.559570312264151 0.412109375 0.5522460933962264 0.412109375 0.5463867188679246
3 0.3818359375 0.29296875 0.3642578125 0.27832031226415094 0.3603515625 0.27832031226415094 0.3369140625 0.2988281245283019 0.333984375 0.3032226566037736 0.330078125 0.3120117188679245 0.322265625 0.3325195311320755 0.3203125 0.3383789066037736 0.3203125 0.4057617188679245 0.3212890625 0.40722656226415094 0.3642578125 0.43359375 0.412109375 0.3354492188679245 0.4140625 0.3295898433962264 0.4140625 0.3266601566037736 0.3818359375 0.29296875
3 0.55078125 0.4702148433962264 0.521484375 0.4174804688679245 0.5166015625 0.41015625 0.5126953125 0.41015625 0.509765625 0.4145507811320755 0.505859375 0.4262695311320755 0.5 0.4555664066037736 0.5 0.4731445311320755 0.5068359375 0.483398437735849 0.5205078125 0.4980468754716982 0.5478515625 0.4921875 0.552734375 0.48486328113207544 0.552734375 0.4760742188679245 0.55078125 0.4702148433962264
3 0.69140625 0.4702148433962264 0.69140625 0.4555664066037736 0.6904296875 0.45410156226415094 0.623643560625 0.43103769056603775 0.615234375 0.4584960933962264 0.595703125 0.5493164066037736 0.595703125 0.5522460933962264 0.58312756375 0.5901588820754716 0.6142578125 0.57421875 0.6259765625 0.571289062264151 0.66123574625 0.568232753773585 0.669921875 0.5258789066037736 0.69140625 0.4702148433962264
3 0.654296875 0.7133789066037736 0.6640625 0.6928710933962264 0.666015625 0.6870117188679246 0.67578125 0.6049804688679246 0.6728515625 0.59765625 0.6474609375 0.59765625 0.64453125 0.6020507811320754 0.6015625 0.7075195311320754 0.6015625 0.7133789066037736 0.6044921875 0.717773437735849 0.6103515625 0.723632812264151 0.6259765625 0.7324218754716981 0.6376953125 0.7324218754716981 0.6455078125 0.7265625 0.654296875 0.7133789066037736
21 0.54296875 0.2680664066037736 0.54296875 0.2563476566037736 0.541015625 0.2504882811320755 0.5263671875 0.22558593773584906 0.5107421875 0.21679687452830187 0.5009765625 0.21679687452830187 0.4462890625 0.26660156226415094 0.4453125 0.2680664066037736 0.4453125 0.2768554688679245 0.45703125 0.3208007811320755 0.4755859375 0.3339843754716981 0.4853515625 0.3339843754716981 0.5107421875 0.31347656226415094 0.5400390625 0.2753906245283019 0.54296875 0.2680664066037736
21 0.716796875 0.3354492188679245 0.716796875 0.3295898433962264 0.697265625 0.2329101566037736 0.6708984375 0.20214843773584906 0.6533203125 0.20800781226415094 0.650390625 0.2124023433962264 0.646484375 0.22705078113207547 0.64453125 0.23876953113207547 0.64453125 0.2622070311320755 0.6484375 0.2885742188679245 0.650390625 0.2944335933962264 0.6669921875 0.31933593773584906 0.6826171875 0.33984375 0.7138671875 0.33984375 0.716796875 0.3354492188679245
20 0.7177734375 0.6796875 0.7138671875 0.676757812264151 0.703125 0.6899414066037736 0.701171875 0.6958007811320754 0.701171875 0.7075195311320754 0.7060546875 0.711914062264151 0.7119140625 0.711914062264151 0.720703125 0.6987304688679246 0.72265625 0.6928710933962264 0.72265625 0.6870117188679246 0.7177734375 0.6796875
3 0.349693648125 0.5848650226415094 0.35113908875 0.5648118877358491 0.31644837124999997 0.5745674830188678 0.302355266875 0.571857562264151 0.310546875 0.6108398433962264 0.322265625 0.6342773433962264 0.3310546875 0.647460937735849 0.3349609375 0.6503906245283019 0.3603515625 0.6503906245283019 0.36328125 0.6459960933962264 0.349693648125 0.5848650226415094
1 0.333984375 0.4907226566037736 0.333984375 0.48779296886792456 0.33203125 0.4819335933962264 0.3291015625 0.47753906226415094 0.3134765625 0.47753906226415094 0.3076171875 0.48046875 0.2978515625 0.4921875 0.2890625 0.5053710933962264 0.287109375 0.5112304688679246 0.287109375 0.5229492188679246 0.2880859375 0.524414062264151 0.2958984375 0.52734375 0.3232421875 0.515625 0.326171875 0.5112304688679246 0.33203125 0.49658203113207544 0.333984375 0.4907226566037736
9 0.462890625 0.48486328113207544 0.462890625 0.4526367188679245 0.4609375 0.4291992188679245 0.45703125 0.4116210933962264 0.451171875 0.3969726566037736 0.4443359375 0.38964843773584906 0.4384765625 0.38964843773584906 0.4296875 0.4028320311320755 0.42578125 0.4262695311320755 0.42578125 0.4702148433962264 0.427734375 0.4819335933962264 0.439453125 0.5258789066037736 0.4423828125 0.530273437735849 0.4482421875 0.530273437735849 0.451171875 0.5258789066037736 0.462890625 0.48486328113207544