18 0.4765625 0.1772460933962264 0.474609375 0.1655273433962264 0.4658203125 0.15234375 0.4619140625 0.14941406226415094 0.4423828125 0.14941406226415094 0.4384765625 0.15234375 0.431640625 0.1625976566037736 0.427734375 0.1743164066037736 0.427734375 0.1889648433962264 0.435546875 0.2124023433962264 0.4384765625 0.21679687452830187 0.4443359375 0.21679687452830187 0.4677734375 0.19628906226415094 0.474609375 0.1860351566037736 0.4765625 0.1772460933962264
18 0.494140625 0.3530273433962264 0.494140625 0.3383789066037736 0.490234375 0.3237304688679245 0.478515625 0.2944335933962264 0.4716796875 0.28417968773584906 0.4677734375 0.28417968773584906 0.4638671875 0.2871093754716981 0.4609375 0.2915039066037736 0.4609375 0.3149414066037736 0.466796875 0.3354492188679245 0.474609375 0.3530273433962264 0.4814453125 0.36035156226415094 0.4873046875 0.36035156226415094 0.4912109375 0.3574218754716981 0.494140625 0.3530273433962264
18 0.392578125 0.3852539066037736 0.392578125 0.3706054688679245 0.390625 0.3618164066037736 0.380859375 0.3383789066037736 0.3740234375 0.328125 0.3701171875 0.32519531226415094 0.3603515625 0.32519531226415094 0.35546875 0.3325195311320755 0.353515625 0.3383789066037736 0.353515625 0.3471679688679245 0.35546875 0.3559570311320755 0.361328125 0.3706054688679245 0.3720703125 0.38964843773584906 0.3798828125 0.39550781226415094 0.3857421875 0.39550781226415094 0.392578125 0.3852539066037736
18 0.455078125 0.3940429688679245 0.453125 0.3881835933962264 0.4443359375 0.375 0.4287109375 0.375 0.421875 0.3823242188679245 0.4140625 0.3969726566037736 0.4267578125 0.41894531226415094 0.4326171875 0.42480468773584906 0.4404296875 0.42480468773584906 0.4443359375 0.421875 0.451171875 0.4116210933962264 0.455078125 0.3999023433962264 0.455078125 0.3940429688679245
18 0.65625 0.3676757811320755 0.65625 0.3500976566037736 0.646484375 0.3208007811320755 0.6435546875 0.31640625 0.6357421875 0.31640625 0.630859375 0.3237304688679245 0.630859375 0.3500976566037736 0.634765625 0.3676757811320755 0.638671875 0.3764648433962264 0.6396484375 0.37792968773584906 0.6474609375 0.3808593754716981 0.6533203125 0.375 0.65625 0.3676757811320755
18 0.439453125 0.6049804688679246 0.44140625 0.5961914066037736 0.44140625 0.5815429688679246 0.4345703125 0.571289062264151 0.4033203125 0.553710937735849 0.3974609375 0.553710937735849 0.3935546875 0.5566406245283019 0.390625 0.5610351566037736 0.388671875 0.5668945311320754 0.388671875 0.5727539066037736 0.390625 0.5815429688679246 0.4111328125 0.6035156245283019 0.4228515625 0.612304687735849 0.4287109375 0.612304687735849 0.4345703125 0.609375 0.439453125 0.6049804688679246
18 0.685546875 0.3032226566037736 0.6767578125 0.29003906226415094 0.6708984375 0.28417968773584906 0.6630859375 0.28417968773584906 0.6552734375 0.29003906226415094 0.65234375 0.2944335933962264 0.65234375 0.3002929688679245 0.6552734375 0.3046875 0.6845703125 0.33105468773584906 0.6884765625 0.3339843754716981 0.689453125 0.3325195311320755 0.689453125 0.3120117188679245 0.685546875 0.3032226566037736
18 0.591796875 0.20361328113207547 0.583984375 0.18017578113207547 0.580078125 0.17138671886792453 0.5751953125 0.1640625 0.5634765625 0.15234375 0.5556640625 0.14648437547169813 0.5498046875 0.14941406226415094 0.548828125 0.1508789066037736 0.53515625 0.1743164066037736 0.55078125 0.2006835933962264 0.5771484375 0.24023437452830187 0.5849609375 0.2490234377358491 0.5908203125 0.2490234377358491 0.595703125 0.2416992188679245 0.595703125 0.2241210933962264 0.591796875 0.20361328113207547
1 0.6416015625 0.711914062264151 0.6376953125 0.7089843754716981 0.6279296875 0.7089843754716981 0.6171875 0.7250976566037736 0.615234375 0.7309570311320754 0.615234375 0.7514648433962264 0.6171875 0.7573242188679246 0.6201171875 0.76171875 0.6357421875 0.747070312264151 0.6484375 0.7309570311320754 0.6484375 0.7221679688679246 0.6416015625 0.711914062264151
1 0.515625 0.6166992188679246 0.5126953125 0.612304687735849 0.4892578125 0.606445312264151 0.4853515625 0.609375 0.484375 0.6108398433962264 0.484375 0.6225585933962264 0.4892578125 0.629882812264151 0.4951171875 0.6328125 0.5009765625 0.6328125 0.5107421875 0.6269531245283019 0.513671875 0.6225585933962264 0.515625 0.6166992188679246
1 0.4775390625 0.6796875 0.486328125 0.6665039066037736 0.486328125 0.6577148433962264 0.4853515625 0.65625 0.3876953125 0.635742187735849 0.3818359375 0.641601562264151 0.380859375 0.6430664066037736 0.380859375 0.6459960933962264 0.388671875 0.6723632811320754 0.3935546875 0.6796875 0.4052734375 0.694335937735849 0.4248046875 0.703125 0.4443359375 0.700195312264151 0.4775390625 0.6796875
1 0.3173828125 0.577148437735849 0.3115234375 0.577148437735849 0.2998046875 0.583007812264151 0.29296875 0.5932617188679246 0.291015625 0.5991210933962264 0.287109375 0.6137695311320754 0.287109375 0.6254882811320754 0.2890625 0.6313476566037736 0.2939453125 0.635742187735849 0.30859375 0.6254882811320754 0.3203125 0.5874023433962264 0.3203125 0.5815429688679246 0.3173828125 0.577148437735849
1 0.35546875 0.4116210933962264 0.3515625 0.3999023433962264 0.3466796875 0.3925781245283019 0.3427734375 0.38964843773584906 0.3330078125 0.38964843773584906 0.3251953125 0.39550781226415094 0.3203125 0.4028320311320755 0.318359375 0.4086914066037736 0.318359375 0.4145507811320755 0.3193359375 0.4160156245283019 0.3427734375 0.43066406226415094 0.3466796875 0.43066406226415094 0.3525390625 0.4277343745283019 0.35546875 0.4233398433962264 0.35546875 0.4116210933962264
14 0.595703125 0.7573242188679246 0.5927734375 0.752929687735849 0.5810546875 0.75 0.5751953125 0.75 0.5634765625 0.7558593754716981 0.55859375 0.7631835933962264 0.55859375 0.7661132811320754 0.5595703125 0.7675781245283019 0.5673828125 0.770507812264151 0.5927734375 0.770507812264151 0.59375 0.7690429688679246 0.595703125 0.7602539066037736 0.595703125 0.7573242188679246
14 0.5068359375 0.688476562264151 0.5029296875 0.688476562264151 0.4677734375 0.6972656245283019 0.466796875 0.6987304688679246 0.4716796875 0.706054687735849 0.4755859375 0.7089843754716981 0.4873046875 0.71484375 0.4990234375 0.71484375 0.5078125 0.7016601566037736 0.509765625 0.6958007811320754 0.5068359375 0.688476562264151
14 0.34765625 0.6987304688679246 0.3330078125 0.6796875 0.3271484375 0.6796875 0.3203125 0.6899414066037736 0.328125 0.7075195311320754 0.3359375 0.7221679688679246 0.3369140625 0.723632812264151 0.3408203125 0.723632812264151 0.345703125 0.7163085933962264 0.34765625 0.7075195311320754 0.34765625 0.6987304688679246
14 0.3017578125 0.717773437735849 0.298828125 0.7221679688679246 0.298828125 0.7397460933962264 0.3076171875 0.76171875 0.3154296875 0.76171875 0.3203125 0.7543945311320754 0.3203125 0.7514648433962264 0.306640625 0.7250976566037736 0.3017578125 0.717773437735849
14 0.26171875 0.6606445311320754 0.2607421875 0.659179687735849 0.2490234375 0.659179687735849 0.244140625 0.6694335933962264 0.2421875 0.6811523433962264 0.2421875 0.6870117188679246 0.244140625 0.6928710933962264 0.2490234375 0.700195312264151 0.2548828125 0.700195312264151 0.2578125 0.6958007811320754 0.26171875 0.6723632811320754 0.26171875 0.6606445311320754
14 0.3134765625 0.4980468754716982 0.3095703125 0.495117187735849 0.3056640625 0.495117187735849 0.30078125 0.5024414066037736 0.30078125 0.5083007811320754 0.306640625 0.5317382811320754 0.3095703125 0.5390625 0.3173828125 0.536132812264151 0.318359375 0.5346679688679246 0.318359375 0.5053710933962264 0.3134765625 0.4980468754716982
14 0.2744140625 0.421875 0.2568359375 0.40136718773584906 0.2490234375 0.40136718773584906 0.248046875 0.4028320311320755 0.248046875 0.4116210933962264 0.2568359375 0.42480468773584906 0.2685546875 0.43359375 0.2783203125 0.43359375 0.279296875 0.4321289066037736 0.279296875 0.4291992188679245 0.2744140625 0.421875
14 0.353515625 0.2358398433962264 0.3515625 0.2680664066037736 0.3525390625 0.26953125 0.3603515625 0.27246093773584906 0.37109375 0.2446289066037736 0.37109375 0.2416992188679245 0.3642578125 0.23144531226415094 0.3564453125 0.23144531226415094 0.353515625 0.2358398433962264
14 0.5517578125 0.27246093773584906 0.537109375 0.2915039066037736 0.53125 0.3061523433962264 0.53125 0.3090820311320755 0.5322265625 0.3105468754716981 0.5478515625 0.3105468754716981 0.55859375 0.2915039066037736 0.55859375 0.2797851566037736 0.5537109375 0.27246093773584906 0.5517578125 0.27246093773584906
14 0.5498046875 0.3457031245283019 0.5478515625 0.3457031245283019 0.54296875 0.3500976566037736 0.537109375 0.3618164066037736 0.552734375 0.3911132811320755 0.5556640625 0.39550781226415094 0.5576171875 0.39550781226415094 0.564453125 0.3852539066037736 0.568359375 0.3588867188679245 0.5654296875 0.3515625 0.5498046875 0.3457031245283019
14 0.5068359375 0.3925781245283019 0.5048828125 0.3925781245283019 0.50390625 0.3940429688679245 0.50390625 0.4233398433962264 0.5068359375 0.4277343745283019 0.5166015625 0.4277343745283019 0.5234375 0.4174804688679245 0.5234375 0.4057617188679245 0.5205078125 0.40136718773584906 0.5068359375 0.3925781245283019
14 0.599609375 0.5727539066037736 0.59765625 0.5639648433962264 0.59375 0.5522460933962264 0.5888671875 0.5449218754716981 0.5830078125 0.5390625 0.5771484375 0.5390625 0.576171875 0.5405273433962264 0.576171875 0.5434570311320754 0.580078125 0.5639648433962264 0.587890625 0.5903320311320754 0.5888671875 0.5917968754716981 0.5986328125 0.588867187735849 0.599609375 0.5874023433962264 0.599609375 0.5727539066037736
14 0.578125 0.6665039066037736 0.5615234375 0.635742187735849 0.5595703125 0.635742187735849 0.5546875 0.6430664066037736 0.53515625 0.6782226566037736 0.53515625 0.6840820311320754 0.5361328125 0.6855468754716981 0.5478515625 0.6855468754716981 0.5693359375 0.6796875 0.5732421875 0.676757812264151 0.578125 0.6694335933962264 0.578125 0.6665039066037736
14 0.4423828125 0.4921875 0.4384765625 0.489257812264151 0.4306640625 0.4921875 0.4296875 0.4936523433962264 0.4296875 0.49658203113207544 0.43359375 0.5170898433962264 0.4365234375 0.5214843754716981 0.4404296875 0.5214843754716981 0.4453125 0.5083007811320754 0.4453125 0.49658203113207544 0.4423828125 0.4921875
20 0.275390625 0.2973632811320755 0.275390625 0.2944335933962264 0.2548828125 0.26660156226415094 0.251953125 0.2709960933962264 0.25 0.2768554688679245 0.24609375 0.2944335933962264 0.2421875 0.3178710933962264 0.2421875 0.3354492188679245 0.244140625 0.3413085933962264 0.2490234375 0.34863281226415094 0.2529296875 0.34863281226415094 0.2568359375 0.3457031245283019 0.26171875 0.3383789066037736 0.275390625 0.2973632811320755
3 0.576171875 0.5551757811320754 0.578125 0.5405273433962264 0.5546875 0.4672851566037736 0.5517578125 0.4628906245283019 0.5458984375 0.45703125 0.5263671875 0.44238281226415094 0.5224609375 0.44238281226415094 0.4990234375 0.4628906245283019 0.48828125 0.4760742188679245 0.484375 0.48779296886792456 0.482421875 0.5083007811320754 0.482421875 0.5229492188679246 0.484375 0.5288085933962264 0.4921875 0.5434570311320754 0.4970703125 0.55078125 0.5673828125 0.5566406245283019 0.5751953125 0.5566406245283019 0.576171875 0.5551757811320754
3 0.6845703125 0.45703125 0.6748046875 0.45703125 0.6376953125 0.48046875 0.63671875 0.4819335933962264 0.6376953125 0.483398437735849 0.6591796875 0.4921875 0.6982421875 0.500976562264151 0.7001953125 0.500976562264151 0.701171875 0.49951171886792456 0.693359375 0.4702148433962264 0.6845703125 0.45703125
3 0.3447265625 0.45703125 0.3408203125 0.45703125 0.33984375 0.4584960933962264 0.337890625 0.49951171886792456 0.337890625 0.5141601566037736 0.3583984375 0.5449218754716981 0.3720703125 0.5449218754716981 0.373046875 0.5434570311320754 0.375 0.5141601566037736 0.365234375 0.4790039066037736 0.3447265625 0.45703125
9 0.2802734375 0.2490234377358491 0.2744140625 0.2490234377358491 0.271484375 0.2534179688679245 0.271484375 0.2563476566037736 0.2763671875 0.2636718754716981 0.2861328125 0.26953125 0.2900390625 0.26953125 0.291015625 0.2680664066037736 0.291015625 0.2651367188679245 0.2802734375 0.2490234377358491
9 0.41015625 0.2592773433962264 0.404296875 0.22998046886792453 0.3935546875 0.21679687452830187 0.3896484375 0.21386718773584906 0.3818359375 0.21386718773584906 0.37890625 0.21826171886792453 0.376953125 0.2241210933962264 0.376953125 0.2329101566037736 0.392578125 0.2797851566037736 0.3955078125 0.28417968773584906 0.3994140625 0.2871093754716981 0.4033203125 0.2871093754716981 0.41015625 0.2739257811320755 0.41015625 0.2592773433962264
9 0.3857421875 0.13183593773584906 0.3779296875 0.13769531226415094 0.373046875 0.14501953113207547 0.3779296875 0.15234375 0.3818359375 0.15234375 0.3896484375 0.14941406226415094 0.39453125 0.1420898433962264 0.39453125 0.13623046886792453 0.3916015625 0.13183593773584906 0.3857421875 0.13183593773584906
7 0.587890625 0.3090820311320755 0.58203125 0.4086914066037736 0.5986328125 0.4277343745283019 0.599609375 0.4262695311320755 0.634765625 0.2739257811320755 0.6279296875 0.26074218773584906 0.6162109375 0.26074218773584906 0.591796875 0.2856445311320755 0.587890625 0.3090820311320755
9 0.4033203125 0.48046875 0.4013671875 0.48046875 0.396484375 0.48779296886792456 0.396484375 0.4907226566037736 0.4013671875 0.4980468754716982 0.4052734375 0.4980468754716982 0.40625 0.49658203113207544 0.40625 0.48779296886792456 0.404296875 0.4819335933962264 0.4033203125 0.48046875
17 0.306640625 0.4291992188679245 0.3046875 0.4526367188679245 0.3056640625 0.45410156226415094 0.3212890625 0.4511718745283019 0.326171875 0.4467773433962264 0.326171875 0.4438476566037736 0.3251953125 0.44238281226415094 0.3076171875 0.4277343745283019 0.306640625 0.4291992188679245