20 0.294921875 0.5610351566037736 0.2939453125 0.559570312264151 0.2744140625 0.5625 0.2568359375 0.5683593754716981 0.255859375 0.5698242188679246 0.2578125 0.5844726566037736 0.271484375 0.6372070311320754 0.2744140625 0.641601562264151 0.3095703125 0.64453125 0.310546875 0.6430664066037736 0.310546875 0.6401367188679246 0.294921875 0.5610351566037736
20 0.4296875 0.5668945311320754 0.4296875 0.5551757811320754 0.4248046875 0.547851562264151 0.4208984375 0.5449218754716981 0.4189453125 0.5449218754716981 0.4150390625 0.547851562264151 0.4072265625 0.5566406245283019 0.400390625 0.5668945311320754 0.400390625 0.5727539066037736 0.404296875 0.5874023433962264 0.4052734375 0.588867187735849 0.4130859375 0.5917968754716981 0.4169921875 0.588867187735849 0.423828125 0.5786132811320754 0.4296875 0.5668945311320754
20 0.603515625 0.18017578113207547 0.6015625 0.1743164066037736 0.5908203125 0.15527343773584906 0.5849609375 0.15527343773584906 0.5732421875 0.15820312452830187 0.5654296875 0.16113281226415094 0.564453125 0.1625976566037736 0.55859375 0.1772460933962264 0.55859375 0.19189453113207547 0.560546875 0.2006835933962264 0.5673828125 0.2109375 0.5732421875 0.2109375 0.6044921875 0.20507812452830187 0.60546875 0.20361328113207547 0.603515625 0.18017578113207547
20 0.73828125 0.4409179688679245 0.7373046875 0.4394531245283019 0.7021484375 0.41308593773584906 0.701171875 0.4145507811320755 0.6953125 0.4526367188679245 0.6953125 0.4643554688679245 0.697265625 0.4702148433962264 0.7001953125 0.4746093745283019 0.7060546875 0.4746093745283019 0.7099609375 0.47167968773584906 0.736328125 0.4467773433962264 0.73828125 0.4409179688679245
18 0.4765625 0.2006835933962264 0.47265625 0.1889648433962264 0.4697265625 0.18457031226415094 0.4638671875 0.17871093773584906 0.4521484375 0.17871093773584906 0.44921875 0.18310546886792453 0.447265625 0.20654296886792453 0.4501953125 0.2109375 0.4580078125 0.21972656226415094 0.4619140625 0.22265625 0.4658203125 0.22265625 0.474609375 0.21533203113207547 0.4765625 0.20654296886792453 0.4765625 0.2006835933962264
18 0.404296875 0.2416992188679245 0.3974609375 0.234375 0.3798828125 0.234375 0.3720703125 0.23730468773584906 0.3681640625 0.24023437452830187 0.365234375 0.2446289066037736 0.365234375 0.2592773433962264 0.3671875 0.2651367188679245 0.3720703125 0.26953125 0.3857421875 0.26953125 0.3974609375 0.26660156226415094 0.404296875 0.2563476566037736 0.404296875 0.2416992188679245
18 0.322265625 0.3823242188679245 0.32421875 0.3706054688679245 0.32421875 0.3559570311320755 0.3203125 0.3442382811320755 0.3193359375 0.34277343773584906 0.3076171875 0.34277343773584906 0.30078125 0.3530273433962264 0.296875 0.3735351566037736 0.294921875 0.3881835933962264 0.294921875 0.3999023433962264 0.2978515625 0.40722656226415094 0.3037109375 0.41308593773584906 0.3076171875 0.41308593773584906 0.3115234375 0.41015625 0.318359375 0.3999023433962264 0.322265625 0.3823242188679245
18 0.529296875 0.4174804688679245 0.529296875 0.4086914066037736 0.525390625 0.3969726566037736 0.5185546875 0.38671875 0.5126953125 0.3808593754716981 0.5009765625 0.37207031226415094 0.4912109375 0.37207031226415094 0.48828125 0.3764648433962264 0.48828125 0.3823242188679245 0.490234375 0.3881835933962264 0.4970703125 0.40136718773584906 0.5126953125 0.41894531226415094 0.5205078125 0.42480468773584906 0.5224609375 0.42480468773584906 0.529296875 0.4174804688679245
18 0.62890625 0.3383789066037736 0.619140625 0.3149414066037736 0.6142578125 0.30761718773584906 0.6103515625 0.3046875 0.6083984375 0.3046875 0.6044921875 0.30761718773584906 0.6015625 0.3120117188679245 0.603515625 0.3325195311320755 0.611328125 0.3500976566037736 0.6181640625 0.36035156226415094 0.6259765625 0.36035156226415094 0.630859375 0.3530273433962264 0.630859375 0.3471679688679245 0.62890625 0.3383789066037736
18 0.638671875 0.6665039066037736 0.634765625 0.6518554688679246 0.6279296875 0.641601562264151 0.6240234375 0.641601562264151 0.619140625 0.6489257811320754 0.6171875 0.6547851566037736 0.6171875 0.6840820311320754 0.619140625 0.6958007811320754 0.6259765625 0.706054687735849 0.6318359375 0.706054687735849 0.6357421875 0.703125 0.638671875 0.6987304688679246 0.638671875 0.6665039066037736
18 0.55859375 0.6811523433962264 0.55859375 0.6694335933962264 0.5537109375 0.6621093754716981 0.5498046875 0.659179687735849 0.5439453125 0.659179687735849 0.5400390625 0.6621093754716981 0.533203125 0.6723632811320754 0.525390625 0.6899414066037736 0.51953125 0.7075195311320754 0.517578125 0.7221679688679246 0.5224609375 0.729492187735849 0.5283203125 0.735351562264151 0.5322265625 0.735351562264151 0.5361328125 0.7324218754716981 0.544921875 0.7192382811320754 0.5546875 0.6928710933962264 0.55859375 0.6811523433962264
18 0.423828125 0.7104492188679246 0.423828125 0.6958007811320754 0.421875 0.6782226566037736 0.419921875 0.6694335933962264 0.408203125 0.6313476566037736 0.4033203125 0.624023437735849 0.3974609375 0.618164062264151 0.3857421875 0.618164062264151 0.3798828125 0.62109375 0.373046875 0.6313476566037736 0.375 0.6518554688679246 0.376953125 0.6635742188679246 0.38671875 0.6928710933962264 0.392578125 0.7075195311320754 0.4033203125 0.723632812264151 0.4150390625 0.723632812264151 0.423828125 0.7104492188679246
18 0.375 0.5434570311320754 0.375 0.5258789066037736 0.373046875 0.5200195311320754 0.3681640625 0.512695312264151 0.3642578125 0.5097656245283019 0.3544921875 0.5097656245283019 0.3466796875 0.515625 0.34375 0.5200195311320754 0.345703125 0.5639648433962264 0.3466796875 0.565429687735849 0.3525390625 0.5683593754716981 0.3642578125 0.571289062264151 0.37109375 0.5581054688679246 0.373046875 0.5522460933962264 0.375 0.5434570311320754
1 0.388671875 0.3325195311320755 0.3837890625 0.32519531226415094 0.3779296875 0.32519531226415094 0.3740234375 0.328125 0.3671875 0.3383789066037736 0.36328125 0.3500976566037736 0.36328125 0.3618164066037736 0.365234375 0.3676757811320755 0.3681640625 0.37207031226415094 0.3720703125 0.37207031226415094 0.375 0.3676757811320755 0.388671875 0.3354492188679245 0.388671875 0.3325195311320755
1 0.6435546875 0.2578125 0.6396484375 0.2578125 0.6279296875 0.26074218773584906 0.626953125 0.2622070311320755 0.630859375 0.2944335933962264 0.6318359375 0.29589843773584906 0.6416015625 0.29589843773584906 0.64453125 0.2915039066037736 0.6484375 0.2827148433962264 0.6484375 0.2651367188679245 0.6435546875 0.2578125
1 0.5859375 0.5786132811320754 0.583984375 0.5727539066037736 0.5791015625 0.565429687735849 0.5751953125 0.5625 0.5654296875 0.5625 0.560546875 0.5698242188679246 0.560546875 0.5786132811320754 0.568359375 0.5961914066037736 0.5732421875 0.6035156245283019 0.5810546875 0.6035156245283019 0.583984375 0.5991210933962264 0.5859375 0.5903320311320754 0.5859375 0.5786132811320754
1 0.369140625 0.7133789066037736 0.369140625 0.6899414066037736 0.365234375 0.6782226566037736 0.3603515625 0.670898437735849 0.3564453125 0.66796875 0.3515625 0.6752929688679246 0.34765625 0.6870117188679246 0.341796875 0.7133789066037736 0.341796875 0.7192382811320754 0.3466796875 0.7265625 0.3505859375 0.729492187735849 0.3583984375 0.729492187735849 0.3623046875 0.7265625 0.3671875 0.7192382811320754 0.369140625 0.7133789066037736
20 0.419921875 0.3881835933962264 0.419921875 0.3823242188679245 0.4130859375 0.37207031226415094 0.4013671875 0.36328125 0.3955078125 0.36328125 0.3916015625 0.36621093773584906 0.388671875 0.3706054688679245 0.38671875 0.3764648433962264 0.38671875 0.3793945311320755 0.388671875 0.3881835933962264 0.3935546875 0.39550781226415094 0.4052734375 0.4042968745283019 0.4111328125 0.40722656226415094 0.416015625 0.3999023433962264 0.419921875 0.3881835933962264
20 0.458984375 0.3940429688679245 0.4521484375 0.38378906226415094 0.4443359375 0.38378906226415094 0.4365234375 0.38964843773584906 0.42578125 0.4057617188679245 0.4365234375 0.42480468773584906 0.4404296875 0.42480468773584906 0.4443359375 0.421875 0.4541015625 0.41308593773584906 0.45703125 0.4086914066037736 0.458984375 0.4028320311320755 0.458984375 0.3940429688679245
3 0.6015625 0.2885742188679245 0.6005859375 0.2871093754716981 0.5732421875 0.28417968773584906 0.568359375 0.2973632811320755 0.56640625 0.3061523433962264 0.56640625 0.3120117188679245 0.5693359375 0.31640625 0.5810546875 0.32519531226415094 0.5849609375 0.32519531226415094 0.603515625 0.3120117188679245 0.603515625 0.3061523433962264 0.6015625 0.2885742188679245
13 0.578125 0.4936523433962264 0.578125 0.4731445311320755 0.56640625 0.4321289066037736 0.5537109375 0.41308593773584906 0.5517578125 0.41308593773584906 0.5244140625 0.4394531245283019 0.521484375 0.4438476566037736 0.521484375 0.4497070311320755 0.5234375 0.4643554688679245 0.5498046875 0.5214843754716981 0.5634765625 0.518554687735849 0.5693359375 0.512695312264151 0.576171875 0.5024414066037736 0.578125 0.4936523433962264
14 0.4580078125 0.6855468754716981 0.4443359375 0.6972656245283019 0.443359375 0.6987304688679246 0.4619140625 0.723632812264151 0.4658203125 0.7265625 0.4716796875 0.7265625 0.47265625 0.7250976566037736 0.47265625 0.7192382811320754 0.46875 0.7075195311320754 0.4580078125 0.6855468754716981
14 0.6767578125 0.7265625 0.67578125 0.7280273433962264 0.673828125 0.7368164066037736 0.671875 0.7690429688679246 0.6767578125 0.7734375 0.6826171875 0.7734375 0.685546875 0.7690429688679246 0.685546875 0.7485351566037736 0.68359375 0.7397460933962264 0.6787109375 0.7265625 0.6767578125 0.7265625
14 0.720703125 0.6196289066037736 0.71875 0.5961914066037736 0.7158203125 0.5917968754716981 0.7138671875 0.5917968754716981 0.7099609375 0.594726562264151 0.708984375 0.5961914066037736 0.708984375 0.6020507811320754 0.7109375 0.6284179688679246 0.712890625 0.6372070311320754 0.7138671875 0.6386718754716981 0.7177734375 0.6386718754716981 0.720703125 0.6313476566037736 0.720703125 0.6196289066037736
14 0.6259765625 0.565429687735849 0.623046875 0.5698242188679246 0.623046875 0.6049804688679246 0.6240234375 0.606445312264151 0.6279296875 0.606445312264151 0.6416015625 0.600585937735849 0.646484375 0.5932617188679246 0.6484375 0.5844726566037736 0.6259765625 0.565429687735849
14 0.4716796875 0.594726562264151 0.470703125 0.5961914066037736 0.46875 0.6225585933962264 0.4892578125 0.6386718754716981 0.4912109375 0.6386718754716981 0.49609375 0.6313476566037736 0.49609375 0.6284179688679246 0.490234375 0.6137695311320754 0.4736328125 0.594726562264151 0.4716796875 0.594726562264151
14 0.4228515625 0.4980468754716982 0.421875 0.49951171886792456 0.419921875 0.5141601566037736 0.41796875 0.5434570311320754 0.4189453125 0.5449218754716981 0.4267578125 0.547851562264151 0.431640625 0.5405273433962264 0.431640625 0.5083007811320754 0.4296875 0.49951171886792456 0.4287109375 0.4980468754716982 0.4228515625 0.4980468754716982
14 0.6767578125 0.4628906245283019 0.673828125 0.4672851566037736 0.66796875 0.4790039066037736 0.66796875 0.4936523433962264 0.6728515625 0.500976562264151 0.6787109375 0.500976562264151 0.681640625 0.49658203113207544 0.68359375 0.4672851566037736 0.6806640625 0.4628906245283019 0.6767578125 0.4628906245283019
14 0.6279296875 0.4160156245283019 0.6162109375 0.4277343745283019 0.611328125 0.4350585933962264 0.611328125 0.4438476566037736 0.6142578125 0.44824218773584906 0.6416015625 0.43066406226415094 0.642578125 0.4291992188679245 0.6357421875 0.41894531226415094 0.6318359375 0.4160156245283019 0.6279296875 0.4160156245283019
14 0.5048828125 0.29003906226415094 0.4990234375 0.29003906226415094 0.49609375 0.2944335933962264 0.5029296875 0.30761718773584906 0.5205078125 0.31640625 0.5302734375 0.31640625 0.53125 0.3149414066037736 0.53125 0.3120117188679245 0.5224609375 0.2988281245283019 0.5048828125 0.29003906226415094
14 0.5859375 0.3442382811320755 0.5859375 0.3383789066037736 0.5810546875 0.3339843754716981 0.5712890625 0.3339843754716981 0.5615234375 0.33691406226415094 0.5556640625 0.34277343773584906 0.5546875 0.3442382811320755 0.5546875 0.3500976566037736 0.556640625 0.3559570311320755 0.5595703125 0.36035156226415094 0.5615234375 0.36035156226415094 0.5693359375 0.3574218754716981 0.5830078125 0.34863281226415094 0.5859375 0.3442382811320755
3 0.4658203125 0.34863281226415094 0.4560546875 0.3457031245283019 0.4521484375 0.3457031245283019 0.451171875 0.3471679688679245 0.451171875 0.3530273433962264 0.455078125 0.3706054688679245 0.4560546875 0.37207031226415094 0.4599609375 0.37207031226415094 0.470703125 0.3588867188679245 0.470703125 0.3559570311320755 0.4658203125 0.34863281226415094
9 0.5380859375 0.19042968773584906 0.53515625 0.19482421886792453 0.5380859375 0.19921875 0.5556640625 0.19921875 0.55859375 0.19482421886792453 0.55859375 0.19189453113207547 0.5537109375 0.1875 0.5458984375 0.1875 0.5380859375 0.19042968773584906
9 0.5166015625 0.26953125 0.5107421875 0.26953125 0.509765625 0.2709960933962264 0.509765625 0.2797851566037736 0.5185546875 0.29296875 0.5263671875 0.29296875 0.52734375 0.2915039066037736 0.52734375 0.2856445311320755 0.5244140625 0.27832031226415094 0.5166015625 0.26953125
9 0.486328125 0.2768554688679245 0.4892578125 0.28125 0.4921875 0.2768554688679245 0.4921875 0.2651367188679245 0.4892578125 0.26074218773584906 0.486328125 0.2651367188679245 0.486328125 0.2768554688679245
9 0.4375 0.3178710933962264 0.4345703125 0.31347656226415094 0.4267578125 0.31347656226415094 0.42578125 0.3149414066037736 0.42578125 0.3178710933962264 0.4296875 0.3295898433962264 0.4345703125 0.33691406226415094 0.4365234375 0.33691406226415094 0.439453125 0.3325195311320755 0.439453125 0.3237304688679245 0.4375 0.3178710933962264
9 0.6845703125 0.38671875 0.6796875 0.3940429688679245 0.6796875 0.3999023433962264 0.6806640625 0.40136718773584906 0.6845703125 0.3984375 0.6875 0.3911132811320755 0.6875 0.3881835933962264 0.6865234375 0.38671875 0.6845703125 0.38671875
9 0.4775390625 0.47753906226415094 0.4677734375 0.47753906226415094 0.466796875 0.4790039066037736 0.466796875 0.4819335933962264 0.4677734375 0.483398437735849 0.4833984375 0.495117187735849 0.486328125 0.4907226566037736 0.486328125 0.48779296886792456 0.4814453125 0.48046875 0.4775390625 0.47753906226415094
9 0.439453125 0.4790039066037736 0.439453125 0.49658203113207544 0.4443359375 0.50390625 0.447265625 0.49658203113207544 0.447265625 0.48486328113207544 0.4453125 0.4790039066037736 0.4423828125 0.4746093745283019 0.439453125 0.4790039066037736
9 0.4794921875 0.518554687735849 0.474609375 0.5258789066037736 0.470703125 0.5346679688679246 0.46875 0.5405273433962264 0.46875 0.5463867188679246 0.4697265625 0.547851562264151 0.4736328125 0.547851562264151 0.4833984375 0.5390625 0.486328125 0.5346679688679246 0.486328125 0.5317382811320754 0.4794921875 0.518554687735849
9 0.4169921875 0.512695312264151 0.4130859375 0.5097656245283019 0.4072265625 0.5097656245283019 0.404296875 0.5141601566037736 0.404296875 0.5200195311320754 0.4072265625 0.524414062264151 0.4130859375 0.524414062264151 0.4189453125 0.5214843754716981 0.419921875 0.5200195311320754 0.419921875 0.5170898433962264 0.4169921875 0.512695312264151
9 0.4052734375 0.8378906245283019 0.404296875 0.8393554688679246 0.4091796875 0.84375 0.4150390625 0.84375 0.4267578125 0.840820312264151 0.4296875 0.8364257811320754 0.4287109375 0.834960937735849 0.4130859375 0.834960937735849 0.4052734375 0.8378906245283019
9 0.6484375 0.7631835933962264 0.6484375 0.7661132811320754 0.6513671875 0.770507812264151 0.658203125 0.7602539066037736 0.658203125 0.7573242188679246 0.6572265625 0.7558593754716981 0.6533203125 0.7558593754716981 0.6484375 0.7631835933962264
9 0.6767578125 0.7265625 0.67578125 0.7280273433962264 0.669921875 0.7661132811320754 0.6728515625 0.770507812264151 0.6767578125 0.7734375 0.6826171875 0.7734375 0.685546875 0.7690429688679246 0.685546875 0.7485351566037736 0.681640625 0.7338867188679246 0.6767578125 0.7265625
9 0.5634765625 0.59765625 0.5615234375 0.59765625 0.560546875 0.5991210933962264 0.560546875 0.6108398433962264 0.5625 0.6254882811320754 0.5654296875 0.629882812264151 0.568359375 0.6225585933962264 0.568359375 0.6079101566037736 0.56640625 0.6020507811320754 0.5634765625 0.59765625