14 0.4140625 0.2329101566037736 0.4130859375 0.23144531226415094 0.4072265625 0.23144531226415094 0.3857421875 0.24609375 0.3779296875 0.25488281226415094 0.375 0.2592773433962264 0.375 0.2622070311320755 0.3779296875 0.26660156226415094 0.3818359375 0.26953125 0.3837890625 0.26953125 0.4052734375 0.25488281226415094 0.412109375 0.2446289066037736 0.4140625 0.2329101566037736
20 0.3671875 0.4145507811320755 0.3671875 0.4057617188679245 0.365234375 0.3969726566037736 0.35546875 0.3676757811320755 0.3525390625 0.36328125 0.3505859375 0.36328125 0.349609375 0.3647460933962264 0.326171875 0.4409179688679245 0.326171875 0.4614257811320755 0.3271484375 0.4628906245283019 0.3349609375 0.46582031226415094 0.3427734375 0.4628906245283019 0.359375 0.4379882811320755 0.36328125 0.4291992188679245 0.3671875 0.4145507811320755
14 0.26953125 0.4643554688679245 0.263671875 0.4790039066037736 0.26171875 0.48486328113207544 0.265625 0.5200195311320754 0.2666015625 0.5214843754716981 0.2744140625 0.524414062264151 0.279296875 0.5200195311320754 0.279296875 0.4584960933962264 0.2763671875 0.45410156226415094 0.26953125 0.4643554688679245
18 0.3515625 0.5903320311320754 0.353515625 0.5756835933962264 0.353515625 0.5698242188679246 0.3515625 0.5610351566037736 0.34765625 0.5522460933962264 0.3427734375 0.5449218754716981 0.3388671875 0.541992187735849 0.3291015625 0.541992187735849 0.3212890625 0.547851562264151 0.318359375 0.5522460933962264 0.318359375 0.5551757811320754 0.322265625 0.6166992188679246 0.3232421875 0.618164062264151 0.3408203125 0.609375 0.3447265625 0.606445312264151 0.34765625 0.6020507811320754 0.3515625 0.5903320311320754
18 0.3369140625 0.735351562264151 0.3466796875 0.723632812264151 0.3515625 0.7163085933962264 0.3515625 0.6899414066037736 0.3408203125 0.6738281245283019 0.3154296875 0.6621093754716981 0.3046875 0.6782226566037736 0.298828125 0.6899414066037736 0.296875 0.7045898433962264 0.296875 0.7075195311320754 0.298828125 0.7133789066037736 0.302734375 0.7221679688679246 0.3095703125 0.7324218754716981 0.3193359375 0.73828125 0.3251953125 0.73828125 0.3369140625 0.735351562264151
14 0.41015625 0.5581054688679246 0.4072265625 0.553710937735849 0.3916015625 0.547851562264151 0.3837890625 0.547851562264151 0.3779296875 0.55078125 0.373046875 0.5581054688679246 0.3779296875 0.5625 0.3837890625 0.565429687735849 0.3955078125 0.5683593754716981 0.4111328125 0.5683593754716981 0.412109375 0.5668945311320754 0.412109375 0.5639648433962264 0.41015625 0.5581054688679246
14 0.474609375 0.7221679688679246 0.4765625 0.7163085933962264 0.4765625 0.7016601566037736 0.4677734375 0.694335937735849 0.4658203125 0.694335937735849 0.4443359375 0.71484375 0.44140625 0.7192382811320754 0.44140625 0.7250976566037736 0.443359375 0.7309570311320754 0.4482421875 0.73828125 0.4541015625 0.741210937735849 0.4580078125 0.741210937735849 0.4638671875 0.73828125 0.474609375 0.7221679688679246
7 0.5 0.6401367188679246 0.501953125 0.6254882811320754 0.501953125 0.6108398433962264 0.498046875 0.5991210933962264 0.4892578125 0.5800781245283019 0.4560546875 0.571289062264151 0.4521484375 0.571289062264151 0.4443359375 0.577148437735849 0.443359375 0.5786132811320754 0.443359375 0.5815429688679246 0.474609375 0.6401367188679246 0.4794921875 0.647460937735849 0.4833984375 0.6503906245283019 0.4931640625 0.6503906245283019 0.498046875 0.6459960933962264 0.5 0.6401367188679246
14 0.4921875 0.4907226566037736 0.4921875 0.48486328113207544 0.4892578125 0.48046875 0.4658203125 0.4628906245283019 0.4638671875 0.4628906245283019 0.462890625 0.4643554688679245 0.4609375 0.4702148433962264 0.4609375 0.48779296886792456 0.46484375 0.49658203113207544 0.4677734375 0.500976562264151 0.4833984375 0.500976562264151 0.4892578125 0.4980468754716982 0.490234375 0.49658203113207544 0.4921875 0.4907226566037736
14 0.564453125 0.4936523433962264 0.5634765625 0.4921875 0.5478515625 0.4921875 0.5205078125 0.4980468754716982 0.51953125 0.49951171886792456 0.51953125 0.5141601566037736 0.5224609375 0.518554687735849 0.5244140625 0.518554687735849 0.5458984375 0.515625 0.5615234375 0.50390625 0.564453125 0.49951171886792456 0.564453125 0.4936523433962264
14 0.564453125 0.5874023433962264 0.5703125 0.5727539066037736 0.5703125 0.5668945311320754 0.5673828125 0.559570312264151 0.5615234375 0.559570312264151 0.548828125 0.5786132811320754 0.537109375 0.5991210933962264 0.537109375 0.6020507811320754 0.5400390625 0.606445312264151 0.5439453125 0.609375 0.5458984375 0.609375 0.5517578125 0.6035156245283019 0.5595703125 0.594726562264151 0.564453125 0.5874023433962264
14 0.5244140625 0.682617187735849 0.5185546875 0.682617187735849 0.513671875 0.6899414066037736 0.51171875 0.6958007811320754 0.5078125 0.7104492188679246 0.5078125 0.7163085933962264 0.5126953125 0.729492187735849 0.5166015625 0.7324218754716981 0.5205078125 0.7324218754716981 0.525390625 0.7250976566037736 0.525390625 0.6840820311320754 0.5244140625 0.682617187735849
14 0.611328125 0.7309570311320754 0.61328125 0.7192382811320754 0.61328125 0.7163085933962264 0.6123046875 0.71484375 0.5966796875 0.7089843754716981 0.5771484375 0.7089843754716981 0.576171875 0.7104492188679246 0.576171875 0.7192382811320754 0.5791015625 0.723632812264151 0.5888671875 0.7324218754716981 0.5986328125 0.735351562264151 0.6025390625 0.735351562264151 0.6103515625 0.7324218754716981 0.611328125 0.7309570311320754
14 0.73828125 0.7514648433962264 0.7353515625 0.747070312264151 0.7314453125 0.7441406245283019 0.7255859375 0.747070312264151 0.7177734375 0.752929687735849 0.71484375 0.7573242188679246 0.71484375 0.7661132811320754 0.7216796875 0.776367187735849 0.7294921875 0.782226562264151 0.7373046875 0.782226562264151 0.744140625 0.7719726566037736 0.744140625 0.7661132811320754 0.73828125 0.7514648433962264
10 0.7109375 0.6958007811320754 0.7109375 0.6752929688679246 0.708984375 0.6694335933962264 0.7060546875 0.665039062264151 0.7021484375 0.6621093754716981 0.697265625 0.6665039066037736 0.669921875 0.7221679688679246 0.669921875 0.7250976566037736 0.6728515625 0.729492187735849 0.6826171875 0.729492187735849 0.6904296875 0.723632812264151 0.7001953125 0.71484375 0.708984375 0.7016601566037736 0.7109375 0.6958007811320754
18 0.646484375 0.6489257811320754 0.646484375 0.6313476566037736 0.64453125 0.6225585933962264 0.638671875 0.6108398433962264 0.6279296875 0.594726562264151 0.6240234375 0.5917968754716981 0.6162109375 0.5917968754716981 0.61328125 0.5961914066037736 0.61328125 0.6137695311320754 0.626953125 0.6547851566037736 0.630859375 0.6635742188679246 0.6318359375 0.665039062264151 0.6396484375 0.665039062264151 0.642578125 0.6606445311320754 0.646484375 0.6489257811320754
1 0.619140625 0.5258789066037736 0.619140625 0.5083007811320754 0.6171875 0.5024414066037736 0.6103515625 0.4921875 0.6025390625 0.4863281245283018 0.5986328125 0.4863281245283018 0.595703125 0.4907226566037736 0.595703125 0.5024414066037736 0.599609375 0.5375976566037736 0.6025390625 0.541992187735849 0.6083984375 0.541992187735849 0.6123046875 0.5390625 0.615234375 0.5346679688679246 0.619140625 0.5258789066037736
1 0.77734375 0.6459960933962264 0.78125 0.6313476566037736 0.78125 0.6284179688679246 0.7783203125 0.62109375 0.7529296875 0.609375 0.7392578125 0.609375 0.732421875 0.6196289066037736 0.73046875 0.6284179688679246 0.732421875 0.6430664066037736 0.73828125 0.6577148433962264 0.7431640625 0.665039062264151 0.7509765625 0.66796875 0.7607421875 0.665039062264151 0.7685546875 0.659179687735849 0.77734375 0.6459960933962264
20 0.798828125 0.6020507811320754 0.798828125 0.5961914066037736 0.787109375 0.5405273433962264 0.7822265625 0.5332031245283019 0.7783203125 0.530273437735849 0.7685546875 0.530273437735849 0.76171875 0.5405273433962264 0.76171875 0.5551757811320754 0.763671875 0.5639648433962264 0.7734375 0.5815429688679246 0.7802734375 0.5917968754716981 0.7861328125 0.59765625 0.7978515625 0.6035156245283019 0.798828125 0.6020507811320754
14 0.7265625 0.5053710933962264 0.7216796875 0.4980468754716982 0.7041015625 0.483398437735849 0.6982421875 0.48046875 0.6943359375 0.48046875 0.693359375 0.4819335933962264 0.69140625 0.4907226566037736 0.69140625 0.49658203113207544 0.697265625 0.5112304688679246 0.7001953125 0.515625 0.7158203125 0.5214843754716981 0.7216796875 0.5214843754716981 0.728515625 0.5112304688679246 0.7265625 0.5053710933962264
1 0.7734375 0.4614257811320755 0.775390625 0.4555664066037736 0.775390625 0.4438476566037736 0.7734375 0.4379882811320755 0.7666015625 0.4277343745283019 0.7568359375 0.421875 0.7548828125 0.421875 0.7451171875 0.4277343745283019 0.7353515625 0.43652343773584906 0.728515625 0.4467773433962264 0.728515625 0.4584960933962264 0.7314453125 0.4628906245283019 0.7353515625 0.46582031226415094 0.7529296875 0.47167968773584906 0.7568359375 0.47167968773584906 0.7705078125 0.46582031226415094 0.7734375 0.4614257811320755
21 0.7041015625 0.33691406226415094 0.7158203125 0.33691406226415094 0.7666015625 0.33105468773584906 0.767578125 0.3295898433962264 0.771484375 0.2797851566037736 0.765625 0.2241210933962264 0.7646484375 0.22265625 0.7080078125 0.22558593773584906 0.6630859375 0.2490234377358491 0.6220703125 0.27832031226415094 0.62109375 0.2797851566037736 0.62109375 0.2973632811320755 0.623046875 0.3032226566037736 0.6259765625 0.30761718773584906 0.6318359375 0.31347656226415094 0.6435546875 0.3222656245283019 0.6513671875 0.32519531226415094 0.7041015625 0.33691406226415094