14 0.3544921875 0.23144531226415094 0.3515625 0.2358398433962264 0.3515625 0.2563476566037736 0.3544921875 0.26074218773584906 0.3583984375 0.26074218773584906 0.384765625 0.2416992188679245 0.380859375 0.2329101566037736 0.3740234375 0.22558593773584906 0.3544921875 0.23144531226415094
12 0.48046875 0.20654296886792453 0.48046875 0.2006835933962264 0.4609375 0.15966796886792453 0.4580078125 0.15527343773584906 0.4541015625 0.15234375 0.4521484375 0.15234375 0.447265625 0.15673828113207547 0.4453125 0.1625976566037736 0.4453125 0.1772460933962264 0.44921875 0.1860351566037736 0.4619140625 0.20507812452830187 0.4677734375 0.2109375 0.4716796875 0.21386718773584906 0.4775390625 0.21386718773584906 0.48046875 0.20654296886792453
12 0.4111328125 0.3105468754716981 0.3994140625 0.30761718773584906 0.3945672025 0.30651722358490563 0.38613062249999996 0.30229944433962264 0.38104704562499997 0.30213721698113205 0.380859375 0.3471679688679245 0.380859375 0.3500976566037736 0.3857421875 0.35449218773584906 0.3974609375 0.34863281226415094 0.40234375 0.3442382811320755 0.412109375 0.3120117188679245 0.4111328125 0.3105468754716981
12 0.4736328125 0.2636718754716981 0.4677734375 0.26074218773584906 0.4560546875 0.2636718754716981 0.4462890625 0.27246093773584906 0.43707458625 0.2828327462264151 0.44194184375 0.2915927603773585 0.44540301125 0.29224165566037735 0.45178452375 0.2924038679245283 0.4736328125 0.28125 0.4765625 0.2768554688679245 0.4765625 0.2680664066037736 0.4736328125 0.2636718754716981
12 0.32421875 0.4262695311320755 0.3173828125 0.41894531226415094 0.3115234375 0.41894531226415094 0.3017578125 0.4277343745283019 0.296875 0.4350585933962264 0.296875 0.4467773433962264 0.3076171875 0.45703125 0.3095703125 0.45703125 0.3212890625 0.44238281226415094 0.32421875 0.4379882811320755 0.326171875 0.4321289066037736 0.32421875 0.4262695311320755
12 0.3525390625 0.4980468754716982 0.345703125 0.5083007811320754 0.34375 0.5141601566037736 0.34375 0.5229492188679246 0.3466796875 0.52734375 0.3486328125 0.52734375 0.376953125 0.49951171886792456 0.3681640625 0.4863281245283018 0.3642578125 0.4863281245283018 0.3525390625 0.4980468754716982
12 0.61328125 0.4028320311320755 0.607421875 0.3676757811320755 0.6044921875 0.36328125 0.5966796875 0.36328125 0.59375 0.3676757811320755 0.59375 0.3823242188679245 0.599609375 0.3999023433962264 0.6044921875 0.40722656226415094 0.6083984375 0.41015625 0.6123046875 0.41015625 0.61328125 0.4086914066037736 0.61328125 0.4028320311320755
12 0.484375 0.5053710933962264 0.4833984375 0.50390625 0.4541015625 0.506835937735849 0.451171875 0.5112304688679246 0.455078125 0.5200195311320754 0.4580078125 0.524414062264151 0.4755859375 0.52734375 0.4814453125 0.52734375 0.482421875 0.5258789066037736 0.484375 0.5083007811320754 0.484375 0.5053710933962264
12 0.4072265625 0.6152343754716981 0.3896484375 0.59765625 0.3857421875 0.594726562264151 0.3798828125 0.594726562264151 0.376953125 0.5991210933962264 0.3857421875 0.612304687735849 0.4033203125 0.635742187735849 0.4072265625 0.635742187735849 0.408203125 0.6342773433962264 0.41015625 0.6254882811320754 0.41015625 0.6196289066037736 0.4072265625 0.6152343754716981
12 0.5478515625 0.4746093745283019 0.5419921875 0.4746093745283019 0.5380859375 0.47753906226415094 0.53125 0.48779296886792456 0.53125 0.4907226566037736 0.5390625 0.5141601566037736 0.5419921875 0.518554687735849 0.5478515625 0.5214843754716981 0.55078125 0.5141601566037736 0.552734375 0.4819335933962264 0.5478515625 0.4746093745283019
12 0.259765625 0.6635742188679246 0.2529296875 0.653320312264151 0.2412109375 0.653320312264151 0.23828125 0.6577148433962264 0.23828125 0.6665039066037736 0.251953125 0.6958007811320754 0.2548828125 0.700195312264151 0.26171875 0.6899414066037736 0.263671875 0.6840820311320754 0.263671875 0.6811523433962264 0.259765625 0.6635742188679246
12 0.65234375 0.6020507811320754 0.6494140625 0.59765625 0.6474609375 0.59765625 0.6318359375 0.612304687735849 0.62890625 0.6166992188679246 0.62890625 0.6225585933962264 0.6318359375 0.6269531245283019 0.6396484375 0.6269531245283019 0.6533203125 0.612304687735849 0.654296875 0.6108398433962264 0.654296875 0.6079101566037736 0.65234375 0.6020507811320754
12 0.5546875 0.6577148433962264 0.556640625 0.6079101566037736 0.5546875 0.6020507811320754 0.5458984375 0.588867187735849 0.5302734375 0.588867187735849 0.5244140625 0.5917968754716981 0.51171875 0.6049804688679246 0.509765625 0.6108398433962264 0.509765625 0.6342773433962264 0.513671875 0.6459960933962264 0.5166015625 0.6503906245283019 0.5224609375 0.65625 0.5322265625 0.6621093754716981 0.5517578125 0.6621093754716981 0.5546875 0.6577148433962264
18 0.470703125 0.6166992188679246 0.46875 0.6079101566037736 0.4638671875 0.600585937735849 0.4560546875 0.594726562264151 0.4501953125 0.594726562264151 0.447265625 0.6020507811320754 0.439453125 0.6489257811320754 0.4423828125 0.653320312264151 0.4501953125 0.659179687735849 0.4560546875 0.659179687735849 0.4599609375 0.65625 0.46875 0.6430664066037736 0.470703125 0.6372070311320754 0.470703125 0.6166992188679246
18 0.646484375 0.5961914066037736 0.64453125 0.5874023433962264 0.6416015625 0.583007812264151 0.6376953125 0.5800781245283019 0.6318359375 0.577148437735849 0.6123046875 0.571289062264151 0.6064453125 0.571289062264151 0.6025390625 0.57421875 0.59765625 0.5815429688679246 0.59765625 0.5932617188679246 0.6064453125 0.606445312264151 0.6259765625 0.618164062264151 0.6279296875 0.618164062264151 0.6416015625 0.609375 0.646484375 0.6020507811320754 0.646484375 0.5961914066037736
18 0.58984375 0.3032226566037736 0.58984375 0.2915039066037736 0.587890625 0.2856445311320755 0.5810546875 0.27832031226415094 0.5693359375 0.27832031226415094 0.5654296875 0.28125 0.5625 0.2856445311320755 0.560546875 0.2915039066037736 0.560546875 0.3237304688679245 0.5625 0.3295898433962264 0.5673828125 0.33691406226415094 0.5771484375 0.33691406226415094 0.58203125 0.3295898433962264 0.587890625 0.3120117188679245 0.58984375 0.3032226566037736
3 0.4482421875 0.41308593773584906 0.4306640625 0.41894531226415094 0.4296875 0.4204101566037736 0.4306640625 0.421875 0.4404296875 0.421875 0.4677734375 0.41894531226415094 0.46875 0.4174804688679245 0.4753840525 0.4100197735849057 0.4580078125 0.41308593773584906 0.4482421875 0.41308593773584906
3 0.513671875 0.3618164066037736 0.5126953125 0.36035156226415094 0.4755859375 0.33691406226415094 0.4736328125 0.33691406226415094 0.47265625 0.3383789066037736 0.474609375 0.4145507811320755 0.48046875 0.4379882811320755 0.4853515625 0.44238281226415094 0.4912109375 0.44238281226415094 0.5 0.4262695311320755 0.513671875 0.3706054688679245 0.513671875 0.3618164066037736
20 0.646484375 0.4555664066037736 0.646484375 0.4438476566037736 0.6435546875 0.4394531245283019 0.6142578125 0.42480468773584906 0.5849609375 0.43359375 0.5732421875 0.44238281226415094 0.572265625 0.4438476566037736 0.5869140625 0.46875 0.6025390625 0.483398437735849 0.6220703125 0.483398437735849 0.6318359375 0.47753906226415094 0.6376953125 0.47167968773584906 0.64453125 0.4614257811320755 0.646484375 0.4555664066037736
20 0.4189453125 0.421875 0.41796875 0.4233398433962264 0.38366864125 0.5177048594339623 0.37506264625 0.5413070452830189 0.4248046875 0.52734375 0.4345703125 0.5214843754716981 0.4375 0.5170898433962264 0.455959066875 0.47455705566037737 0.419921875 0.4233398433962264 0.4189453125 0.421875
18 0.3583984375 0.723632812264151 0.36328125 0.7163085933962264 0.365234375 0.7104492188679246 0.365234375 0.6928710933962264 0.36328125 0.6870117188679246 0.3544921875 0.6738281245283019 0.3349609375 0.65625 0.3291015625 0.653320312264151 0.3232421875 0.653320312264151 0.3193359375 0.65625 0.30859375 0.6723632811320754 0.306640625 0.6840820311320754 0.306640625 0.6899414066037736 0.30859375 0.6958007811320754 0.3154296875 0.706054687735849 0.3349609375 0.723632812264151 0.3447265625 0.729492187735849 0.3486328125 0.729492187735849 0.3583984375 0.723632812264151