1 0.376762820625 0.26370192264150943 0.38413461562499995 0.2516826924528302 0.38589743562499995 0.240625 0.385737179375 0.22836538490566038 0.380769230625 0.22067307735849057 0.37884615375 0.2194711537735849 0.37003205125 0.21682692264150943 0.364262820625 0.21826923113207547 0.333173076875 0.24182692264150946 0.32740384624999996 0.25096153867924526 0.327884615625 0.2560096150943396 0.329487179375 0.2600961537735849 0.33621794875 0.26754807735849057 0.342948718125 0.271875 0.35464743562499995 0.275 0.36746794875 0.2723557688679245 0.373076923125 0.2680288462264151 0.376762820625 0.26370192264150943
14 0.41987179500000005 0.2110576924528302 0.416987179375 0.21730769245283021 0.416666666875 0.2204326924528302 0.424198718125 0.22860576886792452 0.45096153875 0.2439903849056604 0.452884615625 0.240625 0.451923076875 0.23245192264150943 0.443108974375 0.22067307735849057 0.42371794875 0.2108173075471698 0.41987179500000005 0.2110576924528302
18 0.546794871875 0.271875 0.5464743587499999 0.26346153867924527 0.540865384375 0.25048076886792453 0.5293269231250001 0.24086538490566037 0.52147435875 0.2420673075471698 0.51490384625 0.2471153849056604 0.50753205125 0.25985576886792455 0.504487179375 0.27548076886792455 0.50625 0.2829326924528302 0.5100961537500001 0.2920673075471698 0.525 0.31057692264150943 0.532371795 0.3084134613207547 0.543269230625 0.28701923113207545 0.544871795 0.2829326924528302 0.546794871875 0.271875
18 0.63733974375 0.3064903849056604 0.64503205125 0.27908653867924527 0.649679486875 0.2326923075471698 0.648878205 0.21658653867924527 0.64775641 0.20913461509433962 0.640544871875 0.18533653867924527 0.6269230768749999 0.175 0.6211538462499999 0.18461538490566037 0.61266025625 0.20456730754716979 0.608333333125 0.22067307735849057 0.605769230625 0.2586538462264151 0.60528846125 0.2759615386792453 0.605929486875 0.2992788462264151 0.6097756412500001 0.31177884622641505 0.615705128125 0.31875 0.62227564125 0.3209134613207547 0.6269230768749999 0.3197115386792453 0.6333333331250001 0.31466346132075473 0.63733974375 0.3064903849056604
18 0.731570513125 0.27836538490566043 0.731730769375 0.2668269226415095 0.729647435625 0.2591346150943396 0.72596153875 0.25432692264150947 0.719871795 0.2502403849056604 0.71153846125 0.24783653867924527 0.7011217949999999 0.24879807735849055 0.694230769375 0.25432692264150947 0.6887820512499999 0.2632211537735849 0.6887820512499999 0.26778846132075473 0.691666666875 0.2752403849056604 0.69647435875 0.28173076886792453 0.701762820625 0.2860576924528302 0.7150641025 0.2896634613207547 0.724679486875 0.2884615386792453 0.728365384375 0.2858173075471698 0.731570513125 0.27836538490566043
20 0.69391025625 0.4471153849056604 0.693269230625 0.44254807735849055 0.689102564375 0.4314903849056604 0.671955128125 0.40360576886792454 0.665865384375 0.4009615386792453 0.654166666875 0.41201923113207545 0.650320513125 0.41971153867924527 0.6475961537499999 0.4350961537735849 0.646634615625 0.4461538462264151 0.6471153843749999 0.45504807735849057 0.65 0.46370192264150945 0.654166666875 0.46802884622641505 0.6580128206249999 0.46947115377358495 0.6698717949999999 0.46971153867924526 0.693269230625 0.46129807735849054 0.69391025625 0.4471153849056604
14 0.560416666875 0.3396634613207547 0.558333333125 0.34278846132075474 0.5568910256249999 0.35 0.556730769375 0.3579326924528302 0.560737179375 0.3838942311320755 0.5644230768749999 0.39639423113207545 0.57596153875 0.3951923075471698 0.584134615625 0.36514423113207545 0.568429486875 0.3375 0.564262820625 0.33557692264150946 0.560416666875 0.3396634613207547
14 0.5644230768749999 0.4235576924528302 0.56474359 0.41971153867924527 0.5625 0.4115384613207547 0.5605769231250001 0.409375 0.544871795 0.40697115377358495 0.527884615625 0.4266826924528302 0.52772435875 0.42764423113207545 0.5296474356249999 0.4295673075471698 0.533012820625 0.43173076886792455 0.544551281875 0.4350961537735849 0.55272435875 0.43461538490566043 0.557371795 0.4322115386792453 0.562019230625 0.428125 0.5644230768749999 0.4235576924528302
9 0.495833333125 0.36225961509433957 0.494070513125 0.35 0.49038461562499996 0.34567307735849057 0.48621794875 0.34326923113207547 0.474519230625 0.3454326924528302 0.47019230749999996 0.3610576924528302 0.46971153875 0.3694711537735849 0.470673076875 0.3725961537735849 0.47772435874999997 0.3790865386792453 0.48189102562499997 0.38125 0.48637820499999995 0.3805288462264151 0.490544871875 0.37764423113207546 0.49391025624999996 0.371875 0.495833333125 0.36225961509433957
11 0.4025641025 0.3326923075471698 0.4025641025 0.3180288462264151 0.40016025624999996 0.30817307735849053 0.3923076925 0.3045673075471698 0.390865384375 0.30865384622641506 0.3875 0.3295673075471698 0.38814102562499997 0.34158653867924527 0.38990384624999996 0.353125 0.39342948687499996 0.3538461537735849 0.39615384625 0.3528846150943396 0.39743589749999997 0.35120192264150946 0.400641025625 0.34278846132075474 0.4025641025 0.3326923075471698
18 0.41506410250000003 0.3805288462264151 0.41378205125 0.37596153867924526 0.40897435875 0.37115384622641506 0.39262820499999995 0.365625 0.387980769375 0.3649038462264151 0.380929486875 0.3663461537735849 0.379166666875 0.3685096150943396 0.37772435875 0.37548076886792453 0.378205128125 0.378125 0.38509615375 0.3882211537735849 0.38862179500000005 0.390625 0.40016025624999996 0.3942307688679245 0.40865384624999995 0.39254807735849057 0.41233974375000004 0.38990384622641505 0.41506410250000003 0.3846153849056604 0.41506410250000003 0.3805288462264151
14 0.30272435875 0.346875 0.27147435875 0.34639423113207546 0.270512820625 0.34951923113207545 0.270352564375 0.35360576886792455 0.27227564125000003 0.36129807735849057 0.294230769375 0.3677884613207547 0.301602564375 0.3649038462264151 0.30400641 0.3610576924528302 0.304647435625 0.3579326924528302 0.30448717937499997 0.353125 0.30272435875 0.346875
18 0.250320513125 0.42451923113207546 0.25368589750000003 0.4158653849056604 0.25368589750000003 0.4 0.25096153875 0.38870192264150943 0.24407051312499997 0.3795673075471698 0.2400641025 0.37692307735849057 0.23221153875 0.37403846132075474 0.223878205 0.37548076886792453 0.218108974375 0.3798076924528302 0.207371795 0.4021634613207547 0.20721153874999998 0.4079326924528302 0.208333333125 0.4122596150943396 0.21666666687500002 0.4278846150943396 0.22115384625 0.43533653867924527 0.228044871875 0.44014423113207546 0.23253205125 0.440625 0.24375 0.43533653867924527 0.250320513125 0.42451923113207546
14 0.36410256437500005 0.43533653867924527 0.362019230625 0.434375 0.35897435875 0.43485576886792454 0.349679486875 0.440625 0.348237179375 0.4427884613207547 0.34727564125 0.4471153849056604 0.346794871875 0.4591346150943396 0.347916666875 0.4615384613207547 0.35384615375 0.46875 0.369070513125 0.4754807688679245 0.37147435875 0.4704326924528302 0.37115384625 0.46658653867924527 0.367628205 0.4471153849056604 0.36410256437500005 0.43533653867924527
3 0.57099359 0.6463942311320754 0.58733974375 0.5995192311320754 0.5891025643750001 0.5793269226415094 0.58108974375 0.5564903849056604 0.5413461537500001 0.4973557688679246 0.5076923074999999 0.4646634613207547 0.505769230625 0.4641826924528302 0.500641025625 0.46658653867924527 0.49727564125 0.4699519226415095 0.4400641025 0.5838942311320754 0.440705128125 0.5920673075471699 0.4423076925 0.5954326924528301 0.494070513125 0.6673076924528302 0.51346153875 0.6692307688679245 0.52259615375 0.6685096150943396 0.568269230625 0.6502403849056604 0.57099359 0.6463942311320754
14 0.46666666687499997 0.4266826924528302 0.462820513125 0.4271634613207547 0.45112179500000005 0.4319711537735849 0.435897435625 0.4478365386792453 0.434615384375 0.45408653867924526 0.43509615375000005 0.4564903849056604 0.443269230625 0.4620192311320755 0.45865384625 0.4471153849056604 0.46602564125 0.4360576924528302 0.467147435625 0.4322115386792453 0.467147435625 0.42764423113207545 0.46666666687499997 0.4266826924528302
18 0.639262820625 0.5290865386792453 0.63878205125 0.5209134613207548 0.6298076925 0.5072115386792453 0.6269230768749999 0.5048076924528302 0.616826923125 0.5028846150943396 0.61121794875 0.503125 0.60272435875 0.5057692311320754 0.59983974375 0.5103365386792452 0.59871794875 0.5173076924528301 0.5993589743750001 0.5213942311320754 0.607371795 0.5324519226415094 0.61153846125 0.5350961537735849 0.62259615375 0.5401442311320754 0.627083333125 0.5396634613207547 0.63477564125 0.5362980773584906 0.639262820625 0.5290865386792453
3 0.6738782050000001 0.6283653849056604 0.6735576925 0.6298076924528302 0.673076923125 0.6399038462264152 0.6788461537499999 0.6658653849056604 0.7011217949999999 0.7418269226415094 0.70496794875 0.7403846150943396 0.74022435875 0.7139423075471698 0.7400641025 0.7086538462264151 0.724519230625 0.6545673075471699 0.6738782050000001 0.6283653849056604
14 0.3985576925 0.5564903849056604 0.39647435875 0.5536057688679246 0.394230769375 0.5526442311320754 0.391987179375 0.5524038462264151 0.390384615625 0.5538461537735849 0.37836538437500006 0.5783653849056604 0.37708333312500003 0.5831730773584906 0.376923076875 0.5997596150943396 0.37852564125 0.6057692311320754 0.380769230625 0.6086538462264152 0.38878205125 0.6004807688679246 0.39647435875 0.5889423075471698 0.400641025625 0.5682692311320754 0.400320513125 0.5622596150943396 0.3985576925 0.5564903849056604
14 0.32612179500000005 0.5324519226415094 0.30785256437499997 0.5362980773584906 0.30272435875 0.5396634613207547 0.2985576925 0.5463942311320754 0.29871794875 0.5526442311320754 0.300480769375 0.5536057688679246 0.333173076875 0.5584134613207548 0.339262820625 0.5557692311320754 0.3411858975 0.5533653849056605 0.341826923125 0.55 0.337980769375 0.5391826924528301 0.32612179500000005 0.5324519226415094
9 0.26522435875 0.5283653849056604 0.263301281875 0.5266826924528302 0.25977564125 0.5262019226415094 0.256570513125 0.5288461537735849 0.249198718125 0.5485576924528301 0.2463141025 0.5620192311320754 0.24727564125 0.5800480773584905 0.248397435625 0.5819711537735849 0.251762820625 0.5817307688679246 0.26025641 0.5737980773584905 0.27083333312499996 0.5612980773584906 0.27099359 0.5564903849056604 0.26858974375 0.5365384613207548 0.26522435875 0.5283653849056604
18 0.272115384375 0.7360576924528301 0.277083333125 0.7206730773584905 0.280448718125 0.7014423075471699 0.278044871875 0.6850961537735849 0.26778846125 0.6658653849056604 0.264102564375 0.6629807688679246 0.255929486875 0.6651442311320754 0.2400641025 0.6723557688679246 0.22708333312499998 0.6925480773584906 0.22532051312499998 0.6971153849056604 0.225480769375 0.7050480773584905 0.22740384625 0.7134615386792452 0.232371795 0.7283653849056604 0.24391025625 0.7408653849056605 0.25464743562500003 0.7442307688679246 0.263621795 0.7423076924528301 0.272115384375 0.7360576924528301
14 0.37387820499999996 0.6704326924528301 0.367628205 0.6579326924528301 0.36137820499999995 0.6579326924528301 0.36121794875 0.6620192311320754 0.36266025625 0.6692307688679245 0.37003205125 0.6971153849056604 0.37612179500000004 0.7012019226415095 0.381730769375 0.7009615386792453 0.382371795 0.6971153849056604 0.378044871875 0.6805288462264151 0.37387820499999996 0.6704326924528301
14 0.408173076875 0.7247596150943396 0.40416666687499997 0.7237980773584906 0.401602564375 0.7254807688679246 0.39919871812499996 0.7286057688679246 0.39711538437500005 0.7353365386792453 0.39711538437500005 0.7399038462264151 0.40016025624999996 0.7509615386792453 0.40400641 0.7591346150943395 0.41586538437500004 0.7711538462264151 0.41971153875 0.7706730773584906 0.420352564375 0.7634615386792453 0.41907051312500004 0.7557692311320754 0.408173076875 0.7247596150943396