18 0.3203125 0.22998046886792453 0.318359375 0.2241210933962264 0.3154296875 0.21972656226415094 0.3115234375 0.21679687452830187 0.3095703125 0.21679687452830187 0.3056640625 0.21972656226415094 0.30078125 0.22705078113207547 0.287109375 0.2563476566037736 0.283203125 0.2680664066037736 0.283203125 0.2739257811320755 0.2900390625 0.28417968773584906 0.2978515625 0.28417968773584906 0.3017578125 0.28125 0.310546875 0.2680664066037736 0.3203125 0.2504882811320755 0.3203125 0.22998046886792453
18 0.337890625 0.2856445311320755 0.337890625 0.2797851566037736 0.3359375 0.2709960933962264 0.3349609375 0.26953125 0.3291015625 0.26660156226415094 0.3212890625 0.26660156226415094 0.31640625 0.2739257811320755 0.3125 0.2827148433962264 0.310546875 0.2973632811320755 0.310546875 0.3295898433962264 0.3154296875 0.33691406226415094 0.3212890625 0.33691406226415094 0.326171875 0.3325195311320755 0.33203125 0.3178710933962264 0.3359375 0.3002929688679245 0.337890625 0.2856445311320755
18 0.37109375 0.5170898433962264 0.361328125 0.4907226566037736 0.3564453125 0.483398437735849 0.3525390625 0.48046875 0.3505859375 0.48046875 0.3447265625 0.483398437735849 0.33984375 0.4907226566037736 0.3359375 0.5083007811320754 0.3359375 0.5522460933962264 0.337890625 0.5610351566037736 0.3466796875 0.57421875 0.3564453125 0.57421875 0.361328125 0.5698242188679246 0.365234375 0.5581054688679246 0.37109375 0.5170898433962264
18 0.27734375 0.4145507811320755 0.275390625 0.4086914066037736 0.2666015625 0.39550781226415094 0.2548828125 0.39550781226415094 0.24609375 0.4086914066037736 0.244140625 0.4145507811320755 0.244140625 0.4291992188679245 0.248046875 0.4438476566037736 0.251953125 0.4526367188679245 0.2568359375 0.45996093773584906 0.2587890625 0.45996093773584906 0.27734375 0.4409179688679245 0.27734375 0.4145507811320755
18 0.44921875 0.5581054688679246 0.44921875 0.48486328113207544 0.4423828125 0.46875 0.4345703125 0.4628906245283019 0.4267578125 0.45996093773584906 0.42578125 0.4614257811320755 0.41796875 0.4819335933962264 0.41796875 0.5229492188679246 0.419921875 0.5522460933962264 0.421875 0.5610351566037736 0.4306640625 0.57421875 0.4384765625 0.57421875 0.4443359375 0.5683593754716981 0.44921875 0.5581054688679246
18 0.525390625 0.5024414066037736 0.533203125 0.4790039066037736 0.533203125 0.4643554688679245 0.5263671875 0.45410156226415094 0.5205078125 0.45410156226415094 0.515625 0.4584960933962264 0.501953125 0.4819335933962264 0.498046875 0.4907226566037736 0.49609375 0.5024414066037736 0.49609375 0.5112304688679246 0.498046875 0.5200195311320754 0.5009765625 0.524414062264151 0.5107421875 0.524414062264151 0.5146484375 0.5214843754716981 0.521484375 0.5112304688679246 0.525390625 0.5024414066037736
18 0.55078125 0.3178710933962264 0.55078125 0.3090820311320755 0.548828125 0.3032226566037736 0.5400390625 0.29589843773584906 0.5244140625 0.29296875 0.5029296875 0.29296875 0.49609375 0.3032226566037736 0.49609375 0.3090820311320755 0.5029296875 0.31933593773584906 0.5068359375 0.3222656245283019 0.5224609375 0.328125 0.5439453125 0.328125 0.5478515625 0.32519531226415094 0.55078125 0.3178710933962264
18 0.662109375 0.3237304688679245 0.6640625 0.3032226566037736 0.66015625 0.2885742188679245 0.6552734375 0.28125 0.6474609375 0.2753906245283019 0.6416015625 0.2753906245283019 0.638671875 0.2797851566037736 0.634765625 0.2944335933962264 0.6328125 0.3208007811320755 0.6328125 0.3413085933962264 0.634765625 0.3471679688679245 0.6416015625 0.3574218754716981 0.6474609375 0.3574218754716981 0.6533203125 0.3515625 0.658203125 0.3413085933962264 0.662109375 0.3237304688679245
18 0.662109375 0.6782226566037736 0.6611328125 0.676757812264151 0.6552734375 0.676757812264151 0.6455078125 0.682617187735849 0.6337890625 0.694335937735849 0.62890625 0.7016601566037736 0.625 0.7104492188679246 0.623046875 0.7192382811320754 0.623046875 0.7397460933962264 0.625 0.7485351566037736 0.6337890625 0.76171875 0.6357421875 0.76171875 0.64453125 0.7485351566037736 0.662109375 0.6899414066037736 0.662109375 0.6782226566037736
18 0.4677734375 0.65625 0.4619140625 0.6503906245283019 0.4560546875 0.647460937735849 0.4462890625 0.647460937735849 0.4384765625 0.653320312264151 0.435546875 0.6577148433962264 0.435546875 0.6635742188679246 0.4638671875 0.703125 0.4677734375 0.703125 0.47265625 0.6987304688679246 0.474609375 0.6928710933962264 0.474609375 0.6665039066037736 0.4677734375 0.65625
18 0.35546875 0.6694335933962264 0.3515625 0.6606445311320754 0.3369140625 0.64453125 0.3291015625 0.6386718754716981 0.326171875 0.6430664066037736 0.3203125 0.6547851566037736 0.3203125 0.6694335933962264 0.322265625 0.6752929688679246 0.3330078125 0.688476562264151 0.3369140625 0.69140625 0.3505859375 0.69140625 0.35546875 0.6840820311320754 0.35546875 0.6694335933962264
18 0.45703125 0.1860351566037736 0.455078125 0.18017578113207547 0.4521484375 0.17578125 0.4482421875 0.17285156226415094 0.4365234375 0.17285156226415094 0.43359375 0.1772460933962264 0.421875 0.20361328113207547 0.421875 0.2094726566037736 0.4287109375 0.21972656226415094 0.4423828125 0.21972656226415094 0.4501953125 0.21386718773584906 0.455078125 0.20654296886792453 0.45703125 0.2006835933962264 0.45703125 0.1860351566037736
7 0.62109375 0.2680664066037736 0.62109375 0.2534179688679245 0.6171875 0.2416992188679245 0.6123046875 0.234375 0.6083984375 0.23144531226415094 0.5986328125 0.23144531226415094 0.59375 0.2358398433962264 0.560546875 0.3149414066037736 0.560546875 0.3178710933962264 0.5712890625 0.33105468773584906 0.5849609375 0.33105468773584906 0.6005859375 0.31347656226415094 0.60546875 0.3061523433962264 0.61328125 0.2915039066037736 0.62109375 0.2680664066037736
3 0.5859375 0.6899414066037736 0.583984375 0.6635742188679246 0.5615234375 0.635742187735849 0.5302734375 0.647460937735849 0.529296875 0.6489257811320754 0.529296875 0.6752929688679246 0.5361328125 0.682617187735849 0.5400390625 0.6855468754716981 0.5595703125 0.694335937735849 0.5673828125 0.694335937735849 0.5849609375 0.69140625 0.5859375 0.6899414066037736
3 0.46875 0.3735351566037736 0.4677734375 0.37207031226415094 0.4228515625 0.36621093773584906 0.4091796875 0.36621093773584906 0.3994140625 0.37207031226415094 0.3984375 0.3735351566037736 0.396484375 0.3823242188679245 0.4287109375 0.43652343773584906 0.4404296875 0.4453125 0.4501953125 0.4453125 0.4599609375 0.43359375 0.46484375 0.4233398433962264 0.470703125 0.3999023433962264 0.46875 0.3735351566037736
9 0.70703125 0.3969726566037736 0.7060546875 0.39550781226415094 0.6943359375 0.39550781226415094 0.6865234375 0.40136718773584906 0.68359375 0.4057617188679245 0.681640625 0.4116210933962264 0.681640625 0.4291992188679245 0.68359375 0.4350585933962264 0.6884765625 0.44238281226415094 0.6923828125 0.44238281226415094 0.705078125 0.4145507811320755 0.70703125 0.4086914066037736 0.70703125 0.3969726566037736
6 0.63671875 0.48779296886792456 0.6318359375 0.48046875 0.6240234375 0.4746093745283019 0.5869140625 0.4746093745283019 0.5810546875 0.47753906226415094 0.576171875 0.4819335933962264 0.5703125 0.5288085933962264 0.6162109375 0.594726562264151 0.6259765625 0.600585937735849 0.6669921875 0.6152343754716981 0.6748046875 0.6152343754716981 0.677734375 0.6108398433962264 0.6796875 0.5932617188679246 0.63671875 0.48779296886792456
20 0.2998046875 0.5917968754716981 0.2841796875 0.583007812264151 0.271484375 0.6020507811320754 0.271484375 0.6108398433962264 0.2734375 0.6342773433962264 0.2783203125 0.6386718754716981 0.2841796875 0.6386718754716981 0.2890625 0.6313476566037736 0.30078125 0.5932617188679246 0.2998046875 0.5917968754716981
20 0.388671875 0.2241210933962264 0.3876953125 0.22265625 0.3642578125 0.21386718773584906 0.3583984375 0.21679687452830187 0.3515625 0.22705078113207547 0.34765625 0.23876953113207547 0.34765625 0.2416992188679245 0.4013671875 0.31347656226415094 0.4033203125 0.31347656226415094 0.404296875 0.3120117188679245 0.404296875 0.3090820311320755 0.40234375 0.2475585933962264 0.388671875 0.2241210933962264
3 0.5048828125 0.14355468773584906 0.4912109375 0.15234375 0.486328125 0.15966796886792453 0.48046875 0.1772460933962264 0.474609375 0.2416992188679245 0.4755859375 0.2431640622641509 0.5146484375 0.25488281226415094 0.5224609375 0.2490234377358491 0.552734375 0.2006835933962264 0.552734375 0.19482421886792453 0.5498046875 0.19042968773584906 0.5048828125 0.14355468773584906
1 0.2607421875 0.4921875 0.2509765625 0.483398437735849 0.2392578125 0.483398437735849 0.2353515625 0.4863281245283018 0.232421875 0.4907226566037736 0.232421875 0.49951171886792456 0.2548828125 0.530273437735849 0.2587890625 0.530273437735849 0.265625 0.5200195311320754 0.267578125 0.5112304688679246 0.265625 0.5024414066037736 0.2607421875 0.4921875
18 0.49609375 0.5375976566037736 0.4931640625 0.5332031245283019 0.4912109375 0.5332031245283019 0.490234375 0.5346679688679246 0.490234375 0.5405273433962264 0.494140625 0.5493164066037736 0.4951171875 0.55078125 0.4970703125 0.55078125 0.498046875 0.5493164066037736 0.498046875 0.5434570311320754 0.49609375 0.5375976566037736
18 0.37109375 0.4467773433962264 0.3681640625 0.44238281226415094 0.3662109375 0.44238281226415094 0.3505859375 0.45410156226415094 0.34765625 0.4584960933962264 0.34765625 0.4614257811320755 0.3486328125 0.4628906245283019 0.3525390625 0.4628906245283019 0.3623046875 0.45703125 0.3701171875 0.4511718745283019 0.37109375 0.4497070311320755 0.37109375 0.4467773433962264
24 0.2958984375 0.33984375 0.2919921875 0.34277343773584906 0.291015625 0.3442382811320755 0.291015625 0.3676757811320755 0.2939453125 0.37207031226415094 0.2958984375 0.37207031226415094 0.3056640625 0.36328125 0.318359375 0.3442382811320755 0.3154296875 0.33984375 0.2958984375 0.33984375
9 0.3740234375 0.506835937735849 0.3720703125 0.506835937735849 0.37109375 0.5083007811320754 0.36328125 0.5229492188679246 0.36328125 0.5288085933962264 0.3642578125 0.530273437735849 0.3662109375 0.530273437735849 0.3701171875 0.52734375 0.375 0.5141601566037736 0.375 0.5083007811320754 0.3740234375 0.506835937735849