18 0.705078125 0.5317382811320754 0.701171875 0.5200195311320754 0.697265625 0.5112304688679246 0.6884765625 0.4980468754716982 0.6845703125 0.495117187735849 0.6806640625 0.495117187735849 0.67578125 0.49951171886792456 0.673828125 0.5053710933962264 0.673828125 0.5170898433962264 0.677734375 0.5317382811320754 0.681640625 0.5405273433962264 0.6904296875 0.553710937735849 0.6982421875 0.553710937735849 0.705078125 0.5434570311320754 0.705078125 0.5317382811320754
18 0.619140625 0.6635742188679246 0.6103515625 0.6503906245283019 0.5947265625 0.635742187735849 0.5908203125 0.635742187735849 0.5849609375 0.641601562264151 0.583984375 0.6430664066037736 0.583984375 0.6577148433962264 0.5859375 0.6635742188679246 0.5966796875 0.676757812264151 0.6044921875 0.6855468754716981 0.6142578125 0.6855468754716981 0.619140625 0.6811523433962264 0.619140625 0.6635742188679246
18 0.486328125 0.5932617188679246 0.490234375 0.5844726566037736 0.486328125 0.5727539066037736 0.4814453125 0.565429687735849 0.4775390625 0.5625 0.4580078125 0.5566406245283019 0.4501953125 0.5566406245283019 0.4443359375 0.559570312264151 0.439453125 0.5668945311320754 0.439453125 0.5815429688679246 0.44140625 0.5874023433962264 0.4482421875 0.594726562264151 0.4619140625 0.6035156245283019 0.4755859375 0.6035156245283019 0.4833984375 0.59765625 0.486328125 0.5932617188679246
18 0.40234375 0.6547851566037736 0.408203125 0.6166992188679246 0.4052734375 0.612304687735849 0.3994140625 0.609375 0.3955078125 0.609375 0.3857421875 0.6152343754716981 0.376953125 0.6284179688679246 0.375 0.6372070311320754 0.375 0.6430664066037736 0.376953125 0.6489257811320754 0.3818359375 0.65625 0.3857421875 0.659179687735849 0.3916015625 0.659179687735849 0.4013671875 0.65625 0.40234375 0.6547851566037736
18 0.3515625 0.5961914066037736 0.35546875 0.5844726566037736 0.35546875 0.5639648433962264 0.3369140625 0.5390625 0.3193359375 0.55078125 0.314453125 0.5581054688679246 0.3125 0.5639648433962264 0.310546875 0.5756835933962264 0.310546875 0.5815429688679246 0.3125 0.5903320311320754 0.314453125 0.5961914066037736 0.3173828125 0.600585937735849 0.3251953125 0.606445312264151 0.3427734375 0.606445312264151 0.3515625 0.5961914066037736
18 0.3203125 0.4731445311320755 0.322265625 0.4643554688679245 0.322265625 0.4584960933962264 0.31640625 0.4379882811320755 0.3125 0.4291992188679245 0.3037109375 0.4160156245283019 0.2998046875 0.41308593773584906 0.2939453125 0.41308593773584906 0.2900390625 0.4160156245283019 0.287109375 0.4204101566037736 0.287109375 0.4438476566037736 0.296875 0.4731445311320755 0.3017578125 0.48046875 0.3095703125 0.489257812264151 0.3115234375 0.489257812264151 0.31640625 0.4819335933962264 0.3203125 0.4731445311320755
18 0.2529296875 0.495117187735849 0.2470703125 0.489257812264151 0.2373046875 0.489257812264151 0.232421875 0.4936523433962264 0.23046875 0.49951171886792456 0.23046875 0.5112304688679246 0.2314453125 0.512695312264151 0.2587890625 0.5332031245283019 0.26171875 0.5288085933962264 0.26171875 0.5112304688679246 0.2578125 0.5024414066037736 0.2529296875 0.495117187735849
18 0.435546875 0.2973632811320755 0.435546875 0.2651367188679245 0.43359375 0.2592773433962264 0.4248046875 0.24609375 0.4189453125 0.24023437452830187 0.4169921875 0.24023437452830187 0.416015625 0.2416992188679245 0.41015625 0.2563476566037736 0.41015625 0.2680664066037736 0.412109375 0.2827148433962264 0.416015625 0.2973632811320755 0.4228515625 0.30761718773584906 0.4287109375 0.30761718773584906 0.4326171875 0.3046875 0.435546875 0.2973632811320755
18 0.396484375 0.2211914066037736 0.3984375 0.2124023433962264 0.3984375 0.20654296886792453 0.39453125 0.19482421886792453 0.3759765625 0.16699218773584906 0.3701171875 0.16699218773584906 0.3583984375 0.17578125 0.35546875 0.18017578113207547 0.35546875 0.19189453113207547 0.361328125 0.20361328113207547 0.3701171875 0.21679687452830187 0.3759765625 0.22265625 0.3876953125 0.23144531226415094 0.3896484375 0.23144531226415094 0.396484375 0.2211914066037736
18 0.513671875 0.2885742188679245 0.4990234375 0.26660156226415094 0.4912109375 0.26074218773584906 0.4892578125 0.26074218773584906 0.482421875 0.2680664066037736 0.48046875 0.2739257811320755 0.48046875 0.2856445311320755 0.4970703125 0.3105468754716981 0.5009765625 0.31347656226415094 0.5107421875 0.31347656226415094 0.515625 0.3061523433962264 0.515625 0.2944335933962264 0.513671875 0.2885742188679245
20 0.28515625 0.6870117188679246 0.296875 0.7309570311320754 0.2978515625 0.7324218754716981 0.3212890625 0.7207031245283019 0.337890625 0.7075195311320754 0.3076171875 0.65625 0.2861328125 0.6855468754716981 0.28515625 0.6870117188679246
20 0.2919921875 0.2988281245283019 0.287109375 0.3061523433962264 0.3076171875 0.33691406226415094 0.3173828125 0.32519531226415094 0.322265625 0.3178710933962264 0.326171875 0.2915039066037736 0.3251953125 0.29003906226415094 0.3115234375 0.2871093754716981 0.2919921875 0.2988281245283019
20 0.330078125 0.2241210933962264 0.3232421875 0.21386718773584906 0.3173828125 0.2109375 0.3056640625 0.2109375 0.30078125 0.21826171886792453 0.30078125 0.2241210933962264 0.3056640625 0.23144531226415094 0.3173828125 0.23730468773584906 0.3212890625 0.23730468773584906 0.3251953125 0.234375 0.330078125 0.22705078113207547 0.330078125 0.2241210933962264
20 0.59765625 0.16845703113207547 0.595703125 0.14501953113207547 0.5927734375 0.140625 0.5830078125 0.140625 0.576171875 0.1508789066037736 0.57421875 0.15673828113207547 0.57421875 0.1655273433962264 0.576171875 0.1743164066037736 0.5810546875 0.18164062452830187 0.5908203125 0.18164062452830187 0.595703125 0.1772460933962264 0.59765625 0.17138671886792453 0.59765625 0.16845703113207547
20 0.689453125 0.3002929688679245 0.6884765625 0.2988281245283019 0.6591796875 0.26074218773584906 0.6552734375 0.26074218773584906 0.654296875 0.2622070311320755 0.658203125 0.2944335933962264 0.6630859375 0.30761718773584906 0.6708984375 0.31640625 0.6748046875 0.31640625 0.6865234375 0.30761718773584906 0.689453125 0.3032226566037736 0.689453125 0.3002929688679245
18 0.5439453125 0.3339843754716981 0.5361328125 0.3339843754716981 0.5322265625 0.33691406226415094 0.529296875 0.3413085933962264 0.52734375 0.3471679688679245 0.52734375 0.3647460933962264 0.5322265625 0.375 0.5419921875 0.38378906226415094 0.544921875 0.3793945311320755 0.556640625 0.3471679688679245 0.5478515625 0.33691406226415094 0.5439453125 0.3339843754716981
3 0.6728515625 0.375 0.6708984375 0.375 0.6611328125 0.3808593754716981 0.66015625 0.3823242188679245 0.654296875 0.3969726566037736 0.65625 0.4233398433962264 0.6728515625 0.44824218773584906 0.6748046875 0.44824218773584906 0.6904296875 0.43066406226415094 0.6953125 0.4233398433962264 0.69140625 0.4057617188679245 0.6728515625 0.375
18 0.3603515625 0.421875 0.3583984375 0.421875 0.35546875 0.4291992188679245 0.353515625 0.4379882811320755 0.353515625 0.4467773433962264 0.35546875 0.4555664066037736 0.3603515625 0.45996093773584906 0.365234375 0.4526367188679245 0.365234375 0.4321289066037736 0.36328125 0.4262695311320755 0.3603515625 0.421875
14 0.4365234375 0.40136718773584906 0.4248046875 0.3925781245283019 0.4169921875 0.3925781245283019 0.412109375 0.3969726566037736 0.41015625 0.4028320311320755 0.41015625 0.4086914066037736 0.4111328125 0.41015625 0.4326171875 0.4277343745283019 0.4345703125 0.4277343745283019 0.439453125 0.4204101566037736 0.439453125 0.4057617188679245 0.4365234375 0.40136718773584906
4 0.5390625 0.6606445311320754 0.5390625 0.6577148433962264 0.5283203125 0.641601562264151 0.5224609375 0.635742187735849 0.5126953125 0.635742187735849 0.5048828125 0.641601562264151 0.5 0.6489257811320754 0.498046875 0.6547851566037736 0.498046875 0.6606445311320754 0.5 0.6665039066037736 0.5029296875 0.670898437735849 0.5126953125 0.670898437735849 0.5263671875 0.66796875 0.5380859375 0.6621093754716981 0.5390625 0.6606445311320754
9 0.6376953125 0.7089843754716981 0.6240234375 0.723632812264151 0.623046875 0.7250976566037736 0.623046875 0.7280273433962264 0.6376953125 0.7441406245283019 0.6396484375 0.7441406245283019 0.654296875 0.7250976566037736 0.654296875 0.7221679688679246 0.6533203125 0.7207031245283019 0.6376953125 0.7089843754716981
13 0.650390625 0.6049804688679246 0.6689453125 0.618164062264151 0.6767578125 0.618164062264151 0.677734375 0.6166992188679246 0.677734375 0.5756835933962264 0.6748046875 0.571289062264151 0.6708984375 0.57421875 0.650390625 0.6049804688679246
9 0.6201171875 0.25488281226415094 0.6171875 0.2592773433962264 0.6201171875 0.2636718754716981 0.6279296875 0.26074218773584906 0.630859375 0.2563476566037736 0.630859375 0.2534179688679245 0.6298828125 0.2519531245283019 0.6240234375 0.2519531245283019 0.6201171875 0.25488281226415094
9 0.5576171875 0.606445312264151 0.5546875 0.6108398433962264 0.556640625 0.6401367188679246 0.5595703125 0.64453125 0.5634765625 0.64453125 0.57421875 0.6313476566037736 0.576171875 0.6254882811320754 0.576171875 0.6196289066037736 0.5576171875 0.606445312264151