9 0.4814453125 0.4746093745283019 0.4775390625 0.47753906226415094 0.474609375 0.4819335933962264 0.474609375 0.4936523433962264 0.4775390625 0.4980468754716982 0.4794921875 0.4980468754716982 0.486328125 0.4790039066037736 0.486328125 0.4760742188679245 0.4853515625 0.4746093745283019 0.4814453125 0.4746093745283019
2 0.4248046875 0.11132812452830189 0.4169921875 0.11132812452830189 0.4130859375 0.11425781226415094 0.40625 0.12451171886792455 0.396484375 0.1420898433962264 0.4111328125 0.1640625 0.4189453125 0.16992187547169813 0.4287109375 0.16992187547169813 0.4326171875 0.16699218773584906 0.435546875 0.1625976566037736 0.4296875 0.11865234339622642 0.4248046875 0.11132812452830189
20 0.703125 0.1391601566037736 0.7001953125 0.13183593773584906 0.6806640625 0.12890625 0.6767578125 0.13183593773584906 0.669921875 0.1420898433962264 0.66796875 0.14794921886792453 0.66796875 0.15673828113207547 0.6728515625 0.16992187547169813 0.6982421875 0.18457031226415094 0.7001953125 0.18457031226415094 0.701171875 0.18310546886792453 0.703125 0.15966796886792453 0.703125 0.1391601566037736
12 0.568359375 0.18310546886792453 0.55859375 0.1538085933962264 0.544921875 0.12451171886792455 0.5380859375 0.11425781226415094 0.5283203125 0.10546875 0.5107421875 0.10546875 0.5048828125 0.10839843773584906 0.501953125 0.11279296886792453 0.501953125 0.12158203113207545 0.5625 0.21826171886792453 0.5654296875 0.22265625 0.5693359375 0.22265625 0.572265625 0.21533203113207547 0.572265625 0.2006835933962264 0.568359375 0.18310546886792453
13 0.3818359375 0.2431640622641509 0.3779296875 0.24023437452830187 0.3759765625 0.24023437452830187 0.373046875 0.2446289066037736 0.3671875 0.2827148433962264 0.3671875 0.2856445311320755 0.3701171875 0.29003906226415094 0.3935546875 0.29003906226415094 0.4130859375 0.28417968773584906 0.4140625 0.2827148433962264 0.4091796875 0.2753906245283019 0.3818359375 0.2431640622641509
20 0.478515625 0.22998046886792453 0.47265625 0.21826171886792453 0.4658203125 0.20800781226415094 0.4580078125 0.20800781226415094 0.455078125 0.2124023433962264 0.4375 0.2475585933962264 0.4375 0.2504882811320755 0.4384765625 0.2519531245283019 0.4638671875 0.2578125 0.4677734375 0.2578125 0.47265625 0.2504882811320755 0.478515625 0.2358398433962264 0.478515625 0.22998046886792453
21 0.30078125 0.4350585933962264 0.30078125 0.3618164066037736 0.296875 0.3266601566037736 0.291015625 0.3120117188679245 0.2841796875 0.3046875 0.2509765625 0.2988281245283019 0.2421875 0.3120117188679245 0.224609375 0.3618164066037736 0.22265625 0.3676757811320755 0.21875 0.3940429688679245 0.21484375 0.4291992188679245 0.21484375 0.4614257811320755 0.224609375 0.49658203113207544 0.2275390625 0.500976562264151 0.2880859375 0.512695312264151 0.2939453125 0.512695312264151 0.296875 0.5083007811320754 0.30078125 0.4350585933962264
20 0.384765625 0.3442382811320755 0.3779296875 0.3339843754716981 0.3701171875 0.32519531226415094 0.3642578125 0.32519531226415094 0.3583984375 0.328125 0.35546875 0.3325195311320755 0.35546875 0.3442382811320755 0.357421875 0.3500976566037736 0.3642578125 0.3574218754716981 0.3779296875 0.36328125 0.3916015625 0.36328125 0.392578125 0.3618164066037736 0.384765625 0.3442382811320755
0 0.5419921875 0.2578125 0.541015625 0.2592773433962264 0.541015625 0.2797851566037736 0.5419921875 0.28125 0.55078125 0.2680664066037736 0.55078125 0.2592773433962264 0.5478515625 0.25488281226415094 0.5458984375 0.25488281226415094 0.5419921875 0.2578125
7 0.671875 0.4145507811320755 0.67578125 0.3559570311320755 0.654296875 0.2504882811320755 0.6259765625 0.20507812452830187 0.6220703125 0.20507812452830187 0.5947265625 0.22558593773584906 0.58984375 0.2329101566037736 0.623046875 0.3911132811320755 0.625 0.3969726566037736 0.6279296875 0.40136718773584906 0.6513671875 0.421875 0.6572265625 0.42480468773584906 0.6611328125 0.42480468773584906 0.671875 0.4145507811320755
20 0.7666015625 0.3574218754716981 0.7626953125 0.3574218754716981 0.7568359375 0.36035156226415094 0.75390625 0.3647460933962264 0.75390625 0.3793945311320755 0.7626953125 0.40136718773584906 0.7802734375 0.39550781226415094 0.78125 0.3940429688679245 0.78125 0.3706054688679245 0.7763671875 0.36328125 0.7666015625 0.3574218754716981
12 0.5595703125 0.3925781245283019 0.56640625 0.3823242188679245 0.5703125 0.3706054688679245 0.5703125 0.3588867188679245 0.5673828125 0.35449218773584906 0.5380859375 0.328125 0.5302734375 0.32519531226415094 0.5263671875 0.32519531226415094 0.5205078125 0.328125 0.5146484375 0.3339843754716981 0.51171875 0.3383789066037736 0.509765625 0.3442382811320755 0.509765625 0.3706054688679245 0.51171875 0.3764648433962264 0.5205078125 0.38964843773584906 0.5283203125 0.39550781226415094 0.5380859375 0.3984375 0.5556640625 0.39550781226415094 0.5595703125 0.3925781245283019
20 0.482421875 0.3383789066037736 0.48046875 0.3208007811320755 0.4794921875 0.31933593773584906 0.4619140625 0.3339843754716981 0.45703125 0.3413085933962264 0.45703125 0.3559570311320755 0.458984375 0.3618164066037736 0.4619140625 0.36621093773584906 0.4677734375 0.37207031226415094 0.4697265625 0.37207031226415094 0.474609375 0.3647460933962264 0.482421875 0.3383789066037736
20 0.43359375 0.4057617188679245 0.435546875 0.3999023433962264 0.4375 0.3852539066037736 0.4375 0.3793945311320755 0.4365234375 0.37792968773584906 0.375 0.4438476566037736 0.3671875 0.4907226566037736 0.3671875 0.49658203113207544 0.3701171875 0.500976562264151 0.3779296875 0.506835937735849 0.3837890625 0.5097656245283019 0.3896484375 0.5097656245283019 0.39453125 0.5024414066037736 0.43359375 0.4057617188679245
13 0.4541015625 0.4746093745283019 0.4345703125 0.46582031226415094 0.4287109375 0.46582031226415094 0.427734375 0.4672851566037736 0.416015625 0.5493164066037736 0.416015625 0.5551757811320754 0.4189453125 0.559570312264151 0.4248046875 0.559570312264151 0.44921875 0.5258789066037736 0.45703125 0.48486328113207544 0.45703125 0.4790039066037736 0.4541015625 0.4746093745283019
9 0.490234375 0.4233398433962264 0.490234375 0.4321289066037736 0.4951171875 0.43652343773584906 0.4990234375 0.43652343773584906 0.5 0.4350585933962264 0.5 0.4291992188679245 0.4951171875 0.4160156245283019 0.490234375 0.4233398433962264
9 0.5048828125 0.483398437735849 0.5009765625 0.483398437735849 0.4970703125 0.4863281245283018 0.490234375 0.49658203113207544 0.48828125 0.5024414066037736 0.48828125 0.5053710933962264 0.4912109375 0.5097656245283019 0.4990234375 0.506835937735849 0.5048828125 0.500976562264151 0.509765625 0.4936523433962264 0.509765625 0.48779296886792456 0.5048828125 0.483398437735849
10 0.5693359375 0.44238281226415094 0.5439453125 0.44238281226415094 0.5302734375 0.44824218773584906 0.5224609375 0.45410156226415094 0.517578125 0.4614257811320755 0.517578125 0.4702148433962264 0.5185546875 0.47167968773584906 0.5751953125 0.47753906226415094 0.580078125 0.4702148433962264 0.580078125 0.4555664066037736 0.5751953125 0.44824218773584906 0.5693359375 0.44238281226415094
6 0.7978515625 0.588867187735849 0.828125 0.5434570311320754 0.826171875 0.5258789066037736 0.8232421875 0.518554687735849 0.7080078125 0.45410156226415094 0.7041015625 0.45410156226415094 0.697265625 0.4614257811320755 0.6953125 0.4672851566037736 0.6953125 0.48779296886792456 0.7109375 0.5551757811320754 0.7373046875 0.5859375 0.7529296875 0.5917968754716981 0.7822265625 0.594726562264151 0.7939453125 0.5917968754716981 0.7978515625 0.588867187735849
10 0.67578125 0.5288085933962264 0.67578125 0.5229492188679246 0.671875 0.5112304688679246 0.6650390625 0.500976562264151 0.6435546875 0.4863281245283018 0.6376953125 0.483398437735849 0.6298828125 0.483398437735849 0.625 0.4907226566037736 0.623046875 0.49658203113207544 0.623046875 0.49951171886792456 0.64453125 0.5639648433962264 0.6494140625 0.5683593754716981 0.6513671875 0.5683593754716981 0.6591796875 0.5625 0.673828125 0.5375976566037736 0.67578125 0.5288085933962264
13 0.59375 0.5463867188679246 0.5927734375 0.5449218754716981 0.5595703125 0.500976562264151 0.5537109375 0.500976562264151 0.552734375 0.5024414066037736 0.5390625 0.5288085933962264 0.5390625 0.5317382811320754 0.5419921875 0.5390625 0.5478515625 0.5449218754716981 0.5751953125 0.565429687735849 0.5810546875 0.565429687735849 0.59375 0.5493164066037736 0.59375 0.5463867188679246
6 0.384765625 0.7426757811320754 0.384765625 0.7280273433962264 0.375 0.6577148433962264 0.3447265625 0.618164062264151 0.3388671875 0.612304687735849 0.3310546875 0.606445312264151 0.2978515625 0.5859375 0.2900390625 0.588867187735849 0.2890625 0.5903320311320754 0.2890625 0.5991210933962264 0.291015625 0.6049804688679246 0.35546875 0.7807617188679246 0.3564453125 0.782226562264151 0.3662109375 0.782226562264151 0.375 0.7690429688679246 0.384765625 0.7426757811320754
10 0.4033203125 0.594726562264151 0.3994140625 0.594726562264151 0.396484375 0.5991210933962264 0.396484375 0.6079101566037736 0.4169921875 0.641601562264151 0.4287109375 0.641601562264151 0.43359375 0.6342773433962264 0.43359375 0.6196289066037736 0.4248046875 0.606445312264151 0.4033203125 0.594726562264151
20 0.451171875 0.5903320311320754 0.458984375 0.6108398433962264 0.4873046875 0.66796875 0.48828125 0.6665039066037736 0.501953125 0.5756835933962264 0.5009765625 0.57421875 0.4521484375 0.588867187735849 0.451171875 0.5903320311320754
13 0.57421875 0.6547851566037736 0.57421875 0.6518554688679246 0.572265625 0.6459960933962264 0.5576171875 0.606445312264151 0.5224609375 0.6035156245283019 0.521484375 0.6049804688679246 0.521484375 0.6137695311320754 0.52734375 0.6577148433962264 0.5302734375 0.6621093754716981 0.5341796875 0.665039062264151 0.5380859375 0.665039062264151 0.5712890625 0.659179687735849 0.57421875 0.6547851566037736
9 0.669921875 0.6342773433962264 0.669921875 0.6284179688679246 0.66796875 0.6225585933962264 0.6630859375 0.618164062264151 0.6572265625 0.6152343754716981 0.6396484375 0.6152343754716981 0.638671875 0.6166992188679246 0.63671875 0.6372070311320754 0.6416015625 0.64453125 0.6455078125 0.647460937735849 0.6533203125 0.6503906245283019 0.6572265625 0.6503906245283019 0.6630859375 0.647460937735849 0.66796875 0.6401367188679246 0.669921875 0.6342773433962264
6 0.763671875 0.6870117188679246 0.751953125 0.6430664066037736 0.7509765625 0.641601562264151 0.7412109375 0.641601562264151 0.6982421875 0.647460937735849 0.6953125 0.6518554688679246 0.671875 0.7192382811320754 0.673828125 0.8041992188679246 0.6767578125 0.80859375 0.6845703125 0.80859375 0.7119140625 0.7910156245283019 0.7236328125 0.782226562264151 0.763671875 0.6899414066037736 0.763671875 0.6870117188679246
13 0.609375 0.6723632811320754 0.6064453125 0.66796875 0.5849609375 0.688476562264151 0.580078125 0.6958007811320754 0.580078125 0.7631835933962264 0.5810546875 0.764648437735849 0.5849609375 0.764648437735849 0.5888671875 0.76171875 0.607421875 0.7368164066037736 0.609375 0.6928710933962264 0.609375 0.6723632811320754
20 0.5009765625 0.694335937735849 0.5 0.6958007811320754 0.49609375 0.7250976566037736 0.5263671875 0.76171875 0.54296875 0.7338867188679246 0.544921875 0.7280273433962264 0.544921875 0.7221679688679246 0.5419921875 0.717773437735849 0.5126953125 0.694335937735849 0.5009765625 0.694335937735849
20 0.4404296875 0.7089843754716981 0.439453125 0.7104492188679246 0.43359375 0.7250976566037736 0.43359375 0.7543945311320754 0.4384765625 0.7675781245283019 0.4423828125 0.770507812264151 0.4521484375 0.770507812264151 0.453125 0.7690429688679246 0.453125 0.7280273433962264 0.4404296875 0.7089843754716981