14 0.544921875 0.2973632811320755 0.54296875 0.2915039066037736 0.5380859375 0.28417968773584906 0.5341796875 0.28125 0.5244140625 0.28125 0.5234375 0.2827148433962264 0.517578125 0.2944335933962264 0.517578125 0.3061523433962264 0.5224609375 0.31347656226415094 0.5302734375 0.31640625 0.5361328125 0.31640625 0.5400390625 0.31347656226415094 0.544921875 0.3061523433962264 0.544921875 0.2973632811320755
14 0.37109375 0.2563476566037736 0.359375 0.2241210933962264 0.3583984375 0.22265625 0.3544921875 0.22265625 0.3515625 0.22705078113207547 0.337890625 0.2651367188679245 0.337890625 0.2680664066037736 0.33984375 0.2739257811320755 0.3466796875 0.28417968773584906 0.3564453125 0.28417968773584906 0.3671875 0.2680664066037736 0.37109375 0.2592773433962264 0.37109375 0.2563476566037736
3 0.6923828125 0.76171875 0.708984375 0.7309570311320754 0.708984375 0.7133789066037736 0.7060546875 0.7089843754716981 0.6708984375 0.7089843754716981 0.658203125 0.7280273433962264 0.6923828125 0.76171875
27 0.755859375 0.4379882811320755 0.76171875 0.4233398433962264 0.7568359375 0.4160156245283019 0.7158203125 0.36621093773584906 0.6689453125 0.36035156226415094 0.66796875 0.3618164066037736 0.66796875 0.3676757811320755 0.673828125 0.5024414066037736 0.6767578125 0.506835937735849 0.6787109375 0.506835937735849 0.6826171875 0.50390625 0.7509765625 0.4453125 0.755859375 0.4379882811320755
18 0.3486328125 0.36621093773584906 0.3408203125 0.36621093773584906 0.333984375 0.3764648433962264 0.330078125 0.3852539066037736 0.328125 0.3911132811320755 0.328125 0.4028320311320755 0.3330078125 0.41015625 0.3349609375 0.41015625 0.337890625 0.4057617188679245 0.3515625 0.3764648433962264 0.3515625 0.3706054688679245 0.3486328125 0.36621093773584906
18 0.44140625 0.7338867188679246 0.4091796875 0.6855468754716981 0.4072265625 0.6855468754716981 0.40625 0.6870117188679246 0.400390625 0.7075195311320754 0.400390625 0.7192382811320754 0.40234375 0.7250976566037736 0.4111328125 0.73828125 0.4169921875 0.741210937735849 0.4287109375 0.741210937735849 0.4365234375 0.73828125 0.44140625 0.7338867188679246
21 0.6455078125 0.624023437735849 0.6484375 0.6196289066037736 0.6484375 0.6079101566037736 0.607421875 0.5170898433962264 0.5732421875 0.45703125 0.5537109375 0.45703125 0.5458984375 0.4628906245283019 0.5380859375 0.47167968773584906 0.53515625 0.4760742188679245 0.5078125 0.5434570311320754 0.505859375 0.5522460933962264 0.505859375 0.5668945311320754 0.564453125 0.6752929688679246 0.5673828125 0.6796875 0.5712890625 0.682617187735849 0.5751953125 0.682617187735849 0.6025390625 0.66796875 0.6455078125 0.624023437735849
11 0.3759765625 0.723632812264151 0.376953125 0.7221679688679246 0.3681640625 0.711914062264151 0.365234375 0.7163085933962264 0.3681640625 0.723632812264151 0.3759765625 0.723632812264151
9 0.3388671875 0.547851562264151 0.3349609375 0.5449218754716981 0.326171875 0.5581054688679246 0.330078125 0.5668945311320754 0.3330078125 0.571289062264151 0.3388671875 0.57421875 0.3447265625 0.57421875 0.34765625 0.5668945311320754 0.34765625 0.5610351566037736 0.3388671875 0.547851562264151
1 0.3193359375 0.6152343754716981 0.3115234375 0.6152343754716981 0.30859375 0.6196289066037736 0.30859375 0.6254882811320754 0.3125 0.6459960933962264 0.3134765625 0.647460937735849 0.3212890625 0.647460937735849 0.326171875 0.6401367188679246 0.326171875 0.6254882811320754 0.3193359375 0.6152343754716981
1 0.3125 0.48486328113207544 0.30859375 0.4702148433962264 0.3076171875 0.46875 0.2919921875 0.46875 0.28125 0.48486328113207544 0.28125 0.49658203113207544 0.2841796875 0.500976562264151 0.2900390625 0.506835937735849 0.2958984375 0.506835937735849 0.3056640625 0.500976562264151 0.30859375 0.49658203113207544 0.3125 0.48486328113207544