9 0.4912109375 0.10839843773584906 0.4873046875 0.10839843773584906 0.484375 0.11279296886792453 0.484375 0.12451171886792455 0.486328125 0.13623046886792453 0.4892578125 0.140625 0.4931640625 0.140625 0.49609375 0.13330078113207547 0.494140625 0.11279296886792453 0.4912109375 0.10839843773584906
14 0.5341796875 0.11132812452830189 0.5302734375 0.11132812452830189 0.5146484375 0.12011718773584906 0.509765625 0.1274414066037736 0.5078125 0.14501953113207547 0.509765625 0.1538085933962264 0.5107421875 0.15527343773584906 0.5126953125 0.15527343773584906 0.5400390625 0.12890625 0.541015625 0.1274414066037736 0.541015625 0.11865234339622642 0.5341796875 0.11132812452830189
3 0.4619140625 0.18457031226415094 0.4541015625 0.19042968773584906 0.451171875 0.19482421886792453 0.44921875 0.2006835933962264 0.443359375 0.2241210933962264 0.4541015625 0.23730468773584906 0.4912109375 0.24023437452830187 0.5087890625 0.23144531226415094 0.51171875 0.22705078113207547 0.4990234375 0.20800781226415094 0.4716796875 0.1875 0.4619140625 0.18457031226415094
9 0.708984375 0.2094726566037736 0.708984375 0.1977539066037736 0.7080078125 0.19628906226415094 0.6904296875 0.17871093773584906 0.6845703125 0.17871093773584906 0.677734375 0.1889648433962264 0.677734375 0.2006835933962264 0.6796875 0.2094726566037736 0.6845703125 0.21679687452830187 0.6923828125 0.22265625 0.6962890625 0.22265625 0.7060546875 0.21386718773584906 0.708984375 0.2094726566037736
21 0.78515625 0.3999023433962264 0.7744140625 0.38378906226415094 0.7646484375 0.38378906226415094 0.6533203125 0.40722656226415094 0.65234375 0.4086914066037736 0.7470703125 0.565429687735849 0.7529296875 0.565429687735849 0.7724609375 0.5566406245283019 0.7998046875 0.536132812264151 0.802734375 0.5317382811320754 0.802734375 0.4819335933962264 0.78515625 0.3999023433962264
9 0.6025390625 0.38378906226415094 0.59765625 0.3911132811320755 0.6025390625 0.3984375 0.6123046875 0.3984375 0.6171875 0.3911132811320755 0.6171875 0.3823242188679245 0.6162109375 0.3808593754716981 0.6064453125 0.3808593754716981 0.6025390625 0.38378906226415094
9 0.603515625 0.3471679688679245 0.6005859375 0.34277343773584906 0.5947265625 0.34277343773584906 0.5888671875 0.3457031245283019 0.5859375 0.3500976566037736 0.58203125 0.3588867188679245 0.58203125 0.3676757811320755 0.5830078125 0.3691406245283019 0.5888671875 0.37207031226415094 0.5947265625 0.37207031226415094 0.6005859375 0.36621093773584906 0.603515625 0.3618164066037736 0.603515625 0.3471679688679245
1 0.5625 0.2973632811320755 0.5595703125 0.29296875 0.5556640625 0.29003906226415094 0.5498046875 0.29003906226415094 0.5458984375 0.29296875 0.5390625 0.3032226566037736 0.537109375 0.3090820311320755 0.53515625 0.3237304688679245 0.5400390625 0.33105468773584906 0.5439453125 0.3339843754716981 0.5498046875 0.3339843754716981 0.5576171875 0.328125 0.564453125 0.3178710933962264 0.564453125 0.3032226566037736 0.5625 0.2973632811320755
9 0.439453125 0.3061523433962264 0.439453125 0.3032226566037736 0.4375 0.2915039066037736 0.4306640625 0.28125 0.4287109375 0.28125 0.40625 0.3061523433962264 0.40234375 0.3208007811320755 0.40234375 0.3237304688679245 0.4052734375 0.328125 0.4169921875 0.3339843754716981 0.4248046875 0.3339843754716981 0.4306640625 0.328125 0.43359375 0.3237304688679245 0.439453125 0.3061523433962264
20 0.318359375 0.3120117188679245 0.34765625 0.22998046886792453 0.3466796875 0.22851562452830187 0.3427734375 0.22851562452830187 0.2880859375 0.24023437452830187 0.287109375 0.2416992188679245 0.287109375 0.2446289066037736 0.2890625 0.3090820311320755 0.2919921875 0.31347656226415094 0.2978515625 0.31640625 0.3115234375 0.31640625 0.3173828125 0.31347656226415094 0.318359375 0.3120117188679245
3 0.330078125 0.5317382811320754 0.330078125 0.5288085933962264 0.318359375 0.4819335933962264 0.2646484375 0.4394531245283019 0.2626953125 0.4394531245283019 0.259765625 0.4438476566037736 0.22265625 0.5463867188679246 0.22265625 0.5493164066037736 0.2412109375 0.57421875 0.2998046875 0.5859375 0.3037109375 0.5859375 0.3193359375 0.57421875 0.322265625 0.5698242188679246 0.330078125 0.5317382811320754
20 0.396484375 0.49951171886792456 0.39453125 0.48779296886792456 0.3896484375 0.48046875 0.3857421875 0.47753906226415094 0.3798828125 0.47753906226415094 0.3759765625 0.48046875 0.37109375 0.48779296886792456 0.37109375 0.5258789066037736 0.376953125 0.5434570311320754 0.3779296875 0.5449218754716981 0.3798828125 0.5449218754716981 0.3837890625 0.541992187735849 0.39453125 0.5258789066037736 0.396484375 0.49951171886792456
9 0.4599609375 0.4511718745283019 0.4580078125 0.4511718745283019 0.45703125 0.4526367188679245 0.455078125 0.4584960933962264 0.453125 0.4702148433962264 0.451171875 0.48779296886792456 0.4521484375 0.489257812264151 0.4560546875 0.489257812264151 0.45703125 0.48779296886792456 0.4609375 0.4731445311320755 0.462890625 0.4614257811320755 0.4609375 0.4526367188679245 0.4599609375 0.4511718745283019
9 0.59375 0.5522460933962264 0.591796875 0.5200195311320754 0.5810546875 0.50390625 0.5771484375 0.500976562264151 0.5654296875 0.500976562264151 0.5625 0.5053710933962264 0.5625 0.5170898433962264 0.564453125 0.5229492188679246 0.5693359375 0.530273437735849 0.5771484375 0.5390625 0.5908203125 0.553710937735849 0.5927734375 0.553710937735849 0.59375 0.5522460933962264
6 0.68359375 0.8305664066037736 0.6953125 0.7895507811320754 0.708984375 0.6752929688679246 0.705078125 0.6665039066037736 0.7041015625 0.665039062264151 0.6904296875 0.659179687735849 0.671875 0.6928710933962264 0.658203125 0.7250976566037736 0.64453125 0.7749023433962264 0.64453125 0.7866210933962264 0.650390625 0.8334960933962264 0.6650390625 0.84375 0.6669921875 0.84375 0.6728515625 0.840820312264151 0.6806640625 0.834960937735849 0.68359375 0.8305664066037736
21 0.611328125 0.6518554688679246 0.611328125 0.6459960933962264 0.6103515625 0.64453125 0.5517578125 0.618164062264151 0.5439453125 0.618164062264151 0.4912109375 0.6269531245283019 0.482421875 0.6342773433962264 0.455078125 0.6928710933962264 0.451171875 0.7075195311320754 0.451171875 0.7133789066037736 0.4736328125 0.735351562264151 0.4853515625 0.741210937735849 0.4990234375 0.7441406245283019 0.5830078125 0.752929687735849 0.58984375 0.7426757811320754 0.611328125 0.6518554688679246
9 0.4150390625 0.694335937735849 0.4091796875 0.69140625 0.4013671875 0.69140625 0.400390625 0.6928710933962264 0.400390625 0.6987304688679246 0.4072265625 0.7089843754716981 0.4111328125 0.711914062264151 0.4169921875 0.711914062264151 0.419921875 0.7075195311320754 0.419921875 0.7016601566037736 0.4150390625 0.694335937735849
21 0.2998046875 0.6796875 0.298828125 0.6811523433962264 0.296875 0.6928710933962264 0.294921875 0.7075195311320754 0.294921875 0.7397460933962264 0.3125 0.7690429688679246 0.3271484375 0.7910156245283019 0.33984375 0.7602539066037736 0.349609375 0.6987304688679246 0.3486328125 0.6972656245283019 0.2998046875 0.6796875