18 0.310546875 0.4907226566037736 0.31640625 0.4584960933962264 0.31640625 0.4233398433962264 0.3095703125 0.41308593773584906 0.3056640625 0.41015625 0.3017578125 0.41015625 0.2978515625 0.41308593773584906 0.291015625 0.4233398433962264 0.287109375 0.4321289066037736 0.283203125 0.4438476566037736 0.28125 0.4526367188679245 0.27734375 0.4760742188679245 0.27734375 0.4936523433962264 0.28125 0.5053710933962264 0.2841796875 0.5097656245283019 0.2939453125 0.515625 0.3037109375 0.506835937735849 0.306640625 0.5024414066037736 0.310546875 0.4907226566037736
18 0.568359375 0.2592773433962264 0.5703125 0.2534179688679245 0.5703125 0.2358398433962264 0.5634765625 0.22558593773584906 0.5498046875 0.21972656226415094 0.5322265625 0.21972656226415094 0.525390625 0.22998046886792453 0.525390625 0.23876953113207547 0.52734375 0.2446289066037736 0.5302734375 0.2490234377358491 0.5380859375 0.25488281226415094 0.5537109375 0.26074218773584906 0.5673828125 0.26074218773584906 0.568359375 0.2592773433962264
18 0.607421875 0.3178710933962264 0.6025390625 0.3105468754716981 0.5947265625 0.3105468754716981 0.5888671875 0.31347656226415094 0.5830078125 0.31933593773584906 0.580078125 0.3237304688679245 0.58203125 0.3295898433962264 0.5849609375 0.3339843754716981 0.5888671875 0.33691406226415094 0.6005859375 0.33691406226415094 0.6044921875 0.3339843754716981 0.607421875 0.3295898433962264 0.607421875 0.3178710933962264
1 0.521484375 0.3149414066037736 0.51953125 0.3090820311320755 0.5126953125 0.2988281245283019 0.5087890625 0.29589843773584906 0.5009765625 0.2988281245283019 0.49609375 0.3061523433962264 0.49609375 0.3178710933962264 0.4990234375 0.3222656245283019 0.5107421875 0.33105468773584906 0.5146484375 0.33105468773584906 0.5185546875 0.328125 0.521484375 0.3208007811320755 0.521484375 0.3149414066037736
1 0.728515625 0.5053710933962264 0.728515625 0.4819335933962264 0.724609375 0.4731445311320755 0.7197265625 0.46582031226415094 0.7060546875 0.46582031226415094 0.697265625 0.4790039066037736 0.697265625 0.4819335933962264 0.705078125 0.5141601566037736 0.7060546875 0.515625 0.7177734375 0.5214843754716981 0.7216796875 0.5214843754716981 0.7265625 0.5141601566037736 0.728515625 0.5053710933962264
21 0.609375 0.5844726566037736 0.583984375 0.5375976566037736 0.5791015625 0.530273437735849 0.5029296875 0.547851562264151 0.5 0.5522460933962264 0.525390625 0.6079101566037736 0.5302734375 0.6152343754716981 0.5771484375 0.612304687735849 0.5986328125 0.600585937735849 0.6044921875 0.594726562264151 0.609375 0.5874023433962264 0.609375 0.5844726566037736
14 0.4521484375 0.17871093773584906 0.4482421875 0.17871093773584906 0.4287109375 0.1875 0.4208984375 0.19628906226415094 0.419921875 0.1977539066037736 0.4248046875 0.20800781226415094 0.4287109375 0.2109375 0.4345703125 0.2109375 0.4443359375 0.20507812452830187 0.453125 0.19189453113207547 0.453125 0.18017578113207547 0.4521484375 0.17871093773584906
14 0.3583984375 0.37792968773584906 0.3427734375 0.37207031226415094 0.3369140625 0.37207031226415094 0.33203125 0.3764648433962264 0.328125 0.3852539066037736 0.328125 0.3911132811320755 0.3291015625 0.3925781245283019 0.3427734375 0.39550781226415094 0.3583984375 0.39550781226415094 0.361328125 0.3881835933962264 0.361328125 0.3852539066037736 0.3583984375 0.37792968773584906
3 0.35546875 0.5141601566037736 0.345703125 0.4790039066037736 0.3447265625 0.47753906226415094 0.2607421875 0.5625 0.2578125 0.5668945311320754 0.2578125 0.6459960933962264 0.2646484375 0.65625 0.3369140625 0.665039062264151 0.3759765625 0.665039062264151 0.376953125 0.6635742188679246 0.376953125 0.6489257811320754 0.35546875 0.5141601566037736
3 0.4462890625 0.4042968745283019 0.4423828125 0.4042968745283019 0.44140625 0.4057617188679245 0.4296875 0.4760742188679245 0.427734375 0.4907226566037736 0.427734375 0.5288085933962264 0.4287109375 0.530273437735849 0.4970703125 0.515625 0.498046875 0.5141601566037736 0.509765625 0.4584960933962264 0.4892578125 0.43359375 0.4462890625 0.4042968745283019
3 0.4423828125 0.3574218754716981 0.443359375 0.3559570311320755 0.41015625 0.2739257811320755 0.4052734375 0.26660156226415094 0.3720703125 0.2636718754716981 0.3603515625 0.26660156226415094 0.359375 0.2680664066037736 0.359375 0.2856445311320755 0.3671875 0.3178710933962264 0.369140625 0.3237304688679245 0.3955078125 0.37792968773584906 0.3974609375 0.37792968773584906 0.4365234375 0.36035156226415094 0.4423828125 0.3574218754716981
3 0.60546875 0.3764648433962264 0.6044921875 0.375 0.5693359375 0.375 0.560546875 0.3911132811320755 0.55859375 0.3969726566037736 0.5546875 0.4145507811320755 0.5546875 0.4233398433962264 0.5625 0.4379882811320755 0.5693359375 0.44824218773584906 0.5849609375 0.46582031226415094 0.587890625 0.4614257811320755 0.60546875 0.4262695311320755 0.60546875 0.3764648433962264
3 0.669921875 0.3354492188679245 0.6552734375 0.31933593773584906 0.6435546875 0.31933593773584906 0.6279296875 0.33984375 0.626953125 0.3413085933962264 0.626953125 0.3471679688679245 0.6533203125 0.38671875 0.6591796875 0.38671875 0.6640625 0.3793945311320755 0.671875 0.3618164066037736 0.671875 0.3413085933962264 0.669921875 0.3354492188679245
20 0.689453125 0.6635742188679246 0.69140625 0.6225585933962264 0.6865234375 0.618164062264151 0.6416015625 0.612304687735849 0.6181640625 0.641601562264151 0.6171875 0.6430664066037736 0.62890625 0.6870117188679246 0.6318359375 0.69140625 0.6357421875 0.694335937735849 0.6435546875 0.6972656245283019 0.6630859375 0.700195312264151 0.6669921875 0.6972656245283019 0.689453125 0.6635742188679246