21 0.6494140625 0.5859375 0.6533203125 0.588867187735849 0.6630859375 0.5917968754716981 0.6865234375 0.5917968754716981 0.6943359375 0.588867187735849 0.7060546875 0.5800781245283019 0.7119140625 0.57421875 0.724609375 0.5551757811320754 0.732421875 0.5346679688679246 0.736328125 0.5112304688679246 0.73828125 0.4936523433962264 0.73828125 0.4555664066037736 0.73046875 0.4174804688679245 0.7099609375 0.38671875 0.6943359375 0.37207031226415094 0.6826171875 0.37207031226415094 0.5947265625 0.38671875 0.59375 0.3881835933962264 0.59375 0.4116210933962264 0.599609375 0.4760742188679245 0.6015625 0.48779296886792456 0.609375 0.5288085933962264 0.62109375 0.5522460933962264 0.6259765625 0.559570312264151 0.6494140625 0.5859375
21 0.4814453125 0.22265625 0.49609375 0.2094726566037736 0.509765625 0.15966796886792453 0.509765625 0.1538085933962264 0.5068359375 0.14941406226415094 0.4560546875 0.10253906226415094 0.4306640625 0.10546875 0.4150390625 0.11132812452830189 0.4072265625 0.1171875 0.3984375 0.1303710933962264 0.3984375 0.1508789066037736 0.400390625 0.15966796886792453 0.40234375 0.1655273433962264 0.4365234375 0.23144531226415094 0.4443359375 0.23730468773584906 0.4716796875 0.22851562452830187 0.4814453125 0.22265625
3 0.6630859375 0.2871093754716981 0.666015625 0.2797851566037736 0.666015625 0.2768554688679245 0.6328125 0.14794921886792453 0.6279296875 0.140625 0.6123046875 0.13183593773584906 0.5869140625 0.12890625 0.5673828125 0.12890625 0.5625 0.13623046886792453 0.515625 0.2094726566037736 0.5234375 0.2504882811320755 0.55859375 0.3413085933962264 0.5595703125 0.34277343773584906 0.5751953125 0.34863281226415094 0.6005859375 0.34277343773584906 0.6064453125 0.33984375 0.6630859375 0.2871093754716981
3 0.50390625 0.6137695311320754 0.501953125 0.6196289066037736 0.49609375 0.6811523433962264 0.5302734375 0.729492187735849 0.5556640625 0.747070312264151 0.55859375 0.7426757811320754 0.60546875 0.6401367188679246 0.5634765625 0.5625 0.5087890625 0.606445312264151 0.50390625 0.6137695311320754
3 0.3681640625 0.4746093745283019 0.369140625 0.4731445311320755 0.373046875 0.4643554688679245 0.3828125 0.3149414066037736 0.3828125 0.2973632811320755 0.3818359375 0.29589843773584906 0.3642578125 0.2753906245283019 0.2607421875 0.3457031245283019 0.259765625 0.3471679688679245 0.259765625 0.3588867188679245 0.263671875 0.3999023433962264 0.2705078125 0.4160156245283019 0.2998046875 0.44238281226415094 0.3076171875 0.44824218773584906 0.3623046875 0.4746093745283019 0.3681640625 0.4746093745283019
7 0.455078125 0.3237304688679245 0.4609375 0.3032226566037736 0.4599609375 0.30175781226415094 0.4521484375 0.30175781226415094 0.3955078125 0.33105468773584906 0.39453125 0.3325195311320755 0.39453125 0.3442382811320755 0.3994140625 0.3515625 0.4091796875 0.3574218754716981 0.4267578125 0.3574218754716981 0.4384765625 0.3515625 0.44921875 0.3383789066037736 0.455078125 0.3237304688679245
7 0.505859375 0.3354492188679245 0.50390625 0.3266601566037736 0.5029296875 0.32519531226415094 0.4990234375 0.32519531226415094 0.494140625 0.3383789066037736 0.486328125 0.3676757811320755 0.486328125 0.4291992188679245 0.48828125 0.4409179688679245 0.498046875 0.4760742188679245 0.4990234375 0.47753906226415094 0.501953125 0.4702148433962264 0.505859375 0.3530273433962264 0.505859375 0.3354492188679245
7 0.4814453125 0.706054687735849 0.4716796875 0.6972656245283019 0.4521484375 0.694335937735849 0.4501953125 0.694335937735849 0.4326171875 0.703125 0.4228515625 0.711914062264151 0.421875 0.7133789066037736 0.421875 0.7250976566037736 0.4267578125 0.73828125 0.4619140625 0.73828125 0.4833984375 0.7265625 0.48828125 0.7192382811320754 0.48828125 0.7163085933962264 0.4814453125 0.706054687735849
4 0.3544921875 0.4921875 0.3408203125 0.4921875 0.2978515625 0.50390625 0.296875 0.5053710933962264 0.2978515625 0.506835937735849 0.3701171875 0.553710937735849 0.376953125 0.5434570311320754 0.376953125 0.5375976566037736 0.365234375 0.5083007811320754 0.359375 0.49658203113207544 0.3544921875 0.4921875
1 0.662109375 0.7426757811320754 0.662109375 0.7368164066037736 0.6572265625 0.729492187735849 0.6025390625 0.6855468754716981 0.599609375 0.6899414066037736 0.59375 0.7045898433962264 0.59765625 0.7280273433962264 0.6103515625 0.747070312264151 0.6201171875 0.7558593754716981 0.6357421875 0.76171875 0.6474609375 0.76171875 0.6572265625 0.752929687735849 0.662109375 0.7426757811320754
1 0.6123046875 0.747070312264151 0.6064453125 0.7441406245283019 0.5986328125 0.7441406245283019 0.5927734375 0.747070312264151 0.587890625 0.7543945311320754 0.587890625 0.7690429688679246 0.5908203125 0.776367187735849 0.5966796875 0.776367187735849 0.6083984375 0.7675781245283019 0.61328125 0.7602539066037736 0.61328125 0.7485351566037736 0.6123046875 0.747070312264151
1 0.654296875 0.6020507811320754 0.6484375 0.5874023433962264 0.6455078125 0.583007812264151 0.6337890625 0.583007812264151 0.6328125 0.5844726566037736 0.630859375 0.5903320311320754 0.630859375 0.6020507811320754 0.6328125 0.6108398433962264 0.6552734375 0.641601562264151 0.6591796875 0.6386718754716981 0.66015625 0.6372070311320754 0.66015625 0.6313476566037736 0.654296875 0.6020507811320754
1 0.572265625 0.5170898433962264 0.5703125 0.5112304688679246 0.5673828125 0.506835937735849 0.5595703125 0.500976562264151 0.5517578125 0.506835937735849 0.55078125 0.5083007811320754 0.55078125 0.5141601566037736 0.560546875 0.5375976566037736 0.5634765625 0.541992187735849 0.5654296875 0.541992187735849 0.5693359375 0.5390625 0.572265625 0.5346679688679246 0.572265625 0.5170898433962264
1 0.453125 0.5141601566037736 0.453125 0.49658203113207544 0.4482421875 0.489257812264151 0.4423828125 0.483398437735849 0.4248046875 0.483398437735849 0.4208984375 0.4863281245283018 0.416015625 0.4936523433962264 0.4140625 0.5024414066037736 0.4140625 0.5083007811320754 0.4287109375 0.530273437735849 0.4365234375 0.5332031245283019 0.4404296875 0.5332031245283019 0.4482421875 0.530273437735849 0.451171875 0.5258789066037736 0.453125 0.5141601566037736
1 0.400390625 0.48779296886792456 0.3974609375 0.483398437735849 0.3935546875 0.48046875 0.3837890625 0.48046875 0.376953125 0.49658203113207544 0.375 0.5200195311320754 0.3837890625 0.5332031245283019 0.3916015625 0.536132812264151 0.3955078125 0.5332031245283019 0.40234375 0.5229492188679246 0.404296875 0.5053710933962264 0.40234375 0.4936523433962264 0.400390625 0.48779296886792456
1 0.37890625 0.5991210933962264 0.359375 0.5610351566037736 0.3544921875 0.5566406245283019 0.3466796875 0.5566406245283019 0.341796875 0.5639648433962264 0.341796875 0.5932617188679246 0.3525390625 0.609375 0.3583984375 0.612304687735849 0.3662109375 0.612304687735849 0.3759765625 0.609375 0.37890625 0.6049804688679246 0.37890625 0.5991210933962264
1 0.37109375 0.6225585933962264 0.3681640625 0.618164062264151 0.3642578125 0.618164062264151 0.359375 0.6254882811320754 0.35546875 0.6401367188679246 0.35546875 0.6459960933962264 0.3603515625 0.653320312264151 0.3662109375 0.653320312264151 0.37109375 0.6459960933962264 0.373046875 0.6401367188679246 0.373046875 0.6342773433962264 0.37109375 0.6225585933962264
1 0.322265625 0.6840820311320754 0.326171875 0.6694335933962264 0.326171875 0.6665039066037736 0.32421875 0.6606445311320754 0.3193359375 0.65625 0.3115234375 0.659179687735849 0.2998046875 0.66796875 0.287109375 0.6870117188679246 0.283203125 0.6987304688679246 0.283203125 0.7163085933962264 0.28515625 0.7221679688679246 0.2900390625 0.729492187735849 0.2978515625 0.729492187735849 0.3037109375 0.723632812264151 0.310546875 0.7133789066037736 0.322265625 0.6840820311320754
1 0.416015625 0.2124023433962264 0.3974609375 0.1875 0.3896484375 0.18164062452830187 0.3857421875 0.18164062452830187 0.3828125 0.1860351566037736 0.3828125 0.20361328113207547 0.38671875 0.2241210933962264 0.3916015625 0.23144531226415094 0.3974609375 0.234375 0.4130859375 0.234375 0.416015625 0.22998046886792453 0.416015625 0.2124023433962264
18 0.359375 0.2416992188679245 0.361328125 0.2358398433962264 0.361328125 0.2211914066037736 0.35546875 0.1889648433962264 0.349609375 0.17138671886792453 0.3447265625 0.1640625 0.3408203125 0.16113281226415094 0.3349609375 0.16113281226415094 0.3310546875 0.1640625 0.326171875 0.17138671886792453 0.326171875 0.20654296886792453 0.33203125 0.2358398433962264 0.333984375 0.2416992188679245 0.3388671875 0.2490234377358491 0.3427734375 0.2519531245283019 0.3525390625 0.2519531245283019 0.359375 0.2416992188679245
18 0.6787109375 0.641601562264151 0.673828125 0.6489257811320754 0.66796875 0.6635742188679246 0.666015625 0.7104492188679246 0.6689453125 0.717773437735849 0.6728515625 0.717773437735849 0.677734375 0.7104492188679246 0.68359375 0.6958007811320754 0.685546875 0.6430664066037736 0.6845703125 0.641601562264151 0.6787109375 0.641601562264151
21 0.4658203125 0.612304687735849 0.4619140625 0.609375 0.4091796875 0.583007812264151 0.4072265625 0.583007812264151 0.40625 0.5844726566037736 0.400390625 0.6547851566037736 0.400390625 0.6577148433962264 0.4033203125 0.6621093754716981 0.4599609375 0.6621093754716981 0.46484375 0.6547851566037736 0.46875 0.6401367188679246 0.466796875 0.6137695311320754 0.4658203125 0.612304687735849
6 0.275390625 0.6254882811320754 0.28125 0.5991210933962264 0.279296875 0.5434570311320754 0.259765625 0.4731445311320755 0.2568359375 0.46875 0.2490234375 0.46875 0.248046875 0.4702148433962264 0.2421875 0.48486328113207544 0.23828125 0.5083007811320754 0.236328125 0.5551757811320754 0.23828125 0.5815429688679246 0.24609375 0.6196289066037736 0.2490234375 0.624023437735849 0.2626953125 0.635742187735849 0.2666015625 0.635742187735849 0.2705078125 0.6328125 0.275390625 0.6254882811320754
20 0.2705078125 0.2988281245283019 0.2666015625 0.29589843773584906 0.2607421875 0.29589843773584906 0.2548828125 0.2988281245283019 0.2421875 0.3090820311320755 0.234375 0.3325195311320755 0.234375 0.3530273433962264 0.2353515625 0.35449218773584906 0.2666015625 0.3339843754716981 0.2744140625 0.328125 0.27734375 0.3237304688679245 0.275390625 0.3061523433962264 0.2705078125 0.2988281245283019
20 0.328125 0.20361328113207547 0.3251953125 0.19628906226415094 0.3134765625 0.19628906226415094 0.3056640625 0.20214843773584906 0.2998046875 0.20800781226415094 0.2890625 0.2211914066037736 0.287109375 0.22705078113207547 0.287109375 0.2329101566037736 0.29296875 0.2563476566037736 0.2939453125 0.2578125 0.3056640625 0.2578125 0.326171875 0.2211914066037736 0.328125 0.21533203113207547 0.328125 0.20361328113207547
20 0.45703125 0.4086914066037736 0.45703125 0.3881835933962264 0.455078125 0.3793945311320755 0.4482421875 0.3691406245283019 0.4443359375 0.36621093773584906 0.4423828125 0.36621093773584906 0.435546875 0.3735351566037736 0.427734375 0.3911132811320755 0.427734375 0.3940429688679245 0.43359375 0.4350585933962264 0.435546875 0.4409179688679245 0.4384765625 0.4453125 0.4443359375 0.4511718745283019 0.455078125 0.4233398433962264 0.45703125 0.4086914066037736
5 0.365234375 0.7280273433962264 0.359375 0.6723632811320754 0.357421875 0.6606445311320754 0.3544921875 0.65625 0.3466796875 0.65625 0.318359375 0.7133789066037736 0.31640625 0.7338867188679246 0.31640625 0.7456054688679246 0.3203125 0.7631835933962264 0.3251953125 0.770507812264151 0.3505859375 0.782226562264151 0.3525390625 0.782226562264151 0.353515625 0.7807617188679246 0.365234375 0.7280273433962264
14 0.216796875 0.5200195311320754 0.2236328125 0.541992187735849 0.2255859375 0.541992187735849 0.234375 0.5288085933962264 0.234375 0.5170898433962264 0.2294921875 0.512695312264151 0.2177734375 0.518554687735849 0.216796875 0.5200195311320754
14 0.2548828125 0.44238281226415094 0.2431640625 0.43652343773584906 0.2353515625 0.43652343773584906 0.228515625 0.4467773433962264 0.228515625 0.4584960933962264 0.2294921875 0.45996093773584906 0.2333984375 0.45996093773584906 0.2587890625 0.45410156226415094 0.259765625 0.4526367188679245 0.259765625 0.4497070311320755 0.2548828125 0.44238281226415094
14 0.466796875 0.5375976566037736 0.466796875 0.5317382811320754 0.4658203125 0.530273437735849 0.4326171875 0.530273437735849 0.4296875 0.5346679688679246 0.4296875 0.5434570311320754 0.4365234375 0.553710937735849 0.4423828125 0.5566406245283019 0.4560546875 0.553710937735849 0.4599609375 0.55078125 0.462890625 0.5463867188679246 0.466796875 0.5375976566037736
14 0.501953125 0.5317382811320754 0.4951171875 0.512695312264151 0.4912109375 0.5097656245283019 0.48828125 0.5141601566037736 0.486328125 0.5229492188679246 0.486328125 0.5288085933962264 0.490234375 0.5581054688679246 0.4912109375 0.559570312264151 0.4970703125 0.5625 0.5 0.5581054688679246 0.501953125 0.5522460933962264 0.501953125 0.5317382811320754
14 0.61328125 0.5786132811320754 0.6123046875 0.577148437735849 0.5849609375 0.577148437735849 0.583984375 0.5786132811320754 0.58203125 0.5844726566037736 0.58203125 0.5874023433962264 0.5869140625 0.59765625 0.5908203125 0.59765625 0.6005859375 0.594726562264151 0.6103515625 0.588867187735849 0.61328125 0.5844726566037736 0.61328125 0.5786132811320754
14 0.5693359375 0.44238281226415094 0.5595703125 0.44824218773584906 0.5546875 0.4526367188679245 0.552734375 0.4584960933962264 0.552734375 0.4614257811320755 0.5537109375 0.4628906245283019 0.5849609375 0.4628906245283019 0.5859375 0.4614257811320755 0.5859375 0.4497070311320755 0.5810546875 0.44238281226415094 0.5693359375 0.44238281226415094
14 0.4228515625 0.27246093773584906 0.4169921875 0.27246093773584906 0.4013671875 0.28417968773584906 0.3984375 0.2885742188679245 0.3984375 0.2915039066037736 0.4013671875 0.2988281245283019 0.4052734375 0.2988281245283019 0.4326171875 0.2871093754716981 0.43359375 0.2856445311320755 0.4267578125 0.2753906245283019 0.4228515625 0.27246093773584906
14 0.478515625 0.2416992188679245 0.4755859375 0.23730468773584906 0.4736328125 0.23730468773584906 0.47265625 0.23876953113207547 0.470703125 0.2475585933962264 0.470703125 0.2885742188679245 0.4716796875 0.29003906226415094 0.4755859375 0.29003906226415094 0.478515625 0.2856445311320755 0.48046875 0.2768554688679245 0.48046875 0.2563476566037736 0.478515625 0.2416992188679245
14 0.4921875 0.3237304688679245 0.4873046875 0.31640625 0.4833984375 0.31640625 0.482421875 0.3178710933962264 0.478515625 0.3559570311320755 0.478515625 0.3647460933962264 0.4794921875 0.36621093773584906 0.4833984375 0.36621093773584906 0.486328125 0.3618164066037736 0.494140625 0.3325195311320755 0.494140625 0.3295898433962264 0.4921875 0.3237304688679245
14 0.529296875 0.3178710933962264 0.5166015625 0.2988281245283019 0.513671875 0.3032226566037736 0.513671875 0.3149414066037736 0.517578125 0.3354492188679245 0.5224609375 0.33984375 0.5283203125 0.34277343773584906 0.5341796875 0.34277343773584906 0.5390625 0.3354492188679245 0.529296875 0.3178710933962264
13 0.3447265625 0.524414062264151 0.341796875 0.5288085933962264 0.330078125 0.5551757811320754 0.328125 0.5610351566037736 0.328125 0.5639648433962264 0.3291015625 0.565429687735849 0.3330078125 0.565429687735849 0.353515625 0.5493164066037736 0.353515625 0.5434570311320754 0.3466796875 0.524414062264151 0.3447265625 0.524414062264151