18 0.58203125 0.06884765660377358 0.583984375 0.06298828113207547 0.583984375 0.05419921886792453 0.5712890625 0.038085937735849056 0.5673828125 0.03515625 0.5556640625 0.03515625 0.5517578125 0.038085937735849056 0.546875 0.04541015660377359 0.546875 0.06005859339622641 0.548828125 0.06591796886792453 0.5537109375 0.07324218773584906 0.5615234375 0.07910156226415094 0.5693359375 0.07910156226415094 0.5771484375 0.07617187547169811 0.58203125 0.06884765660377358
18 0.470703125 0.14501953113207547 0.470703125 0.1274414066037736 0.46875 0.12158203113207545 0.4619140625 0.11132812452830189 0.4541015625 0.10253906226415094 0.4306640625 0.08496093773584906 0.4248046875 0.08203125 0.4169921875 0.08203125 0.408203125 0.09521484339622642 0.40625 0.10400390660377358 0.408203125 0.11279296886792453 0.412109375 0.12158203113207545 0.4228515625 0.13769531226415094 0.4345703125 0.14941406226415094 0.4501953125 0.15820312452830187 0.4619140625 0.15820312452830187 0.470703125 0.14501953113207547
18 0.5693359375 0.15820312452830187 0.578125 0.14501953113207547 0.580078125 0.1391601566037736 0.580078125 0.13330078113207547 0.578125 0.12451171886792455 0.5693359375 0.11132812452830189 0.5615234375 0.10546875 0.5341796875 0.09960937547169811 0.5244140625 0.09960937547169811 0.5185546875 0.10253906226415094 0.51171875 0.11279296886792453 0.509765625 0.11865234339622642 0.509765625 0.1303710933962264 0.51171875 0.13623046886792453 0.5166015625 0.14355468773584906 0.5263671875 0.15527343773584906 0.5458984375 0.16113281226415094 0.5654296875 0.16113281226415094 0.5693359375 0.15820312452830187
18 0.5498046875 0.16699218773584906 0.5419921875 0.16699218773584906 0.5380859375 0.16992187547169813 0.53515625 0.1743164066037736 0.53515625 0.19482421886792453 0.5400390625 0.20214843773584906 0.5439453125 0.20507812452830187 0.5517578125 0.20214843773584906 0.5546875 0.1977539066037736 0.5546875 0.1743164066037736 0.5498046875 0.16699218773584906
18 0.58203125 0.2241210933962264 0.58203125 0.21826171886792453 0.5771484375 0.2109375 0.5654296875 0.2109375 0.5537109375 0.21679687452830187 0.548828125 0.2211914066037736 0.544921875 0.22998046886792453 0.544921875 0.2329101566037736 0.546875 0.23876953113207547 0.5498046875 0.2431640622641509 0.5595703125 0.2431640622641509 0.5712890625 0.23730468773584906 0.5791015625 0.23144531226415094 0.58203125 0.2241210933962264
18 0.626953125 0.3061523433962264 0.626953125 0.2915039066037736 0.623046875 0.2563476566037736 0.6201171875 0.2519531245283019 0.6162109375 0.2490234377358491 0.6064453125 0.2490234377358491 0.6025390625 0.2519531245283019 0.599609375 0.2563476566037736 0.599609375 0.3061523433962264 0.603515625 0.3178710933962264 0.6083984375 0.32519531226415094 0.6123046875 0.328125 0.6181640625 0.328125 0.623046875 0.3208007811320755 0.626953125 0.3061523433962264
18 0.5322265625 0.2988281245283019 0.544921875 0.2885742188679245 0.544921875 0.2856445311320755 0.541015625 0.2768554688679245 0.5380859375 0.27246093773584906 0.5107421875 0.24609375 0.5048828125 0.24609375 0.5 0.2534179688679245 0.498046875 0.2592773433962264 0.498046875 0.2739257811320755 0.50390625 0.2885742188679245 0.5068359375 0.29296875 0.5126953125 0.2988281245283019 0.5205078125 0.30175781226415094 0.5244140625 0.30175781226415094 0.5322265625 0.2988281245283019
18 0.3857421875 0.2431640622641509 0.3818359375 0.24023437452830187 0.3720703125 0.24023437452830187 0.3544921875 0.2519531245283019 0.34765625 0.2622070311320755 0.34765625 0.2827148433962264 0.3505859375 0.2871093754716981 0.3623046875 0.2871093754716981 0.3779296875 0.28417968773584906 0.390625 0.2622070311320755 0.390625 0.2504882811320755 0.3857421875 0.2431640622641509
18 0.341796875 0.2622070311320755 0.3408203125 0.26074218773584906 0.3310546875 0.2578125 0.3271484375 0.2578125 0.3017578125 0.26074218773584906 0.2978515625 0.2636718754716981 0.294921875 0.2680664066037736 0.294921875 0.2827148433962264 0.2998046875 0.29003906226415094 0.3056640625 0.29589843773584906 0.3251953125 0.29589843773584906 0.3330078125 0.29296875 0.341796875 0.2827148433962264 0.341796875 0.2622070311320755
18 0.484375 0.3120117188679245 0.482421875 0.3061523433962264 0.4794921875 0.30175781226415094 0.4716796875 0.30175781226415094 0.4599609375 0.3046875 0.4560546875 0.30761718773584906 0.451171875 0.3149414066037736 0.44921875 0.3208007811320755 0.451171875 0.3266601566037736 0.4541015625 0.33105468773584906 0.4619140625 0.33105468773584906 0.4755859375 0.32519531226415094 0.4794921875 0.3222656245283019 0.484375 0.3149414066037736 0.484375 0.3120117188679245
18 0.5 0.3325195311320755 0.498046875 0.3237304688679245 0.4892578125 0.31347656226415094 0.4853515625 0.31347656226415094 0.482421875 0.3178710933962264 0.47265625 0.3471679688679245 0.47265625 0.3500976566037736 0.4814453125 0.3574218754716981 0.4853515625 0.3574218754716981 0.4912109375 0.35449218773584906 0.498046875 0.3442382811320755 0.5 0.3383789066037736 0.5 0.3325195311320755
18 0.5 0.3442382811320755 0.498046875 0.3500976566037736 0.498046875 0.3530273433962264 0.5 0.3618164066037736 0.5029296875 0.36621093773584906 0.5107421875 0.36621093773584906 0.517578125 0.3559570311320755 0.5048828125 0.33984375 0.5 0.3442382811320755
18 0.564453125 0.3852539066037736 0.564453125 0.3706054688679245 0.560546875 0.3559570311320755 0.5576171875 0.3515625 0.5537109375 0.3515625 0.5263671875 0.3808593754716981 0.5234375 0.3852539066037736 0.5234375 0.3969726566037736 0.5322265625 0.41015625 0.5361328125 0.41308593773584906 0.5478515625 0.41308593773584906 0.5537109375 0.41015625 0.560546875 0.3999023433962264 0.564453125 0.3852539066037736
18 0.521484375 0.3823242188679245 0.5185546875 0.37792968773584906 0.5146484375 0.375 0.5068359375 0.37207031226415094 0.5048828125 0.37207031226415094 0.5009765625 0.375 0.494140625 0.3852539066037736 0.501953125 0.4028320311320755 0.5048828125 0.40722656226415094 0.5087890625 0.40722656226415094 0.5146484375 0.4042968745283019 0.51953125 0.3969726566037736 0.521484375 0.3911132811320755 0.521484375 0.3823242188679245
18 0.5830078125 0.30175781226415094 0.5732421875 0.30761718773584906 0.5703125 0.3120117188679245 0.5703125 0.3237304688679245 0.5830078125 0.34277343773584906 0.5869140625 0.34277343773584906 0.59375 0.3325195311320755 0.59375 0.3149414066037736 0.5869140625 0.3046875 0.5830078125 0.30175781226415094
18 0.7119140625 0.46582031226415094 0.71484375 0.4614257811320755 0.716796875 0.4555664066037736 0.716796875 0.4438476566037736 0.712890625 0.4291992188679245 0.701171875 0.4086914066037736 0.6923828125 0.39550781226415094 0.6865234375 0.38964843773584906 0.6806640625 0.38671875 0.6767578125 0.38671875 0.6728515625 0.38964843773584906 0.666015625 0.3999023433962264 0.666015625 0.4145507811320755 0.66796875 0.4204101566037736 0.6875 0.4555664066037736 0.6923828125 0.4628906245283019 0.7001953125 0.46875 0.7080078125 0.46875 0.7119140625 0.46582031226415094
18 0.6015625 0.4438476566037736 0.6015625 0.4379882811320755 0.599609375 0.4321289066037736 0.5966796875 0.4277343745283019 0.5908203125 0.42480468773584906 0.5732421875 0.421875 0.5654296875 0.42480468773584906 0.560546875 0.4321289066037736 0.560546875 0.4409179688679245 0.5654296875 0.44824218773584906 0.5693359375 0.4511718745283019 0.5751953125 0.45410156226415094 0.5927734375 0.45410156226415094 0.5966796875 0.4511718745283019 0.6015625 0.4438476566037736
18 0.595703125 0.4760742188679245 0.59375 0.4702148433962264 0.5908203125 0.46582031226415094 0.5869140625 0.4628906245283019 0.5810546875 0.45996093773584906 0.5693359375 0.45996093773584906 0.568359375 0.4614257811320755 0.568359375 0.4731445311320755 0.5712890625 0.47753906226415094 0.5869140625 0.4863281245283018 0.5888671875 0.4863281245283018 0.5927734375 0.483398437735849 0.595703125 0.4790039066037736 0.595703125 0.4760742188679245
18 0.6484375 0.49951171886792456 0.6484375 0.4614257811320755 0.646484375 0.4555664066037736 0.6435546875 0.4511718745283019 0.6396484375 0.44824218773584906 0.6279296875 0.44824218773584906 0.62109375 0.4584960933962264 0.62109375 0.4643554688679245 0.625 0.48779296886792456 0.62890625 0.5024414066037736 0.6337890625 0.5097656245283019 0.6416015625 0.5097656245283019 0.6455078125 0.506835937735849 0.6484375 0.49951171886792456
18 0.6396484375 0.515625 0.6357421875 0.512695312264151 0.6142578125 0.512695312264151 0.6103515625 0.515625 0.607421875 0.5200195311320754 0.607421875 0.5317382811320754 0.6103515625 0.536132812264151 0.6142578125 0.5390625 0.6376953125 0.536132812264151 0.642578125 0.5288085933962264 0.642578125 0.5200195311320754 0.6396484375 0.515625
18 0.73828125 0.5346679688679246 0.7353515625 0.530273437735849 0.7314453125 0.530273437735849 0.724609375 0.5405273433962264 0.720703125 0.5522460933962264 0.71875 0.5639648433962264 0.71875 0.5756835933962264 0.7236328125 0.583007812264151 0.7314453125 0.583007812264151 0.736328125 0.5698242188679246 0.740234375 0.5463867188679246 0.740234375 0.5405273433962264 0.73828125 0.5346679688679246
18 0.65234375 0.6137695311320754 0.654296875 0.5991210933962264 0.654296875 0.5932617188679246 0.65234375 0.5844726566037736 0.6494140625 0.5800781245283019 0.6455078125 0.5800781245283019 0.6396484375 0.583007812264151 0.625 0.6137695311320754 0.623046875 0.6196289066037736 0.62109375 0.6284179688679246 0.62109375 0.6459960933962264 0.6220703125 0.647460937735849 0.6298828125 0.6503906245283019 0.6337890625 0.6503906245283019 0.6416015625 0.64453125 0.646484375 0.6342773433962264 0.65234375 0.6137695311320754
18 0.564453125 0.6225585933962264 0.564453125 0.6166992188679246 0.5625 0.6079101566037736 0.5595703125 0.6035156245283019 0.5556640625 0.600585937735849 0.5439453125 0.600585937735849 0.5244140625 0.612304687735849 0.5126953125 0.62109375 0.5078125 0.6284179688679246 0.505859375 0.6342773433962264 0.505859375 0.6401367188679246 0.5078125 0.6459960933962264 0.5126953125 0.653320312264151 0.5322265625 0.653320312264151 0.5537109375 0.641601562264151 0.5625 0.6284179688679246 0.564453125 0.6225585933962264
18 0.4072265625 0.5800781245283019 0.4033203125 0.577148437735849 0.3916015625 0.577148437735849 0.38671875 0.5844726566037736 0.388671875 0.5991210933962264 0.4111328125 0.6269531245283019 0.4189453125 0.6269531245283019 0.423828125 0.6196289066037736 0.423828125 0.6108398433962264 0.419921875 0.5991210933962264 0.4072265625 0.5800781245283019
18 0.443359375 0.5405273433962264 0.443359375 0.5317382811320754 0.4384765625 0.524414062264151 0.4169921875 0.506835937735849 0.4052734375 0.506835937735849 0.40234375 0.5112304688679246 0.40234375 0.5258789066037736 0.404296875 0.5346679688679246 0.4072265625 0.5390625 0.4248046875 0.55078125 0.4365234375 0.55078125 0.44140625 0.5463867188679246 0.443359375 0.5405273433962264
18 0.5390625 0.4555664066037736 0.5361328125 0.4511718745283019 0.5322265625 0.4511718745283019 0.5283203125 0.45410156226415094 0.51953125 0.4702148433962264 0.515625 0.4790039066037736 0.515625 0.4907226566037736 0.5185546875 0.4980468754716982 0.5244140625 0.4980468754716982 0.53515625 0.4819335933962264 0.541015625 0.4672851566037736 0.541015625 0.4614257811320755 0.5390625 0.4555664066037736
18 0.46484375 0.4643554688679245 0.46484375 0.4584960933962264 0.453125 0.4350585933962264 0.4482421875 0.4277343745283019 0.4404296875 0.421875 0.4384765625 0.421875 0.4345703125 0.42480468773584906 0.431640625 0.4291992188679245 0.431640625 0.4438476566037736 0.43359375 0.4497070311320755 0.4462890625 0.4746093745283019 0.4501953125 0.47753906226415094 0.4580078125 0.47753906226415094 0.462890625 0.4702148433962264 0.46484375 0.4643554688679245
18 0.4326171875 0.4746093745283019 0.4248046875 0.46875 0.4208984375 0.46875 0.4130859375 0.4746093745283019 0.41015625 0.4790039066037736 0.41015625 0.4907226566037736 0.412109375 0.49658203113207544 0.4150390625 0.500976562264151 0.4267578125 0.500976562264151 0.435546875 0.48779296886792456 0.435546875 0.4790039066037736 0.4326171875 0.4746093745283019
18 0.42578125 0.4438476566037736 0.42578125 0.4291992188679245 0.4208984375 0.421875 0.4169921875 0.41894531226415094 0.4111328125 0.41894531226415094 0.3916015625 0.43359375 0.3857421875 0.4394531245283019 0.3828125 0.4438476566037736 0.380859375 0.4497070311320755 0.380859375 0.4584960933962264 0.3828125 0.4643554688679245 0.3876953125 0.47167968773584906 0.3994140625 0.47167968773584906 0.4189453125 0.45703125 0.423828125 0.4497070311320755 0.42578125 0.4438476566037736
18 0.38671875 0.7485351566037736 0.38671875 0.7338867188679246 0.37890625 0.7133789066037736 0.3671875 0.6870117188679246 0.3623046875 0.6796875 0.3525390625 0.6738281245283019 0.3447265625 0.6738281245283019 0.333984375 0.6870117188679246 0.33203125 0.6928710933962264 0.33203125 0.7075195311320754 0.33984375 0.7309570311320754 0.3427734375 0.735351562264151 0.3662109375 0.76171875 0.3798828125 0.76171875 0.384765625 0.7543945311320754 0.38671875 0.7485351566037736
18 0.3515625 0.6225585933962264 0.361328125 0.5727539066037736 0.361328125 0.5698242188679246 0.357421875 0.5581054688679246 0.3525390625 0.55078125 0.3447265625 0.547851562264151 0.3388671875 0.55078125 0.33203125 0.5639648433962264 0.326171875 0.5815429688679246 0.322265625 0.5991210933962264 0.3203125 0.6108398433962264 0.3203125 0.6196289066037736 0.32421875 0.6372070311320754 0.3271484375 0.641601562264151 0.3310546875 0.64453125 0.3408203125 0.64453125 0.34765625 0.6342773433962264 0.3515625 0.6225585933962264
18 0.3203125 0.5932617188679246 0.318359375 0.5874023433962264 0.3134765625 0.5800781245283019 0.3076171875 0.5800781245283019 0.298828125 0.5932617188679246 0.294921875 0.6079101566037736 0.29296875 0.6196289066037736 0.29296875 0.6401367188679246 0.2978515625 0.647460937735849 0.3076171875 0.647460937735849 0.310546875 0.6430664066037736 0.314453125 0.6313476566037736 0.3203125 0.5991210933962264 0.3203125 0.5932617188679246
18 0.345703125 0.5200195311320754 0.345703125 0.5141601566037736 0.337890625 0.4819335933962264 0.333984375 0.4731445311320755 0.3291015625 0.46582031226415094 0.3251953125 0.4628906245283019 0.3232421875 0.4628906245283019 0.3193359375 0.46582031226415094 0.314453125 0.4731445311320755 0.314453125 0.4936523433962264 0.318359375 0.5229492188679246 0.3271484375 0.536132812264151 0.3349609375 0.536132812264151 0.3388671875 0.5332031245283019 0.34375 0.5258789066037736 0.345703125 0.5200195311320754
18 0.322265625 0.4438476566037736 0.330078125 0.4174804688679245 0.330078125 0.4145507811320755 0.318359375 0.3618164066037736 0.30859375 0.3442382811320755 0.3037109375 0.33984375 0.2919921875 0.3515625 0.2890625 0.3559570311320755 0.287109375 0.3618164066037736 0.28515625 0.3706054688679245 0.28515625 0.3764648433962264 0.287109375 0.3940429688679245 0.29296875 0.4291992188679245 0.2998046875 0.44824218773584906 0.3056640625 0.45410156226415094 0.3154296875 0.45410156226415094 0.322265625 0.4438476566037736
18 0.2646484375 0.4980468754716982 0.2685546875 0.495117187735849 0.275390625 0.4819335933962264 0.28125 0.4614257811320755 0.28125 0.4555664066037736 0.279296875 0.4497070311320755 0.2646484375 0.43066406226415094 0.2607421875 0.4277343745283019 0.2451171875 0.4277343745283019 0.2412109375 0.43066406226415094 0.2333984375 0.4394531245283019 0.23046875 0.4467773433962264 0.228515625 0.4614257811320755 0.228515625 0.4702148433962264 0.23046875 0.4790039066037736 0.234375 0.48779296886792456 0.2392578125 0.495117187735849 0.2470703125 0.500976562264151 0.2529296875 0.500976562264151 0.2646484375 0.4980468754716982
13 0.484375 0.6987304688679246 0.486328125 0.6899414066037736 0.486328125 0.6811523433962264 0.4658203125 0.659179687735849 0.4345703125 0.665039062264151 0.4296875 0.6723632811320754 0.427734375 0.6782226566037736 0.423828125 0.6987304688679246 0.4287109375 0.706054687735849 0.4384765625 0.71484375 0.4462890625 0.717773437735849 0.4560546875 0.717773437735849 0.4716796875 0.711914062264151 0.4794921875 0.706054687735849 0.484375 0.6987304688679246
14 0.3076171875 0.659179687735849 0.306640625 0.6606445311320754 0.2890625 0.6899414066037736 0.2890625 0.6928710933962264 0.2919921875 0.6972656245283019 0.2978515625 0.6972656245283019 0.3095703125 0.688476562264151 0.32421875 0.6723632811320754 0.3134765625 0.659179687735849 0.3076171875 0.659179687735849
14 0.384765625 0.6752929688679246 0.3798828125 0.66796875 0.3701171875 0.66796875 0.36328125 0.6782226566037736 0.36328125 0.6811523433962264 0.3642578125 0.682617187735849 0.3681640625 0.6855468754716981 0.3701171875 0.6855468754716981 0.3837890625 0.682617187735849 0.384765625 0.6811523433962264 0.384765625 0.6752929688679246
14 0.4482421875 0.559570312264151 0.4345703125 0.57421875 0.427734375 0.5844726566037736 0.427734375 0.5874023433962264 0.4306640625 0.5917968754716981 0.4423828125 0.59765625 0.4453125 0.5932617188679246 0.453125 0.5756835933962264 0.453125 0.5668945311320754 0.4482421875 0.559570312264151
14 0.439453125 0.4614257811320755 0.4345703125 0.45410156226415094 0.4326171875 0.45410156226415094 0.431640625 0.4555664066037736 0.431640625 0.4643554688679245 0.435546875 0.48486328113207544 0.4423828125 0.495117187735849 0.4501953125 0.4980468754716982 0.451171875 0.49658203113207544 0.451171875 0.4907226566037736 0.439453125 0.4614257811320755
14 0.6474609375 0.64453125 0.6435546875 0.64453125 0.6328125 0.6577148433962264 0.630859375 0.6665039066037736 0.630859375 0.6782226566037736 0.6357421875 0.6855468754716981 0.6396484375 0.6855468754716981 0.640625 0.6840820311320754 0.6484375 0.6489257811320754 0.6484375 0.6459960933962264 0.6474609375 0.64453125
14 0.7060546875 0.57421875 0.6982421875 0.5800781245283019 0.6953125 0.5844726566037736 0.6982421875 0.588867187735849 0.7236328125 0.594726562264151 0.7275390625 0.594726562264151 0.728515625 0.5932617188679246 0.728515625 0.5844726566037736 0.7177734375 0.57421875 0.7060546875 0.57421875
14 0.6962890625 0.618164062264151 0.6943359375 0.618164062264151 0.69140625 0.6225585933962264 0.69140625 0.6342773433962264 0.6982421875 0.64453125 0.7099609375 0.653320312264151 0.7138671875 0.653320312264151 0.716796875 0.6489257811320754 0.71875 0.6430664066037736 0.6962890625 0.618164062264151
14 0.6708984375 0.5859375 0.669921875 0.5874023433962264 0.66796875 0.5932617188679246 0.6787109375 0.606445312264151 0.6904296875 0.612304687735849 0.69140625 0.6108398433962264 0.69140625 0.6020507811320754 0.6904296875 0.600585937735849 0.6767578125 0.5859375 0.6708984375 0.5859375
14 0.6689453125 0.594726562264151 0.6669921875 0.594726562264151 0.6640625 0.5991210933962264 0.6640625 0.6079101566037736 0.6728515625 0.624023437735849 0.6845703125 0.618164062264151 0.685546875 0.6166992188679246 0.685546875 0.6137695311320754 0.6826171875 0.609375 0.6689453125 0.594726562264151
14 0.48046875 0.18017578113207547 0.4736328125 0.16992187547169813 0.47265625 0.17138671886792453 0.470703125 0.18017578113207547 0.470703125 0.1889648433962264 0.474609375 0.2094726566037736 0.4755859375 0.2109375 0.4833984375 0.21386718773584906 0.4892578125 0.21386718773584906 0.4921875 0.2094726566037736 0.48046875 0.18017578113207547
14 0.49609375 0.19482421886792453 0.4951171875 0.19335937547169813 0.4892578125 0.19335937547169813 0.486328125 0.1977539066037736 0.48828125 0.23876953113207547 0.4892578125 0.24023437452830187 0.4931640625 0.24023437452830187 0.4970703125 0.23730468773584906 0.5 0.22998046886792453 0.501953125 0.2124023433962264 0.49609375 0.19482421886792453
14 0.6279296875 0.16992187547169813 0.6201171875 0.17578125 0.6171875 0.18017578113207547 0.61328125 0.19482421886792453 0.61328125 0.20654296886792453 0.6181640625 0.21386718773584906 0.6201171875 0.21386718773584906 0.63671875 0.18017578113207547 0.63671875 0.1743164066037736 0.6318359375 0.16992187547169813 0.6279296875 0.16992187547169813
1 0.384765625 0.2094726566037736 0.392578125 0.1860351566037736 0.392578125 0.16845703113207547 0.390625 0.1625976566037736 0.3876953125 0.15820312452830187 0.3779296875 0.15820312452830187 0.341796875 0.1977539066037736 0.33984375 0.21533203113207547 0.341796875 0.2211914066037736 0.3447265625 0.22558593773584906 0.3486328125 0.22851562452830187 0.3623046875 0.22851562452830187 0.3779296875 0.22265625 0.380859375 0.21826171886792453 0.384765625 0.2094726566037736
5 0.7314453125 0.33984375 0.767578125 0.2709960933962264 0.7626953125 0.2636718754716981 0.7177734375 0.21679687452830187 0.6982421875 0.21679687452830187 0.6796875 0.22998046886792453 0.677734375 0.2358398433962264 0.677734375 0.23876953113207547 0.681640625 0.2622070311320755 0.6875 0.2856445311320755 0.697265625 0.3090820311320755 0.7119140625 0.33984375 0.7197265625 0.34277343773584906 0.7314453125 0.33984375
18 0.6806640625 0.2109375 0.6767578125 0.2109375 0.671875 0.21826171886792453 0.66796875 0.22998046886792453 0.66796875 0.2416992188679245 0.6708984375 0.24609375 0.6748046875 0.2431640622641509 0.677734375 0.23876953113207547 0.68359375 0.2241210933962264 0.68359375 0.21533203113207547 0.6806640625 0.2109375
18 0.6376953125 0.565429687735849 0.6337890625 0.5625 0.6318359375 0.5625 0.6220703125 0.5683593754716981 0.62109375 0.5698242188679246 0.62109375 0.5815429688679246 0.6240234375 0.5859375 0.6318359375 0.588867187735849 0.6376953125 0.5859375 0.640625 0.5815429688679246 0.640625 0.5698242188679246 0.6376953125 0.565429687735849
16 0.49609375 0.4790039066037736 0.4951171875 0.47753906226415094 0.4755859375 0.47167968773584906 0.4697265625 0.47167968773584906 0.466796875 0.4760742188679245 0.466796875 0.4819335933962264 0.4716796875 0.489257812264151 0.4755859375 0.4921875 0.4794921875 0.4921875 0.4912109375 0.4863281245283018 0.49609375 0.4819335933962264 0.49609375 0.4790039066037736
18 0.748046875 0.5112304688679246 0.7412109375 0.500976562264151 0.7333984375 0.495117187735849 0.7314453125 0.495117187735849 0.7236328125 0.500976562264151 0.72265625 0.5024414066037736 0.72265625 0.5083007811320754 0.7236328125 0.5097656245283019 0.7490234375 0.5390625 0.751953125 0.5346679688679246 0.751953125 0.5258789066037736 0.75 0.5170898433962264 0.748046875 0.5112304688679246
20 0.6611328125 0.653320312264151 0.6552734375 0.6503906245283019 0.6513671875 0.6503906245283019 0.650390625 0.6518554688679246 0.64453125 0.6752929688679246 0.642578125 0.6840820311320754 0.64453125 0.7016601566037736 0.6455078125 0.703125 0.6689453125 0.6972656245283019 0.669921875 0.6958007811320754 0.669921875 0.6928710933962264 0.662109375 0.6547851566037736 0.6611328125 0.653320312264151
20 0.43359375 0.22705078113207547 0.4267578125 0.21679687452830187 0.4169921875 0.21679687452830187 0.416015625 0.21826171886792453 0.4140625 0.2241210933962264 0.4140625 0.2446289066037736 0.416015625 0.2534179688679245 0.4208984375 0.2578125 0.4267578125 0.2578125 0.4375 0.2416992188679245 0.435546875 0.2329101566037736 0.43359375 0.22705078113207547
20 0.4033203125 0.21386718773584906 0.3974609375 0.21386718773584906 0.390625 0.2241210933962264 0.390625 0.23876953113207547 0.3935546875 0.2431640622641509 0.4013671875 0.2431640622641509 0.404296875 0.23876953113207547 0.40625 0.2329101566037736 0.40625 0.21826171886792453 0.4033203125 0.21386718773584906
11 0.5068359375 0.14941406226415094 0.5009765625 0.15234375 0.5 0.1538085933962264 0.5 0.15673828113207547 0.5029296875 0.16113281226415094 0.5146484375 0.16113281226415094 0.515625 0.15966796886792453 0.515625 0.1538085933962264 0.5107421875 0.14941406226415094 0.5068359375 0.14941406226415094
13 0.439453125 0.2944335933962264 0.4345703125 0.2871093754716981 0.4287109375 0.2871093754716981 0.423828125 0.2915039066037736 0.421875 0.2973632811320755 0.421875 0.3032226566037736 0.4248046875 0.3105468754716981 0.4287109375 0.31347656226415094 0.4404296875 0.31347656226415094 0.44140625 0.3120117188679245 0.44140625 0.3032226566037736 0.439453125 0.2944335933962264
9 0.40625 0.2651367188679245 0.4052734375 0.2636718754716981 0.4033203125 0.2636718754716981 0.400390625 0.2680664066037736 0.40234375 0.2827148433962264 0.404296875 0.2915039066037736 0.4072265625 0.29589843773584906 0.4091796875 0.29589843773584906 0.412109375 0.2915039066037736 0.412109375 0.2885742188679245 0.40625 0.2651367188679245
9 0.6689453125 0.12011718773584906 0.6650390625 0.12011718773584906 0.6640625 0.12158203113207545 0.66015625 0.13330078113207547 0.66015625 0.1391601566037736 0.6611328125 0.140625 0.6669921875 0.140625 0.669921875 0.13623046886792453 0.671875 0.1303710933962264 0.671875 0.12451171886792455 0.6689453125 0.12011718773584906
9 0.5068359375 0.15820312452830187 0.5029296875 0.16113281226415094 0.5 0.1655273433962264 0.5 0.16845703113207547 0.5029296875 0.17285156226415094 0.5126953125 0.17285156226415094 0.515625 0.16845703113207547 0.515625 0.1625976566037736 0.5107421875 0.15820312452830187 0.5068359375 0.15820312452830187
9 0.6728515625 0.3515625 0.6689453125 0.3515625 0.6640625 0.3588867188679245 0.6640625 0.3735351566037736 0.6669921875 0.37792968773584906 0.6689453125 0.37792968773584906 0.669921875 0.3764648433962264 0.673828125 0.3618164066037736 0.673828125 0.3530273433962264 0.6728515625 0.3515625