18 0.431640625 0.15966796886792453 0.431640625 0.15673828113207547 0.4296875 0.1508789066037736 0.4248046875 0.14648437547169813 0.4189453125 0.14648437547169813 0.4130859375 0.14941406226415094 0.4013671875 0.15820312452830187 0.392578125 0.17138671886792453 0.392578125 0.1772460933962264 0.3974609375 0.18457031226415094 0.4013671875 0.1875 0.4091796875 0.18457031226415094 0.4248046875 0.17285156226415094 0.4296875 0.1655273433962264 0.431640625 0.15966796886792453
18 0.5087890625 0.19628906226415094 0.509765625 0.19482421886792453 0.51171875 0.1860351566037736 0.51171875 0.18017578113207547 0.509765625 0.17138671886792453 0.5048828125 0.1640625 0.5009765625 0.16113281226415094 0.4892578125 0.16113281226415094 0.4677734375 0.17285156226415094 0.4619140625 0.17871093773584906 0.455078125 0.1889648433962264 0.455078125 0.20361328113207547 0.4619140625 0.21386718773584906 0.4658203125 0.21679687452830187 0.4755859375 0.21679687452830187 0.4951171875 0.20800781226415094 0.5029296875 0.20214843773584906 0.5087890625 0.19628906226415094
18 0.591796875 0.2094726566037736 0.59375 0.2006835933962264 0.59375 0.19189453113207547 0.5908203125 0.1875 0.5732421875 0.17285156226415094 0.5556640625 0.16699218773584906 0.5478515625 0.16992187547169813 0.541015625 0.18017578113207547 0.541015625 0.1860351566037736 0.54296875 0.19189453113207547 0.5458984375 0.19628906226415094 0.5517578125 0.20214843773584906 0.5771484375 0.21386718773584906 0.5888671875 0.21386718773584906 0.591796875 0.2094726566037736
18 0.65625 0.2446289066037736 0.658203125 0.2329101566037736 0.658203125 0.21826171886792453 0.65625 0.2094726566037736 0.654296875 0.20361328113207547 0.6474609375 0.19335937547169813 0.6435546875 0.19042968773584906 0.6337890625 0.19042968773584906 0.6298828125 0.19335937547169813 0.623046875 0.2094726566037736 0.6171875 0.2446289066037736 0.6171875 0.2592773433962264 0.619140625 0.2680664066037736 0.6259765625 0.27832031226415094 0.6416015625 0.27832031226415094 0.650390625 0.2651367188679245 0.654296875 0.2534179688679245 0.65625 0.2446289066037736
18 0.4921875 0.2563476566037736 0.490234375 0.2504882811320755 0.4873046875 0.24609375 0.4716796875 0.23144531226415094 0.4619140625 0.23144531226415094 0.4609375 0.2329101566037736 0.458984375 0.23876953113207547 0.458984375 0.2475585933962264 0.4677734375 0.26074218773584906 0.4736328125 0.26660156226415094 0.4794921875 0.26953125 0.4853515625 0.26953125 0.490234375 0.2651367188679245 0.4921875 0.2563476566037736
18 0.3720703125 0.29589843773584906 0.3759765625 0.29296875 0.380859375 0.2856445311320755 0.3828125 0.2768554688679245 0.3828125 0.2651367188679245 0.380859375 0.2592773433962264 0.3681640625 0.24023437452830187 0.3603515625 0.23144531226415094 0.3544921875 0.22558593773584906 0.3447265625 0.21972656226415094 0.3291015625 0.21972656226415094 0.3251953125 0.22265625 0.322265625 0.22705078113207547 0.31640625 0.2446289066037736 0.31640625 0.2475585933962264 0.3203125 0.2592773433962264 0.3271484375 0.26953125 0.3427734375 0.28417968773584906 0.3544921875 0.29296875 0.3603515625 0.29589843773584906 0.3720703125 0.29589843773584906
18 0.5859375 0.3793945311320755 0.5859375 0.3618164066037736 0.5810546875 0.35449218773584906 0.5771484375 0.3515625 0.5673828125 0.3515625 0.5478515625 0.37207031226415094 0.537109375 0.3881835933962264 0.537109375 0.4028320311320755 0.5419921875 0.41015625 0.5458984375 0.41308593773584906 0.5517578125 0.41308593773584906 0.5615234375 0.40722656226415094 0.5791015625 0.38964843773584906 0.5859375 0.3793945311320755
18 0.4052734375 0.4453125 0.41015625 0.4379882811320755 0.41015625 0.4204101566037736 0.4072265625 0.4160156245283019 0.3974609375 0.40722656226415094 0.3837890625 0.4042968745283019 0.3642578125 0.4042968745283019 0.3603515625 0.40722656226415094 0.353515625 0.4174804688679245 0.353515625 0.4262695311320755 0.35546875 0.4321289066037736 0.3603515625 0.4394531245283019 0.3642578125 0.44238281226415094 0.3818359375 0.44824218773584906 0.3994140625 0.44824218773584906 0.4052734375 0.4453125
18 0.314453125 0.4028320311320755 0.30859375 0.3793945311320755 0.3046875 0.3706054688679245 0.2998046875 0.36328125 0.2939453125 0.36328125 0.2890625 0.3706054688679245 0.287109375 0.3764648433962264 0.287109375 0.3911132811320755 0.291015625 0.4057617188679245 0.296875 0.4233398433962264 0.3017578125 0.4277343745283019 0.3095703125 0.4277343745283019 0.314453125 0.4204101566037736 0.314453125 0.4028320311320755
18 0.515625 0.4672851566037736 0.515625 0.4438476566037736 0.5078125 0.4204101566037736 0.4970703125 0.4042968745283019 0.4931640625 0.40136718773584906 0.4892578125 0.40136718773584906 0.4853515625 0.4042968745283019 0.482421875 0.4086914066037736 0.478515625 0.4204101566037736 0.478515625 0.4262695311320755 0.49609375 0.4643554688679245 0.5009765625 0.47167968773584906 0.5048828125 0.4746093745283019 0.5068359375 0.4746093745283019 0.5146484375 0.46875 0.515625 0.4672851566037736
18 0.6875 0.5463867188679246 0.6875 0.5375976566037736 0.685546875 0.5170898433962264 0.681640625 0.5053710933962264 0.669921875 0.4760742188679245 0.6669921875 0.47167968773584906 0.6630859375 0.46875 0.6552734375 0.46875 0.65234375 0.4731445311320755 0.650390625 0.4790039066037736 0.650390625 0.4907226566037736 0.65234375 0.49951171886792456 0.6640625 0.5375976566037736 0.6748046875 0.553710937735849 0.6767578125 0.553710937735849 0.6865234375 0.547851562264151 0.6875 0.5463867188679246
18 0.7783203125 0.5800781245283019 0.78515625 0.5698242188679246 0.787109375 0.5639648433962264 0.787109375 0.5463867188679246 0.7822265625 0.5390625 0.7685546875 0.5390625 0.7490234375 0.559570312264151 0.73828125 0.5756835933962264 0.73828125 0.5874023433962264 0.740234375 0.5932617188679246 0.7431640625 0.59765625 0.7470703125 0.600585937735849 0.7548828125 0.600585937735849 0.7646484375 0.594726562264151 0.7783203125 0.5800781245283019
18 0.7001953125 0.741210937735849 0.70703125 0.7309570311320754 0.708984375 0.7221679688679246 0.708984375 0.6782226566037736 0.70703125 0.6665039066037736 0.705078125 0.6606445311320754 0.6962890625 0.647460937735849 0.6904296875 0.64453125 0.6806640625 0.6503906245283019 0.673828125 0.6606445311320754 0.673828125 0.7104492188679246 0.67578125 0.7250976566037736 0.677734375 0.7338867188679246 0.6826171875 0.741210937735849 0.6865234375 0.7441406245283019 0.6943359375 0.7441406245283019 0.7001953125 0.741210937735849
18 0.6484375 0.6459960933962264 0.650390625 0.6401367188679246 0.650390625 0.6313476566037736 0.6484375 0.6225585933962264 0.64453125 0.6137695311320754 0.6259765625 0.583007812264151 0.6181640625 0.577148437735849 0.6162109375 0.577148437735849 0.6103515625 0.5800781245283019 0.607421875 0.5844726566037736 0.60546875 0.5903320311320754 0.60546875 0.5991210933962264 0.611328125 0.6166992188679246 0.62109375 0.6401367188679246 0.6279296875 0.6503906245283019 0.6357421875 0.65625 0.6416015625 0.65625 0.6484375 0.6459960933962264
18 0.484375 0.6137695311320754 0.484375 0.5932617188679246 0.478515625 0.5668945311320754 0.474609375 0.5551757811320754 0.4697265625 0.547851562264151 0.4658203125 0.5449218754716981 0.4580078125 0.5449218754716981 0.455078125 0.5493164066037736 0.451171875 0.5610351566037736 0.451171875 0.5639648433962264 0.45703125 0.6020507811320754 0.458984375 0.6079101566037736 0.4658203125 0.62109375 0.4755859375 0.6269531245283019 0.4794921875 0.624023437735849 0.484375 0.6137695311320754
18 0.353515625 0.5229492188679246 0.353515625 0.5112304688679246 0.3505859375 0.50390625 0.3427734375 0.4980468754716982 0.3388671875 0.4980468754716982 0.3349609375 0.500976562264151 0.328125 0.5112304688679246 0.3203125 0.5258789066037736 0.31640625 0.5375976566037736 0.31640625 0.5493164066037736 0.318359375 0.5551757811320754 0.3212890625 0.559570312264151 0.3310546875 0.559570312264151 0.3408203125 0.547851562264151 0.349609375 0.5317382811320754 0.353515625 0.5229492188679246
18 0.2900390625 0.57421875 0.294921875 0.5668945311320754 0.296875 0.5610351566037736 0.296875 0.5463867188679246 0.29296875 0.5229492188679246 0.28515625 0.49658203113207544 0.28125 0.48779296886792456 0.2744140625 0.47753906226415094 0.2666015625 0.47167968773584906 0.2646484375 0.47167968773584906 0.25390625 0.4819335933962264 0.25 0.4936523433962264 0.25 0.5083007811320754 0.255859375 0.5375976566037736 0.265625 0.5610351566037736 0.2744140625 0.57421875 0.2783203125 0.577148437735849 0.2861328125 0.577148437735849 0.2900390625 0.57421875
18 0.39453125 0.7602539066037736 0.39453125 0.7543945311320754 0.392578125 0.7485351566037736 0.3857421875 0.741210937735849 0.3642578125 0.7324218754716981 0.3544921875 0.7324218754716981 0.34765625 0.7426757811320754 0.34765625 0.7514648433962264 0.3544921875 0.76171875 0.3623046875 0.7675781245283019 0.3720703125 0.770507812264151 0.3896484375 0.770507812264151 0.392578125 0.7661132811320754 0.39453125 0.7602539066037736
18 0.4404296875 0.805664062264151 0.443359375 0.8012695311320754 0.447265625 0.7895507811320754 0.44921875 0.7631835933962264 0.44921875 0.7514648433962264 0.447265625 0.7338867188679246 0.4453125 0.7250976566037736 0.4404296875 0.717773437735849 0.4365234375 0.71484375 0.4287109375 0.71484375 0.4248046875 0.717773437735849 0.419921875 0.7250976566037736 0.41796875 0.7338867188679246 0.416015625 0.7543945311320754 0.416015625 0.7866210933962264 0.41796875 0.7954101566037736 0.419921875 0.8012695311320754 0.4228515625 0.805664062264151 0.4306640625 0.80859375 0.4365234375 0.80859375 0.4404296875 0.805664062264151
18 0.541015625 0.7778320311320754 0.541015625 0.7573242188679246 0.5380859375 0.75 0.5205078125 0.741210937735849 0.5068359375 0.741210937735849 0.501953125 0.7485351566037736 0.5 0.7573242188679246 0.5 0.7661132811320754 0.501953125 0.7719726566037736 0.5107421875 0.78515625 0.5185546875 0.7910156245283019 0.5302734375 0.7910156245283019 0.5341796875 0.788085937735849 0.541015625 0.7778320311320754
18 0.591796875 0.7397460933962264 0.595703125 0.7163085933962264 0.59765625 0.6987304688679246 0.59765625 0.6899414066037736 0.595703125 0.6782226566037736 0.5927734375 0.6738281245283019 0.5830078125 0.66796875 0.5771484375 0.66796875 0.5732421875 0.670898437735849 0.56640625 0.6811523433962264 0.564453125 0.6899414066037736 0.564453125 0.7397460933962264 0.56640625 0.7456054688679246 0.5712890625 0.752929687735849 0.5771484375 0.7558593754716981 0.5869140625 0.75 0.58984375 0.7456054688679246 0.591796875 0.7397460933962264
14 0.5341796875 0.234375 0.5302734375 0.234375 0.529296875 0.2358398433962264 0.529296875 0.2592773433962264 0.5380859375 0.2753906245283019 0.5458984375 0.2753906245283019 0.546875 0.2739257811320755 0.546875 0.2709960933962264 0.5390625 0.23876953113207547 0.5341796875 0.234375
14 0.2880859375 0.33105468773584906 0.2685546875 0.34863281226415094 0.263671875 0.3559570311320755 0.2685546875 0.36621093773584906 0.2724609375 0.36621093773584906 0.2841796875 0.3574218754716981 0.296875 0.3383789066037736 0.296875 0.3325195311320755 0.2939453125 0.328125 0.2880859375 0.33105468773584906
14 0.7392578125 0.612304687735849 0.7373046875 0.612304687735849 0.7333984375 0.6152343754716981 0.73046875 0.6196289066037736 0.732421875 0.6577148433962264 0.7333984375 0.659179687735849 0.7548828125 0.659179687735849 0.7587890625 0.65625 0.76171875 0.6518554688679246 0.7470703125 0.62109375 0.7392578125 0.612304687735849
14 0.68359375 0.6342773433962264 0.6884765625 0.6386718754716981 0.6923828125 0.6386718754716981 0.70703125 0.6166992188679246 0.6845703125 0.583007812264151 0.68359375 0.5844726566037736 0.68359375 0.6342773433962264
14 0.3681640625 0.559570312264151 0.3671875 0.5610351566037736 0.3671875 0.5668945311320754 0.3837890625 0.59765625 0.392578125 0.5786132811320754 0.3896484375 0.57421875 0.3759765625 0.559570312264151 0.3720703125 0.5566406245283019 0.3681640625 0.559570312264151
14 0.4169921875 0.6269531245283019 0.416015625 0.6284179688679246 0.412109375 0.6459960933962264 0.412109375 0.6489257811320754 0.4169921875 0.659179687735849 0.419921875 0.6547851566037736 0.427734375 0.6342773433962264 0.427734375 0.6313476566037736 0.4228515625 0.624023437735849 0.4169921875 0.6269531245283019
14 0.361328125 0.3061523433962264 0.3564453125 0.30175781226415094 0.3447265625 0.2988281245283019 0.3427734375 0.2988281245283019 0.3388671875 0.30175781226415094 0.333984375 0.3090820311320755 0.333984375 0.3120117188679245 0.3466796875 0.33105468773584906 0.3544921875 0.33105468773584906 0.357421875 0.3266601566037736 0.359375 0.3208007811320755 0.361328125 0.3120117188679245 0.361328125 0.3061523433962264
14 0.3515625 0.8364257811320754 0.3447265625 0.829101562264151 0.3369140625 0.823242187735849 0.3310546875 0.8203125 0.3271484375 0.8203125 0.326171875 0.8217773433962264 0.326171875 0.8334960933962264 0.328125 0.8393554688679246 0.3310546875 0.84375 0.3427734375 0.852539062264151 0.3486328125 0.852539062264151 0.353515625 0.8452148433962264 0.3515625 0.8364257811320754
14 0.7138671875 0.41894531226415094 0.7001953125 0.42480468773584906 0.69921875 0.4262695311320755 0.697265625 0.4321289066037736 0.697265625 0.4379882811320755 0.6982421875 0.4394531245283019 0.7060546875 0.44238281226415094 0.7080078125 0.44238281226415094 0.7177734375 0.43359375 0.720703125 0.4291992188679245 0.7138671875 0.41894531226415094
3 0.33984375 0.6665039066037736 0.333984375 0.6489257811320754 0.3056640625 0.5917968754716981 0.3017578125 0.594726562264151 0.2890625 0.6108398433962264 0.279296875 0.6313476566037736 0.279296875 0.6752929688679246 0.2900390625 0.6855468754716981 0.3212890625 0.694335937735849 0.3232421875 0.694335937735849 0.3271484375 0.69140625 0.33984375 0.6723632811320754 0.33984375 0.6665039066037736
14 0.4189453125 0.536132812264151 0.4052734375 0.536132812264151 0.4013671875 0.5390625 0.3984375 0.5434570311320754 0.396484375 0.5522460933962264 0.3974609375 0.553710937735849 0.4033203125 0.5566406245283019 0.4130859375 0.5566406245283019 0.4208984375 0.55078125 0.423828125 0.5463867188679246 0.423828125 0.5434570311320754 0.4189453125 0.536132812264151
1 0.55859375 0.5903320311320754 0.55859375 0.5786132811320754 0.5546875 0.5639648433962264 0.5458984375 0.55078125 0.5419921875 0.55078125 0.541015625 0.5522460933962264 0.5390625 0.5581054688679246 0.5390625 0.5991210933962264 0.5419921875 0.6035156245283019 0.5458984375 0.606445312264151 0.5478515625 0.606445312264151 0.5517578125 0.6035156245283019 0.556640625 0.5961914066037736 0.55859375 0.5903320311320754
20 0.3740234375 0.16992187547169813 0.3701171875 0.16699218773584906 0.3662109375 0.16699218773584906 0.3583984375 0.17285156226415094 0.353515625 0.18310546886792453 0.3515625 0.1889648433962264 0.3515625 0.19482421886792453 0.3525390625 0.19628906226415094 0.3603515625 0.19921875 0.3681640625 0.19628906226415094 0.376953125 0.18310546886792453 0.376953125 0.1743164066037736 0.3740234375 0.16992187547169813
20 0.4208984375 0.24023437452830187 0.4033203125 0.234375 0.3955078125 0.23730468773584906 0.390625 0.2446289066037736 0.388671875 0.2534179688679245 0.390625 0.2622070311320755 0.3935546875 0.26660156226415094 0.3974609375 0.26953125 0.4091796875 0.26953125 0.4208984375 0.26660156226415094 0.431640625 0.2534179688679245 0.4208984375 0.24023437452830187
20 0.451171875 0.3090820311320755 0.4482421875 0.3046875 0.4443359375 0.30175781226415094 0.4404296875 0.30175781226415094 0.4365234375 0.3046875 0.431640625 0.3120117188679245 0.4296875 0.3178710933962264 0.421875 0.3500976566037736 0.4365234375 0.3691406245283019 0.4384765625 0.3691406245283019 0.4423828125 0.36621093773584906 0.4453125 0.3618164066037736 0.453125 0.3266601566037736 0.453125 0.3149414066037736 0.451171875 0.3090820311320755
20 0.630859375 0.4379882811320755 0.630859375 0.4350585933962264 0.626953125 0.4262695311320755 0.6259765625 0.42480468773584906 0.6201171875 0.421875 0.6123046875 0.42480468773584906 0.6005859375 0.43359375 0.591796875 0.4467773433962264 0.591796875 0.4584960933962264 0.5986328125 0.46875 0.6083984375 0.46875 0.6123046875 0.46582031226415094 0.6220703125 0.45410156226415094 0.62890625 0.4438476566037736 0.630859375 0.4379882811320755
20 0.607421875 0.5229492188679246 0.603515625 0.5024414066037736 0.5986328125 0.4921875 0.5869140625 0.48046875 0.5859375 0.4819335933962264 0.583984375 0.4907226566037736 0.583984375 0.5258789066037736 0.587890625 0.5375976566037736 0.5927734375 0.5449218754716981 0.6005859375 0.5449218754716981 0.60546875 0.5375976566037736 0.607421875 0.5288085933962264 0.607421875 0.5229492188679246
20 0.40234375 0.6547851566037736 0.392578125 0.6137695311320754 0.3916015625 0.612304687735849 0.3876953125 0.612304687735849 0.375 0.6313476566037736 0.375 0.6547851566037736 0.376953125 0.6635742188679246 0.3779296875 0.665039062264151 0.3935546875 0.676757812264151 0.3994140625 0.676757812264151 0.40234375 0.6694335933962264 0.40234375 0.6547851566037736
20 0.3935546875 0.500976562264151 0.3798828125 0.495117187735849 0.3720703125 0.495117187735849 0.37109375 0.49658203113207544 0.365234375 0.5112304688679246 0.365234375 0.5288085933962264 0.3662109375 0.530273437735849 0.3916015625 0.52734375 0.396484375 0.5229492188679246 0.3984375 0.5141601566037736 0.396484375 0.5053710933962264 0.3935546875 0.500976562264151
20 0.71484375 0.3999023433962264 0.7138671875 0.3984375 0.6943359375 0.3984375 0.6865234375 0.40136718773584906 0.6650390625 0.41308593773584906 0.6640625 0.4145507811320755 0.6650390625 0.4160156245283019 0.6845703125 0.43359375 0.6904296875 0.43359375 0.7138671875 0.41894531226415094 0.71484375 0.4174804688679245 0.716796875 0.4086914066037736 0.71484375 0.3999023433962264
2 0.7041015625 0.36035156226415094 0.7138671875 0.3515625 0.728515625 0.3295898433962264 0.728515625 0.3237304688679245 0.7255859375 0.31933593773584906 0.6240234375 0.3105468754716981 0.623046875 0.3120117188679245 0.623046875 0.3178710933962264 0.6259765625 0.32519531226415094 0.6552734375 0.35449218773584906 0.6689453125 0.36328125 0.6787109375 0.36621093773584906 0.6904296875 0.36621093773584906 0.7041015625 0.36035156226415094
11 0.5234375 0.49658203113207544 0.52618354125 0.5026079952830188 0.5361328125 0.5097656245283019 0.5390625 0.5053710933962264 0.5341796875 0.4980468754716982 0.5302734375 0.495117187735849 0.5244140625 0.495117187735849 0.5234375 0.49658203113207544
14 0.4716796875 0.35449218773584906 0.470703125 0.3559570311320755 0.470703125 0.3764648433962264 0.4775390625 0.38671875 0.4794921875 0.38671875 0.486328125 0.3764648433962264 0.48046875 0.3618164066037736 0.4755859375 0.35449218773584906 0.4716796875 0.35449218773584906