21 0.59375 0.2358398433962264 0.5927734375 0.234375 0.5537109375 0.19628906226415094 0.5419921875 0.1875 0.5048828125 0.18164062452830187 0.4990234375 0.1875 0.4814453125 0.2109375 0.470703125 0.22705078113207547 0.46875 0.2329101566037736 0.46875 0.2446289066037736 0.4833984375 0.2636718754716981 0.5634765625 0.30761718773584906 0.5693359375 0.30761718773584906 0.599609375 0.2680664066037736 0.599609375 0.2651367188679245 0.59375 0.2358398433962264
9 0.3310546875 0.2490234377358491 0.326171875 0.2563476566037736 0.326171875 0.2651367188679245 0.3330078125 0.2753906245283019 0.3486328125 0.2753906245283019 0.353515625 0.2680664066037736 0.353515625 0.2563476566037736 0.3486328125 0.2490234377358491 0.3310546875 0.2490234377358491
9 0.4853515625 0.7207031245283019 0.4814453125 0.717773437735849 0.4794921875 0.717773437735849 0.4765625 0.7221679688679246 0.470703125 0.7573242188679246 0.4716796875 0.758789062264151 0.4755859375 0.758789062264151 0.4794921875 0.7558593754716981 0.484375 0.7485351566037736 0.48828125 0.7368164066037736 0.48828125 0.7280273433962264 0.4853515625 0.7207031245283019
9 0.5087890625 0.600585937735849 0.5009765625 0.600585937735849 0.49609375 0.6079101566037736 0.49609375 0.6137695311320754 0.5009765625 0.62109375 0.5048828125 0.624023437735849 0.5107421875 0.624023437735849 0.51953125 0.6166992188679246 0.51953125 0.6108398433962264 0.5087890625 0.600585937735849
13 0.3544921875 0.612304687735849 0.3486328125 0.612304687735849 0.3349609375 0.624023437735849 0.33203125 0.6284179688679246 0.33203125 0.6313476566037736 0.3330078125 0.6328125 0.3447265625 0.6328125 0.3486328125 0.629882812264151 0.35546875 0.6196289066037736 0.35546875 0.6137695311320754 0.3544921875 0.612304687735849
13 0.3671875 0.7104492188679246 0.3623046875 0.703125 0.3349609375 0.703125 0.33203125 0.7075195311320754 0.33203125 0.7221679688679246 0.3349609375 0.7265625 0.3388671875 0.729492187735849 0.3505859375 0.729492187735849 0.3623046875 0.723632812264151 0.3671875 0.7163085933962264 0.3671875 0.7104492188679246
1 0.341796875 0.4086914066037736 0.341796875 0.3881835933962264 0.3369140625 0.3808593754716981 0.3291015625 0.3808593754716981 0.326171875 0.3852539066037736 0.322265625 0.4057617188679245 0.3203125 0.4233398433962264 0.322265625 0.4321289066037736 0.3232421875 0.43359375 0.3291015625 0.43359375 0.3330078125 0.43066406226415094 0.3359375 0.4262695311320755 0.33984375 0.4174804688679245 0.341796875 0.4086914066037736
1 0.365234375 0.4497070311320755 0.36328125 0.4438476566037736 0.3583984375 0.4394531245283019 0.3525390625 0.4394531245283019 0.34765625 0.4467773433962264 0.34375 0.4584960933962264 0.34375 0.4731445311320755 0.3466796875 0.47753906226415094 0.3505859375 0.48046875 0.3544921875 0.48046875 0.357421875 0.4760742188679245 0.365234375 0.4526367188679245 0.365234375 0.4497070311320755
13 0.759765625 0.5463867188679246 0.759765625 0.5405273433962264 0.7373046875 0.512695312264151 0.7333984375 0.5097656245283019 0.7314453125 0.5097656245283019 0.73046875 0.5112304688679246 0.728515625 0.5170898433962264 0.728515625 0.5551757811320754 0.740234375 0.5961914066037736 0.7431640625 0.600585937735849 0.7470703125 0.6035156245283019 0.751953125 0.5961914066037736 0.75390625 0.5903320311320754 0.759765625 0.5463867188679246
18 0.6787109375 0.5625 0.6728515625 0.565429687735849 0.650390625 0.5844726566037736 0.6484375 0.5903320311320754 0.65234375 0.6020507811320754 0.6591796875 0.612304687735849 0.6748046875 0.612304687735849 0.685546875 0.5961914066037736 0.685546875 0.5756835933962264 0.68359375 0.5698242188679246 0.6787109375 0.5625
7 0.6865234375 0.69140625 0.6826171875 0.69140625 0.6767578125 0.694335937735849 0.673828125 0.6987304688679246 0.671875 0.7045898433962264 0.669921875 0.7133789066037736 0.671875 0.7250976566037736 0.6826171875 0.741210937735849 0.685546875 0.7368164066037736 0.6953125 0.7075195311320754 0.6953125 0.7016601566037736 0.6923828125 0.694335937735849 0.6865234375 0.69140625
20 0.6181640625 0.670898437735849 0.6123046875 0.6738281245283019 0.609375 0.6782226566037736 0.607421875 0.6840820311320754 0.603515625 0.7397460933962264 0.603515625 0.7426757811320754 0.6044921875 0.7441406245283019 0.6064453125 0.7441406245283019 0.61328125 0.7338867188679246 0.634765625 0.6811523433962264 0.6240234375 0.670898437735849 0.6181640625 0.670898437735849
20 0.486883091875 0.6693335292452831 0.486349064375 0.6605229745283019 0.48180976375 0.6348923301886792 0.450835645 0.607259266037736 0.4443359375 0.659179687735849 0.439453125 0.6665039066037736 0.439453125 0.6928710933962264 0.42546893062499996 0.7306068462264151 0.44282510125 0.7125852820754718 0.44976757624999997 0.7125852820754718 0.45537495687499996 0.7197939075471698 0.464720595625 0.7442231509433962 0.486883091875 0.6693335292452831
20 0.564453125 0.5141601566037736 0.5634765625 0.512695312264151 0.5478515625 0.512695312264151 0.5400390625 0.518554687735849 0.53515625 0.5258789066037736 0.533203125 0.5346679688679246 0.5419921875 0.55078125 0.5478515625 0.553710937735849 0.5498046875 0.553710937735849 0.5634765625 0.5390625 0.56640625 0.5346679688679246 0.56640625 0.5288085933962264 0.564453125 0.5141601566037736
20 0.62890625 0.5698242188679246 0.6328125 0.5581054688679246 0.6328125 0.5551757811320754 0.6298828125 0.55078125 0.6103515625 0.530273437735849 0.5966796875 0.518554687735849 0.5947265625 0.518554687735849 0.59375 0.5200195311320754 0.59375 0.5229492188679246 0.599609375 0.5844726566037736 0.6005859375 0.5859375 0.6025390625 0.5859375 0.6181640625 0.583007812264151 0.6240234375 0.577148437735849 0.62890625 0.5698242188679246
20 0.6103515625 0.45996093773584906 0.609375 0.4614257811320755 0.61328125 0.5112304688679246 0.6142578125 0.512695312264151 0.6279296875 0.4980468754716982 0.638671875 0.4819335933962264 0.638671875 0.4731445311320755 0.6337890625 0.46582031226415094 0.6103515625 0.45996093773584906
20 0.6591796875 0.3808593754716981 0.6220703125 0.3925781245283019 0.62109375 0.3940429688679245 0.615234375 0.4057617188679245 0.62109375 0.4438476566037736 0.6220703125 0.4453125 0.6435546875 0.4511718745283019 0.650390625 0.4321289066037736 0.662109375 0.3823242188679245 0.6611328125 0.3808593754716981 0.6591796875 0.3808593754716981
20 0.5400390625 0.34277343773584906 0.5361328125 0.34277343773584906 0.5263671875 0.3457031245283019 0.5224609375 0.34863281226415094 0.515625 0.3588867188679245 0.513671875 0.3647460933962264 0.513671875 0.3764648433962264 0.53125 0.4057617188679245 0.5341796875 0.41015625 0.5361328125 0.41015625 0.537109375 0.4086914066037736 0.541015625 0.3442382811320755 0.5400390625 0.34277343773584906
20 0.2744140625 0.5449218754716981 0.26953125 0.5551757811320754 0.265625 0.5756835933962264 0.267578125 0.6108398433962264 0.2685546875 0.612304687735849 0.29296875 0.5903320311320754 0.29296875 0.5874023433962264 0.283203125 0.5493164066037736 0.2802734375 0.5449218754716981 0.2744140625 0.5449218754716981
18 0.45703125 0.5463867188679246 0.45703125 0.5405273433962264 0.455078125 0.5346679688679246 0.4287109375 0.489257812264151 0.4189453125 0.489257812264151 0.4150390625 0.4921875 0.41015625 0.49951171886792456 0.41015625 0.5200195311320754 0.412109375 0.5258789066037736 0.4345703125 0.553710937735849 0.4404296875 0.559570312264151 0.4462890625 0.559570312264151 0.4501953125 0.5566406245283019 0.45703125 0.5463867188679246