14 0.494140625 0.7456054688679246 0.494140625 0.7338867188679246 0.4931640625 0.7324218754716981 0.4833984375 0.729492187735849 0.4697265625 0.729492187735849 0.46484375 0.7368164066037736 0.46484375 0.7426757811320754 0.4677734375 0.747070312264151 0.4716796875 0.75 0.4794921875 0.752929687735849 0.4873046875 0.75 0.4931640625 0.747070312264151 0.494140625 0.7456054688679246
14 0.7421875 0.6694335933962264 0.734375 0.6518554688679246 0.7314453125 0.647460937735849 0.7255859375 0.647460937735849 0.72265625 0.6518554688679246 0.72265625 0.6547851566037736 0.736328125 0.6928710933962264 0.7373046875 0.694335937735849 0.7412109375 0.694335937735849 0.744140625 0.6899414066037736 0.744140625 0.6811523433962264 0.7421875 0.6694335933962264
14 0.4609375 0.5903320311320754 0.45703125 0.6020507811320754 0.45703125 0.6313476566037736 0.4658203125 0.64453125 0.466796875 0.6430664066037736 0.474609375 0.5932617188679246 0.4697265625 0.5859375 0.4658203125 0.5859375 0.4609375 0.5903320311320754
3 0.5869140625 0.706054687735849 0.5615234375 0.694335937735849 0.5478515625 0.6972656245283019 0.5380859375 0.703125 0.53515625 0.7075195311320754 0.5361328125 0.7089843754716981 0.5654296875 0.735351562264151 0.5986328125 0.76171875 0.599609375 0.7602539066037736 0.6015625 0.7221679688679246 0.5986328125 0.717773437735849 0.5869140625 0.706054687735849
18 0.720703125 0.7514648433962264 0.720703125 0.7485351566037736 0.716796875 0.7368164066037736 0.712890625 0.7280273433962264 0.6884765625 0.694335937735849 0.6748046875 0.694335937735849 0.673828125 0.6958007811320754 0.671875 0.7016601566037736 0.671875 0.7163085933962264 0.681640625 0.7397460933962264 0.6943359375 0.758789062264151 0.6982421875 0.76171875 0.7080078125 0.76171875 0.7177734375 0.7558593754716981 0.720703125 0.7514648433962264
18 0.431640625 0.7075195311320754 0.431640625 0.6928710933962264 0.4248046875 0.682617187735849 0.4189453125 0.682617187735849 0.4091796875 0.688476562264151 0.388671875 0.7192382811320754 0.384765625 0.7309570311320754 0.38671875 0.7426757811320754 0.3916015625 0.75 0.3994140625 0.752929687735849 0.4033203125 0.75 0.4111328125 0.741210937735849 0.4296875 0.7133789066037736 0.431640625 0.7075195311320754
18 0.3486328125 0.618164062264151 0.3447265625 0.6152343754716981 0.3330078125 0.6152343754716981 0.328125 0.6225585933962264 0.328125 0.6254882811320754 0.341796875 0.6665039066037736 0.3466796875 0.6738281245283019 0.3505859375 0.6738281245283019 0.35546875 0.6606445311320754 0.35546875 0.6284179688679246 0.3486328125 0.618164062264151
18 0.361328125 0.5493164066037736 0.361328125 0.5288085933962264 0.357421875 0.5200195311320754 0.3544921875 0.515625 0.3447265625 0.506835937735849 0.3408203125 0.50390625 0.3330078125 0.50390625 0.330078125 0.5083007811320754 0.330078125 0.5463867188679246 0.33203125 0.5551757811320754 0.3388671875 0.565429687735849 0.3447265625 0.5683593754716981 0.3525390625 0.565429687735849 0.359375 0.5551757811320754 0.361328125 0.5493164066037736
20 0.3271484375 0.676757812264151 0.2958984375 0.688476562264151 0.2919921875 0.69140625 0.287109375 0.6987304688679246 0.287109375 0.7016601566037736 0.30078125 0.7397460933962264 0.3017578125 0.741210937735849 0.3154296875 0.741210937735849 0.349609375 0.6899414066037736 0.3408203125 0.676757812264151 0.3271484375 0.676757812264151
20 0.541015625 0.21826171886792453 0.53125 0.1860351566037736 0.5263671875 0.17871093773584906 0.5224609375 0.17578125 0.5146484375 0.17285156226415094 0.5107421875 0.17285156226415094 0.5078125 0.18017578113207547 0.505859375 0.19189453113207547 0.505859375 0.2006835933962264 0.51171875 0.21533203113207547 0.5283203125 0.234375 0.5322265625 0.23730468773584906 0.5400390625 0.23730468773584906 0.541015625 0.2358398433962264 0.541015625 0.21826171886792453
1 0.6572265625 0.612304687735849 0.6396484375 0.6035156245283019 0.6357421875 0.6035156245283019 0.634765625 0.6049804688679246 0.634765625 0.6225585933962264 0.638671875 0.6313476566037736 0.6455078125 0.641601562264151 0.6572265625 0.641601562264151 0.6640625 0.6313476566037736 0.662109375 0.6196289066037736 0.6572265625 0.612304687735849
1 0.509765625 0.49951171886792456 0.51171875 0.4672851566037736 0.5107421875 0.46582031226415094 0.4892578125 0.46582031226415094 0.4833984375 0.46875 0.4765625 0.4790039066037736 0.474609375 0.48779296886792456 0.474609375 0.4936523433962264 0.478515625 0.5083007811320754 0.4853515625 0.518554687735849 0.4892578125 0.5214843754716981 0.5029296875 0.5214843754716981 0.505859375 0.5170898433962264 0.509765625 0.49951171886792456
1 0.443359375 0.15673828113207547 0.4404296875 0.15234375 0.4365234375 0.14941406226415094 0.4248046875 0.14941406226415094 0.4189453125 0.15527343773584906 0.416015625 0.1625976566037736 0.4140625 0.1743164066037736 0.4287109375 0.1875 0.4365234375 0.19335937547169813 0.4384765625 0.19335937547169813 0.4453125 0.1860351566037736 0.447265625 0.1772460933962264 0.447265625 0.17138671886792453 0.443359375 0.15673828113207547
13 0.3125 0.4672851566037736 0.3125 0.4584960933962264 0.3056640625 0.4511718745283019 0.2978515625 0.4453125 0.2685546875 0.4277343745283019 0.2568359375 0.421875 0.2470703125 0.421875 0.2431640625 0.42480468773584906 0.240234375 0.4291992188679245 0.23828125 0.4350585933962264 0.23828125 0.4438476566037736 0.2578125 0.5053710933962264 0.263671875 0.5200195311320754 0.2666015625 0.524414062264151 0.2705078125 0.52734375 0.2724609375 0.52734375 0.3125 0.4672851566037736
27 0.400390625 0.3090820311320755 0.3984375 0.3002929688679245 0.396484375 0.2944335933962264 0.35546875 0.2094726566037736 0.3544921875 0.20800781226415094 0.3310546875 0.20214843773584906 0.3291015625 0.20214843773584906 0.328125 0.20361328113207547 0.318359375 0.3266601566037736 0.3251953125 0.33691406226415094 0.3349609375 0.34277343773584906 0.3447265625 0.34277343773584906 0.3955078125 0.3339843754716981 0.3984375 0.3295898433962264 0.400390625 0.3178710933962264 0.400390625 0.3090820311320755
27 0.447265625 0.4819335933962264 0.44140625 0.4643554688679245 0.416015625 0.4057617188679245 0.4052734375 0.38964843773584906 0.3994140625 0.38378906226415094 0.3916015625 0.38378906226415094 0.3876953125 0.38671875 0.380859375 0.3969726566037736 0.376953125 0.4086914066037736 0.376953125 0.4262695311320755 0.4052734375 0.518554687735849 0.4130859375 0.518554687735849 0.4189453125 0.515625 0.4462890625 0.4980468754716982 0.44921875 0.4936523433962264 0.447265625 0.4819335933962264
27 0.6240234375 0.35449218773584906 0.6142578125 0.36035156226415094 0.611328125 0.3647460933962264 0.59765625 0.48779296886792456 0.6005859375 0.495117187735849 0.6513671875 0.483398437735849 0.703125 0.4233398433962264 0.703125 0.4174804688679245 0.7001953125 0.41308593773584906 0.6318359375 0.3574218754716981 0.6240234375 0.35449218773584906
9 0.7021484375 0.39550781226415094 0.701171875 0.3969726566037736 0.701171875 0.4028320311320755 0.7021484375 0.4042968745283019 0.7099609375 0.4042968745283019 0.71484375 0.3969726566037736 0.7099609375 0.3925781245283019 0.7060546875 0.3925781245283019 0.7021484375 0.39550781226415094
13 0.5166015625 0.38671875 0.5107421875 0.38671875 0.5078125 0.3911132811320755 0.509765625 0.4086914066037736 0.5107421875 0.41015625 0.5126953125 0.41015625 0.515625 0.4057617188679245 0.517578125 0.3999023433962264 0.517578125 0.3881835933962264 0.5166015625 0.38671875
13 0.4443359375 0.606445312264151 0.439453125 0.6137695311320754 0.439453125 0.6342773433962264 0.4404296875 0.635742187735849 0.4443359375 0.635742187735849 0.4453125 0.6342773433962264 0.447265625 0.6079101566037736 0.4462890625 0.606445312264151 0.4443359375 0.606445312264151
4 0.560546875 0.4350585933962264 0.560546875 0.4321289066037736 0.5146484375 0.36621093773584906 0.5009765625 0.36621093773584906 0.4970703125 0.3691406245283019 0.490234375 0.3823242188679245 0.48828125 0.3881835933962264 0.48828125 0.3911132811320755 0.4892578125 0.3925781245283019 0.5107421875 0.41015625 0.5380859375 0.43066406226415094 0.5517578125 0.4394531245283019 0.5556640625 0.4394531245283019 0.560546875 0.4350585933962264
12 0.740234375 0.5903320311320754 0.740234375 0.5844726566037736 0.73828125 0.5756835933962264 0.736328125 0.5698242188679246 0.7333984375 0.565429687735849 0.7294921875 0.5625 0.7255859375 0.5625 0.716796875 0.5698242188679246 0.703125 0.6166992188679246 0.703125 0.6196289066037736 0.7060546875 0.624023437735849 0.7099609375 0.6269531245283019 0.7158203125 0.6269531245283019 0.7314453125 0.618164062264151 0.736328125 0.6079101566037736 0.740234375 0.5903320311320754
18 0.6240234375 0.8261718745283019 0.6201171875 0.823242187735849 0.6142578125 0.823242187735849 0.609375 0.8276367188679246 0.607421875 0.8334960933962264 0.607421875 0.8364257811320754 0.609375 0.8422851566037736 0.6123046875 0.846679687735849 0.6201171875 0.846679687735849 0.626953125 0.8364257811320754 0.626953125 0.8305664066037736 0.6240234375 0.8261718745283019