7 0.67578125 0.1274414066037736 0.673828125 0.12158203113207545 0.6708984375 0.1171875 0.6650390625 0.11132812452830189 0.6044921875 0.08789062452830189 0.6025390625 0.08789062452830189 0.5869140625 0.09960937547169811 0.5859375 0.10107421886792453 0.6064453125 0.13183593773584906 0.6279296875 0.14941406226415094 0.6376953125 0.15234375 0.6689453125 0.15234375 0.673828125 0.14501953113207547 0.67578125 0.13330078113207547 0.67578125 0.1274414066037736
7 0.681640625 0.4350585933962264 0.6787109375 0.43066406226415094 0.6591796875 0.421875 0.6572265625 0.421875 0.654296875 0.4262695311320755 0.654296875 0.4438476566037736 0.65625 0.4526367188679245 0.6611328125 0.45996093773584906 0.6650390625 0.45996093773584906 0.6689453125 0.45703125 0.681640625 0.4379882811320755 0.681640625 0.4350585933962264
7 0.615234375 0.3852539066037736 0.615234375 0.4262695311320755 0.6181640625 0.43359375 0.62109375 0.4262695311320755 0.6328125 0.3764648433962264 0.6298828125 0.37207031226415094 0.6220703125 0.375 0.615234375 0.3852539066037736
7 0.4580078125 0.421875 0.455078125 0.4262695311320755 0.44140625 0.4614257811320755 0.44140625 0.4643554688679245 0.4423828125 0.46582031226415094 0.4482421875 0.46582031226415094 0.45703125 0.4526367188679245 0.466796875 0.4233398433962264 0.4658203125 0.421875 0.4580078125 0.421875
18 0.41796875 0.20654296886792453 0.41796875 0.18310546886792453 0.416015625 0.17138671886792453 0.4091796875 0.16113281226415094 0.4033203125 0.16113281226415094 0.3994140625 0.1640625 0.396484375 0.16845703113207547 0.39453125 0.18310546886792453 0.39453125 0.20654296886792453 0.396484375 0.21533203113207547 0.3994140625 0.22265625 0.4033203125 0.22558593773584906 0.4091796875 0.22558593773584906 0.4140625 0.2211914066037736 0.41796875 0.20654296886792453
18 0.3515625 0.2973632811320755 0.3515625 0.2797851566037736 0.34765625 0.2651367188679245 0.341796875 0.2475585933962264 0.3388671875 0.2431640622641509 0.3349609375 0.24023437452830187 0.3310546875 0.24023437452830187 0.3271484375 0.2431640622641509 0.322265625 0.2504882811320755 0.322265625 0.2856445311320755 0.32421875 0.2973632811320755 0.328125 0.3120117188679245 0.3330078125 0.31933593773584906 0.3427734375 0.31933593773584906 0.349609375 0.3090820311320755 0.3515625 0.2973632811320755
18 0.30859375 0.3706054688679245 0.3056640625 0.36621093773584906 0.2998046875 0.36328125 0.2958984375 0.36621093773584906 0.2900390625 0.37207031226415094 0.27734375 0.3911132811320755 0.2734375 0.3999023433962264 0.271484375 0.4086914066037736 0.271484375 0.4145507811320755 0.2744140625 0.41894531226415094 0.2783203125 0.421875 0.2841796875 0.421875 0.3046875 0.3940429688679245 0.30859375 0.3823242188679245 0.30859375 0.3706054688679245
18 0.400390625 0.4174804688679245 0.400390625 0.3911132811320755 0.390625 0.3647460933962264 0.3837890625 0.35449218773584906 0.3798828125 0.3515625 0.3720703125 0.34863281226415094 0.3681640625 0.34863281226415094 0.359375 0.3618164066037736 0.357421875 0.3676757811320755 0.357421875 0.3823242188679245 0.365234375 0.4086914066037736 0.37109375 0.4233398433962264 0.3779296875 0.43359375 0.3916015625 0.43359375 0.3984375 0.4233398433962264 0.400390625 0.4174804688679245
18 0.513671875 0.3735351566037736 0.515625 0.3676757811320755 0.515625 0.3618164066037736 0.513671875 0.3559570311320755 0.5068359375 0.3457031245283019 0.5029296875 0.34277343773584906 0.4892578125 0.33691406226415094 0.4755859375 0.33691406226415094 0.470703125 0.3442382811320755 0.470703125 0.3559570311320755 0.4775390625 0.36621093773584906 0.4873046875 0.37207031226415094 0.5009765625 0.37792968773584906 0.5068359375 0.37792968773584906 0.5126953125 0.375 0.513671875 0.3735351566037736
18 0.59375 0.3735351566037736 0.595703125 0.3676757811320755 0.595703125 0.3588867188679245 0.59375 0.3530273433962264 0.5751953125 0.328125 0.5654296875 0.328125 0.5595703125 0.33105468773584906 0.556640625 0.3354492188679245 0.55859375 0.3588867188679245 0.5654296875 0.3691406245283019 0.5712890625 0.375 0.5791015625 0.3808593754716981 0.5869140625 0.3808593754716981 0.5908203125 0.37792968773584906 0.59375 0.3735351566037736
18 0.681640625 0.2534179688679245 0.681640625 0.2504882811320755 0.6748046875 0.24023437452830187 0.6708984375 0.23730468773584906 0.6650390625 0.23730468773584906 0.658203125 0.2475585933962264 0.65625 0.2534179688679245 0.65234375 0.2709960933962264 0.65234375 0.2856445311320755 0.6552734375 0.29296875 0.6591796875 0.29589843773584906 0.6630859375 0.29589843773584906 0.6669921875 0.29296875 0.669921875 0.2885742188679245 0.681640625 0.2534179688679245
18 0.728515625 0.2622070311320755 0.732421875 0.2534179688679245 0.734375 0.2416992188679245 0.734375 0.2358398433962264 0.732421875 0.22998046886792453 0.7294921875 0.22558593773584906 0.7236328125 0.22558593773584906 0.6904296875 0.2431640622641509 0.6865234375 0.24609375 0.685546875 0.2475585933962264 0.685546875 0.2504882811320755 0.689453125 0.2592773433962264 0.6943359375 0.26660156226415094 0.7001953125 0.26953125 0.7158203125 0.27246093773584906 0.7255859375 0.26660156226415094 0.728515625 0.2622070311320755
18 0.810546875 0.5874023433962264 0.810546875 0.5639648433962264 0.8037109375 0.553710937735849 0.7939453125 0.55078125 0.7568359375 0.55078125 0.7509765625 0.553710937735849 0.7421875 0.5668945311320754 0.7421875 0.5756835933962264 0.744140625 0.5903320311320754 0.7509765625 0.600585937735849 0.7646484375 0.606445312264151 0.7880859375 0.606445312264151 0.8037109375 0.59765625 0.810546875 0.5874023433962264
18 0.5888671875 0.38671875 0.5810546875 0.38671875 0.5751953125 0.3925781245283019 0.568359375 0.4028320311320755 0.568359375 0.4145507811320755 0.5693359375 0.4160156245283019 0.5791015625 0.4160156245283019 0.5849609375 0.41015625 0.591796875 0.3999023433962264 0.591796875 0.3911132811320755 0.5888671875 0.38671875
18 0.552734375 0.5083007811320754 0.552734375 0.5024414066037736 0.55078125 0.49658203113207544 0.5419921875 0.483398437735849 0.5283203125 0.47167968773584906 0.5224609375 0.46875 0.5126953125 0.46875 0.505859375 0.4790039066037736 0.505859375 0.4907226566037736 0.5078125 0.49658203113207544 0.5126953125 0.50390625 0.5341796875 0.5214843754716981 0.5458984375 0.5214843754716981 0.55078125 0.5141601566037736 0.552734375 0.5083007811320754
18 0.5546875 0.5463867188679246 0.5546875 0.5405273433962264 0.5537109375 0.5390625 0.5478515625 0.5390625 0.5205078125 0.547851562264151 0.517578125 0.5522460933962264 0.517578125 0.5581054688679246 0.5205078125 0.565429687735849 0.5244140625 0.5683593754716981 0.5419921875 0.5683593754716981 0.5458984375 0.565429687735849 0.552734375 0.5551757811320754 0.5546875 0.5463867188679246
18 0.4619140625 0.606445312264151 0.4697265625 0.600585937735849 0.47265625 0.5961914066037736 0.474609375 0.5903320311320754 0.474609375 0.5698242188679246 0.47265625 0.5522460933962264 0.470703125 0.5434570311320754 0.466796875 0.5317382811320754 0.4599609375 0.5214843754716981 0.4482421875 0.5214843754716981 0.44140625 0.5317382811320754 0.439453125 0.5405273433962264 0.439453125 0.5581054688679246 0.44140625 0.5727539066037736 0.443359375 0.5815429688679246 0.447265625 0.5932617188679246 0.4541015625 0.6035156245283019 0.4599609375 0.606445312264151 0.4619140625 0.606445312264151
18 0.416015625 0.5522460933962264 0.4111328125 0.5449218754716981 0.4033203125 0.5449218754716981 0.400390625 0.5493164066037736 0.3984375 0.5551757811320754 0.39453125 0.5727539066037736 0.39453125 0.5961914066037736 0.3994140625 0.6035156245283019 0.4072265625 0.6035156245283019 0.4111328125 0.600585937735849 0.4140625 0.5932617188679246 0.416015625 0.5786132811320754 0.416015625 0.5522460933962264
18 0.4189453125 0.518554687735849 0.4150390625 0.518554687735849 0.4111328125 0.5214843754716981 0.408203125 0.5258789066037736 0.408203125 0.5317382811320754 0.4189453125 0.5449218754716981 0.4228515625 0.5449218754716981 0.42578125 0.5405273433962264 0.42578125 0.5258789066037736 0.4228515625 0.5214843754716981 0.4189453125 0.518554687735849
18 0.341796875 0.5375976566037736 0.3408203125 0.536132812264151 0.3095703125 0.506835937735849 0.3056640625 0.506835937735849 0.30078125 0.5141601566037736 0.296875 0.5229492188679246 0.296875 0.5463867188679246 0.3017578125 0.5566406245283019 0.3095703125 0.5625 0.3271484375 0.5625 0.3330078125 0.559570312264151 0.341796875 0.5463867188679246 0.341796875 0.5375976566037736
18 0.322265625 0.6606445311320754 0.322265625 0.6430664066037736 0.3203125 0.6137695311320754 0.318359375 0.6049804688679246 0.3154296875 0.600585937735849 0.3115234375 0.59765625 0.2998046875 0.59765625 0.29296875 0.6079101566037736 0.291015625 0.6137695311320754 0.291015625 0.6430664066037736 0.29296875 0.6577148433962264 0.296875 0.6723632811320754 0.3037109375 0.682617187735849 0.3134765625 0.682617187735849 0.3203125 0.6723632811320754 0.322265625 0.6606445311320754
18 0.5107421875 0.694335937735849 0.515625 0.6870117188679246 0.517578125 0.6752929688679246 0.517578125 0.6665039066037736 0.515625 0.6606445311320754 0.5087890625 0.6503906245283019 0.5029296875 0.647460937735849 0.4833984375 0.641601562264151 0.4677734375 0.641601562264151 0.4638671875 0.64453125 0.458984375 0.6518554688679246 0.45703125 0.6577148433962264 0.45703125 0.6694335933962264 0.458984375 0.6752929688679246 0.4677734375 0.688476562264151 0.4716796875 0.69140625 0.4931640625 0.700195312264151 0.5009765625 0.700195312264151 0.5107421875 0.694335937735849
18 0.41015625 0.7397460933962264 0.416015625 0.7104492188679246 0.416015625 0.6870117188679246 0.4140625 0.6811523433962264 0.4091796875 0.676757812264151 0.3974609375 0.676757812264151 0.388671875 0.6899414066037736 0.384765625 0.7045898433962264 0.380859375 0.7338867188679246 0.380859375 0.7456054688679246 0.3828125 0.7543945311320754 0.3896484375 0.764648437735849 0.3935546875 0.7675781245283019 0.3994140625 0.764648437735849 0.40625 0.7543945311320754 0.41015625 0.7397460933962264
18 0.716796875 0.6606445311320754 0.712890625 0.6489257811320754 0.7080078125 0.641601562264151 0.7021484375 0.6386718754716981 0.6982421875 0.6386718754716981 0.6923828125 0.641601562264151 0.685546875 0.6518554688679246 0.685546875 0.6577148433962264 0.6884765625 0.6621093754716981 0.6962890625 0.66796875 0.7119140625 0.6738281245283019 0.7158203125 0.6738281245283019 0.716796875 0.6723632811320754 0.716796875 0.6606445311320754
18 0.60546875 0.7045898433962264 0.59765625 0.6840820311320754 0.5927734375 0.676757812264151 0.5791015625 0.670898437735849 0.5654296875 0.6796875 0.560546875 0.6870117188679246 0.560546875 0.6928710933962264 0.5654296875 0.700195312264151 0.5849609375 0.71484375 0.5966796875 0.717773437735849 0.6005859375 0.71484375 0.60546875 0.7075195311320754 0.60546875 0.7045898433962264
20 0.3740234375 0.670898437735849 0.3623046875 0.682617187735849 0.359375 0.6870117188679246 0.337890625 0.7338867188679246 0.337890625 0.7368164066037736 0.3466796875 0.747070312264151 0.3583984375 0.7441406245283019 0.3740234375 0.7324218754716981 0.380859375 0.7192382811320754 0.375 0.6723632811320754 0.3740234375 0.670898437735849
20 0.357421875 0.5288085933962264 0.349609375 0.5522460933962264 0.3603515625 0.565429687735849 0.3740234375 0.57421875 0.375 0.5727539066037736 0.380859375 0.5434570311320754 0.380859375 0.5405273433962264 0.3603515625 0.524414062264151 0.357421875 0.5288085933962264
20 0.712890625 0.6489257811320754 0.7080078125 0.641601562264151 0.6962890625 0.635742187735849 0.681640625 0.6577148433962264 0.681640625 0.6752929688679246 0.68359375 0.6840820311320754 0.689453125 0.7016601566037736 0.7001953125 0.717773437735849 0.716796875 0.6723632811320754 0.716796875 0.6606445311320754 0.712890625 0.6489257811320754
20 0.7763671875 0.659179687735849 0.76953125 0.6694335933962264 0.767578125 0.6811523433962264 0.765625 0.7163085933962264 0.7666015625 0.717773437735849 0.7783203125 0.717773437735849 0.7890625 0.6840820311320754 0.7890625 0.6694335933962264 0.7861328125 0.6621093754716981 0.7822265625 0.659179687735849 0.7763671875 0.659179687735849
20 0.6845703125 0.57421875 0.68359375 0.5756835933962264 0.681640625 0.5874023433962264 0.681640625 0.5961914066037736 0.6884765625 0.612304687735849 0.6943359375 0.612304687735849 0.7236328125 0.6035156245283019 0.724609375 0.6020507811320754 0.6962890625 0.5683593754716981 0.6845703125 0.57421875
20 0.8037109375 0.612304687735849 0.7880859375 0.612304687735849 0.78515625 0.6166992188679246 0.78515625 0.6254882811320754 0.791015625 0.6459960933962264 0.7919921875 0.647460937735849 0.7939453125 0.647460937735849 0.806640625 0.6313476566037736 0.806640625 0.6166992188679246 0.8037109375 0.612304687735849
20 0.7568359375 0.6035156245283019 0.751953125 0.6108398433962264 0.751953125 0.6254882811320754 0.7724609375 0.647460937735849 0.7734375 0.6459960933962264 0.7734375 0.6430664066037736 0.771484375 0.6108398433962264 0.7626953125 0.6035156245283019 0.7568359375 0.6035156245283019
20 0.73046875 0.5141601566037736 0.7470703125 0.536132812264151 0.7568359375 0.5332031245283019 0.76171875 0.5258789066037736 0.76171875 0.5170898433962264 0.7509765625 0.4980468754716982 0.7314453125 0.512695312264151 0.73046875 0.5141601566037736
20 0.60546875 0.48486328113207544 0.603515625 0.4760742188679245 0.5966796875 0.46582031226415094 0.5947265625 0.46582031226415094 0.5849609375 0.47753906226415094 0.583984375 0.4790039066037736 0.583984375 0.48486328113207544 0.5947265625 0.500976562264151 0.5986328125 0.50390625 0.6005859375 0.50390625 0.603515625 0.49951171886792456 0.60546875 0.4936523433962264 0.60546875 0.48486328113207544
20 0.5107421875 0.40722656226415094 0.4912109375 0.40722656226415094 0.490234375 0.4086914066037736 0.48828125 0.4145507811320755 0.48828125 0.4233398433962264 0.4921875 0.4379882811320755 0.5009765625 0.4511718745283019 0.5126953125 0.45703125 0.513671875 0.4555664066037736 0.515625 0.4116210933962264 0.5107421875 0.40722656226415094
20 0.328125 0.3999023433962264 0.3251953125 0.39550781226415094 0.3125 0.4145507811320755 0.3125 0.4291992188679245 0.31640625 0.4409179688679245 0.3251953125 0.45703125 0.3291015625 0.45410156226415094 0.3359375 0.4438476566037736 0.3359375 0.4291992188679245 0.328125 0.3999023433962264
20 0.44921875 0.3706054688679245 0.4482421875 0.3691406245283019 0.4345703125 0.36035156226415094 0.4287109375 0.36035156226415094 0.4228515625 0.36621093773584906 0.421875 0.3676757811320755 0.421875 0.3735351566037736 0.423828125 0.3823242188679245 0.4306640625 0.40136718773584906 0.4521484375 0.41015625 0.4541015625 0.41015625 0.455078125 0.4086914066037736 0.44921875 0.3706054688679245
20 0.767578125 0.3706054688679245 0.767578125 0.3471679688679245 0.7666015625 0.3457031245283019 0.7353515625 0.34863281226415094 0.7275390625 0.3515625 0.7265625 0.3530273433962264 0.744140625 0.3969726566037736 0.7451171875 0.3984375 0.7529296875 0.40136718773584906 0.7568359375 0.40136718773584906 0.763671875 0.3881835933962264 0.765625 0.3823242188679245 0.767578125 0.3706054688679245
20 0.6728515625 0.45996093773584906 0.6630859375 0.45996093773584906 0.6318359375 0.46875 0.630859375 0.4702148433962264 0.6318359375 0.47167968773584906 0.6572265625 0.483398437735849 0.6650390625 0.483398437735849 0.6689453125 0.48046875 0.673828125 0.4731445311320755 0.673828125 0.4614257811320755 0.6728515625 0.45996093773584906
20 0.4755859375 0.20214843773584906 0.474609375 0.20361328113207547 0.478515625 0.2358398433962264 0.4794921875 0.23730468773584906 0.4951171875 0.24609375 0.51171875 0.21826171886792453 0.51171875 0.2124023433962264 0.4912109375 0.1875 0.4755859375 0.20214843773584906
20 0.591796875 0.1860351566037736 0.591796875 0.1772460933962264 0.5908203125 0.17578125 0.55078125 0.2329101566037736 0.548828125 0.2416992188679245 0.546875 0.2563476566037736 0.5546875 0.2739257811320755 0.5556640625 0.2753906245283019 0.5595703125 0.2753906245283019 0.564453125 0.2680664066037736 0.5703125 0.2534179688679245 0.58984375 0.19482421886792453 0.591796875 0.1860351566037736
20 0.5009765625 0.09667968773584906 0.4970703125 0.09667968773584906 0.49609375 0.09814453113207547 0.490234375 0.10986328113207547 0.494140625 0.12451171886792455 0.5029296875 0.14648437547169813 0.5263671875 0.140625 0.53515625 0.13330078113207547 0.53515625 0.1303710933962264 0.5322265625 0.12597656226415094 0.5009765625 0.09667968773584906
20 0.5390625 0.08642578113207547 0.5322265625 0.07910156226415094 0.529296875 0.08349609339622642 0.52734375 0.08935546886792453 0.52734375 0.10107421886792453 0.5322265625 0.10839843773584906 0.5361328125 0.10839843773584906 0.5390625 0.10400390660377358 0.541015625 0.09814453113207547 0.541015625 0.09228515660377358 0.5390625 0.08642578113207547
20 0.31640625 0.5170898433962264 0.3251953125 0.52734375 0.3349609375 0.52734375 0.3515625 0.5083007811320754 0.3505859375 0.506835937735849 0.3330078125 0.500976562264151 0.3173828125 0.515625 0.31640625 0.5170898433962264
20 0.3271484375 0.3339843754716981 0.3134765625 0.328125 0.3037109375 0.3339843754716981 0.298828125 0.3442382811320755 0.296875 0.3500976566037736 0.296875 0.3618164066037736 0.2998046875 0.36621093773584906 0.3076171875 0.37207031226415094 0.3095703125 0.37207031226415094 0.326171875 0.3500976566037736 0.328125 0.3354492188679245 0.3271484375 0.3339843754716981
20 0.44140625 0.4321289066037736 0.44140625 0.4262695311320755 0.439453125 0.4174804688679245 0.4345703125 0.41308593773584906 0.4306640625 0.41308593773584906 0.42578125 0.4204101566037736 0.421875 0.4321289066037736 0.421875 0.4409179688679245 0.427734375 0.4526367188679245 0.4287109375 0.45410156226415094 0.4306640625 0.45410156226415094 0.435546875 0.4467773433962264 0.439453125 0.4379882811320755 0.44140625 0.4321289066037736
20 0.3681640625 0.5097656245283019 0.3525390625 0.518554687735849 0.3515625 0.5200195311320754 0.3525390625 0.5214843754716981 0.3662109375 0.530273437735849 0.3798828125 0.530273437735849 0.38671875 0.5200195311320754 0.38671875 0.5170898433962264 0.3798828125 0.5097656245283019 0.3681640625 0.5097656245283019
20 0.314453125 0.5786132811320754 0.3193359375 0.5859375 0.3212890625 0.5859375 0.326171875 0.5815429688679246 0.326171875 0.5756835933962264 0.3251953125 0.57421875 0.3173828125 0.57421875 0.314453125 0.5786132811320754
20 0.6845703125 0.43066406226415094 0.681640625 0.4350585933962264 0.681640625 0.4467773433962264 0.6923828125 0.45703125 0.7080078125 0.45703125 0.71484375 0.4467773433962264 0.71484375 0.4438476566037736 0.7080078125 0.43359375 0.6845703125 0.43066406226415094
20 0.802734375 0.5288085933962264 0.80078125 0.5405273433962264 0.8037109375 0.5449218754716981 0.8056640625 0.5449218754716981 0.8125 0.5346679688679246 0.8125 0.5317382811320754 0.8095703125 0.52734375 0.8037109375 0.52734375 0.802734375 0.5288085933962264
20 0.697265625 0.3383789066037736 0.6953125 0.3325195311320755 0.6884765625 0.32519531226415094 0.6826171875 0.32519531226415094 0.6796875 0.3295898433962264 0.6796875 0.3383789066037736 0.681640625 0.3442382811320755 0.6826171875 0.3457031245283019 0.6884765625 0.34863281226415094 0.6923828125 0.34863281226415094 0.697265625 0.3413085933962264 0.697265625 0.3383789066037736
20 0.5361328125 0.5332031245283019 0.5263671875 0.5332031245283019 0.521484375 0.5405273433962264 0.521484375 0.5463867188679246 0.5224609375 0.547851562264151 0.5263671875 0.55078125 0.5341796875 0.55078125 0.5390625 0.5463867188679246 0.5390625 0.5405273433962264 0.5361328125 0.5332031245283019
9 0.3134765625 0.6855468754716981 0.3125 0.6870117188679246 0.310546875 0.6928710933962264 0.310546875 0.6987304688679246 0.3134765625 0.703125 0.3154296875 0.703125 0.318359375 0.6987304688679246 0.318359375 0.6870117188679246 0.3173828125 0.6855468754716981 0.3134765625 0.6855468754716981
9 0.3232421875 0.670898437735849 0.322265625 0.6723632811320754 0.322265625 0.6840820311320754 0.3232421875 0.6855468754716981 0.3251953125 0.6855468754716981 0.328125 0.6811523433962264 0.330078125 0.6752929688679246 0.3271484375 0.670898437735849 0.3232421875 0.670898437735849
9 0.3837890625 0.5566406245283019 0.380859375 0.5610351566037736 0.380859375 0.5668945311320754 0.3857421875 0.57421875 0.3896484375 0.57421875 0.390625 0.5727539066037736 0.390625 0.5610351566037736 0.3857421875 0.5566406245283019 0.3837890625 0.5566406245283019
9 0.5517578125 0.524414062264151 0.55078125 0.5258789066037736 0.55078125 0.5288085933962264 0.5546875 0.5375976566037736 0.5576171875 0.541992187735849 0.560546875 0.5375976566037736 0.560546875 0.5288085933962264 0.5576171875 0.524414062264151 0.5517578125 0.524414062264151
9 0.5517578125 0.46582031226415094 0.5478515625 0.46582031226415094 0.544921875 0.4702148433962264 0.544921875 0.4731445311320755 0.5478515625 0.47753906226415094 0.5576171875 0.48046875 0.55859375 0.4790039066037736 0.55859375 0.4731445311320755 0.5556640625 0.46875 0.5517578125 0.46582031226415094
9 0.6689453125 0.5859375 0.666015625 0.5903320311320754 0.6640625 0.6020507811320754 0.6669921875 0.606445312264151 0.6689453125 0.606445312264151 0.671875 0.6020507811320754 0.673828125 0.5961914066037736 0.673828125 0.5932617188679246 0.6708984375 0.5859375 0.6689453125 0.5859375
9 0.7587890625 0.6269531245283019 0.755859375 0.6313476566037736 0.755859375 0.6430664066037736 0.7568359375 0.64453125 0.7587890625 0.64453125 0.763671875 0.6372070311320754 0.763671875 0.6313476566037736 0.7607421875 0.6269531245283019 0.7587890625 0.6269531245283019
0 0.4150390625 0.23144531226415094 0.4140625 0.2329101566037736 0.4140625 0.2358398433962264 0.4169921875 0.24023437452830187 0.4208984375 0.24023437452830187 0.423828125 0.2358398433962264 0.423828125 0.2329101566037736 0.4228515625 0.23144531226415094 0.4150390625 0.23144531226415094
24 0.58203125 0.2739257811320755 0.5927734375 0.2871093754716981 0.5966796875 0.2871093754716981 0.59765625 0.2856445311320755 0.59765625 0.2622070311320755 0.5966796875 0.26074218773584906 0.5908203125 0.26074218773584906 0.58203125 0.2739257811320755
9 0.603515625 0.3032226566037736 0.6142578125 0.31933593773584906 0.6181640625 0.31933593773584906 0.626953125 0.2944335933962264 0.6240234375 0.29003906226415094 0.6181640625 0.29003906226415094 0.6044921875 0.30175781226415094 0.603515625 0.3032226566037736
14 0.6005859375 0.375 0.59765625 0.3793945311320755 0.6025390625 0.38671875 0.6064453125 0.38964843773584906 0.6103515625 0.38964843773584906 0.611328125 0.3881835933962264 0.611328125 0.3852539066037736 0.6083984375 0.3808593754716981 0.6005859375 0.375
14 0.4873046875 0.44824218773584906 0.4814453125 0.4453125 0.4697265625 0.4453125 0.466796875 0.4497070311320755 0.466796875 0.4555664066037736 0.4912109375 0.4863281245283018 0.4990234375 0.483398437735849 0.5 0.4819335933962264 0.501953125 0.4702148433962264 0.4931640625 0.45410156226415094 0.4873046875 0.44824218773584906
14 0.7197265625 0.21386718773584906 0.71875 0.21533203113207547 0.712890625 0.22705078113207547 0.712890625 0.22998046886792453 0.7158203125 0.234375 0.7412109375 0.22558593773584906 0.744140625 0.2211914066037736 0.7392578125 0.21386718773584906 0.7294921875 0.2109375 0.7197265625 0.21386718773584906
14 0.3857421875 0.577148437735849 0.3779296875 0.5800781245283019 0.3681640625 0.5859375 0.365234375 0.5903320311320754 0.3701171875 0.59765625 0.3818359375 0.59765625 0.3896484375 0.594726562264151 0.39453125 0.5903320311320754 0.39453125 0.5815429688679246 0.3896484375 0.577148437735849 0.3857421875 0.577148437735849
3 0.634765625 0.6518554688679246 0.658203125 0.6108398433962264 0.66015625 0.6049804688679246 0.66015625 0.5991210933962264 0.6533203125 0.588867187735849 0.6142578125 0.5449218754716981 0.5908203125 0.57421875 0.58984375 0.5756835933962264 0.58984375 0.5815429688679246 0.59375 0.6020507811320754 0.615234375 0.6401367188679246 0.6201171875 0.647460937735849 0.6279296875 0.65625 0.6318359375 0.65625 0.634765625 0.6518554688679246
13 0.5068359375 0.506835937735849 0.5029296875 0.50390625 0.4990234375 0.50390625 0.498046875 0.5053710933962264 0.498046875 0.5083007811320754 0.5009765625 0.512695312264151 0.5048828125 0.515625 0.5068359375 0.515625 0.5078125 0.5141601566037736 0.5078125 0.5083007811320754 0.5068359375 0.506835937735849
18 0.5419921875 0.65625 0.5302734375 0.65625 0.525390625 0.6635742188679246 0.525390625 0.6694335933962264 0.52734375 0.6752929688679246 0.5322265625 0.682617187735849 0.5341796875 0.682617187735849 0.544921875 0.6694335933962264 0.544921875 0.6606445311320754 0.5419921875 0.65625