7 0.5935897437500001 0.7165865386792453 0.594871795 0.7012019226415095 0.593269230625 0.6814903849056604 0.5899038462499999 0.6697115386792453 0.58525641 0.6591346150943396 0.576121795 0.6442307688679246 0.52147435875 0.5951923075471699 0.51746794875 0.5920673075471699 0.51346153875 0.590625 0.513621795 0.5956730773584905 0.540865384375 0.7495192311320754 0.544391025625 0.7516826924528301 0.54871794875 0.7504807688679246 0.575480769375 0.7403846150943396 0.58846153875 0.7326923075471699 0.591666666875 0.7278846150943395 0.5935897437500001 0.7165865386792453
18 0.41426282062500003 0.1305288462264151 0.415544871875 0.12692307735849057 0.41634615375 0.11899038490566037 0.41506410250000003 0.10336538490566037 0.411698718125 0.08774038490566037 0.40897435875 0.08173076886792452 0.404647435625 0.07668269245283019 0.39775641 0.08004807735849057 0.395512820625 0.08389423113207548 0.39439102562499995 0.1007211537735849 0.39631410250000004 0.1117788462264151 0.399679486875 0.12475961509433962 0.402083333125 0.13076923113207548 0.40512820499999996 0.13413461509433963 0.408012820625 0.1358173075471698 0.41137820499999994 0.13461538490566038 0.41426282062500003 0.1305288462264151
7 0.553205128125 0.175 0.5608974356249999 0.15841346132075473 0.560416666875 0.1367788462264151 0.529166666875 0.065625 0.52516025625 0.06514423113207547 0.5211538462499999 0.06826923113207548 0.505769230625 0.0836538462264151 0.498076923125 0.09350961509433962 0.489583333125 0.10793269245283019 0.487820513125 0.1149038462264151 0.486698718125 0.12403846132075473 0.487980769375 0.1389423075471698 0.49086538437500005 0.15408653867924527 0.49599359 0.16201923113207548 0.50240384625 0.16610576886792452 0.533333333125 0.17788461509433962 0.5411858975 0.1798076924528302 0.5451923075 0.17908653867924526 0.553205128125 0.175
18 0.643108974375 0.14639423113207548 0.64246794875 0.13461538490566038 0.639262820625 0.1266826924528302 0.634134615625 0.12091346132075473 0.63125 0.11899038490566037 0.626762820625 0.11899038490566037 0.6230769231250001 0.1211538462264151 0.6161858975 0.1266826924528302 0.61121794875 0.1362980773584906 0.60608974375 0.15024038490566038 0.604647435625 0.15769230754716979 0.604647435625 0.17403846132075473 0.60721153875 0.18413461509433962 0.61121794875 0.18942307735849057 0.619230769375 0.18942307735849057 0.6233974356249999 0.18629807735849058 0.6269230768749999 0.18100961509433963 0.641987179375 0.15024038490566038 0.643108974375 0.14639423113207548
21 0.6548076924999999 0.184375 0.6463141025 0.18533653867924527 0.634294871875 0.1954326924528302 0.62371794875 0.20889423113207548 0.62147435875 0.21730769245283021 0.621634615625 0.22836538490566038 0.6269230768749999 0.24495192264150945 0.654166666875 0.2516826924528302 0.675641025625 0.2204326924528302 0.675480769375 0.2132211537735849 0.665544871875 0.18966346132075473 0.66009615375 0.18533653867924527 0.6548076924999999 0.184375
1 0.605929486875 0.2399038462264151 0.607051281875 0.22403846132075472 0.6048076925 0.20504807735849057 0.60096153875 0.19975961509433962 0.5956730768749999 0.19495192264150943 0.5911858975 0.1951923075471698 0.5838141025 0.19807692264150942 0.579647435625 0.20120192264150943 0.5783653843750001 0.20408653867924528 0.576762820625 0.2125 0.57628205125 0.25264423113207546 0.576923076875 0.2560096150943396 0.578044871875 0.259375 0.58028846125 0.2615384613207547 0.58766025625 0.26370192264150943 0.5918269231250001 0.2622596150943396 0.60240384625 0.24783653867924527 0.605929486875 0.2399038462264151
18 0.46842948687499997 0.14639423113207548 0.46266025624999996 0.1350961537735849 0.45897435875 0.13125 0.45512820499999995 0.1293269226415094 0.45096153875 0.1288461537735849 0.44631410250000003 0.13076923113207548 0.44102564125 0.1375 0.439262820625 0.14182692264150942 0.44150641 0.1850961537735849 0.443429486875 0.1899038462264151 0.45112179500000005 0.19903846132075473 0.45881410250000004 0.18942307735849057 0.46121794875 0.184375 0.467147435625 0.16153846132075472 0.46826923062500003 0.1545673075471698 0.46842948687499997 0.14639423113207548
18 0.37099359 0.13461538490566038 0.36987179500000006 0.13100961509433962 0.368429486875 0.1293269226415094 0.363621795 0.128125 0.35721153875 0.1295673075471698 0.3514423075 0.13485576886792452 0.35 0.1413461537735849 0.349679486875 0.146875 0.35080128187500004 0.15288461509433962 0.35641025625 0.16658653867924528 0.364262820625 0.17908653867924526 0.369070513125 0.18173076886792452 0.37147435875 0.18076923113207546 0.37291666687499997 0.17716346132075472 0.37099359 0.13461538490566038
12 0.408012820625 0.20889423113207548 0.40833333312500003 0.20360576886792453 0.408173076875 0.19735576886792452 0.40625 0.18942307735849057 0.402083333125 0.1831730773584906 0.39647435875 0.17908653867924526 0.34503205125 0.20120192264150943 0.34487179500000004 0.2055288462264151 0.348397435625 0.2100961537735849 0.37708333312500003 0.22860576886792452 0.38621794875 0.2319711537735849 0.39246794875 0.23125 0.40112179500000006 0.225 0.40560897437500004 0.21754807735849058 0.408012820625 0.20889423113207548
21 0.2713141025 0.19735576886792452 0.2639423075 0.20120192264150943 0.25721153874999997 0.21658653867924527 0.25865384625 0.2319711537735849 0.263301281875 0.2367788462264151 0.28766025625 0.2317307688679245 0.30496794875 0.21274038490566038 0.29679487187500003 0.19326923113207548 0.294871795 0.1920673075471698 0.2713141025 0.19735576886792452
21 0.447916666875 0.28701923113207545 0.447916666875 0.28317307735849057 0.43974359 0.2711538462264151 0.42772435875 0.2586538462264151 0.42660256437500005 0.2586538462264151 0.41586538437500004 0.26370192264150943 0.4088141025 0.27139423113207545 0.404326923125 0.2867788462264151 0.403205128125 0.29423076886792454 0.40416666687499997 0.31033653867924527 0.408012820625 0.32235576886792455 0.41426282062500003 0.33389423113207545 0.41586538437500004 0.3353365386792453 0.41939102562499997 0.3358173075471698 0.434615384375 0.3353365386792453 0.440705128125 0.33004807735849057 0.447916666875 0.28701923113207545
21 0.505448718125 0.25 0.4974358975 0.24639423113207548 0.494070513125 0.2473557688679245 0.49022435875 0.2524038462264151 0.488621795 0.25576923113207545 0.489262820625 0.2639423075471698 0.491666666875 0.27548076886792455 0.494070513125 0.28125 0.4963141025 0.28076923113207547 0.51378205125 0.26754807735849057 0.513141025625 0.26370192264150943 0.505448718125 0.25
18 0.5644230768749999 0.2971153849056604 0.5661858975 0.2884615386792453 0.5644230768749999 0.2829326924528302 0.5407051281249999 0.2552884613207547 0.537179486875 0.25264423113207546 0.533012820625 0.25288461509433957 0.52996794875 0.25625 0.528365384375 0.26370192264150943 0.52900641 0.27379807735849054 0.53125 0.28173076886792453 0.535576923125 0.2896634613207547 0.543429486875 0.3002403849056604 0.54903846125 0.3036057688679245 0.556730769375 0.3040865386792453 0.560416666875 0.3021634613207547 0.5644230768749999 0.2971153849056604
18 0.654326923125 0.29471153867924527 0.6540064099999999 0.28870192264150946 0.6525641025 0.28317307735849057 0.650320513125 0.27908653867924527 0.64278846125 0.27379807735849054 0.635897435625 0.2745192311320755 0.634134615625 0.2752403849056604 0.633012820625 0.2771634613207547 0.6323717950000001 0.27908653867924527 0.6350961537500001 0.3064903849056604 0.63621794875 0.3084134613207547 0.638621795 0.31033653867924527 0.64615384625 0.30985576886792454 0.649679486875 0.3072115386792453 0.6525641025 0.3033653849056604 0.654326923125 0.29471153867924527
18 0.63125 0.3052884613207547 0.6258012818750001 0.3064903849056604 0.6230769231250001 0.3091346150943396 0.61891025625 0.3158653849056604 0.61602564125 0.3266826924528302 0.61634615375 0.3348557688679245 0.6193910256249999 0.3461538462264151 0.622916666875 0.3490384613207547 0.624519230625 0.3478365386792453 0.638621795 0.32716346132075474 0.6389423075 0.3180288462264151 0.636858974375 0.309375 0.63125 0.3052884613207547
13 0.565865384375 0.41201923113207545 0.567948718125 0.4076923075471698 0.5775641025 0.3689903849056604 0.5783653843750001 0.353125 0.57740384625 0.3367788462264151 0.57628205125 0.3293269226415095 0.57403846125 0.3225961537735849 0.560416666875 0.30264423113207545 0.556570513125 0.30192307735849055 0.547916666875 0.31057692264150943 0.528205128125 0.3377403849056604 0.525801281875 0.3834134613207547 0.5266025643750001 0.3882211537735849 0.5338141025 0.4002403849056604 0.54615384625 0.4129807688679245 0.55224359 0.41610576886792455 0.554487179375 0.41610576886792455 0.5605769231250001 0.4149038462264151 0.565865384375 0.41201923113207545
13 0.49791666687499997 0.3278846150943396 0.494070513125 0.3269230773584905 0.49375 0.328125 0.49358974375000003 0.3420673075471698 0.49503205125 0.3478365386792453 0.49567307687499995 0.3492788462264151 0.49775641 0.3502403849056604 0.5016025643750001 0.3490384613207547 0.50224359 0.3451923075471698 0.49935897437500004 0.33004807735849057 0.49791666687499997 0.3278846150943396
18 0.4677734375 0.38671875 0.4658203125 0.38671875 0.4619140625 0.38964843773584906 0.44921875 0.4086914066037736 0.447265625 0.4145507811320755 0.447265625 0.4291992188679245 0.4501953125 0.43359375 0.4580078125 0.43359375 0.4609375 0.4291992188679245 0.470703125 0.3940429688679245 0.470703125 0.3911132811320755 0.4677734375 0.38671875
18 0.451171875 0.3764648433962264 0.4482421875 0.37207031226415094 0.4443359375 0.37207031226415094 0.4267578125 0.3808593754716981 0.4169921875 0.38964843773584906 0.412109375 0.3969726566037736 0.412109375 0.4057617188679245 0.4130859375 0.40722656226415094 0.4189453125 0.40722656226415094 0.4248046875 0.4042968745283019 0.4482421875 0.38671875 0.451171875 0.3823242188679245 0.451171875 0.3764648433962264
18 0.306891025625 0.3516826924528302 0.30208333312499996 0.35120192264150946 0.30032051312499997 0.3526442311320755 0.300480769375 0.35721153867924527 0.32211538437500004 0.40120192264150945 0.32596153875 0.3997596150943396 0.329326923125 0.3920673075471698 0.32243589749999996 0.3716346150943396 0.31858974375 0.3634615386792453 0.31490384625 0.3576923075471698 0.306891025625 0.3516826924528302
21 0.69471153875 0.36514423113207545 0.685416666875 0.3533653849056604 0.67740384625 0.34567307735849057 0.6733974356250001 0.3454326924528302 0.664423076875 0.35721153867924527 0.66346153875 0.36129807735849057 0.660897435625 0.4079326924528302 0.662019230625 0.41802884622641506 0.69727564125 0.4141826924528302 0.7011217949999999 0.4127403849056604 0.70496794875 0.4064903849056604 0.70608974375 0.4 0.702884615625 0.38076923113207545 0.69471153875 0.36514423113207545
21 0.765544871875 0.3533653849056604 0.762019230625 0.34182692264150943 0.755769230625 0.3346153849056604 0.747916666875 0.33798076886792455 0.74615384625 0.34158653867924527 0.7408653843749999 0.37283653867924527 0.7397435900000001 0.3997596150943396 0.74022435875 0.40841346132075473 0.754647435625 0.4125 0.759615384375 0.41129807735849055 0.76121794875 0.40817307735849057 0.765865384375 0.3918269226415095 0.766987179375 0.3737980773584905 0.765544871875 0.3533653849056604
21 0.75384615375 0.46682692264150943 0.744230769375 0.45576923113207546 0.735737179375 0.4579326924528302 0.733012820625 0.4608173075471698 0.729166666875 0.47620192264150946 0.728365384375 0.48653846132075473 0.731891025625 0.5021634613207547 0.748076923125 0.5389423075471699 0.7517628206249999 0.5401442311320754 0.76746794875 0.5245192311320754 0.76746794875 0.5175480773584905 0.7570512818749999 0.47451923113207545 0.75384615375 0.46682692264150943
21 0.58477564125 0.43557692264150943 0.572115384375 0.4141826924528302 0.568269230625 0.4146634613207547 0.544230769375 0.45120192264150943 0.543429486875 0.45528846132075473 0.54471153875 0.45745192264150947 0.573878205 0.49543269245283017 0.575801281875 0.4966346150943396 0.57996794875 0.4939903849056604 0.583333333125 0.48990384622641514 0.59150641 0.46682692264150943 0.58477564125 0.43557692264150943
17 0.687980769375 0.5338942311320755 0.6818910256249999 0.47067307735849057 0.6230769231250001 0.459375 0.6139423075 0.4627403849056604 0.6096153843750001 0.46658653867924527 0.590544871875 0.5564903849056604 0.583012820625 0.6007211537735849 0.582852564375 0.6036057688679246 0.5838141025 0.6069711537735849 0.58766025625 0.6108173075471699 0.650320513125 0.6355769226415094 0.673076923125 0.6423076924528301 0.6775641025 0.6379807688679245 0.68125 0.6230769226415095 0.687980769375 0.5338942311320755
20 0.638621795 0.4463942311320755 0.605769230625 0.46298076886792455 0.60608974375 0.47067307735849057 0.619070513125 0.48004807735849053 0.6349358975 0.4870192311320754 0.643429486875 0.4742788462264151 0.6463141025 0.45889423113207545 0.6411858975 0.4471153849056604 0.638621795 0.4463942311320755
20 0.6951923075 0.6543269226415095 0.686858974375 0.6514423075471698 0.67772435875 0.6548076924528301 0.6725961537499999 0.6600961537735849 0.670833333125 0.6632211537735849 0.67003205125 0.665625 0.670833333125 0.6711538462264152 0.6735576925 0.6757211537735849 0.67772435875 0.6788461537735849 0.6897435900000001 0.6788461537735849 0.70496794875 0.6692307688679245 0.7054487181250001 0.6663461537735849 0.6951923075 0.6543269226415095
18 0.6459935900000001 0.6932692311320754 0.64246794875 0.6875 0.615384615625 0.6536057688679245 0.61233974375 0.6540865386792453 0.610897435625 0.6567307688679246 0.6089743587499999 0.6658653849056604 0.610576923125 0.6735576924528301 0.613621795 0.6790865386792453 0.6235576925 0.6896634613207547 0.63397435875 0.6978365386792452 0.6423076925 0.7009615386792453 0.6448717949999999 0.6997596150943396 0.6459935900000001 0.6932692311320754
9 0.640865384375 0.7913461537735849 0.634134615625 0.7675480773584905 0.630769230625 0.7615384613207548 0.6269230768749999 0.7588942311320754 0.6230769231250001 0.7600961537735849 0.61971153875 0.7637019226415095 0.6161858975 0.771875 0.61602564125 0.7754807688679246 0.6201923075 0.7911057688679246 0.622916666875 0.7992788462264151 0.625641025625 0.8040865386792453 0.630769230625 0.8064903849056604 0.63477564125 0.8055288462264151 0.6410256412500001 0.7987980773584905 0.640865384375 0.7913461537735849
20 0.65016025625 0.7122596150943395 0.6455128206249999 0.7165865386792453 0.637980769375 0.7322115386792453 0.631730769375 0.7673076924528301 0.634294871875 0.7716346150943396 0.63846153875 0.76875 0.6525641025 0.7502403849056604 0.6607371793750001 0.7283653849056604 0.662019230625 0.7168269226415095 0.657852564375 0.7120192311320754 0.65016025625 0.7122596150943395
20 0.574358974375 0.5721153849056604 0.571794871875 0.5673076924528302 0.56858974375 0.5646634613207547 0.5644230768749999 0.5649038462264151 0.5605769231250001 0.5665865386792452 0.5551282049999999 0.571875 0.548397435625 0.5817307688679246 0.5474358975 0.5838942311320754 0.549198718125 0.5985576924528302 0.55625 0.6036057688679246 0.5610576925 0.6036057688679246 0.56778846125 0.5995192311320754 0.57371794875 0.5841346150943396 0.574519230625 0.5793269226415094 0.574358974375 0.5721153849056604
14 0.5485576925 0.4966346150943396 0.54503205125 0.49783653867924527 0.544551281875 0.4997596150943396 0.544871795 0.5033653849056604 0.5471153843750001 0.5069711537735849 0.560416666875 0.5149038462264152 0.5713141025 0.5137019226415095 0.573878205 0.5096153849056604 0.574358974375 0.49807692264150943 0.57227564125 0.4966346150943396 0.5485576925 0.4966346150943396
1 0.486698718125 0.4939903849056604 0.486698718125 0.48653846132075473 0.485897435625 0.4831730773584905 0.48237179500000005 0.4790865386792453 0.47836538437500004 0.47932692264150945 0.450801281875 0.48990384622641514 0.44663461562499995 0.4966346150943396 0.44647435874999997 0.49807692264150943 0.447916666875 0.5014423075471699 0.45112179500000005 0.5055288462264151 0.45897435875 0.5098557688679246 0.474679486875 0.5129807688679245 0.4798076925 0.5096153849056604 0.48429487187500003 0.5024038462264151 0.486698718125 0.4939903849056604
18 0.5158653843750001 0.56875 0.50721153875 0.5641826924528301 0.48846153875 0.5576923075471698 0.483012820625 0.5581730773584905 0.48125 0.5610576924528301 0.48108974375 0.5644230773584905 0.48541666687499996 0.5699519226415094 0.495352564375 0.5778846150943396 0.50977564125 0.5798076924528301 0.5160256412500001 0.5774038462264152 0.51746794875 0.5754807688679245 0.51778846125 0.5721153849056604 0.5158653843750001 0.56875
18 0.531730769375 0.5322115386792453 0.530608974375 0.5307692311320754 0.505769230625 0.5247596150943395 0.494070513125 0.5271634613207548 0.49214743562499996 0.5295673075471699 0.49150641 0.5319711537735848 0.49214743562499996 0.5353365386792452 0.494070513125 0.5377403849056605 0.518108974375 0.5449519226415095 0.525480769375 0.5447115386792453 0.5293269231250001 0.5427884613207548 0.531730769375 0.5408653849056604 0.533012820625 0.5370192311320754 0.531730769375 0.5322115386792453
20 0.487820513125 0.6069711537735849 0.48237179500000005 0.6028846150943395 0.46650641 0.6086538462264152 0.46089743562499996 0.6146634613207548 0.46089743562499996 0.6192307688679246 0.46362179500000006 0.6266826924528301 0.46650641 0.6307692311320754 0.474519230625 0.6375 0.494070513125 0.6394230773584906 0.49503205125 0.6384615386792453 0.490544871875 0.6110576924528301 0.487820513125 0.6069711537735849
18 0.47516025624999997 0.7283653849056604 0.47788461562499995 0.7204326924528301 0.474519230625 0.7 0.462820513125 0.6598557688679246 0.45897435875 0.6521634613207548 0.45496794875 0.6475961537735849 0.44711538437500004 0.6478365386792453 0.44246794875 0.6528846150943396 0.44022435875 0.6576923075471699 0.439262820625 0.6622596150943396 0.439423076875 0.6776442311320754 0.440544871875 0.6853365386792453 0.44759615375 0.7088942311320754 0.454647435625 0.7283653849056604 0.4576923075 0.7322115386792453 0.46266025624999996 0.7355769226415094 0.46810897437500004 0.734375 0.47516025624999997 0.7283653849056604
18 0.39631410250000004 0.5139423075471699 0.3923076925 0.5086538462264151 0.38862179500000005 0.50625 0.38493589749999996 0.5074519226415094 0.380929486875 0.5110576924528302 0.37932692312500005 0.5137019226415095 0.381730769375 0.525 0.38990384624999996 0.5418269226415094 0.39615384625 0.5466346150943396 0.40400641 0.5447115386792453 0.40496794875 0.5370192311320754 0.404326923125 0.5293269226415095 0.39631410250000004 0.5139423075471699
7 0.348397435625 0.7353365386792453 0.350320513125 0.7290865386792452 0.349198718125 0.7165865386792453 0.345512820625 0.7072115386792452 0.298878205 0.6932692311320754 0.28878205125 0.7012019226415095 0.26891025625000003 0.7206730773584905 0.267147435625 0.7408653849056605 0.26746794875 0.7444711537735849 0.279166666875 0.7512019226415094 0.314262820625 0.7555288462264151 0.33413461562499996 0.7533653849056604 0.33733974375000003 0.7516826924528301 0.34278846125 0.7447115386792452 0.348397435625 0.7353365386792453
18 0.30865384625000003 0.6415865386792453 0.31009615375 0.6377403849056604 0.31009615375 0.6269230773584905 0.302884615625 0.6048076924528302 0.29903846125 0.5963942311320755 0.29471153875 0.5923076924528301 0.29150641 0.5925480773584906 0.28509615374999997 0.5956730773584905 0.284134615625 0.6004807688679246 0.28397435875 0.6057692311320754 0.28509615374999997 0.6151442311320754 0.2875 0.6264423075471699 0.29391025625 0.6439903849056604 0.297115384375 0.6480769226415094 0.299198718125 0.6492788462264151 0.30272435875 0.6475961537735849 0.30865384625000003 0.6415865386792453
13 0.279166666875 0.44375 0.282051281875 0.43533653867924527 0.282852564375 0.4158653849056604 0.24391025625 0.3353365386792453 0.240705128125 0.334375 0.236378205 0.3350961537735849 0.22980769250000002 0.34158653867924527 0.197115384375 0.3951923075471698 0.19375 0.40408653867924527 0.197115384375 0.415625 0.21282051312499997 0.43942307735849057 0.220673076875 0.4463942311320755 0.26266025625 0.45528846132075473 0.267628205 0.45504807735849057 0.271634615625 0.4533653849056604 0.279166666875 0.44375
18 0.24102564125 0.4742788462264151 0.23990384625 0.47091346132075473 0.23766025625 0.46826923113207547 0.220512820625 0.4576923075471698 0.209134615625 0.45240384622641505 0.20608974375 0.45384615377358495 0.20096153875 0.45889423113207545 0.19919871812499998 0.4627403849056604 0.199679486875 0.47067307735849057 0.201121795 0.4742788462264151 0.20480769250000003 0.47932692264150945 0.228205128125 0.4963942311320754 0.23349359 0.4959134613207547 0.238141025625 0.49014423113207545 0.24102564125 0.4742788462264151
9 0.32435897437500005 0.3365384613207547 0.32227564125 0.33389423113207545 0.318269230625 0.33125 0.31778846125 0.3322115386792453 0.318108974375 0.33990384622641506 0.32003205125 0.34447115377358495 0.32628205125 0.3552884613207547 0.329326923125 0.35745192264150943 0.33092948687499996 0.35721153867924527 0.331570513125 0.3528846150943396 0.330769230625 0.3497596150943396 0.32435897437500005 0.3365384613207547
21 0.263621795 0.5057692311320754 0.2485576925 0.5331730773584905 0.244871795 0.5447115386792453 0.240865384375 0.5711538462264151 0.24118589750000002 0.5728365386792452 0.25977564125 0.5848557688679246 0.279647435625 0.5877403849056604 0.27884615375 0.5175480773584905 0.277884615625 0.5161057688679246 0.26746794875 0.5074519226415094 0.263621795 0.5057692311320754