7 0.396484375 0.2915039066037736 0.384765625 0.2534179688679245 0.3623046875 0.2109375 0.361328125 0.2124023433962264 0.357421875 0.2475585933962264 0.349609375 0.3940429688679245 0.3525390625 0.3984375 0.3662109375 0.3984375 0.3818359375 0.38964843773584906 0.3857421875 0.38671875 0.388671875 0.3823242188679245 0.396484375 0.3354492188679245 0.396484375 0.2915039066037736
7 0.453125 0.3911132811320755 0.451171875 0.3823242188679245 0.4462890625 0.375 0.4365234375 0.36328125 0.4306640625 0.36035156226415094 0.4208984375 0.36621093773584906 0.416015625 0.3735351566037736 0.404296875 0.3999023433962264 0.400390625 0.4116210933962264 0.400390625 0.4145507811320755 0.421875 0.5170898433962264 0.4306640625 0.52734375 0.4384765625 0.524414062264151 0.451171875 0.5112304688679246 0.458984375 0.4643554688679245 0.453125 0.3911132811320755
3 0.638671875 0.3090820311320755 0.62890625 0.2709960933962264 0.6259765625 0.26660156226415094 0.5673828125 0.2490234377358491 0.5517578125 0.2490234377358491 0.5478515625 0.2519531245283019 0.537109375 0.2680664066037736 0.53515625 0.2768554688679245 0.53515625 0.2856445311320755 0.5361328125 0.2871093754716981 0.6025390625 0.3574218754716981 0.6044921875 0.3574218754716981 0.6181640625 0.34277343773584906 0.638671875 0.3178710933962264 0.638671875 0.3090820311320755
20 0.7265625 0.5991210933962264 0.7177734375 0.5917968754716981 0.6689453125 0.588867187735849 0.66796875 0.5903320311320754 0.66796875 0.5932617188679246 0.68359375 0.6635742188679246 0.6845703125 0.665039062264151 0.7236328125 0.629882812264151 0.73046875 0.6196289066037736 0.73046875 0.6079101566037736 0.7265625 0.5991210933962264
20 0.572265625 0.5668945311320754 0.5712890625 0.565429687735849 0.5654296875 0.5625 0.5458984375 0.5625 0.5361328125 0.565429687735849 0.5322265625 0.5683593754716981 0.529296875 0.5727539066037736 0.52734375 0.5786132811320754 0.52734375 0.5903320311320754 0.529296875 0.5991210933962264 0.5302734375 0.600585937735849 0.5673828125 0.5917968754716981 0.57421875 0.5844726566037736 0.57421875 0.5727539066037736 0.572265625 0.5668945311320754
18 0.7197265625 0.4042968745283019 0.724609375 0.3999023433962264 0.728515625 0.3911132811320755 0.728515625 0.3881835933962264 0.7265625 0.3735351566037736 0.716796875 0.3325195311320755 0.71484375 0.3266601566037736 0.7099609375 0.31933593773584906 0.7041015625 0.31640625 0.7021484375 0.31640625 0.6982421875 0.31933593773584906 0.6953125 0.3237304688679245 0.693359375 0.3325195311320755 0.693359375 0.3383789066037736 0.6953125 0.3500976566037736 0.703125 0.3823242188679245 0.708984375 0.3969726566037736 0.7119140625 0.40136718773584906 0.7158203125 0.4042968745283019 0.7197265625 0.4042968745283019
18 0.546875 0.4614257811320755 0.546875 0.4526367188679245 0.544921875 0.4438476566037736 0.5419921875 0.4394531245283019 0.5361328125 0.43359375 0.5263671875 0.43359375 0.51953125 0.4438476566037736 0.517578125 0.4526367188679245 0.517578125 0.4584960933962264 0.521484375 0.4731445311320755 0.5283203125 0.483398437735849 0.5341796875 0.483398437735849 0.5380859375 0.48046875 0.544921875 0.4702148433962264 0.546875 0.4614257811320755
18 0.283203125 0.4438476566037736 0.2802734375 0.4394531245283019 0.2744140625 0.43359375 0.2509765625 0.43359375 0.244140625 0.4409179688679245 0.240234375 0.4526367188679245 0.240234375 0.4555664066037736 0.2451171875 0.4628906245283019 0.2763671875 0.4746093745283019 0.2802734375 0.4746093745283019 0.28515625 0.4672851566037736 0.28515625 0.4497070311320755 0.283203125 0.4438476566037736
18 0.28125 0.5903320311320754 0.283203125 0.5786132811320754 0.283203125 0.5727539066037736 0.279296875 0.5610351566037736 0.2783203125 0.559570312264151 0.2705078125 0.5566406245283019 0.2646484375 0.5566406245283019 0.2607421875 0.559570312264151 0.255859375 0.5668945311320754 0.248046875 0.5903320311320754 0.244140625 0.6049804688679246 0.2421875 0.6137695311320754 0.2421875 0.6342773433962264 0.24609375 0.6430664066037736 0.2490234375 0.647460937735849 0.2568359375 0.647460937735849 0.2607421875 0.64453125 0.267578125 0.6342773433962264 0.28125 0.5903320311320754
18 0.353515625 0.6401367188679246 0.349609375 0.6254882811320754 0.3427734375 0.6152343754716981 0.3349609375 0.609375 0.3271484375 0.606445312264151 0.3173828125 0.612304687735849 0.31640625 0.6137695311320754 0.31640625 0.6196289066037736 0.337890625 0.6752929688679246 0.3388671875 0.676757812264151 0.3408203125 0.676757812264151 0.3515625 0.6606445311320754 0.353515625 0.6547851566037736 0.353515625 0.6401367188679246
18 0.55859375 0.6870117188679246 0.5576171875 0.6855468754716981 0.5244140625 0.6738281245283019 0.5185546875 0.6738281245283019 0.517578125 0.6752929688679246 0.515625 0.6811523433962264 0.515625 0.6958007811320754 0.51953125 0.7075195311320754 0.5263671875 0.717773437735849 0.5380859375 0.717773437735849 0.5517578125 0.703125 0.55859375 0.6928710933962264 0.55859375 0.6870117188679246
14 0.66015625 0.7426757811320754 0.6513671875 0.729492187735849 0.6455078125 0.729492187735849 0.642578125 0.7338867188679246 0.642578125 0.7368164066037736 0.654296875 0.7778320311320754 0.6572265625 0.782226562264151 0.6591796875 0.782226562264151 0.666015625 0.7719726566037736 0.66796875 0.7602539066037736 0.66015625 0.7426757811320754
14 0.4873046875 0.57421875 0.4833984375 0.571289062264151 0.4794921875 0.571289062264151 0.4638671875 0.588867187735849 0.458984375 0.5961914066037736 0.458984375 0.6020507811320754 0.4599609375 0.6035156245283019 0.4638671875 0.6035156245283019 0.4853515625 0.594726562264151 0.490234375 0.5874023433962264 0.490234375 0.5815429688679246 0.4873046875 0.57421875
14 0.5908203125 0.5449218754716981 0.5888671875 0.5449218754716981 0.5751953125 0.559570312264151 0.572265625 0.5639648433962264 0.5751953125 0.5683593754716981 0.5791015625 0.571289062264151 0.5849609375 0.571289062264151 0.591796875 0.5610351566037736 0.59375 0.5551757811320754 0.59375 0.5493164066037736 0.5908203125 0.5449218754716981
14 0.626953125 0.4291992188679245 0.611328125 0.3911132811320755 0.6083984375 0.38671875 0.6044921875 0.38964843773584906 0.603515625 0.3911132811320755 0.603515625 0.4086914066037736 0.60546875 0.4145507811320755 0.6181640625 0.43359375 0.6220703125 0.43652343773584906 0.6259765625 0.43652343773584906 0.626953125 0.4350585933962264 0.626953125 0.4291992188679245
9 0.6728515625 0.571289062264151 0.6708984375 0.571289062264151 0.669921875 0.5727539066037736 0.669921875 0.5756835933962264 0.671875 0.5815429688679246 0.6728515625 0.583007812264151 0.6767578125 0.583007812264151 0.677734375 0.5815429688679246 0.677734375 0.5786132811320754 0.6728515625 0.571289062264151
9 0.6513671875 0.64453125 0.6484375 0.6489257811320754 0.6484375 0.6606445311320754 0.6533203125 0.66796875 0.6552734375 0.66796875 0.658203125 0.6635742188679246 0.658203125 0.6577148433962264 0.65625 0.6518554688679246 0.6513671875 0.64453125
7 0.5810546875 0.7558593754716981 0.580078125 0.7573242188679246 0.5966796875 0.7792968754716981 0.599609375 0.7749023433962264 0.599609375 0.7631835933962264 0.5947265625 0.7558593754716981 0.5888671875 0.752929687735849 0.5849609375 0.752929687735849 0.5810546875 0.7558593754716981
11 0.630859375 0.6987304688679246 0.6337890625 0.703125 0.634765625 0.7016601566037736 0.634765625 0.6899414066037736 0.6318359375 0.6855468754716981 0.630859375 0.6870117188679246 0.630859375 0.6987304688679246
0 0.4814453125 0.6796875 0.4794921875 0.6796875 0.478515625 0.6811523433962264 0.478515625 0.6899414066037736 0.48046875 0.6958007811320754 0.4814453125 0.6972656245283019 0.4833984375 0.6972656245283019 0.486328125 0.6899414066037736 0.486328125 0.6870117188679246 0.4814453125 0.6796875
0 0.455078125 0.6694335933962264 0.455078125 0.6782226566037736 0.4580078125 0.682617187735849 0.462890625 0.6752929688679246 0.462890625 0.6694335933962264 0.4599609375 0.665039062264151 0.4580078125 0.665039062264151 0.455078125 0.6694335933962264