18 0.607421875 0.4526367188679245 0.607421875 0.4350585933962264 0.603515625 0.4233398433962264 0.59375 0.4057617188679245 0.5869140625 0.39550781226415094 0.5791015625 0.38671875 0.5732421875 0.3808593754716981 0.5615234375 0.3808593754716981 0.556640625 0.3881835933962264 0.556640625 0.4057617188679245 0.560546875 0.4174804688679245 0.5810546875 0.45410156226415094 0.5908203125 0.4628906245283019 0.5986328125 0.4628906245283019 0.6025390625 0.45996093773584906 0.607421875 0.4526367188679245
18 0.3515625 0.2739257811320755 0.349609375 0.2651367188679245 0.345703125 0.2534179688679245 0.3408203125 0.24609375 0.3330078125 0.24609375 0.326171875 0.2563476566037736 0.326171875 0.2651367188679245 0.33203125 0.2827148433962264 0.3388671875 0.29296875 0.3466796875 0.29296875 0.349609375 0.2885742188679245 0.3515625 0.2827148433962264 0.3515625 0.2739257811320755
9 0.5380859375 0.2578125 0.5341796875 0.2578125 0.533203125 0.2592773433962264 0.533203125 0.2651367188679245 0.5400390625 0.2753906245283019 0.5478515625 0.2753906245283019 0.548828125 0.2739257811320755 0.548828125 0.2680664066037736 0.5439453125 0.26074218773584906 0.5380859375 0.2578125
9 0.4384765625 0.530273437735849 0.435546875 0.5346679688679246 0.43359375 0.5405273433962264 0.43359375 0.5463867188679246 0.4345703125 0.547851562264151 0.4404296875 0.547851562264151 0.4453125 0.5405273433962264 0.4453125 0.5317382811320754 0.4443359375 0.530273437735849 0.4384765625 0.530273437735849
9 0.2841796875 0.45703125 0.2822265625 0.45703125 0.28125 0.4584960933962264 0.28125 0.4672851566037736 0.283203125 0.4731445311320755 0.2880859375 0.48046875 0.2919921875 0.48046875 0.29296875 0.4790039066037736 0.29296875 0.4702148433962264 0.2841796875 0.45703125
9 0.2490234375 0.57421875 0.24609375 0.5786132811320754 0.2490234375 0.583007812264151 0.2587890625 0.583007812264151 0.26171875 0.5786132811320754 0.26171875 0.5727539066037736 0.2587890625 0.5683593754716981 0.2548828125 0.5683593754716981 0.2490234375 0.57421875
14 0.3671875 0.6196289066037736 0.357421875 0.5991210933962264 0.3544921875 0.594726562264151 0.3505859375 0.594726562264151 0.349609375 0.5961914066037736 0.349609375 0.6020507811320754 0.353515625 0.6225585933962264 0.3623046875 0.635742187735849 0.3662109375 0.6386718754716981 0.369140625 0.6342773433962264 0.369140625 0.6254882811320754 0.3671875 0.6196289066037736
21 0.611328125 0.6225585933962264 0.615234375 0.6079101566037736 0.623046875 0.5668945311320754 0.623046875 0.5581054688679246 0.609375 0.5200195311320754 0.6064453125 0.515625 0.6005859375 0.512695312264151 0.5576171875 0.515625 0.525390625 0.5668945311320754 0.515625 0.5932617188679246 0.515625 0.5991210933962264 0.5166015625 0.600585937735849 0.5361328125 0.612304687735849 0.5732421875 0.62109375 0.5966796875 0.624023437735849 0.6103515625 0.624023437735849 0.611328125 0.6225585933962264
1 0.513671875 0.4057617188679245 0.5107421875 0.40136718773584906 0.5068359375 0.3984375 0.4970703125 0.3984375 0.4873046875 0.4042968745283019 0.482421875 0.4116210933962264 0.48046875 0.4174804688679245 0.48046875 0.4291992188679245 0.482421875 0.4350585933962264 0.4912109375 0.44824218773584906 0.4970703125 0.44824218773584906 0.501953125 0.4438476566037736 0.513671875 0.4145507811320755 0.513671875 0.4057617188679245
20 0.3544921875 0.43652343773584906 0.3505859375 0.43359375 0.3486328125 0.43359375 0.3388671875 0.4394531245283019 0.333984375 0.4467773433962264 0.333984375 0.4614257811320755 0.3427734375 0.46875 0.3525390625 0.4628906245283019 0.357421875 0.4555664066037736 0.359375 0.4497070311320755 0.359375 0.4438476566037736 0.3544921875 0.43652343773584906
20 0.4208984375 0.3222656245283019 0.4169921875 0.3222656245283019 0.4130859375 0.32519531226415094 0.3623046875 0.39550781226415094 0.361328125 0.3969726566037736 0.3623046875 0.3984375 0.3701171875 0.4042968745283019 0.3740234375 0.4042968745283019 0.4072265625 0.38964843773584906 0.4462890625 0.34863281226415094 0.44921875 0.3442382811320755 0.4208984375 0.3222656245283019