18 0.724609375 0.3237304688679245 0.720703125 0.3120117188679245 0.716796875 0.3032226566037736 0.7138671875 0.2988281245283019 0.7041015625 0.29003906226415094 0.6962890625 0.2871093754716981 0.6845703125 0.2871093754716981 0.6767578125 0.29003906226415094 0.666015625 0.3061523433962264 0.6640625 0.3120117188679245 0.6640625 0.3149414066037736 0.6689453125 0.3222656245283019 0.7119140625 0.3457031245283019 0.7177734375 0.3457031245283019 0.7216796875 0.34277343773584906 0.724609375 0.3354492188679245 0.724609375 0.3237304688679245
18 0.666015625 0.7485351566037736 0.666015625 0.7397460933962264 0.6591796875 0.729492187735849 0.6533203125 0.729492187735849 0.6494140625 0.7324218754716981 0.642578125 0.7426757811320754 0.634765625 0.7573242188679246 0.6328125 0.7631835933962264 0.6328125 0.7719726566037736 0.634765625 0.7778320311320754 0.6376953125 0.782226562264151 0.6474609375 0.782226562264151 0.66015625 0.7631835933962264 0.6640625 0.7543945311320754 0.666015625 0.7485351566037736
18 0.681640625 0.6665039066037736 0.6767578125 0.659179687735849 0.6591796875 0.641601562264151 0.6455078125 0.641601562264151 0.6416015625 0.64453125 0.63671875 0.6518554688679246 0.63671875 0.6723632811320754 0.638671875 0.6782226566037736 0.6455078125 0.6855468754716981 0.6611328125 0.6855468754716981 0.6767578125 0.676757812264151 0.681640625 0.6694335933962264 0.681640625 0.6665039066037736
18 0.49609375 0.1860351566037736 0.4912109375 0.17871093773584906 0.4755859375 0.1640625 0.4677734375 0.16113281226415094 0.4638671875 0.1640625 0.4609375 0.16845703113207547 0.458984375 0.1743164066037736 0.458984375 0.18017578113207547 0.4609375 0.1860351566037736 0.4658203125 0.19335937547169813 0.4814453125 0.20800781226415094 0.4892578125 0.20800781226415094 0.498046875 0.19482421886792453 0.49609375 0.1860351566037736
18 0.4716796875 0.606445312264151 0.4765625 0.5991210933962264 0.4765625 0.5844726566037736 0.474609375 0.5786132811320754 0.4716796875 0.57421875 0.4638671875 0.571289062264151 0.4599609375 0.571289062264151 0.4501953125 0.57421875 0.4365234375 0.5859375 0.4296875 0.5961914066037736 0.4296875 0.6108398433962264 0.4345703125 0.618164062264151 0.4404296875 0.62109375 0.4462890625 0.62109375 0.4560546875 0.618164062264151 0.4658203125 0.612304687735849 0.4716796875 0.606445312264151
18 0.3046875 0.4116210933962264 0.30078125 0.3999023433962264 0.29296875 0.3852539066037736 0.2822265625 0.37207031226415094 0.2705078125 0.37207031226415094 0.267578125 0.3764648433962264 0.267578125 0.3911132811320755 0.2734375 0.4057617188679245 0.2919921875 0.43359375 0.3037109375 0.43359375 0.306640625 0.4262695311320755 0.306640625 0.4204101566037736 0.3046875 0.4116210933962264
18 0.3515625 0.7456054688679246 0.345703125 0.7280273433962264 0.337890625 0.7104492188679246 0.3291015625 0.6972656245283019 0.3251953125 0.694335937735849 0.3154296875 0.6972656245283019 0.310546875 0.7045898433962264 0.3125 0.7192382811320754 0.31640625 0.7338867188679246 0.3203125 0.7426757811320754 0.3369140625 0.7675781245283019 0.3466796875 0.7675781245283019 0.3515625 0.7602539066037736 0.3515625 0.7456054688679246
20 0.630859375 0.21533203113207547 0.6279296875 0.2109375 0.6181640625 0.20214843773584906 0.6064453125 0.20214843773584906 0.603515625 0.20654296886792453 0.603515625 0.2211914066037736 0.6103515625 0.23144531226415094 0.6181640625 0.23730468773584906 0.6220703125 0.23730468773584906 0.6259765625 0.234375 0.62890625 0.22998046886792453 0.630859375 0.21533203113207547
20 0.5361328125 0.18164062452830187 0.5322265625 0.18164062452830187 0.5166015625 0.19921875 0.515625 0.2006835933962264 0.5166015625 0.20214843773584906 0.5361328125 0.21679687452830187 0.5419921875 0.21679687452830187 0.5615234375 0.20507812452830187 0.5625 0.20361328113207547 0.5439453125 0.18457031226415094 0.5361328125 0.18164062452830187
20 0.4013671875 0.35449218773584906 0.400390625 0.3559570311320755 0.400390625 0.3618164066037736 0.408203125 0.3940429688679245 0.4091796875 0.39550781226415094 0.4375 0.3735351566037736 0.4111328125 0.3515625 0.4072265625 0.3515625 0.4013671875 0.35449218773584906
20 0.3056640625 0.4746093745283019 0.298828125 0.48486328113207544 0.287109375 0.5083007811320754 0.2939453125 0.515625 0.2958984375 0.515625 0.3095703125 0.506835937735849 0.31640625 0.4907226566037736 0.31640625 0.4790039066037736 0.3134765625 0.4746093745283019 0.3056640625 0.4746093745283019
20 0.373046875 0.6577148433962264 0.3603515625 0.64453125 0.3427734375 0.647460937735849 0.33984375 0.6518554688679246 0.365234375 0.6958007811320754 0.3681640625 0.700195312264151 0.3701171875 0.700195312264151 0.376953125 0.6899414066037736 0.37890625 0.6811523433962264 0.37890625 0.6782226566037736 0.373046875 0.6577148433962264
7 0.3125 0.5874023433962264 0.28125 0.4321289066037736 0.2587890625 0.4160156245283019 0.2548828125 0.4160156245283019 0.25390625 0.4174804688679245 0.244140625 0.5053710933962264 0.244140625 0.5463867188679246 0.24609375 0.5581054688679246 0.255859375 0.5786132811320754 0.2724609375 0.600585937735849 0.3056640625 0.594726562264151 0.3095703125 0.5917968754716981 0.3125 0.5874023433962264
7 0.416015625 0.6196289066037736 0.412109375 0.6079101566037736 0.396484375 0.5698242188679246 0.384765625 0.5463867188679246 0.3623046875 0.518554687735849 0.3544921875 0.512695312264151 0.3388671875 0.515625 0.3330078125 0.5214843754716981 0.32421875 0.5346679688679246 0.32421875 0.5434570311320754 0.328125 0.5522460933962264 0.4072265625 0.64453125 0.4111328125 0.64453125 0.4140625 0.6401367188679246 0.416015625 0.6313476566037736 0.416015625 0.6196289066037736
3 0.44921875 0.5346679688679246 0.451171875 0.5258789066037736 0.451171875 0.5083007811320754 0.4306640625 0.47753906226415094 0.3994140625 0.45410156226415094 0.396484375 0.4584960933962264 0.396484375 0.4907226566037736 0.400390625 0.5170898433962264 0.40625 0.5317382811320754 0.4111328125 0.5390625 0.4267578125 0.55078125 0.4462890625 0.5390625 0.44921875 0.5346679688679246
3 0.6474609375 0.5097656245283019 0.6416015625 0.512695312264151 0.640625 0.5141601566037736 0.638671875 0.5815429688679246 0.6435546875 0.588867187735849 0.6923828125 0.5859375 0.7060546875 0.583007812264151 0.71875 0.5463867188679246 0.7099609375 0.5390625 0.6611328125 0.5097656245283019 0.6474609375 0.5097656245283019
14 0.3681640625 0.22265625 0.3662109375 0.22265625 0.361328125 0.22998046886792453 0.361328125 0.2592773433962264 0.3623046875 0.26074218773584906 0.3759765625 0.2578125 0.3798828125 0.25488281226415094 0.3828125 0.2504882811320755 0.3828125 0.2416992188679245 0.3681640625 0.22265625
14 0.5537109375 0.23144531226415094 0.5517578125 0.23144531226415094 0.55078125 0.2329101566037736 0.53125 0.2651367188679245 0.5341796875 0.27246093773584906 0.5380859375 0.2753906245283019 0.5439453125 0.26953125 0.552734375 0.2534179688679245 0.5546875 0.2475585933962264 0.5546875 0.2329101566037736 0.5537109375 0.23144531226415094
14 0.521484375 0.4350585933962264 0.5224609375 0.43652343773584906 0.525390625 0.4291992188679245 0.525390625 0.4204101566037736 0.5244140625 0.41894531226415094 0.521484375 0.4233398433962264 0.521484375 0.4350585933962264
14 0.5322265625 0.39550781226415094 0.5107421875 0.39550781226415094 0.509765625 0.3969726566037736 0.505859375 0.4057617188679245 0.505859375 0.4145507811320755 0.5087890625 0.41894531226415094 0.5126953125 0.41894531226415094 0.5283203125 0.41308593773584906 0.53515625 0.4028320311320755 0.53515625 0.3999023433962264 0.5322265625 0.39550781226415094
14 0.5224609375 0.6152343754716981 0.51953125 0.6196289066037736 0.515625 0.6372070311320754 0.515625 0.6489257811320754 0.5341796875 0.665039062264151 0.5361328125 0.665039062264151 0.5390625 0.6577148433962264 0.5390625 0.6342773433962264 0.5263671875 0.612304687735849 0.5224609375 0.6152343754716981
14 0.375 0.7485351566037736 0.3720703125 0.7441406245283019 0.369140625 0.7485351566037736 0.3671875 0.7602539066037736 0.3671875 0.7924804688679246 0.3681640625 0.793945312264151 0.3740234375 0.793945312264151 0.375 0.7924804688679246 0.376953125 0.7690429688679246 0.376953125 0.7543945311320754 0.375 0.7485351566037736
14 0.4384765625 0.7558593754716981 0.4375 0.7573242188679246 0.4375 0.7661132811320754 0.4384765625 0.7675781245283019 0.4521484375 0.7675781245283019 0.466796875 0.7514648433962264 0.466796875 0.7368164066037736 0.4658203125 0.735351562264151 0.4384765625 0.7558593754716981
14 0.4931640625 0.694335937735849 0.4873046875 0.6972656245283019 0.486328125 0.6987304688679246 0.48046875 0.7426757811320754 0.4833984375 0.747070312264151 0.4873046875 0.747070312264151 0.494140625 0.7368164066037736 0.49609375 0.7280273433962264 0.49609375 0.6958007811320754 0.4951171875 0.694335937735849 0.4931640625 0.694335937735849
14 0.669921875 0.3559570311320755 0.6689453125 0.35449218773584906 0.6513671875 0.33984375 0.6416015625 0.33691406226415094 0.638671875 0.3413085933962264 0.638671875 0.3471679688679245 0.640625 0.3530273433962264 0.6552734375 0.37207031226415094 0.6611328125 0.375 0.6650390625 0.375 0.669921875 0.3706054688679245 0.669921875 0.3559570311320755
21 0.400390625 0.4350585933962264 0.400390625 0.4262695311320755 0.39453125 0.4116210933962264 0.3876953125 0.40136718773584906 0.3369140625 0.36328125 0.3330078125 0.36328125 0.3173828125 0.3808593754716981 0.310546875 0.3911132811320755 0.310546875 0.4145507811320755 0.3125 0.4204101566037736 0.3310546875 0.44824218773584906 0.3408203125 0.45703125 0.3583984375 0.45703125 0.3994140625 0.43652343773584906 0.400390625 0.4350585933962264
9 0.5947265625 0.26074218773584906 0.5888671875 0.26660156226415094 0.587890625 0.2680664066037736 0.587890625 0.2768554688679245 0.5888671875 0.27832031226415094 0.5947265625 0.27832031226415094 0.6015625 0.2680664066037736 0.6015625 0.2592773433962264 0.6005859375 0.2578125 0.5947265625 0.26074218773584906
9 0.4833984375 0.21386718773584906 0.4814453125 0.21386718773584906 0.478515625 0.21826171886792453 0.478515625 0.22998046886792453 0.4794921875 0.23144531226415094 0.4833984375 0.23144531226415094 0.486328125 0.22705078113207547 0.486328125 0.2211914066037736 0.484375 0.21533203113207547 0.4833984375 0.21386718773584906
9 0.4619140625 0.26660156226415094 0.4609375 0.2680664066037736 0.4609375 0.2709960933962264 0.4658203125 0.27832031226415094 0.4677734375 0.27832031226415094 0.470703125 0.2739257811320755 0.470703125 0.2680664066037736 0.4697265625 0.26660156226415094 0.4619140625 0.26660156226415094
9 0.4619140625 0.328125 0.4658203125 0.328125 0.46875 0.3237304688679245 0.4619140625 0.31347656226415094 0.4580078125 0.31347656226415094 0.455078125 0.3178710933962264 0.4619140625 0.328125
9 0.6796875 0.4731445311320755 0.6748046875 0.46582031226415094 0.671875 0.4702148433962264 0.669921875 0.4790039066037736 0.669921875 0.48486328113207544 0.671875 0.4907226566037736 0.6748046875 0.495117187735849 0.6787109375 0.495117187735849 0.681640625 0.48779296886792456 0.681640625 0.4819335933962264 0.6796875 0.4731445311320755
9 0.6884765625 0.489257812264151 0.685546875 0.4936523433962264 0.689453125 0.5024414066037736 0.6923828125 0.506835937735849 0.6943359375 0.506835937735849 0.6953125 0.5053710933962264 0.6953125 0.4936523433962264 0.6904296875 0.489257812264151 0.6884765625 0.489257812264151
9 0.736328125 0.5551757811320754 0.7333984375 0.55078125 0.7294921875 0.55078125 0.7265625 0.5551757811320754 0.72265625 0.5639648433962264 0.72265625 0.5932617188679246 0.7275390625 0.600585937735849 0.7353515625 0.600585937735849 0.740234375 0.5932617188679246 0.7421875 0.5874023433962264 0.7421875 0.5815429688679246 0.736328125 0.5551757811320754
9 0.6201171875 0.52734375 0.6162109375 0.52734375 0.615234375 0.5288085933962264 0.615234375 0.5405273433962264 0.6181640625 0.5449218754716981 0.6220703125 0.5449218754716981 0.625 0.5405273433962264 0.625 0.5375976566037736 0.623046875 0.5317382811320754 0.6201171875 0.52734375
9 0.6220703125 0.4921875 0.619140625 0.49658203113207544 0.619140625 0.5024414066037736 0.6201171875 0.50390625 0.6259765625 0.50390625 0.62890625 0.49951171886792456 0.62890625 0.4936523433962264 0.6279296875 0.4921875 0.6220703125 0.4921875
9 0.5068359375 0.553710937735849 0.501953125 0.5610351566037736 0.5 0.5668945311320754 0.5 0.5756835933962264 0.5009765625 0.577148437735849 0.5048828125 0.577148437735849 0.509765625 0.5698242188679246 0.509765625 0.5551757811320754 0.5087890625 0.553710937735849 0.5068359375 0.553710937735849
9 0.5654296875 0.50390625 0.5625 0.5083007811320754 0.5625 0.5170898433962264 0.5634765625 0.518554687735849 0.5654296875 0.518554687735849 0.5703125 0.5112304688679246 0.5703125 0.5053710933962264 0.5693359375 0.50390625 0.5654296875 0.50390625
9 0.4580078125 0.489257812264151 0.455078125 0.4936523433962264 0.455078125 0.5024414066037736 0.4560546875 0.50390625 0.4619140625 0.50390625 0.46484375 0.49951171886792456 0.46484375 0.4907226566037736 0.4638671875 0.489257812264151 0.4580078125 0.489257812264151
9 0.4326171875 0.6796875 0.4267578125 0.6796875 0.421875 0.6870117188679246 0.41796875 0.6958007811320754 0.41796875 0.7016601566037736 0.4208984375 0.706054687735849 0.4228515625 0.706054687735849 0.431640625 0.6987304688679246 0.43359375 0.6928710933962264 0.43359375 0.6811523433962264 0.4326171875 0.6796875
9 0.4912109375 0.641601562264151 0.486328125 0.6489257811320754 0.4892578125 0.653320312264151 0.4951171875 0.653320312264151 0.4990234375 0.6503906245283019 0.501953125 0.6459960933962264 0.501953125 0.6430664066037736 0.4970703125 0.6386718754716981 0.4912109375 0.641601562264151
9 0.5205078125 0.665039062264151 0.5166015625 0.665039062264151 0.515625 0.6665039066037736 0.515625 0.6752929688679246 0.517578125 0.6811523433962264 0.5205078125 0.6855468754716981 0.5244140625 0.688476562264151 0.52734375 0.6840820311320754 0.52734375 0.6752929688679246 0.5205078125 0.665039062264151
9 0.6083984375 0.6738281245283019 0.60546875 0.6782226566037736 0.603515625 0.6840820311320754 0.6083984375 0.69140625 0.6142578125 0.69140625 0.6201171875 0.688476562264151 0.623046875 0.6840820311320754 0.623046875 0.6782226566037736 0.6201171875 0.6738281245283019 0.6083984375 0.6738281245283019
9 0.6083984375 0.735351562264151 0.6044921875 0.735351562264151 0.603515625 0.7368164066037736 0.603515625 0.7397460933962264 0.607421875 0.7514648433962264 0.6083984375 0.752929687735849 0.6103515625 0.752929687735849 0.61328125 0.7485351566037736 0.61328125 0.7397460933962264 0.6083984375 0.735351562264151
9 0.7001953125 0.4863281245283018 0.69921875 0.48779296886792456 0.69921875 0.4907226566037736 0.7001953125 0.4921875 0.7177734375 0.4921875 0.720703125 0.48779296886792456 0.7177734375 0.483398437735849 0.7119140625 0.483398437735849 0.7001953125 0.4863281245283018
13 0.4560546875 0.518554687735849 0.455078125 0.5200195311320754 0.455078125 0.5229492188679246 0.4619140625 0.5332031245283019 0.4638671875 0.5332031245283019 0.46484375 0.5317382811320754 0.466796875 0.5170898433962264 0.4638671875 0.512695312264151 0.4560546875 0.518554687735849
1 0.7216796875 0.4394531245283019 0.7119140625 0.4394531245283019 0.7041015625 0.44824218773584906 0.703125 0.4497070311320755 0.703125 0.4672851566037736 0.7099609375 0.47753906226415094 0.7158203125 0.48046875 0.71875 0.4760742188679245 0.724609375 0.4526367188679245 0.724609375 0.4438476566037736 0.7216796875 0.4394531245283019