12 0.3994140625 0.1699011349056604 0.3935546875 0.1728304650943396 0.380859375 0.19187110943396227 0.376953125 0.20065909905660378 0.375 0.21237641886792452 0.376953125 0.22995239811320753 0.3837890625 0.2343463933962264 0.38671875 0.22995239811320753 0.40625 0.18015378962264153 0.40625 0.17429513018867923 0.4033203125 0.1699011349056604 0.3994140625 0.1699011349056604
14 0.2939453125 0.2841450018867924 0.287109375 0.2943976566037736 0.28515625 0.3002563160377359 0.287109375 0.3295496150943396 0.2900390625 0.3339436103773585 0.2978515625 0.3339436103773585 0.302734375 0.3266202858490566 0.302734375 0.2885389971698113 0.2998046875 0.2841450018867924 0.2939453125 0.2841450018867924
14 0.6220703125 0.2958623216981132 0.615234375 0.3031856462264151 0.611328125 0.3149029660377359 0.611328125 0.3207616254716981 0.6162109375 0.3280849509433962 0.6376953125 0.32222629056603774 0.638671875 0.3207616254716981 0.640625 0.3090443056603774 0.6357421875 0.30172098113207546 0.6220703125 0.2958623216981132
14 0.6806640625 0.39545953867924527 0.6767578125 0.39545953867924527 0.654296875 0.4291468330188679 0.654296875 0.43500549245283016 0.6572265625 0.4393994877358491 0.6689453125 0.4393994877358491 0.677734375 0.43207616226415096 0.68359375 0.4115708528301887 0.681640625 0.39692420377358495 0.6806640625 0.39545953867924527
20 0.376953125 0.40864152358490563 0.376953125 0.4701574518867924 0.3779296875 0.47162211603773585 0.427734375 0.42621750283018867 0.427734375 0.41450018301886793 0.4130859375 0.3866715490566038 0.37890625 0.4027828632075472 0.376953125 0.40864152358490563
3 0.4677734375 0.4540461367924528 0.4638671875 0.4540461367924528 0.45703125 0.4613694613207547 0.455078125 0.5346027094339623 0.4599609375 0.5536433537735849 0.4716796875 0.5624313433962265 0.4833984375 0.5595020141509434 0.53125 0.5170267301886792 0.5263671875 0.5097034056603774 0.4892578125 0.4686927867924528 0.4677734375 0.4540461367924528
3 0.587890625 0.37348956415094337 0.5830078125 0.3661662396226415 0.5458984375 0.3515195896226415 0.544921875 0.35298425471698114 0.53515625 0.3881362141509434 0.53515625 0.3910655433962264 0.5439453125 0.4042475283018868 0.5615234375 0.4130355179245283 0.5673828125 0.4130355179245283 0.5859375 0.38520688396226416 0.587890625 0.3793482245283019 0.587890625 0.37348956415094337
12 0.6689453125 0.4657634566037736 0.6533203125 0.4657634566037736 0.6484375 0.4730867811320755 0.6484375 0.47894544150943397 0.6513671875 0.4833394358490566 0.7001953125 0.5038447452830188 0.703125 0.5023800801886792 0.703125 0.48773343113207546 0.6962890625 0.47748077641509434 0.6689453125 0.4657634566037736
12 0.6376953125 0.4276821679245283 0.64453125 0.4174295132075472 0.646484375 0.40864152358490563 0.646484375 0.39399487358490565 0.64453125 0.38520688396226416 0.6396484375 0.374954229245283 0.6318359375 0.3661662396226415 0.6005859375 0.3661662396226415 0.599609375 0.3676309047169811 0.599609375 0.3822775537735849 0.603515625 0.39399487358490565 0.609375 0.40864152358490563 0.6220703125 0.4276821679245283 0.6259765625 0.43061149716981134 0.6337890625 0.43061149716981134 0.6376953125 0.4276821679245283
13 0.521484375 0.268033687735849 0.5224609375 0.26949835188679244 0.5361328125 0.26949835188679244 0.5390625 0.2651043575471698 0.533203125 0.2504577075471698 0.5322265625 0.24899304245283016 0.529296875 0.2504577075471698 0.521484375 0.268033687735849
6 0.708984375 0.5844013179245283 0.6982421875 0.5448553641509434 0.6376953125 0.5331380443396226 0.6064453125 0.5565726839622641 0.599609375 0.5668253386792453 0.599609375 0.5756133283018868 0.6015625 0.5814719886792453 0.6298828125 0.6210179424528302 0.6572265625 0.6210179424528302 0.6982421875 0.6122299528301887 0.708984375 0.5990479679245283 0.708984375 0.5844013179245283
3 0.3037109375 0.5741486632075472 0.3310546875 0.5858659830188678 0.333984375 0.5814719886792453 0.33984375 0.5433906990566038 0.3232421875 0.4891980962264151 0.2890625 0.5404613698113208 0.3037109375 0.5741486632075472
3 0.5078125 0.268033687735849 0.51171875 0.25338703773584903 0.509765625 0.19772976886792454 0.498046875 0.16843646981132074 0.4853515625 0.15232515566037735 0.4482421875 0.13474917641509435 0.4453125 0.13621384150943397 0.443359375 0.18601245 0.4453125 0.19772976886792454 0.466796875 0.27096301698113207 0.48046875 0.3002563160377359 0.4833984375 0.30172098113207546 0.4970703125 0.28707433207547167 0.50390625 0.27682167735849056 0.5078125 0.268033687735849