18 0.6875 0.3647460933962264 0.6875 0.3500976566037736 0.685546875 0.3442382811320755 0.6748046875 0.328125 0.6689453125 0.32519531226415094 0.6396484375 0.31347656226415094 0.6298828125 0.3105468754716981 0.6240234375 0.3105468754716981 0.6162109375 0.31347656226415094 0.61328125 0.3178710933962264 0.609375 0.3325195311320755 0.607421875 0.3471679688679245 0.611328125 0.3559570311320755 0.6220703125 0.36621093773584906 0.6357421875 0.37207031226415094 0.6611328125 0.3808593754716981 0.6728515625 0.3808593754716981 0.6806640625 0.375 0.6875 0.3647460933962264
18 0.66015625 0.6547851566037736 0.6640625 0.6459960933962264 0.6640625 0.6284179688679246 0.662109375 0.6225585933962264 0.6591796875 0.618164062264151 0.6474609375 0.618164062264151 0.6435546875 0.62109375 0.62890625 0.6430664066037736 0.6171875 0.6635742188679246 0.6171875 0.6694335933962264 0.619140625 0.6752929688679246 0.6220703125 0.6796875 0.6279296875 0.682617187735849 0.6396484375 0.682617187735849 0.6435546875 0.6796875 0.66015625 0.6547851566037736
18 0.5830078125 0.796875 0.5888671875 0.7910156245283019 0.591796875 0.7866210933962264 0.595703125 0.7749023433962264 0.59765625 0.7631835933962264 0.595703125 0.7573242188679246 0.5908203125 0.75 0.5869140625 0.747070312264151 0.5810546875 0.7441406245283019 0.5654296875 0.747070312264151 0.5537109375 0.752929687735849 0.5302734375 0.770507812264151 0.517578125 0.7895507811320754 0.515625 0.7954101566037736 0.515625 0.8012695311320754 0.5234375 0.8188476566037736 0.5283203125 0.823242187735849 0.5341796875 0.8261718745283019 0.5400390625 0.8261718745283019 0.5517578125 0.8203125 0.5830078125 0.796875
18 0.462890625 0.8686523433962264 0.462890625 0.8598632811320754 0.4609375 0.8452148433962264 0.458984375 0.8393554688679246 0.4521484375 0.829101562264151 0.4423828125 0.829101562264151 0.439453125 0.8334960933962264 0.4375 0.8393554688679246 0.4375 0.8452148433962264 0.439453125 0.8686523433962264 0.44140625 0.8774414066037736 0.4482421875 0.887695312264151 0.4541015625 0.887695312264151 0.4609375 0.8774414066037736 0.462890625 0.8686523433962264
18 0.3828125 0.7602539066037736 0.3828125 0.7514648433962264 0.3740234375 0.73828125 0.3603515625 0.747070312264151 0.337890625 0.7778320311320754 0.33203125 0.7895507811320754 0.33203125 0.8071289066037736 0.3369140625 0.8144531245283019 0.3466796875 0.8144531245283019 0.3505859375 0.811523437735849 0.3642578125 0.796875 0.380859375 0.7719726566037736 0.3828125 0.7602539066037736
18 0.470703125 0.7016601566037736 0.470703125 0.6811523433962264 0.46875 0.6723632811320754 0.4638671875 0.665039062264151 0.4580078125 0.6621093754716981 0.4521484375 0.6621093754716981 0.4462890625 0.66796875 0.44140625 0.6752929688679246 0.427734375 0.7221679688679246 0.42578125 0.7397460933962264 0.42578125 0.7456054688679246 0.427734375 0.7543945311320754 0.4345703125 0.764648437735849 0.4404296875 0.764648437735849 0.4462890625 0.76171875 0.455078125 0.7485351566037736 0.470703125 0.7016601566037736
18 0.35546875 0.3881835933962264 0.3525390625 0.3808593754716981 0.3486328125 0.37792968773584906 0.3447265625 0.37792968773584906 0.3388671875 0.3808593754716981 0.328125 0.3969726566037736 0.322265625 0.4145507811320755 0.322265625 0.4291992188679245 0.3291015625 0.4394531245283019 0.3369140625 0.44238281226415094 0.345703125 0.4291992188679245 0.353515625 0.4145507811320755 0.35546875 0.4057617188679245 0.35546875 0.3881835933962264
14 0.3701171875 0.19921875 0.3662109375 0.19921875 0.3525390625 0.20800781226415094 0.3447265625 0.21679687452830187 0.341796875 0.2211914066037736 0.341796875 0.2358398433962264 0.3427734375 0.23730468773584906 0.3447265625 0.23730468773584906 0.3720703125 0.21386718773584906 0.373046875 0.2124023433962264 0.373046875 0.20361328113207547 0.3701171875 0.19921875
14 0.537109375 0.3237304688679245 0.53515625 0.3354492188679245 0.5361328125 0.33691406226415094 0.5595703125 0.33691406226415094 0.5703125 0.3120117188679245 0.5703125 0.3090820311320755 0.5673828125 0.3046875 0.5380859375 0.3222656245283019 0.537109375 0.3237304688679245
14 0.2939453125 0.659179687735849 0.2900390625 0.65625 0.28515625 0.6606445311320754 0.27734375 0.6870117188679246 0.27734375 0.6928710933962264 0.2802734375 0.6972656245283019 0.2841796875 0.6972656245283019 0.2880859375 0.694335937735849 0.296875 0.6782226566037736 0.296875 0.6635742188679246 0.2939453125 0.659179687735849
14 0.248046875 0.4936523433962264 0.2451171875 0.489257812264151 0.2392578125 0.489257812264151 0.236328125 0.4936523433962264 0.234375 0.5053710933962264 0.236328125 0.5229492188679246 0.23828125 0.5288085933962264 0.2412109375 0.5332031245283019 0.2490234375 0.5332031245283019 0.25 0.5317382811320754 0.25 0.5288085933962264 0.248046875 0.4936523433962264
14 0.2451171875 0.38964843773584906 0.2255859375 0.40136718773584906 0.22265625 0.4057617188679245 0.22265625 0.4145507811320755 0.2275390625 0.421875 0.2373046875 0.421875 0.251953125 0.4057617188679245 0.251953125 0.3969726566037736 0.2470703125 0.38964843773584906 0.2451171875 0.38964843773584906
14 0.3349609375 0.33984375 0.3310546875 0.33984375 0.3095703125 0.3457031245283019 0.3046875 0.3530273433962264 0.3076171875 0.3574218754716981 0.3134765625 0.36035156226415094 0.3193359375 0.36035156226415094 0.3369140625 0.35449218773584906 0.337890625 0.3530273433962264 0.337890625 0.3442382811320755 0.3349609375 0.33984375
21 0.2890625 0.2622070311320755 0.28515625 0.2534179688679245 0.2783203125 0.24609375 0.2705078125 0.24023437452830187 0.2666015625 0.24023437452830187 0.2470703125 0.24609375 0.2431640625 0.2490234377358491 0.23828125 0.2563476566037736 0.232421875 0.2768554688679245 0.23046875 0.2973632811320755 0.2470703125 0.31347656226415094 0.2509765625 0.31640625 0.2548828125 0.31640625 0.2822265625 0.29003906226415094 0.28515625 0.2856445311320755 0.2890625 0.2739257811320755 0.2890625 0.2622070311320755
21 0.5751953125 0.6386718754716981 0.578125 0.6342773433962264 0.5546875 0.5610351566037736 0.548828125 0.5493164066037736 0.5458984375 0.5449218754716981 0.5166015625 0.515625 0.4931640625 0.530273437735849 0.482421875 0.5463867188679246 0.48046875 0.5522460933962264 0.478515625 0.5639648433962264 0.478515625 0.5786132811320754 0.48046875 0.5874023433962264 0.484375 0.5991210933962264 0.5068359375 0.6386718754716981 0.5107421875 0.641601562264151 0.5673828125 0.641601562264151 0.5751953125 0.6386718754716981
20 0.4033203125 0.45703125 0.4013671875 0.45703125 0.3974609375 0.45996093773584906 0.39453125 0.4643554688679245 0.3828125 0.4907226566037736 0.37890625 0.5024414066037736 0.376953125 0.5112304688679246 0.376953125 0.5405273433962264 0.3779296875 0.541992187735849 0.4287109375 0.515625 0.4296875 0.5141601566037736 0.412109375 0.4672851566037736 0.4072265625 0.45996093773584906 0.4033203125 0.45703125
20 0.6259765625 0.495117187735849 0.6162109375 0.495117187735849 0.6044921875 0.4980468754716982 0.603515625 0.49951171886792456 0.599609375 0.5141601566037736 0.6025390625 0.518554687735849 0.6103515625 0.524414062264151 0.6376953125 0.536132812264151 0.6474609375 0.536132812264151 0.65625 0.5288085933962264 0.6357421875 0.50390625 0.6259765625 0.495117187735849
1 0.5283203125 0.37792968773584906 0.5166015625 0.37792968773584906 0.509765625 0.3881835933962264 0.509765625 0.3999023433962264 0.5439453125 0.4453125 0.544921875 0.4438476566037736 0.544921875 0.4086914066037736 0.541015625 0.3969726566037736 0.5322265625 0.3808593754716981 0.5283203125 0.37792968773584906
11 0.5556640625 0.4746093745283019 0.5517578125 0.4746093745283019 0.548828125 0.4790039066037736 0.5517578125 0.483398437735849 0.5751953125 0.4980468754716982 0.576171875 0.49658203113207544 0.576171875 0.4936523433962264 0.5693359375 0.483398437735849 0.5615234375 0.47753906226415094 0.5556640625 0.4746093745283019
7 0.6982421875 0.47753906226415094 0.6865234375 0.47753906226415094 0.6767578125 0.483398437735849 0.66796875 0.49658203113207544 0.66796875 0.5053710933962264 0.6689453125 0.506835937735849 0.7060546875 0.500976562264151 0.708984375 0.4936523433962264 0.70703125 0.48779296886792456 0.7021484375 0.48046875 0.6982421875 0.47753906226415094
11 0.697265625 0.6430664066037736 0.697265625 0.6547851566037736 0.69921875 0.6635742188679246 0.7001953125 0.665039062264151 0.703125 0.6606445311320754 0.703125 0.6430664066037736 0.7001953125 0.6386718754716981 0.697265625 0.6430664066037736
3 0.48046875 0.3090820311320755 0.48046875 0.3061523433962264 0.4697265625 0.29296875 0.4541015625 0.28125 0.4287109375 0.28417968773584906 0.40625 0.3208007811320755 0.400390625 0.3325195311320755 0.400390625 0.3413085933962264 0.419921875 0.4145507811320755 0.4208984375 0.4160156245283019 0.4248046875 0.41308593773584906 0.44140625 0.3881835933962264 0.470703125 0.3354492188679245 0.48046875 0.3090820311320755
3 0.3388671875 0.594726562264151 0.341796875 0.5903320311320754 0.34765625 0.5581054688679246 0.34765625 0.5170898433962264 0.345703125 0.5083007811320754 0.341796875 0.49658203113207544 0.3388671875 0.4921875 0.2939453125 0.500976562264151 0.2783203125 0.5097656245283019 0.2744140625 0.512695312264151 0.271484375 0.5170898433962264 0.267578125 0.5258789066037736 0.267578125 0.5346679688679246 0.283203125 0.5874023433962264 0.28515625 0.5932617188679246 0.2880859375 0.59765625 0.3037109375 0.612304687735849 0.3232421875 0.606445312264151 0.3388671875 0.594726562264151