9 0.4814453125 0.17285156226415094 0.4736328125 0.16992187547169813 0.470703125 0.1743164066037736 0.470703125 0.18017578113207547 0.474609375 0.19482421886792453 0.4794921875 0.20214843773584906 0.4833984375 0.20214843773584906 0.484375 0.2006835933962264 0.484375 0.1772460933962264 0.4814453125 0.17285156226415094
9 0.603515625 0.4702148433962264 0.603515625 0.4555664066037736 0.5927734375 0.4277343745283019 0.5634765625 0.4160156245283019 0.5615234375 0.4160156245283019 0.556640625 0.4233398433962264 0.5546875 0.4291992188679245 0.5546875 0.4379882811320755 0.5830078125 0.483398437735849 0.5888671875 0.4863281245283018 0.5927734375 0.4863281245283018 0.5986328125 0.48046875 0.6015625 0.4760742188679245 0.603515625 0.4702148433962264
9 0.69921875 0.3764648433962264 0.69921875 0.3706054688679245 0.6826171875 0.34277343773584906 0.6591796875 0.33691406226415094 0.6513671875 0.33691406226415094 0.6474609375 0.33984375 0.64453125 0.3442382811320755 0.642578125 0.3500976566037736 0.642578125 0.3706054688679245 0.6474609375 0.37792968773584906 0.6513671875 0.3808593754716981 0.6708984375 0.38964843773584906 0.6826171875 0.3925781245283019 0.6923828125 0.38671875 0.69921875 0.3764648433962264
9 0.3857421875 0.27246093773584906 0.388671875 0.2680664066037736 0.392578125 0.2592773433962264 0.392578125 0.2534179688679245 0.388671875 0.23876953113207547 0.3837890625 0.23144531226415094 0.3740234375 0.23144531226415094 0.3408203125 0.2431640622641509 0.33984375 0.2446289066037736 0.33984375 0.2622070311320755 0.34375 0.2739257811320755 0.3466796875 0.27832031226415094 0.3544921875 0.28417968773584906 0.3642578125 0.28417968773584906 0.3779296875 0.27832031226415094 0.3857421875 0.27246093773584906
1 0.634765625 0.6928710933962264 0.6318359375 0.6855468754716981 0.6201171875 0.6738281245283019 0.6005859375 0.6738281245283019 0.599609375 0.6752929688679246 0.59765625 0.7163085933962264 0.5986328125 0.717773437735849 0.6123046875 0.7265625 0.6220703125 0.7265625 0.6259765625 0.723632812264151 0.6328125 0.7133789066037736 0.634765625 0.7075195311320754 0.634765625 0.6928710933962264
18 0.5029296875 0.653320312264151 0.5068359375 0.6503906245283019 0.513671875 0.6401367188679246 0.515625 0.6284179688679246 0.513671875 0.6049804688679246 0.5078125 0.5756835933962264 0.5 0.5551757811320754 0.4931640625 0.547851562264151 0.4912109375 0.547851562264151 0.4833984375 0.553710937735849 0.478515625 0.5610351566037736 0.4765625 0.5698242188679246 0.4765625 0.5815429688679246 0.482421875 0.6196289066037736 0.486328125 0.6372070311320754 0.48828125 0.6430664066037736 0.4912109375 0.647460937735849 0.4990234375 0.653320312264151 0.5029296875 0.653320312264151
13 0.4365234375 0.3515625 0.4326171875 0.3515625 0.431640625 0.3530273433962264 0.431640625 0.3647460933962264 0.443359375 0.4145507811320755 0.4443359375 0.4160156245283019 0.4482421875 0.4160156245283019 0.4609375 0.3999023433962264 0.4609375 0.3911132811320755 0.4365234375 0.3515625
13 0.5400390625 0.22558593773584906 0.5185546875 0.21972656226415094 0.5068359375 0.22265625 0.501953125 0.22998046886792453 0.501953125 0.2416992188679245 0.5048828125 0.24609375 0.5283203125 0.2636718754716981 0.5322265625 0.2636718754716981 0.54296875 0.2358398433962264 0.54296875 0.22998046886792453 0.5400390625 0.22558593773584906
13 0.3994140625 0.4277343745283019 0.3505859375 0.4394531245283019 0.3310546875 0.45410156226415094 0.328125 0.4584960933962264 0.328125 0.4614257811320755 0.3740234375 0.524414062264151 0.3828125 0.5083007811320754 0.40625 0.4379882811320755 0.40625 0.4291992188679245 0.4052734375 0.4277343745283019 0.3994140625 0.4277343745283019
10 0.4306640625 0.7324218754716981 0.4365234375 0.729492187735849 0.44140625 0.7250976566037736 0.44140625 0.7221679688679246 0.4365234375 0.71484375 0.3251953125 0.635742187735849 0.3193359375 0.635742187735849 0.31640625 0.6401367188679246 0.31640625 0.6489257811320754 0.3271484375 0.66796875 0.3544921875 0.694335937735849 0.3818359375 0.71484375 0.4033203125 0.7265625 0.4248046875 0.7324218754716981 0.4306640625 0.7324218754716981
6 0.783203125 0.6108398433962264 0.783203125 0.5961914066037736 0.7802734375 0.5917968754716981 0.7119140625 0.518554687735849 0.6982421875 0.518554687735849 0.6376953125 0.536132812264151 0.63671875 0.5375976566037736 0.634765625 0.5522460933962264 0.634765625 0.5610351566037736 0.6474609375 0.594726562264151 0.7255859375 0.64453125 0.7568359375 0.635742187735849 0.7626953125 0.6328125 0.7783203125 0.618164062264151 0.783203125 0.6108398433962264