12 0.4560546875 0.20800781226415094 0.4599609375 0.20507812452830187 0.470703125 0.19189453113207547 0.48046875 0.16845703113207547 0.48046875 0.14794921886792453 0.478515625 0.1391601566037736 0.474609375 0.1274414066037736 0.4697265625 0.12011718773584906 0.4658203125 0.1171875 0.3994140625 0.18457031226415094 0.392578125 0.19482421886792453 0.392578125 0.1977539066037736 0.39453125 0.20361328113207547 0.3974609375 0.20800781226415094 0.4072265625 0.21386718773584906 0.4228515625 0.21679687452830187 0.4501953125 0.2109375 0.4560546875 0.20800781226415094
9 0.4794921875 0.30761718773584906 0.4755859375 0.3105468754716981 0.47265625 0.3149414066037736 0.47265625 0.3208007811320755 0.4775390625 0.32519531226415094 0.4814453125 0.32519531226415094 0.490234375 0.3178710933962264 0.490234375 0.3090820311320755 0.4892578125 0.30761718773584906 0.4794921875 0.30761718773584906
20 0.65625 0.5053710933962264 0.6513671875 0.4921875 0.6474609375 0.4921875 0.6220703125 0.4980468754716982 0.6181640625 0.500976562264151 0.61328125 0.5083007811320754 0.6142578125 0.5097656245283019 0.6318359375 0.5214843754716981 0.6455078125 0.52734375 0.6474609375 0.52734375 0.654296875 0.5170898433962264 0.65625 0.5112304688679246 0.65625 0.5053710933962264
20 0.5302734375 0.41015625 0.5263671875 0.40722656226415094 0.5146484375 0.40722656226415094 0.4892578125 0.43359375 0.48828125 0.4350585933962264 0.48828125 0.4409179688679245 0.5009765625 0.4511718745283019 0.5361328125 0.45410156226415094 0.5400390625 0.45410156226415094 0.541015625 0.4526367188679245 0.533203125 0.4145507811320755 0.5302734375 0.41015625
20 0.345703125 0.7163085933962264 0.3251953125 0.6855468754716981 0.3115234375 0.6855468754716981 0.310546875 0.6870117188679246 0.310546875 0.6899414066037736 0.31640625 0.7133789066037736 0.3203125 0.7221679688679246 0.3310546875 0.7324218754716981 0.3388671875 0.735351562264151 0.345703125 0.7221679688679246 0.345703125 0.7163085933962264
2 0.3310546875 0.565429687735849 0.3466796875 0.571289062264151 0.3603515625 0.57421875 0.3740234375 0.57421875 0.3818359375 0.571289062264151 0.3896484375 0.565429687735849 0.40234375 0.5463867188679246 0.404296875 0.5405273433962264 0.404296875 0.5375976566037736 0.302734375 0.2680664066037736 0.294921875 0.2534179688679245 0.2861328125 0.24023437452830187 0.2822265625 0.23730468773584906 0.2802734375 0.23730468773584906 0.2763671875 0.24023437452830187 0.275390625 0.2416992188679245 0.275390625 0.4614257811320755 0.27734375 0.4760742188679245 0.28125 0.4936523433962264 0.291015625 0.5170898433962264 0.3095703125 0.5449218754716981 0.3232421875 0.559570312264151 0.3310546875 0.565429687735849
20 0.392578125 0.4233398433962264 0.3896484375 0.41894531226415094 0.3779296875 0.41308593773584906 0.3759765625 0.41308593773584906 0.373046875 0.4174804688679245 0.3671875 0.4438476566037736 0.3828125 0.4819335933962264 0.3857421875 0.4863281245283018 0.4013671875 0.4921875 0.4052734375 0.4921875 0.40625 0.4907226566037736 0.396484375 0.4350585933962264 0.392578125 0.4233398433962264
21 0.5556640625 0.73828125 0.5712890625 0.723632812264151 0.587890625 0.6987304688679246 0.623046875 0.6254882811320754 0.623046875 0.6166992188679246 0.60546875 0.5346679688679246 0.6015625 0.5258789066037736 0.5986328125 0.5214843754716981 0.5947265625 0.518554687735849 0.5888671875 0.518554687735849 0.4736328125 0.659179687735849 0.470703125 0.6635742188679246 0.462890625 0.6958007811320754 0.4609375 0.7104492188679246 0.4609375 0.7192382811320754 0.470703125 0.7368164066037736 0.4833984375 0.7558593754716981 0.4912109375 0.764648437735849 0.4990234375 0.764648437735849 0.5380859375 0.75 0.5556640625 0.73828125
18 0.52734375 0.5639648433962264 0.52734375 0.5463867188679246 0.521484375 0.5317382811320754 0.5146484375 0.5214843754716981 0.5087890625 0.515625 0.5009765625 0.5097656245283019 0.4912109375 0.506835937735849 0.4853515625 0.506835937735849 0.4775390625 0.512695312264151 0.4716796875 0.518554687735849 0.466796875 0.5258789066037736 0.466796875 0.5317382811320754 0.494140625 0.5874023433962264 0.4970703125 0.5917968754716981 0.5009765625 0.5917968754716981 0.5185546875 0.583007812264151 0.521484375 0.5786132811320754 0.52734375 0.5639648433962264
20 0.595703125 0.3559570311320755 0.595703125 0.3530273433962264 0.5947265625 0.3515625 0.5654296875 0.3515625 0.564453125 0.3530273433962264 0.568359375 0.3735351566037736 0.5712890625 0.3808593754716981 0.5810546875 0.38671875 0.5849609375 0.38671875 0.5888671875 0.38378906226415094 0.591796875 0.3793945311320755 0.595703125 0.3559570311320755
21 0.7333984375 0.723632812264151 0.7705078125 0.69140625 0.771484375 0.6899414066037736 0.78125 0.6372070311320754 0.78515625 0.5756835933962264 0.767578125 0.5229492188679246 0.7626953125 0.515625 0.7548828125 0.5097656245283019 0.7470703125 0.512695312264151 0.7333984375 0.5214843754716981 0.72265625 0.5346679688679246 0.70703125 0.5610351566037736 0.677734375 0.6137695311320754 0.66796875 0.6401367188679246 0.666015625 0.6577148433962264 0.666015625 0.6665039066037736 0.66796875 0.6811523433962264 0.677734375 0.7133789066037736 0.6787109375 0.71484375 0.7119140625 0.7324218754716981 0.7216796875 0.7324218754716981 0.7333984375 0.723632812264151
21 0.69921875 0.2094726566037736 0.69921875 0.1977539066037736 0.67578125 0.1420898433962264 0.6728515625 0.13769531226415094 0.6396484375 0.11425781226415094 0.63671875 0.11865234339622642 0.607421875 0.2973632811320755 0.609375 0.3061523433962264 0.6318359375 0.33984375 0.6474609375 0.35449218773584906 0.6611328125 0.3457031245283019 0.67578125 0.3237304688679245 0.677734375 0.3178710933962264 0.69921875 0.2094726566037736