1 0.3408203125 0.24023437452830187 0.3349609375 0.24023437452830187 0.3271484375 0.24609375 0.322265625 0.2534179688679245 0.3203125 0.2592773433962264 0.3203125 0.2680664066037736 0.3232421875 0.27246093773584906 0.3466796875 0.26660156226415094 0.3515625 0.2622070311320755 0.3515625 0.2534179688679245 0.3466796875 0.24609375 0.3408203125 0.24023437452830187
1 0.6943359375 0.29296875 0.6845703125 0.29296875 0.6728515625 0.2988281245283019 0.671875 0.3002929688679245 0.677734375 0.3383789066037736 0.6806640625 0.34277343773584906 0.6904296875 0.34277343773584906 0.6943359375 0.33984375 0.703125 0.3237304688679245 0.703125 0.3061523433962264 0.6943359375 0.29296875
10 0.6357421875 0.18164062452830187 0.6123046875 0.16992187547169813 0.5849609375 0.15820312452830187 0.5791015625 0.15820312452830187 0.578125 0.15966796886792453 0.578125 0.1625976566037736 0.5791015625 0.1640625 0.6376953125 0.19921875 0.6455078125 0.19921875 0.6484375 0.19482421886792453 0.6455078125 0.19042968773584906 0.6357421875 0.18164062452830187
9 0.4521484375 0.14648437547169813 0.447265625 0.1508789066037736 0.4453125 0.15673828113207547 0.4453125 0.15966796886792453 0.4482421875 0.1640625 0.4560546875 0.15820312452830187 0.458984375 0.1538085933962264 0.458984375 0.1508789066037736 0.4541015625 0.14648437547169813 0.4521484375 0.14648437547169813
9 0.38671875 0.4526367188679245 0.3857421875 0.4511718745283019 0.3818359375 0.4511718745283019 0.380859375 0.4526367188679245 0.37890625 0.4584960933962264 0.37890625 0.4614257811320755 0.380859375 0.4672851566037736 0.3857421875 0.47167968773584906 0.3876953125 0.47167968773584906 0.388671875 0.4702148433962264 0.388671875 0.4614257811320755 0.38671875 0.4526367188679245
9 0.6748046875 0.44238281226415094 0.6708984375 0.44238281226415094 0.666015625 0.4497070311320755 0.6640625 0.4555664066037736 0.6640625 0.4702148433962264 0.6650390625 0.47167968773584906 0.6669921875 0.47167968773584906 0.67578125 0.4584960933962264 0.677734375 0.4526367188679245 0.677734375 0.4467773433962264 0.6748046875 0.44238281226415094
14 0.6025390625 0.40722656226415094 0.5966796875 0.41015625 0.59375 0.4145507811320755 0.58984375 0.4233398433962264 0.587890625 0.4291992188679245 0.587890625 0.4409179688679245 0.5908203125 0.44824218773584906 0.6142578125 0.421875 0.615234375 0.4204101566037736 0.615234375 0.4116210933962264 0.6142578125 0.41015625 0.6025390625 0.40722656226415094
14 0.2998046875 0.483398437735849 0.2744140625 0.4863281245283018 0.271484375 0.4907226566037736 0.271484375 0.49658203113207544 0.2744140625 0.500976562264151 0.2861328125 0.512695312264151 0.2958984375 0.512695312264151 0.302734375 0.4936523433962264 0.302734375 0.48779296886792456 0.2998046875 0.483398437735849
20 0.701171875 0.49951171886792456 0.701171875 0.4936523433962264 0.6875 0.4614257811320755 0.6845703125 0.45703125 0.6806640625 0.45410156226415094 0.6787109375 0.45410156226415094 0.677734375 0.4555664066037736 0.677734375 0.4643554688679245 0.6796875 0.48486328113207544 0.68359375 0.49658203113207544 0.6875 0.5053710933962264 0.6884765625 0.506835937735849 0.6943359375 0.5097656245283019 0.701171875 0.49951171886792456
20 0.71875 0.6518554688679246 0.71875 0.6459960933962264 0.7158203125 0.641601562264151 0.6962890625 0.62109375 0.6689453125 0.64453125 0.66796875 0.6459960933962264 0.66796875 0.6577148433962264 0.67578125 0.6752929688679246 0.6865234375 0.688476562264151 0.6904296875 0.69140625 0.6962890625 0.69140625 0.716796875 0.6577148433962264 0.71875 0.6518554688679246
21 0.5654296875 0.27832031226415094 0.5087890625 0.2636718754716981 0.4619140625 0.28417968773584906 0.4609375 0.2856445311320755 0.46484375 0.3032226566037736 0.5068359375 0.41015625 0.5576171875 0.3574218754716981 0.560546875 0.3500976566037736 0.56640625 0.2856445311320755 0.56640625 0.2797851566037736 0.5654296875 0.27832031226415094
3 0.5517578125 0.5390625 0.4677734375 0.5625 0.4501953125 0.5859375 0.447265625 0.5903320311320754 0.4609375 0.6694335933962264 0.46484375 0.6870117188679246 0.4697265625 0.694335937735849 0.5322265625 0.717773437735849 0.572265625 0.6196289066037736 0.552734375 0.5405273433962264 0.5517578125 0.5390625
25 0.34664128812500006 0.7067336273584905 0.353645995 0.6952272424528302 0.365654079375 0.6712139830188679 0.3291015625 0.665039062264151 0.3251953125 0.6621093754716981 0.3232421875 0.6621093754716981 0.3203125 0.6665039066037736 0.28726806374999997 0.6697131537735849 0.33203125 0.7250976566037736 0.333984375 0.7309570311320754 0.3369140625 0.735351562264151 0.337890625 0.7338867188679246 0.33997013375 0.714237770754717 0.34664128812500006 0.7067336273584905