18 0.46778846125 0.21057692264150943 0.47868589749999996 0.18149038490566038 0.482852564375 0.15841346132075473 0.480769230625 0.14182692264150942 0.47852564125 0.13485576886792452 0.474519230625 0.13125 0.466826923125 0.1293269226415094 0.46266025624999996 0.1295673075471698 0.45881410250000004 0.13125 0.45224359 0.13846153867924527 0.44839743562499995 0.14639423113207548 0.44615384625 0.15432692264150943 0.43862179500000004 0.19278846132075472 0.43878205125 0.19639423113207546 0.4423076925 0.21033653867924526 0.44615384625 0.2170673075471698 0.45224359 0.2204326924528302 0.45897435875 0.21995192264150942 0.462820513125 0.21778846132075472 0.46778846125 0.21057692264150943
18 0.58509615375 0.15817307735849057 0.5923076925 0.12692307735849057 0.5911858975 0.1115384613207547 0.587820513125 0.1 0.58397435875 0.09495192264150944 0.579647435625 0.09639423113207547 0.573237179375 0.10745192264150943 0.56971153875 0.12307692264150942 0.56746794875 0.13846153867924527 0.568269230625 0.15408653867924527 0.570352564375 0.1617788462264151 0.5719551281249999 0.16442307735849057 0.575801281875 0.1670673075471698 0.578044871875 0.16658653867924528 0.581570513125 0.1639423075471698 0.58509615375 0.15817307735849057
9 0.6288461537500001 0.18966346132075473 0.627884615625 0.16971153867924527 0.623878205 0.15673076886792453 0.622115384375 0.15408653867924527 0.619070513125 0.15216346132075473 0.6149038462499999 0.1524038462264151 0.610416666875 0.15504807735849058 0.608012820625 0.15817307735849057 0.605608974375 0.1670673075471698 0.60496794875 0.17403846132075473 0.60608974375 0.18149038490566038 0.607371795 0.1858173075471698 0.6110576925 0.1920673075471698 0.61858974375 0.19807692264150942 0.6269230768749999 0.19423076886792454 0.627884615625 0.19278846132075472 0.6288461537500001 0.18966346132075473
18 0.710576923125 0.26370192264150943 0.712820513125 0.25625 0.71233974375 0.25192307735849057 0.7088141025 0.24951923113207547 0.69759615375 0.24807692264150946 0.685576923125 0.2514423075471698 0.672115384375 0.2625 0.6669871793750001 0.27139423113207545 0.66602564125 0.275 0.6639423075 0.28701923113207545 0.665865384375 0.2944711537735849 0.66971153875 0.303125 0.6783653843749999 0.31442307735849057 0.681570513125 0.31682692264150947 0.6862179487500001 0.3149038462264151 0.687980769375 0.31322115377358495 0.710576923125 0.26370192264150943
18 0.580128205 0.4086538462264151 0.5836538462499999 0.4038461537735849 0.585576923125 0.3930288462264151 0.5836538462499999 0.37596153867924526 0.5663461537500001 0.34086538490566043 0.5615384612500001 0.3375 0.5551282049999999 0.3377403849056604 0.544871795 0.34567307735849057 0.54022435875 0.35673076886792454 0.539423076875 0.36129807735849057 0.5395833331250001 0.36875 0.541826923125 0.3766826924528302 0.5525641025 0.3966346150943396 0.563141025625 0.40817307735849057 0.568269230625 0.4115384613207547 0.573397435625 0.41201923113207545 0.580128205 0.4086538462264151
18 0.49503205125 0.3802884613207547 0.49759615375000005 0.371875 0.498237179375 0.36514423113207545 0.494391025625 0.3305288462264151 0.48621794875 0.30673076886792455 0.484134615625 0.30264423113207545 0.47852564125 0.296875 0.474519230625 0.2971153849056604 0.46634615375000005 0.3024038462264151 0.4625 0.3076923075471698 0.46009615375 0.31442307735849057 0.45881410250000004 0.321875 0.45993589749999997 0.33028846132075473 0.46923076937499997 0.3605769226415095 0.47772435874999997 0.3819711537735849 0.4798076925 0.3846153849056604 0.485737179375 0.38677884622641506 0.49182692312500004 0.3846153849056604 0.49503205125 0.3802884613207547
20 0.42467948687499996 0.27307692264150946 0.423237179375 0.2711538462264151 0.41939102562499997 0.2697115386792453 0.415705128125 0.27067307735849055 0.412019230625 0.2740384613207547 0.40560897437500004 0.28317307735849057 0.400480769375 0.29471153867924527 0.39631410250000004 0.31177884622641505 0.39615384625 0.31442307735849057 0.408173076875 0.31466346132075473 0.41618589749999996 0.3122596150943396 0.42403846125 0.3064903849056604 0.427083333125 0.29495192264150943 0.42724359 0.2879807688679245 0.426762820625 0.2788461537735849 0.42467948687499996 0.27307692264150946
21 0.31634615374999997 0.22836538490566038 0.290384615625 0.21658653867924527 0.261858974375 0.2439903849056604 0.255769230625 0.2596153849056604 0.25352564125 0.2709134613207547 0.25368589750000003 0.28701923113207545 0.2610576925 0.3521634613207547 0.263621795 0.35721153867924527 0.3298076925 0.3625 0.332051281875 0.3610576924528302 0.32596153875 0.2908653849056604 0.32115384625 0.24807692264150946 0.31634615374999997 0.22836538490566038
18 0.29503205125 0.48990384622641514 0.295673076875 0.48173076886792454 0.294551281875 0.47860576886792455 0.29102564125 0.47379807735849055 0.287019230625 0.4704326924528302 0.2786858975 0.46802884622641505 0.263301281875 0.46778846132075474 0.25528846125 0.47163461509433957 0.25048076937499997 0.4759615386792453 0.24615384625 0.4831730773584905 0.24455128187500003 0.48942307735849055 0.245833333125 0.4947115386792453 0.251602564375 0.5026442311320755 0.255769230625 0.5045673075471698 0.2713141025 0.5036057688679246 0.286378205 0.5 0.290865384375 0.496875 0.293269230625 0.4939903849056604 0.29503205125 0.48990384622641514
14 0.365544871875 0.45817307735849055 0.36522435875 0.45048076886792454 0.35945512812499997 0.4375 0.35657051312500004 0.43461538490566043 0.34166666687499997 0.43173076886792455 0.33413461562499996 0.43966346132075473 0.329487179375 0.4471153849056604 0.3275641025 0.45120192264150943 0.330448718125 0.46682692264150943 0.334455128125 0.47451923113207545 0.33766025624999996 0.4764423075471698 0.34166666687499997 0.4774038462264151 0.34903846125 0.47379807735849055 0.36506410250000004 0.4600961537735849 0.365544871875 0.45817307735849055
18 0.46810897437500004 0.5060096150943396 0.48445512812499997 0.48870192264150947 0.48990384625 0.475 0.49102564125000003 0.4670673075471698 0.490705128125 0.4620192311320755 0.48637820499999995 0.45264423113207547 0.484615384375 0.4514423075471698 0.474519230625 0.45096153867924527 0.466826923125 0.4543269226415095 0.460416666875 0.4591346150943396 0.43782051312500003 0.48149038490566043 0.43221153875 0.49447115377358486 0.43125 0.49759615377358485 0.43125 0.5026442311320755 0.43365384625 0.5175480773584905 0.435897435625 0.5192307688679246 0.44262820499999994 0.5209134613207548 0.44743589749999996 0.5206730773584906 0.45352564125 0.5182692311320755 0.46810897437500004 0.5060096150943396
21 0.7301282050000001 0.41201923113207545 0.72147435875 0.403125 0.7169871793750001 0.40120192264150945 0.70721153875 0.4002403849056604 0.70096153875 0.40240384622641506 0.687820513125 0.41201923113207545 0.6549679487500001 0.4673076924528302 0.654166666875 0.47091346132075473 0.695512820625 0.5331730773584905 0.7201923075000001 0.5447115386792453 0.7400641025 0.5490384613207547 0.74471153875 0.5466346150943396 0.750801281875 0.5331730773584905 0.74022435875 0.453125 0.7301282050000001 0.41201923113207545
18 0.755769230625 0.6963942311320754 0.762019230625 0.6776442311320754 0.7613782050000001 0.66875 0.759615384375 0.6651442311320754 0.7482371793750001 0.6579326924528301 0.7397435900000001 0.6572115386792453 0.73253205125 0.6591346150943396 0.728365384375 0.6615384613207548 0.701923076875 0.6853365386792453 0.69727564125 0.6932692311320754 0.694871795 0.7026442311320754 0.6953525643749999 0.7137019226415094 0.697115384375 0.7199519226415094 0.700480769375 0.7245192311320754 0.708333333125 0.7286057688679246 0.716666666875 0.7278846150943395 0.744070513125 0.7110576924528301 0.751923076875 0.703125 0.755769230625 0.6963942311320754
18 0.658333333125 0.6317307688679246 0.662179486875 0.6307692311320754 0.67099359 0.6266826924528301 0.6804487181250001 0.6129807688679246 0.68125 0.6103365386792453 0.680929486875 0.5995192311320754 0.6741987181250001 0.5915865386792453 0.66746794875 0.5867788462264151 0.662019230625 0.5848557688679246 0.640544871875 0.5826923075471698 0.6241987181249999 0.5838942311320754 0.6173076925000001 0.5877403849056604 0.612980769375 0.5954326924528301 0.612179486875 0.5995192311320754 0.6125 0.6074519226415095 0.61474359 0.6141826924528302 0.61746794875 0.61875 0.6230769231250001 0.6242788462264152 0.634615384375 0.6288461537735849 0.650480769375 0.6314903849056605 0.658333333125 0.6317307688679246
14 0.709134615625 0.8334134613207548 0.707852564375 0.8302884613207547 0.70496794875 0.8269230773584906 0.68141025625 0.8283653849056604 0.6735576925 0.8302884613207547 0.6698717949999999 0.8360576924528301 0.6698717949999999 0.8394230773584905 0.67403846125 0.8461538462264151 0.6775641025 0.8492788462264151 0.69471153875 0.8519230773584906 0.7016025643749999 0.8502403849056605 0.706891025625 0.8456730773584905 0.70897435875 0.8382211537735849 0.709134615625 0.8334134613207548
14 0.6525641025 0.69375 0.650320513125 0.6896634613207547 0.6193910256249999 0.6805288462264151 0.615865384375 0.6853365386792453 0.615705128125 0.6896634613207547 0.61650641 0.6932692311320754 0.61891025625 0.6980769226415094 0.622916666875 0.7012019226415095 0.6455128206249999 0.7088942311320754 0.65096153875 0.7050480773584905 0.6525641025 0.7014423075471699 0.6525641025 0.69375
21 0.578044871875 0.7189903849056604 0.568429486875 0.7086538462264151 0.537980769375 0.7259615386792453 0.5368589743750001 0.7278846150943395 0.537820513125 0.7598557688679246 0.5407051281249999 0.7622596150943396 0.56875 0.7644230773584906 0.57724359 0.7617788462264151 0.579647435625 0.7598557688679246 0.582051281875 0.7555288462264151 0.5875 0.7362980773584905 0.578044871875 0.7189903849056604
1 0.51858974375 0.6786057688679246 0.52003205125 0.6737980773584905 0.521634615625 0.6230769226415095 0.513621795 0.6242788462264152 0.50721153875 0.6293269226415095 0.498237179375 0.6463942311320754 0.49727564125 0.6545673075471699 0.497115384375 0.6663461537735849 0.49791666687499997 0.6723557688679246 0.500641025625 0.6783653849056605 0.502884615625 0.6822115386792452 0.5073717950000001 0.6862980773584906 0.51025641 0.6872596150943396 0.51346153875 0.6853365386792453 0.51858974375 0.6786057688679246
1 0.430769230625 0.5915865386792453 0.42740384625 0.5894230773584905 0.42403846125 0.5884615386792452 0.408173076875 0.5884615386792452 0.40608974375 0.5899038462264151 0.39759615375 0.6012019226415094 0.39391025625 0.6112980773584905 0.393269230625 0.6161057688679246 0.39246794875 0.6271634613207547 0.39391025625 0.6341346150943395 0.39647435875 0.6403846150943396 0.4125 0.6456730773584906 0.41506410250000003 0.6435096150943396 0.435897435625 0.6110576924528301 0.43990384624999995 0.6033653849056604 0.430769230625 0.5915865386792453
1 0.42516025625 0.7209134613207547 0.425 0.7086538462264151 0.42435897437500003 0.7072115386792452 0.41987179500000005 0.7024038462264152 0.41378205125 0.703125 0.40560897437500004 0.7103365386792453 0.40016025624999996 0.7216346150943396 0.400641025625 0.7326923075471699 0.40192307687499995 0.740625 0.40416666687499997 0.7483173075471699 0.412179486875 0.7579326924528301 0.41538461562499995 0.759375 0.41810897437500005 0.7588942311320754 0.42195512812499997 0.7478365386792453 0.42516025625 0.7209134613207547
1 0.319070513125 0.7603365386792452 0.3125 0.7317307688679245 0.30192307687500003 0.7189903849056604 0.298237179375 0.7175480773584906 0.29342948687500003 0.7192307688679246 0.287019230625 0.7274038462264151 0.285416666875 0.734375 0.285416666875 0.7427884613207547 0.286698718125 0.7512019226415094 0.29102564125 0.7598557688679246 0.295673076875 0.7639423075471699 0.314262820625 0.7713942311320754 0.31650641 0.7704326924528302 0.319230769375 0.7670673075471699 0.319070513125 0.7603365386792452
1 0.31474359 0.6526442311320754 0.31955128187500004 0.6471153849056605 0.32339743562499995 0.6408653849056604 0.32996794875 0.6228365386792453 0.33060897437500003 0.5983173075471698 0.32996794875 0.5908653849056604 0.282852564375 0.5973557688679246 0.278365384375 0.603125 0.27772435875 0.6067307688679245 0.278205128125 0.6189903849056604 0.280448718125 0.6346153849056604 0.28525641 0.6439903849056604 0.298878205 0.6545673075471699 0.307051281875 0.6560096150943396 0.311378205 0.6550480773584906 0.31474359 0.6526442311320754