3 0.5302734375 0.23730468773584906 0.572265625 0.17138671886792453 0.599609375 0.11572265660377358 0.599609375 0.11279296886792453 0.5693359375 0.05859375 0.5107421875 0.061523437735849056 0.4833984375 0.06738281226415094 0.4609375 0.09814453113207547 0.455078125 0.11865234339622642 0.455078125 0.1274414066037736 0.4609375 0.15673828113207547 0.46875 0.18017578113207547 0.4853515625 0.20507812452830187 0.5205078125 0.234375 0.5263671875 0.23730468773584906 0.5302734375 0.23730468773584906
3 0.611328125 0.7514648433962264 0.61328125 0.7338867188679246 0.61328125 0.7250976566037736 0.60546875 0.6899414066037736 0.603515625 0.6840820311320754 0.5908203125 0.665039062264151 0.5830078125 0.659179687735849 0.5712890625 0.653320312264151 0.568359375 0.6577148433962264 0.55078125 0.6958007811320754 0.548828125 0.7016601566037736 0.55078125 0.7397460933962264 0.5595703125 0.752929687735849 0.5654296875 0.758789062264151 0.5810546875 0.7675781245283019 0.5849609375 0.7675781245283019 0.6103515625 0.752929687735849 0.611328125 0.7514648433962264
3 0.5390625 0.6752929688679246 0.5361328125 0.670898437735849 0.5009765625 0.6621093754716981 0.4970703125 0.6621093754716981 0.490234375 0.6723632811320754 0.486328125 0.6958007811320754 0.486328125 0.7016601566037736 0.48828125 0.7192382811320754 0.4921875 0.7338867188679246 0.4951171875 0.73828125 0.5224609375 0.735351562264151 0.5390625 0.6870117188679246 0.5390625 0.6752929688679246
7 0.4404296875 0.13476562452830187 0.4365234375 0.13183593773584906 0.4130859375 0.12597656226415094 0.4072265625 0.12597656226415094 0.3798828125 0.14355468773584906 0.373046875 0.1538085933962264 0.37109375 0.15966796886792453 0.37109375 0.1625976566037736 0.3720703125 0.1640625 0.4560546875 0.2490234377358491 0.478515625 0.20361328113207547 0.4609375 0.1625976566037736 0.4521484375 0.14941406226415094 0.4404296875 0.13476562452830187
1 0.755859375 0.48486328113207544 0.7451171875 0.46875 0.7392578125 0.46582031226415094 0.7333984375 0.46582031226415094 0.7236328125 0.47167968773584906 0.716796875 0.4819335933962264 0.716796875 0.49658203113207544 0.7197265625 0.50390625 0.7255859375 0.5097656245283019 0.7509765625 0.512695312264151 0.75390625 0.5083007811320754 0.755859375 0.5024414066037736 0.755859375 0.48486328113207544
1 0.591796875 0.20654296886792453 0.5849609375 0.19628906226415094 0.5751953125 0.19628906226415094 0.5693359375 0.19921875 0.5625 0.2094726566037736 0.55859375 0.2211914066037736 0.55859375 0.22998046886792453 0.5634765625 0.23730468773584906 0.5673828125 0.23730468773584906 0.5927734375 0.22558593773584906 0.59375 0.2241210933962264 0.59375 0.2124023433962264 0.591796875 0.20654296886792453
20 0.359375 0.7163085933962264 0.3544921875 0.7089843754716981 0.3486328125 0.703125 0.3447265625 0.700195312264151 0.3427734375 0.700195312264151 0.3369140625 0.703125 0.3359375 0.7045898433962264 0.333984375 0.7749023433962264 0.3505859375 0.799804687735849 0.3623046875 0.80859375 0.36328125 0.8071289066037736 0.3671875 0.7924804688679246 0.3671875 0.7690429688679246 0.36328125 0.7280273433962264 0.359375 0.7163085933962264
20 0.626953125 0.4086914066037736 0.62890625 0.4028320311320755 0.62890625 0.3999023433962264 0.603515625 0.3530273433962264 0.5966796875 0.34277343773584906 0.5849609375 0.3339843754716981 0.5810546875 0.33691406226415094 0.576171875 0.3442382811320755 0.57421875 0.3530273433962264 0.57421875 0.3559570311320755 0.576171875 0.3618164066037736 0.58984375 0.3911132811320755 0.5966796875 0.40136718773584906 0.6162109375 0.41015625 0.6259765625 0.41015625 0.626953125 0.4086914066037736
20 0.42578125 0.2622070311320755 0.42578125 0.2563476566037736 0.423828125 0.2504882811320755 0.4033203125 0.22558593773584906 0.3759765625 0.21386718773584906 0.375 0.21533203113207547 0.37109375 0.2329101566037736 0.375 0.2416992188679245 0.3837890625 0.25488281226415094 0.4091796875 0.2753906245283019 0.4169921875 0.2753906245283019 0.4208984375 0.27246093773584906 0.423828125 0.2680664066037736 0.42578125 0.2622070311320755
18 0.2890625 0.7280273433962264 0.2890625 0.7104492188679246 0.28515625 0.6782226566037736 0.283203125 0.6723632811320754 0.2802734375 0.66796875 0.2724609375 0.66796875 0.267578125 0.6723632811320754 0.263671875 0.6811523433962264 0.263671875 0.6870117188679246 0.265625 0.7045898433962264 0.26953125 0.7163085933962264 0.2744140625 0.7265625 0.2822265625 0.7324218754716981 0.2861328125 0.7324218754716981 0.2890625 0.7280273433962264
18 0.25390625 0.5961914066037736 0.2578125 0.5844726566037736 0.26171875 0.5551757811320754 0.26171875 0.5463867188679246 0.259765625 0.5405273433962264 0.2529296875 0.530273437735849 0.2431640625 0.530273437735849 0.236328125 0.5405273433962264 0.23046875 0.5639648433962264 0.228515625 0.5756835933962264 0.228515625 0.5932617188679246 0.23046875 0.5991210933962264 0.236328125 0.6108398433962264 0.2373046875 0.612304687735849 0.2392578125 0.612304687735849 0.2470703125 0.606445312264151 0.25390625 0.5961914066037736
18 0.267578125 0.4702148433962264 0.271484375 0.4555664066037736 0.267578125 0.4438476566037736 0.2607421875 0.43359375 0.2470703125 0.43359375 0.2373046875 0.43652343773584906 0.2333984375 0.4394531245283019 0.232421875 0.4409179688679245 0.232421875 0.4467773433962264 0.236328125 0.4584960933962264 0.240234375 0.4672851566037736 0.2431640625 0.47167968773584906 0.2509765625 0.47753906226415094 0.2587890625 0.47753906226415094 0.267578125 0.4702148433962264
18 0.431640625 0.5288085933962264 0.4296875 0.5200195311320754 0.4248046875 0.512695312264151 0.4189453125 0.5097656245283019 0.4169921875 0.5097656245283019 0.41015625 0.5170898433962264 0.40625 0.5288085933962264 0.40625 0.5317382811320754 0.412109375 0.5463867188679246 0.4150390625 0.55078125 0.4267578125 0.55078125 0.4296875 0.5463867188679246 0.431640625 0.5375976566037736 0.431640625 0.5288085933962264
18 0.736328125 0.6694335933962264 0.7314453125 0.6621093754716981 0.7275390625 0.659179687735849 0.7138671875 0.659179687735849 0.6943359375 0.665039062264151 0.69140625 0.6694335933962264 0.689453125 0.6752929688679246 0.689453125 0.6899414066037736 0.6962890625 0.700195312264151 0.7099609375 0.700195312264151 0.7255859375 0.694335937735849 0.7333984375 0.6855468754716981 0.736328125 0.6782226566037736 0.736328125 0.6694335933962264
18 0.701171875 0.6225585933962264 0.703125 0.6166992188679246 0.703125 0.6049804688679246 0.697265625 0.5815429688679246 0.6826171875 0.559570312264151 0.6708984375 0.559570312264151 0.66796875 0.5639648433962264 0.666015625 0.5727539066037736 0.666015625 0.5786132811320754 0.66796875 0.5874023433962264 0.6796875 0.6196289066037736 0.6845703125 0.6269531245283019 0.6884765625 0.629882812264151 0.6962890625 0.629882812264151 0.701171875 0.6225585933962264
18 0.69140625 0.2006835933962264 0.693359375 0.19482421886792453 0.693359375 0.18310546886792453 0.6884765625 0.17578125 0.6806640625 0.16992187547169813 0.6669921875 0.16113281226415094 0.6591796875 0.15820312452830187 0.6572265625 0.15820312452830187 0.6484375 0.1655273433962264 0.646484375 0.1743164066037736 0.6484375 0.1860351566037736 0.6533203125 0.19335937547169813 0.6630859375 0.20214843773584906 0.6728515625 0.20800781226415094 0.6806640625 0.2109375 0.6845703125 0.2109375 0.69140625 0.2006835933962264
21 0.70703125 0.4321289066037736 0.7041015625 0.4277343745283019 0.6904296875 0.4160156245283019 0.6767578125 0.4160156245283019 0.6708984375 0.41894531226415094 0.662109375 0.4321289066037736 0.658203125 0.4497070311320755 0.654296875 0.4936523433962264 0.6572265625 0.4980468754716982 0.6708984375 0.4980468754716982 0.6982421875 0.46875 0.703125 0.4614257811320755 0.708984375 0.4467773433962264 0.708984375 0.4379882811320755 0.70703125 0.4321289066037736
20 0.6875 0.3237304688679245 0.6806640625 0.31347656226415094 0.6728515625 0.3105468754716981 0.6669921875 0.31347656226415094 0.6640625 0.3178710933962264 0.662109375 0.3237304688679245 0.662109375 0.3325195311320755 0.6640625 0.3383789066037736 0.6767578125 0.35449218773584906 0.6826171875 0.35449218773584906 0.6865234375 0.3515625 0.6953125 0.3383789066037736 0.6875 0.3237304688679245
7 0.3984375 0.6430664066037736 0.3955078125 0.6386718754716981 0.3662109375 0.606445312264151 0.365234375 0.6079101566037736 0.357421875 0.6225585933962264 0.357421875 0.6459960933962264 0.3701171875 0.6738281245283019 0.3798828125 0.6796875 0.3876953125 0.6796875 0.396484375 0.6665039066037736 0.3984375 0.6547851566037736 0.3984375 0.6430664066037736
9 0.6298828125 0.624023437735849 0.625 0.6284179688679246 0.623046875 0.6401367188679246 0.623046875 0.6518554688679246 0.6240234375 0.653320312264151 0.6259765625 0.653320312264151 0.626953125 0.6518554688679246 0.634765625 0.6254882811320754 0.6337890625 0.624023437735849 0.6298828125 0.624023437735849
9 0.3134765625 0.59765625 0.3056640625 0.5917968754716981 0.2998046875 0.588867187735849 0.298828125 0.5903320311320754 0.298828125 0.5961914066037736 0.3115234375 0.6152343754716981 0.3154296875 0.6152343754716981 0.318359375 0.6108398433962264 0.318359375 0.6079101566037736 0.31640625 0.6020507811320754 0.3134765625 0.59765625
9 0.4130859375 0.55078125 0.4111328125 0.55078125 0.408203125 0.5551757811320754 0.40625 0.5610351566037736 0.40625 0.5727539066037736 0.41015625 0.5815429688679246 0.4150390625 0.588867187735849 0.416015625 0.5874023433962264 0.416015625 0.5727539066037736 0.4140625 0.5522460933962264 0.4130859375 0.55078125
13 0.5625 0.6430664066037736 0.5615234375 0.641601562264151 0.5556640625 0.641601562264151 0.5546875 0.6430664066037736 0.5546875 0.6459960933962264 0.55859375 0.6547851566037736 0.5595703125 0.65625 0.5615234375 0.65625 0.564453125 0.6518554688679246 0.564453125 0.6489257811320754 0.5625 0.6430664066037736
13 0.2646484375 0.5214843754716981 0.263671875 0.5229492188679246 0.263671875 0.5288085933962264 0.2646484375 0.530273437735849 0.2724609375 0.530273437735849 0.2734375 0.5288085933962264 0.2734375 0.5229492188679246 0.2724609375 0.5214843754716981 0.2646484375 0.5214843754716981
9 0.4892578125 0.375 0.4853515625 0.375 0.484375 0.3764648433962264 0.482421875 0.3852539066037736 0.482421875 0.3999023433962264 0.4833984375 0.40136718773584906 0.4853515625 0.40136718773584906 0.4951171875 0.3984375 0.498046875 0.3940429688679245 0.498046875 0.3881835933962264 0.4892578125 0.375
9 0.341796875 0.22705078113207547 0.3408203125 0.22558593773584906 0.3056640625 0.23144531226415094 0.302734375 0.2358398433962264 0.302734375 0.23876953113207547 0.3076171875 0.24609375 0.3154296875 0.2490234377358491 0.3251953125 0.2490234377358491 0.3388671875 0.24609375 0.34375 0.23876953113207547 0.341796875 0.22705078113207547
9 0.3125 0.3149414066037736 0.3056640625 0.30761718773584906 0.2900390625 0.30761718773584906 0.2822265625 0.31347656226415094 0.279296875 0.3178710933962264 0.279296875 0.3266601566037736 0.2802734375 0.328125 0.3037109375 0.328125 0.3134765625 0.32519531226415094 0.314453125 0.3237304688679245 0.314453125 0.3208007811320755 0.3125 0.3149414066037736
9 0.267578125 0.3706054688679245 0.26171875 0.3559570311320755 0.2568359375 0.34863281226415094 0.25390625 0.3530273433962264 0.25390625 0.3706054688679245 0.2578125 0.3940429688679245 0.2607421875 0.40136718773584906 0.2666015625 0.40136718773584906 0.271484375 0.3940429688679245 0.271484375 0.3852539066037736 0.267578125 0.3706054688679245
9 0.505859375 0.2827148433962264 0.5048828125 0.28125 0.4775390625 0.28417968773584906 0.474609375 0.2885742188679245 0.474609375 0.2973632811320755 0.4775390625 0.30175781226415094 0.4873046875 0.30761718773584906 0.4912109375 0.30761718773584906 0.5029296875 0.30175781226415094 0.505859375 0.2944335933962264 0.505859375 0.2827148433962264
9 0.73046875 0.21826171886792453 0.7255859375 0.21386718773584906 0.72265625 0.21826171886792453 0.724609375 0.23876953113207547 0.732421875 0.2622070311320755 0.7353515625 0.26660156226415094 0.7373046875 0.26660156226415094 0.7421875 0.2592773433962264 0.7421875 0.2504882811320755 0.73046875 0.21826171886792453
9 0.767578125 0.3676757811320755 0.767578125 0.3618164066037736 0.7646484375 0.3574218754716981 0.7451171875 0.33984375 0.7392578125 0.33984375 0.736328125 0.3442382811320755 0.736328125 0.3500976566037736 0.744140625 0.3647460933962264 0.7490234375 0.37207031226415094 0.7568359375 0.375 0.7607421875 0.375 0.7646484375 0.37207031226415094 0.767578125 0.3676757811320755
9 0.5537109375 0.40722656226415094 0.548828125 0.4145507811320755 0.548828125 0.4204101566037736 0.5712890625 0.44238281226415094 0.5791015625 0.43652343773584906 0.5859375 0.4233398433962264 0.5615234375 0.4042968745283019 0.5576171875 0.4042968745283019 0.5537109375 0.40722656226415094
9 0.6142578125 0.489257812264151 0.6064453125 0.489257812264151 0.6015625 0.49658203113207544 0.599609375 0.5024414066037736 0.59765625 0.5288085933962264 0.6025390625 0.5332031245283019 0.6064453125 0.5332031245283019 0.609375 0.5288085933962264 0.611328125 0.5229492188679246 0.6171875 0.49658203113207544 0.6171875 0.4936523433962264 0.6142578125 0.489257812264151
9 0.5205078125 0.47753906226415094 0.5146484375 0.4746093745283019 0.5087890625 0.4746093745283019 0.4990234375 0.48046875 0.498046875 0.4819335933962264 0.498046875 0.4936523433962264 0.5 0.49951171886792456 0.5029296875 0.50390625 0.5087890625 0.50390625 0.5244140625 0.4921875 0.529296875 0.48486328113207544 0.5205078125 0.47753906226415094
9 0.4951171875 0.5390625 0.4853515625 0.530273437735849 0.4833984375 0.530273437735849 0.4765625 0.5405273433962264 0.4765625 0.5434570311320754 0.486328125 0.5639648433962264 0.4931640625 0.57421875 0.498046875 0.5668945311320754 0.50390625 0.5551757811320754 0.50390625 0.5522460933962264 0.4951171875 0.5390625
9 0.548828125 0.5903320311320754 0.5458984375 0.5859375 0.5419921875 0.5859375 0.5244140625 0.6035156245283019 0.5234375 0.6049804688679246 0.5234375 0.6079101566037736 0.525390625 0.6196289066037736 0.5302734375 0.6269531245283019 0.5341796875 0.629882812264151 0.5380859375 0.629882812264151 0.548828125 0.6020507811320754 0.548828125 0.5903320311320754
9 0.5625 0.5903320311320754 0.560546875 0.5961914066037736 0.5546875 0.6196289066037736 0.5546875 0.6342773433962264 0.5556640625 0.635742187735849 0.564453125 0.6225585933962264 0.5703125 0.5991210933962264 0.5703125 0.5815429688679246 0.5693359375 0.5800781245283019 0.5625 0.5903320311320754
9 0.2939453125 0.577148437735849 0.2919921875 0.577148437735849 0.291015625 0.5786132811320754 0.2890625 0.5932617188679246 0.2890625 0.6079101566037736 0.296875 0.6342773433962264 0.3056640625 0.647460937735849 0.306640625 0.6459960933962264 0.310546875 0.6254882811320754 0.298828125 0.5874023433962264 0.2939453125 0.577148437735849
9 0.2958984375 0.694335937735849 0.2900390625 0.694335937735849 0.2890625 0.6958007811320754 0.287109375 0.7016601566037736 0.2890625 0.7397460933962264 0.2939453125 0.7441406245283019 0.2998046875 0.741210937735849 0.302734375 0.7368164066037736 0.302734375 0.7075195311320754 0.30078125 0.7016601566037736 0.2958984375 0.694335937735849
9 0.66796875 0.6870117188679246 0.6669921875 0.6855468754716981 0.6611328125 0.6855468754716981 0.6533203125 0.69140625 0.650390625 0.6958007811320754 0.654296875 0.7163085933962264 0.658203125 0.7280273433962264 0.6611328125 0.7324218754716981 0.6689453125 0.7324218754716981 0.669921875 0.7309570311320754 0.669921875 0.7250976566037736 0.66796875 0.6870117188679246