1 0.6015625 0.4790039066037736 0.5966796875 0.47167968773584906 0.5927734375 0.46875 0.5810546875 0.46875 0.580078125 0.4702148433962264 0.578125 0.4790039066037736 0.58203125 0.5112304688679246 0.5869140625 0.515625 0.5927734375 0.512695312264151 0.599609375 0.5024414066037736 0.603515625 0.4907226566037736 0.603515625 0.48486328113207544 0.6015625 0.4790039066037736
18 0.611328125 0.7426757811320754 0.611328125 0.7280273433962264 0.609375 0.7192382811320754 0.6005859375 0.706054687735849 0.5869140625 0.706054687735849 0.5810546875 0.7089843754716981 0.572265625 0.7163085933962264 0.5703125 0.7250976566037736 0.5703125 0.7368164066037736 0.57421875 0.7573242188679246 0.5771484375 0.764648437735849 0.5830078125 0.770507812264151 0.5908203125 0.770507812264151 0.609375 0.7543945311320754 0.611328125 0.7426757811320754
18 0.375 0.7426757811320754 0.3720703125 0.73828125 0.3642578125 0.7324218754716981 0.3603515625 0.7324218754716981 0.3525390625 0.73828125 0.341796875 0.7543945311320754 0.33203125 0.7719726566037736 0.330078125 0.7778320311320754 0.328125 0.7924804688679246 0.3408203125 0.80859375 0.3466796875 0.805664062264151 0.3544921875 0.799804687735849 0.365234375 0.7836914066037736 0.37109375 0.7719726566037736 0.375 0.7602539066037736 0.375 0.7426757811320754
18 0.767578125 0.3500976566037736 0.767578125 0.3442382811320755 0.765625 0.3383789066037736 0.7587890625 0.32519531226415094 0.7548828125 0.3222656245283019 0.7412109375 0.3222656245283019 0.7373046875 0.32519531226415094 0.732421875 0.3325195311320755 0.72265625 0.3559570311320755 0.71875 0.3676757811320755 0.716796875 0.3764648433962264 0.716796875 0.3911132811320755 0.720703125 0.3999023433962264 0.7255859375 0.40722656226415094 0.7333984375 0.4042968745283019 0.7373046875 0.40136718773584906 0.763671875 0.3618164066037736 0.767578125 0.3500976566037736
20 0.3984375 0.7016601566037736 0.396484375 0.7192382811320754 0.408203125 0.7426757811320754 0.4150390625 0.752929687735849 0.4248046875 0.752929687735849 0.4345703125 0.747070312264151 0.451171875 0.7250976566037736 0.4130859375 0.69140625 0.3984375 0.7016601566037736
20 0.5068359375 0.653320312264151 0.4990234375 0.65625 0.49609375 0.6606445311320754 0.494140625 0.6665039066037736 0.48828125 0.6987304688679246 0.48828125 0.7104492188679246 0.5029296875 0.741210937735849 0.5224609375 0.75 0.5234375 0.7485351566037736 0.53515625 0.6694335933962264 0.5341796875 0.66796875 0.5068359375 0.653320312264151
20 0.4404296875 0.536132812264151 0.4150390625 0.530273437735849 0.4052734375 0.5332031245283019 0.392578125 0.5522460933962264 0.392578125 0.5639648433962264 0.3994140625 0.57421875 0.4248046875 0.5800781245283019 0.4384765625 0.571289062264151 0.44140625 0.5668945311320754 0.443359375 0.5405273433962264 0.4404296875 0.536132812264151
20 0.3154296875 0.57421875 0.2841796875 0.5683593754716981 0.2822265625 0.5683593754716981 0.28125 0.5698242188679246 0.26953125 0.6166992188679246 0.2705078125 0.618164062264151 0.2978515625 0.6152343754716981 0.3037109375 0.612304687735849 0.3095703125 0.606445312264151 0.3125 0.6020507811320754 0.31640625 0.5756835933962264 0.3154296875 0.57421875
20 0.669921875 0.4233398433962264 0.671875 0.4145507811320755 0.66796875 0.3647460933962264 0.6669921875 0.36328125 0.6298828125 0.3808593754716981 0.62890625 0.3823242188679245 0.619140625 0.4204101566037736 0.6376953125 0.44824218773584906 0.6416015625 0.4511718745283019 0.6474609375 0.4511718745283019 0.6533203125 0.44824218773584906 0.6591796875 0.44238281226415094 0.666015625 0.4321289066037736 0.669921875 0.4233398433962264
9 0.4384765625 0.19042968773584906 0.455078125 0.1655273433962264 0.45703125 0.15966796886792453 0.45703125 0.14501953113207547 0.4541015625 0.140625 0.4501953125 0.13769531226415094 0.4404296875 0.13769531226415094 0.4033203125 0.14355468773584906 0.3955078125 0.14941406226415094 0.384765625 0.1655273433962264 0.388671875 0.19482421886792453 0.3935546875 0.20214843773584906 0.4072265625 0.20507812452830187 0.4189453125 0.20507812452830187 0.4267578125 0.20214843773584906 0.4306640625 0.19921875 0.4384765625 0.19042968773584906
14 0.5283203125 0.17285156226415094 0.5263671875 0.17285156226415094 0.521484375 0.18017578113207547 0.517578125 0.19482421886792453 0.517578125 0.2124023433962264 0.51953125 0.21826171886792453 0.5244140625 0.22265625 0.5283203125 0.21972656226415094 0.53125 0.21533203113207547 0.533203125 0.1772460933962264 0.5283203125 0.17285156226415094
14 0.6435546875 0.2578125 0.6376953125 0.2578125 0.62890625 0.2709960933962264 0.619140625 0.2885742188679245 0.619140625 0.2915039066037736 0.6201171875 0.29296875 0.6259765625 0.29296875 0.6376953125 0.28125 0.64453125 0.2651367188679245 0.64453125 0.2592773433962264 0.6435546875 0.2578125
14 0.494140625 0.2797851566037736 0.4931640625 0.27832031226415094 0.4716796875 0.2519531245283019 0.4677734375 0.2519531245283019 0.46484375 0.2563476566037736 0.46484375 0.2651367188679245 0.470703125 0.2797851566037736 0.4736328125 0.28417968773584906 0.4833984375 0.29003906226415094 0.4931640625 0.28417968773584906 0.494140625 0.2827148433962264 0.494140625 0.2797851566037736
14 0.5556640625 0.33691406226415094 0.544921875 0.3559570311320755 0.5390625 0.3706054688679245 0.5390625 0.3764648433962264 0.5439453125 0.3808593754716981 0.5478515625 0.37792968773584906 0.564453125 0.3500976566037736 0.560546875 0.3383789066037736 0.5595703125 0.33691406226415094 0.5556640625 0.33691406226415094
14 0.3955078125 0.31347656226415094 0.3896484375 0.31347656226415094 0.3759765625 0.3222656245283019 0.373046875 0.3266601566037736 0.375 0.3325195311320755 0.3798828125 0.33984375 0.3857421875 0.33984375 0.3974609375 0.3339843754716981 0.40234375 0.3266601566037736 0.40234375 0.3237304688679245 0.3955078125 0.31347656226415094
14 0.2978515625 0.35449218773584906 0.2880859375 0.36328125 0.28515625 0.3676757811320755 0.283203125 0.3735351566037736 0.283203125 0.3793945311320755 0.2900390625 0.38964843773584906 0.2919921875 0.38964843773584906 0.3037109375 0.37792968773584906 0.3125 0.3647460933962264 0.3076171875 0.3574218754716981 0.2978515625 0.35449218773584906
14 0.28125 0.4350585933962264 0.2802734375 0.43359375 0.2529296875 0.421875 0.25 0.4262695311320755 0.25 0.4350585933962264 0.2587890625 0.44824218773584906 0.2646484375 0.4511718745283019 0.2724609375 0.4511718745283019 0.2763671875 0.44824218773584906 0.28125 0.4409179688679245 0.28125 0.4350585933962264
14 0.3720703125 0.66796875 0.3681640625 0.66796875 0.3603515625 0.670898437735849 0.35546875 0.6782226566037736 0.349609375 0.6958007811320754 0.345703125 0.7104492188679246 0.345703125 0.7133789066037736 0.3505859375 0.7207031245283019 0.3544921875 0.7207031245283019 0.3603515625 0.717773437735849 0.37109375 0.7016601566037736 0.373046875 0.6694335933962264 0.3720703125 0.66796875
14 0.5615234375 0.5449218754716981 0.5576171875 0.5449218754716981 0.544921875 0.5639648433962264 0.54296875 0.5698242188679246 0.54296875 0.5727539066037736 0.5458984375 0.577148437735849 0.5634765625 0.577148437735849 0.564453125 0.5756835933962264 0.56640625 0.5639648433962264 0.56640625 0.5522460933962264 0.5615234375 0.5449218754716981
14 0.611328125 0.5551757811320754 0.6025390625 0.547851562264151 0.5986328125 0.547851562264151 0.595703125 0.5522460933962264 0.58984375 0.5727539066037736 0.58984375 0.5756835933962264 0.59375 0.5874023433962264 0.5966796875 0.5917968754716981 0.6025390625 0.5917968754716981 0.60546875 0.5874023433962264 0.611328125 0.5581054688679246 0.611328125 0.5551757811320754
14 0.69921875 0.7075195311320754 0.6953125 0.6958007811320754 0.6923828125 0.69140625 0.6826171875 0.682617187735849 0.6708984375 0.682617187735849 0.669921875 0.6840820311320754 0.66796875 0.6928710933962264 0.66796875 0.6958007811320754 0.6689453125 0.6972656245283019 0.6904296875 0.7207031245283019 0.6943359375 0.7207031245283019 0.697265625 0.7163085933962264 0.69921875 0.7104492188679246 0.69921875 0.7075195311320754
14 0.748046875 0.7075195311320754 0.7421875 0.6958007811320754 0.7314453125 0.682617187735849 0.7255859375 0.6855468754716981 0.724609375 0.6870117188679246 0.724609375 0.6958007811320754 0.7265625 0.7045898433962264 0.736328125 0.7250976566037736 0.7373046875 0.7265625 0.7451171875 0.723632812264151 0.748046875 0.7192382811320754 0.748046875 0.7075195311320754
14 0.6884765625 0.5625 0.685546875 0.5668945311320754 0.6884765625 0.571289062264151 0.7158203125 0.594726562264151 0.724609375 0.5815429688679246 0.724609375 0.5786132811320754 0.7119140625 0.5390625 0.7080078125 0.5390625 0.6884765625 0.5625
14 0.7529296875 0.500976562264151 0.7431640625 0.500976562264151 0.7333984375 0.5097656245283019 0.73046875 0.5141601566037736 0.73046875 0.5258789066037736 0.7353515625 0.5332031245283019 0.7373046875 0.5332031245283019 0.7412109375 0.530273437735849 0.755859375 0.5112304688679246 0.75390625 0.5024414066037736 0.7529296875 0.500976562264151
14 0.671875 0.6137695311320754 0.6689453125 0.609375 0.6650390625 0.609375 0.6298828125 0.624023437735849 0.62890625 0.6254882811320754 0.63671875 0.6430664066037736 0.6474609375 0.659179687735849 0.6552734375 0.659179687735849 0.658203125 0.6547851566037736 0.669921875 0.6254882811320754 0.671875 0.6196289066037736 0.671875 0.6137695311320754