18 0.39983974375000003 0.10264423113207548 0.39711538437500005 0.09639423113207547 0.394070513125 0.09423076886792453 0.38814102562499997 0.09302884622641511 0.3826923075 0.09423076886792453 0.35737179500000005 0.10745192264150943 0.349679486875 0.11466346132075471 0.34759615375 0.11850961509433963 0.34647435875 0.12283653867924528 0.346634615625 0.1305288462264151 0.35176282062500003 0.13870192264150943 0.35721153875 0.1413461537735849 0.365544871875 0.1413461537735849 0.388301281875 0.13533653867924528 0.39727564125000003 0.1274038462264151 0.40288461562499994 0.1149038462264151 0.39983974375000003 0.10264423113207548
18 0.45897435875 0.17379807735849057 0.462820513125 0.17235576886792453 0.4650641025 0.16971153867924527 0.46650641 0.1625 0.46650641 0.15408653867924527 0.465544871875 0.15048076886792452 0.45416666687499996 0.12692307735849057 0.44358974375000004 0.1132211537735849 0.43541666687499997 0.10673076886792453 0.42756410250000004 0.1055288462264151 0.4213141025 0.11201923113207547 0.41907051312500004 0.11706730754716982 0.418429486875 0.1194711537735849 0.419230769375 0.13076923113207548 0.4235576925 0.14038461509433964 0.43541666687499997 0.1579326924528302 0.44551282062500003 0.1694711537735849 0.45112179500000005 0.1735576924528302 0.454647435625 0.17475961509433963 0.45897435875 0.17379807735849057
1 0.549198718125 0.08605769245283018 0.529166666875 0.09447115377358489 0.523237179375 0.0992788462264151 0.52003205125 0.1038461537735849 0.51650641 0.11394230754716982 0.516826923125 0.11875 0.521634615625 0.12403846132075473 0.544871795 0.12067307735849056 0.559615384375 0.11706730754716982 0.566666666875 0.11105769245283019 0.562820513125 0.08774038490566037 0.556570513125 0.08485576886792452 0.549198718125 0.08605769245283018
18 0.667948718125 0.1930288462264151 0.669070513125 0.17764423113207548 0.662179486875 0.1680288462264151 0.63846153875 0.15673076886792453 0.628365384375 0.1536057688679245 0.62371794875 0.1538461537735849 0.619070513125 0.15576923113207547 0.614583333125 0.16225961509433962 0.614102564375 0.16442307735849057 0.61474359 0.16995192264150943 0.62259615375 0.18798076886792453 0.6326923074999999 0.1983173075471698 0.6402243587499999 0.20336538490566036 0.649519230625 0.2055288462264151 0.654326923125 0.2048076924528302 0.6657051281249999 0.19735576886792452 0.667948718125 0.1930288462264151
20 0.585897435625 0.1555288462264151 0.579487179375 0.1555288462264151 0.5764423075 0.15817307735849057 0.576121795 0.1610576924528302 0.5764423075 0.1694711537735849 0.579487179375 0.17211538490566036 0.5838141025 0.1745192311320755 0.587820513125 0.1742788462264151 0.590865384375 0.17235576886792453 0.591987179375 0.16995192264150943 0.5923076925 0.165625 0.585897435625 0.1555288462264151
18 0.53974359 0.20889423113207548 0.5326923075 0.19591346132075474 0.52596153875 0.19326923113207548 0.518269230625 0.19326923113207548 0.51346153875 0.19639423113207546 0.503365384375 0.2074519226415094 0.5 0.22019230754716979 0.499198718125 0.22788461509433963 0.49903846125 0.23221153867924527 0.5001602562499999 0.23629807735849057 0.50528846125 0.24855769245283021 0.509615384375 0.2560096150943396 0.534134615625 0.2512019226415095 0.5350961537500001 0.25 0.5413461537500001 0.225 0.53974359 0.20889423113207548
1 0.41506410250000003 0.21778846132075472 0.4088141025 0.21538461509433962 0.404326923125 0.21514423113207548 0.40240384625 0.21682692264150943 0.39246794875 0.24014423113207548 0.393269230625 0.25985576886792455 0.395833333125 0.2641826924528302 0.39983974375000003 0.26370192264150943 0.40865384624999995 0.2586538462264151 0.41586538437500004 0.25072115377358495 0.41875 0.2439903849056604 0.41907051312500004 0.23245192264150943 0.41506410250000003 0.21778846132075472
7 0.29503205125 0.40841346132075473 0.31490384625 0.2795673075471698 0.31442307687500004 0.2766826924528302 0.290705128125 0.27908653867924527 0.255929486875 0.34158653867924527 0.25096153875 0.36129807735849057 0.25048076937499997 0.3689903849056604 0.25721153874999997 0.39254807735849057 0.2650641025 0.4050480773584905 0.279647435625 0.41995192264150943 0.283012820625 0.42139423113207547 0.28733974375 0.42139423113207547 0.290865384375 0.41971153867924527 0.29503205125 0.40841346132075473
18 0.36522435875 0.42091346132075474 0.36650641 0.41610576886792455 0.36618589749999997 0.4125 0.35 0.3625 0.34599359 0.3548076924528302 0.34342948687499997 0.3548076924528302 0.342147435625 0.3560096150943396 0.333012820625 0.3752403849056604 0.33028846125 0.3850961537735849 0.32996794875 0.38846153867924527 0.33108974375 0.39807692264150946 0.333173076875 0.40528846132075474 0.34326923062500003 0.42091346132075474 0.347916666875 0.42451923113207546 0.35224359 0.42572115377358494 0.35977564125 0.42451923113207546 0.36522435875 0.42091346132075474
18 0.520352564375 0.31153846132075474 0.525801281875 0.30264423113207545 0.527083333125 0.29495192264150943 0.52724359 0.2884615386792453 0.523076923125 0.2795673075471698 0.516666666875 0.2747596150943396 0.5100961537500001 0.2723557688679245 0.498237179375 0.27307692264150946 0.4826923075 0.27740384622641506 0.47003205125 0.2853365386792453 0.46474359 0.29471153867924527 0.46346153875 0.3014423075471698 0.463301281875 0.3064903849056604 0.46442307687499995 0.31057692264150943 0.470352564375 0.3194711537735849 0.474358974375 0.3221153849056604 0.48108974375 0.32307692264150945 0.49038461562499996 0.3221153849056604 0.5139423075 0.315625 0.520352564375 0.31153846132075474
9 0.61891025625 0.2560096150943396 0.61522435875 0.25096153867924526 0.611378205 0.2483173075471698 0.6076923075 0.24759615377358493 0.602884615625 0.24879807735849055 0.596955128125 0.2536057688679245 0.594391025625 0.2569711537735849 0.5921474356249999 0.265625 0.5921474356249999 0.271875 0.5929487181249999 0.2747596150943396 0.594391025625 0.2764423075471698 0.606570513125 0.278125 0.61891025625 0.2759615386792453 0.6213141025 0.2680288462264151 0.6201923075 0.259375 0.61891025625 0.2560096150943396
18 0.699679486875 0.2670673075471698 0.70128205125 0.26346153867924527 0.703205128125 0.2512019226415095 0.70224359 0.24759615377358493 0.696794871875 0.2389423075471698 0.69375 0.23725961509433963 0.6889423075000001 0.2370192311320755 0.68509615375 0.2389423075471698 0.680608974375 0.24375 0.6769230768750001 0.2516826924528302 0.6769230768750001 0.2545673075471698 0.6772435900000001 0.26370192264150943 0.67900641 0.27139423113207545 0.680929486875 0.2757211537735849 0.6860576924999999 0.27740384622641506 0.6931089743750001 0.2745192311320755 0.699679486875 0.2670673075471698
1 0.7498397437500001 0.31153846132075474 0.74022435875 0.3060096150943396 0.73221153875 0.30625 0.723878205 0.30985576886792454 0.718108974375 0.3141826924528302 0.711378205 0.325 0.7084935900000001 0.3334134613207547 0.707852564375 0.3420673075471698 0.70897435875 0.34759615377358494 0.720673076875 0.3649038462264151 0.748878205 0.34567307735849057 0.753365384375 0.33004807735849057 0.7540064099999999 0.3247596150943396 0.7522435900000001 0.31514423113207546 0.7498397437500001 0.31153846132075474
18 0.700320513125 0.38485576886792455 0.6931089743750001 0.37403846132075474 0.67852564125 0.35745192264150943 0.67371794875 0.35504807735849053 0.6653846156250001 0.3552884613207547 0.6633012818749999 0.35649038490566043 0.6625 0.35865384622641505 0.66346153875 0.3774038462264151 0.6738782050000001 0.3923076924528302 0.6780448718750001 0.39639423113207545 0.68990384625 0.40432692264150943 0.694871795 0.40408653867924527 0.699519230625 0.396875 0.70128205125 0.3908653849056604 0.700320513125 0.38485576886792455
20 0.599519230625 0.3350961537735849 0.592628205 0.3240384613207547 0.58846153875 0.3209134613207547 0.5838141025 0.32067307735849054 0.580128205 0.3225961537735849 0.575320513125 0.33004807735849057 0.574358974375 0.334375 0.57996794875 0.3524038462264151 0.593429486875 0.35841346132075474 0.59615384625 0.35865384622641505 0.599679486875 0.35721153867924527 0.601602564375 0.3485576924528302 0.60128205125 0.3420673075471698 0.599519230625 0.3350961537735849
18 0.473237179375 0.41610576886792455 0.47307692312500005 0.4038461537735849 0.47227564125 0.40048076886792455 0.467948718125 0.3903846150943396 0.46362179500000006 0.3850961537735849 0.45897435875 0.38125 0.45112179500000005 0.3802884613207547 0.440384615625 0.3836538462264151 0.43108974375000003 0.39158653867924526 0.42756410250000004 0.39639423113207545 0.4264423075 0.3997596150943396 0.42628205125 0.40408653867924527 0.42740384625 0.4074519226415095 0.45128205125 0.4415865386792453 0.45865384625 0.44879807735849053 0.46057692312500004 0.44735576886792455 0.46762820499999996 0.43557692264150943 0.471955128125 0.42379807735849057 0.473237179375 0.41610576886792455
3 0.519551281875 0.4079326924528302 0.504487179375 0.41971153867924527 0.5094551281249999 0.46802884622641505 0.5407051281249999 0.47451923113207545 0.556570513125 0.4733173075471698 0.558173076875 0.47067307735849057 0.5671474356249999 0.4314903849056604 0.521634615625 0.4074519226415095 0.519551281875 0.4079326924528302
9 0.503205128125 0.4038461537735849 0.503044871875 0.4079326924528302 0.5056089743750001 0.4153846150943396 0.509134615625 0.41754807735849053 0.51153846125 0.4158653849056604 0.512019230625 0.4117788462264151 0.50865384625 0.4021634613207547 0.5056089743750001 0.4 0.503205128125 0.4038461537735849
18 0.6423076925 0.4533653849056604 0.638621795 0.4516826924528302 0.6230769231250001 0.45024038490566043 0.612179486875 0.4543269226415095 0.60625 0.4579326924528302 0.60096153875 0.4627403849056604 0.599198718125 0.46658653867924527 0.607371795 0.4740384613207547 0.6211538462499999 0.47692307735849054 0.643108974375 0.4723557688679245 0.645833333125 0.4699519226415095 0.646634615625 0.4646634613207547 0.645833333125 0.4591346150943396 0.6423076925 0.4533653849056604
18 0.7636217949999999 0.47860576886792455 0.7544871793750001 0.4689903849056604 0.752083333125 0.4675480773584905 0.7411858975 0.4653846150943396 0.735416666875 0.46586538490566043 0.730448718125 0.46826923113207547 0.72852564125 0.4735576924528302 0.7294871793750001 0.48221153867924527 0.730448718125 0.484375 0.7328525643749999 0.4875 0.7400641025 0.49254807735849054 0.75977564125 0.4920673075471699 0.7625 0.49014423113207545 0.764423076875 0.48605769245283015 0.7636217949999999 0.47860576886792455
18 0.7375 0.5622596150943396 0.72772435875 0.5449519226415095 0.720673076875 0.5439903849056604 0.718269230625 0.5447115386792453 0.712019230625 0.5509615386792452 0.709455128125 0.5564903849056604 0.7137820512499999 0.6112980773584905 0.714583333125 0.6149038462264151 0.7169871793750001 0.6168269226415094 0.7298076925 0.6084134613207547 0.73621794875 0.6002403849056605 0.739583333125 0.5915865386792453 0.74022435875 0.5774038462264152 0.7375 0.5622596150943396
9 0.661698718125 0.5629807688679246 0.6625 0.5665865386792452 0.6653846156250001 0.5692307688679246 0.670673076875 0.5682692311320754 0.6733974356250001 0.5644230773584905 0.673076923125 0.5610576924528301 0.670673076875 0.5600961537735849 0.66346153875 0.5605769226415095 0.661698718125 0.5629807688679246
20 0.595512820625 0.5564903849056604 0.591666666875 0.5598557688679245 0.589423076875 0.5639423075471699 0.58253205125 0.5829326924528302 0.582371795 0.5838942311320754 0.5956730768749999 0.6098557688679246 0.599679486875 0.6055288462264151 0.605769230625 0.5939903849056604 0.607852564375 0.5802884613207547 0.60608974375 0.5682692311320754 0.599519230625 0.5572115386792452 0.595512820625 0.5564903849056604
1 0.572115384375 0.5473557688679246 0.574679486875 0.5401442311320754 0.572115384375 0.5286057688679245 0.537019230625 0.5158653849056604 0.528205128125 0.5408653849056604 0.52772435875 0.5447115386792453 0.534134615625 0.5564903849056604 0.54102564125 0.5617788462264152 0.5451923075 0.5632211537735848 0.54983974375 0.5632211537735848 0.555608974375 0.5615384613207547 0.5644230768749999 0.5560096150943395 0.572115384375 0.5473557688679246
11 0.399358974375 0.4798076924528302 0.39631410250000004 0.4875 0.39471153875 0.4935096150943396 0.3951923075 0.49759615377358485 0.40512820499999996 0.5019230773584905 0.416666666875 0.48245192264150943 0.40961538437500006 0.4689903849056604 0.408173076875 0.46778846132075474 0.40352564125 0.4728365386792453 0.399358974375 0.4798076924528302
13 0.36891025624999996 0.4877403849056604 0.36506410250000004 0.4848557688679246 0.362019230625 0.48629807735849057 0.35737179500000005 0.4915865386792453 0.35288461562499995 0.5021634613207547 0.35897435875 0.5139423075471699 0.36121794875 0.515625 0.36346153875 0.5146634613207547 0.36522435875 0.5127403849056604 0.369551281875 0.49447115377358486 0.36971153875 0.48942307735849055 0.36891025624999996 0.4877403849056604
18 0.318269230625 0.5165865386792453 0.32211538437500004 0.509375 0.32371794875 0.5024038462264151 0.32371794875 0.49759615377358485 0.32227564125 0.4923076924528301 0.319230769375 0.49110576886792456 0.290705128125 0.4870192311320754 0.289423076875 0.4882211537735849 0.287820513125 0.4947115386792453 0.2875 0.5019230773584905 0.2889423075 0.5096153849056604 0.290384615625 0.5129807688679245 0.29471153875 0.5185096150943396 0.2985576925 0.5213942311320754 0.3025641025 0.5223557688679246 0.31009615375 0.521875 0.318269230625 0.5165865386792453
18 0.25352564125 0.5954326924528301 0.255128205 0.5889423075471698 0.25496794875 0.58125 0.254326923125 0.5774038462264152 0.25096153875 0.5682692311320754 0.240865384375 0.5526442311320754 0.22980769250000002 0.5401442311320754 0.22467948687500003 0.5353365386792452 0.22083333312499998 0.5336538462264151 0.21121794875 0.534375 0.20753205125000002 0.5382211537735849 0.204647435625 0.5487980773584905 0.20544871812499998 0.5605769226415095 0.20849359 0.5682692311320754 0.214423076875 0.5771634613207547 0.23108974375 0.5956730773584905 0.23878205125000002 0.6004807688679246 0.248076923125 0.6021634613207547 0.250801281875 0.6004807688679246 0.25352564125 0.5954326924528301
18 0.299358974375 0.7105769226415094 0.300480769375 0.7050480773584905 0.29503205125 0.659375 0.29102564125 0.6432692311320755 0.287019230625 0.6358173075471698 0.27932692312499996 0.6355769226415094 0.27516025625 0.6370192311320754 0.271955128125 0.6389423075471699 0.2701923075 0.6415865386792453 0.267948718125 0.6463942311320754 0.267147435625 0.6533653849056604 0.267147435625 0.6740384613207547 0.275 0.7048076924528301 0.279166666875 0.7146634613207548 0.282852564375 0.7189903849056604 0.287019230625 0.7216346150943396 0.2911858975 0.7209134613207547 0.295673076875 0.7182692311320754 0.299358974375 0.7105769226415094
18 0.35929487187500003 0.6447115386792452 0.36314102562499995 0.6399038462264152 0.365544871875 0.6274038462264151 0.364583333125 0.6173076924528301 0.36346153875 0.6139423075471698 0.35945512812499997 0.6096153849056604 0.35384615375 0.6076923075471699 0.33413461562499996 0.6057692311320754 0.326923076875 0.6064903849056604 0.319871795 0.6098557688679246 0.31025641 0.6180288462264151 0.309455128125 0.6197115386792452 0.309294871875 0.6230769226415095 0.314262820625 0.6346153849056604 0.318269230625 0.6408653849056604 0.32516025625 0.6461538462264151 0.337980769375 0.6507211537735849 0.34983974375000004 0.6497596150943395 0.354166666875 0.6483173075471699 0.35929487187500003 0.6447115386792452
18 0.34871794875 0.7987980773584905 0.3485576925 0.7908653849056604 0.345673076875 0.7831730773584905 0.34310897437500004 0.7790865386792453 0.337820513125 0.7735576924528301 0.33397435875 0.7721153849056605 0.32612179500000005 0.7723557688679246 0.3201923075 0.7786057688679245 0.319391025625 0.78125 0.318269230625 0.7932692311320754 0.31955128187500004 0.8024038462264151 0.32243589749999996 0.8103365386792453 0.329326923125 0.8158653849056604 0.334294871875 0.8161057688679246 0.337179486875 0.8144230773584905 0.346794871875 0.8033653849056605 0.34871794875 0.7987980773584905
1 0.40897435875 0.7016826924528301 0.40416666687499997 0.6990384613207548 0.395833333125 0.6973557688679246 0.386378205 0.6992788462264151 0.38253205125 0.7033653849056604 0.37884615375 0.7125 0.37932692312500005 0.7201923075471699 0.38285256437500004 0.7262019226415094 0.3923076925 0.7338942311320754 0.4235576925 0.7435096150943395 0.430769230625 0.7360576924528301 0.430769230625 0.7264423075471699 0.42483974375 0.7173076924528301 0.40897435875 0.7016826924528301
1 0.445833333125 0.6307692311320754 0.44983974375 0.6269230773584905 0.43349359 0.5836538462264151 0.43125 0.5817307688679246 0.42740384625 0.5802884613207547 0.412019230625 0.5899038462264151 0.40977564125 0.6072115386792453 0.409294871875 0.6221153849056604 0.41009615375 0.6293269226415095 0.413141025625 0.6384615386792453 0.41618589749999996 0.6425480773584905 0.419551281875 0.6449519226415095 0.42403846125 0.6454326924528302 0.425801281875 0.6444711537735849 0.445833333125 0.6307692311320754
18 0.47852564125 0.6713942311320754 0.477083333125 0.6574519226415094 0.474679486875 0.6512019226415094 0.470512820625 0.6451923075471698 0.46666666687499997 0.6435096150943396 0.462980769375 0.6439903849056604 0.46073717937499997 0.6466346150943396 0.45721153875 0.6579326924528301 0.45785256437500005 0.6855769226415095 0.45977564125000003 0.6971153849056604 0.463141025625 0.7045673075471699 0.466826923125 0.7076923075471698 0.470673076875 0.7088942311320754 0.47676282062500003 0.7012019226415095 0.47852564125 0.6927884613207548 0.47852564125 0.6713942311320754
18 0.57516025625 0.6581730773584905 0.5719551281249999 0.6444711537735849 0.5663461537500001 0.6399038462264152 0.54871794875 0.6288461537735849 0.544871795 0.6286057688679246 0.537980769375 0.6319711537735849 0.5302884612500001 0.6394230773584906 0.52772435875 0.6485576924528301 0.528044871875 0.6548076924528301 0.5331730768749999 0.6629807688679246 0.545833333125 0.6711538462264152 0.561378205 0.6778846150943396 0.56650641 0.6778846150943396 0.5735576925 0.6735576924528301 0.576121795 0.6661057688679246 0.57516025625 0.6581730773584905
18 0.623237179375 0.7213942311320755 0.623237179375 0.7163461537735849 0.621794871875 0.7088942311320754 0.60240384625 0.6879807688679246 0.596955128125 0.6853365386792453 0.591666666875 0.684375 0.586698718125 0.6865384613207547 0.5826923075 0.6930288462264151 0.58253205125 0.6992788462264151 0.5836538462499999 0.7052884613207547 0.5889423075 0.7134615386792452 0.602884615625 0.7283653849056604 0.6110576925 0.734375 0.6161858975 0.7346153849056604 0.620512820625 0.7322115386792453 0.623237179375 0.7213942311320755
18 0.587980769375 0.7548076924528302 0.582852564375 0.7536057688679246 0.579166666875 0.7548076924528302 0.575320513125 0.7596153849056604 0.573878205 0.7634615386792453 0.572916666875 0.7723557688679246 0.573237179375 0.7788461537735849 0.575801281875 0.7867788462264151 0.57996794875 0.7879807688679246 0.59503205125 0.7752403849056604 0.596794871875 0.7701923075471698 0.59647435875 0.7675480773584905 0.5923076925 0.7586538462264151 0.587980769375 0.7548076924528302
3 0.6852564099999999 0.8141826924528301 0.681570513125 0.8182692311320754 0.66858974375 0.8509615386792453 0.666666666875 0.8572115386792453 0.6673076925 0.8774038462264151 0.668269230625 0.8822115386792453 0.6698717949999999 0.8848557688679246 0.7048076925 0.8504807688679246 0.705769230625 0.8449519226415094 0.69727564125 0.8213942311320754 0.6852564099999999 0.8141826924528301
3 0.673237179375 0.7331730773584906 0.67371794875 0.7396634613207548 0.67740384625 0.7475961537735849 0.712820513125 0.8122596150943396 0.7455128206249999 0.7752403849056604 0.7443910256249999 0.7713942311320754 0.693269230625 0.7278846150943395 0.6892628206249999 0.7276442311320754 0.673237179375 0.7331730773584906
9 0.719871795 0.6891826924528301 0.720833333125 0.6860576924528301 0.7209935900000001 0.6776442311320754 0.710576923125 0.6699519226415095 0.67403846125 0.6584134613207547 0.658173076875 0.6538461537735849 0.649679486875 0.6603365386792452 0.6483974356250001 0.6620192311320754 0.64775641 0.6649038462264151 0.64775641 0.6699519226415095 0.65352564125 0.6896634613207547 0.66153846125 0.6954326924528301 0.670512820625 0.6987980773584905 0.683333333125 0.7004807688679245 0.705608974375 0.6992788462264151 0.7161858975 0.6932692311320754 0.719871795 0.6891826924528301