3 0.4609375 0.5170898433962264 0.4580078125 0.512695312264151 0.4248046875 0.4921875 0.4169921875 0.489257812264151 0.4150390625 0.489257812264151 0.412109375 0.4936523433962264 0.41015625 0.49951171886792456 0.40625 0.5170898433962264 0.40625 0.5200195311320754 0.4228515625 0.55078125 0.4267578125 0.553710937735849 0.4462890625 0.559570312264151 0.4521484375 0.559570312264151 0.4609375 0.5493164066037736 0.4609375 0.5170898433962264
1 0.373046875 0.2241210933962264 0.3544921875 0.19335937547169813 0.353515625 0.19482421886792453 0.34765625 0.21826171886792453 0.33984375 0.2592773433962264 0.33984375 0.2651367188679245 0.3447265625 0.2753906245283019 0.3642578125 0.2753906245283019 0.37109375 0.2651367188679245 0.375 0.2563476566037736 0.375 0.22998046886792453 0.373046875 0.2241210933962264
20 0.458984375 0.2416992188679245 0.45703125 0.22998046886792453 0.4560546875 0.22851562452830187 0.4208984375 0.22265625 0.4111328125 0.22265625 0.4072265625 0.22558593773584906 0.404296875 0.22998046886792453 0.404296875 0.2416992188679245 0.41015625 0.3208007811320755 0.4111328125 0.3222656245283019 0.451171875 0.2651367188679245 0.45703125 0.2504882811320755 0.458984375 0.2446289066037736 0.458984375 0.2416992188679245
1 0.4951171875 0.20800781226415094 0.4912109375 0.20507812452830187 0.4873046875 0.20507812452830187 0.4775390625 0.21386718773584906 0.47265625 0.2211914066037736 0.47265625 0.2329101566037736 0.4814453125 0.24609375 0.4970703125 0.24609375 0.50390625 0.2358398433962264 0.50390625 0.22705078113207547 0.5 0.21533203113207547 0.4951171875 0.20800781226415094
1 0.546875 0.14794921886792453 0.546875 0.1274414066037736 0.544921875 0.12158203113207545 0.5380859375 0.11132812452830189 0.5341796875 0.10839843773584906 0.5244140625 0.10839843773584906 0.5205078125 0.11132812452830189 0.509765625 0.1274414066037736 0.509765625 0.13623046886792453 0.5126953125 0.140625 0.5263671875 0.15234375 0.5380859375 0.16113281226415094 0.5400390625 0.16113281226415094 0.544921875 0.1538085933962264 0.546875 0.14794921886792453
3 0.6435546875 0.16113281226415094 0.6279296875 0.14355468773584906 0.6044921875 0.17578125 0.591796875 0.19482421886792453 0.5947265625 0.19921875 0.6025390625 0.20507812452830187 0.6513671875 0.20214843773584906 0.66015625 0.19482421886792453 0.66015625 0.1889648433962264 0.646484375 0.1655273433962264 0.6435546875 0.16113281226415094
20 0.59765625 0.23876953113207547 0.5869140625 0.22558593773584906 0.5673828125 0.21679687452830187 0.56640625 0.21826171886792453 0.564453125 0.2416992188679245 0.5859375 0.2915039066037736 0.5869140625 0.29296875 0.5888671875 0.29296875 0.58984375 0.2915039066037736 0.599609375 0.2563476566037736 0.599609375 0.2446289066037736 0.59765625 0.23876953113207547
3 0.728515625 0.21826171886792453 0.7177734375 0.19628906226415094 0.7021484375 0.1875 0.6884765625 0.19042968773584906 0.6845703125 0.19335937547169813 0.681640625 0.1977539066037736 0.681640625 0.20654296886792453 0.693359375 0.2592773433962264 0.6943359375 0.26074218773584906 0.7236328125 0.2519531245283019 0.73046875 0.2446289066037736 0.73046875 0.22705078113207547 0.728515625 0.21826171886792453
9 0.5546875 0.3002929688679245 0.5517578125 0.29589843773584906 0.5498046875 0.29589843773584906 0.544921875 0.3032226566037736 0.544921875 0.3208007811320755 0.5458984375 0.3222656245283019 0.5537109375 0.32519531226415094 0.5576171875 0.32519531226415094 0.55859375 0.3237304688679245 0.55859375 0.3090820311320755 0.5546875 0.3002929688679245
1 0.6640625 0.3178710933962264 0.654296875 0.2973632811320755 0.6494140625 0.29003906226415094 0.6435546875 0.29003906226415094 0.640625 0.2944335933962264 0.638671875 0.3002929688679245 0.63671875 0.3149414066037736 0.63671875 0.3325195311320755 0.638671875 0.3383789066037736 0.6474609375 0.3515625 0.6572265625 0.3515625 0.6640625 0.3413085933962264 0.666015625 0.3237304688679245 0.6640625 0.3178710933962264
18 0.76953125 0.3354492188679245 0.76953125 0.3295898433962264 0.767578125 0.3208007811320755 0.763671875 0.3120117188679245 0.7568359375 0.30175781226415094 0.7490234375 0.29296875 0.7392578125 0.28417968773584906 0.7333984375 0.28125 0.7314453125 0.28125 0.7275390625 0.28417968773584906 0.724609375 0.2885742188679245 0.724609375 0.3032226566037736 0.7421875 0.3559570311320755 0.7451171875 0.36035156226415094 0.7548828125 0.36035156226415094 0.7607421875 0.3574218754716981 0.765625 0.3500976566037736 0.76953125 0.3354492188679245
1 0.837890625 0.4643554688679245 0.84375 0.4497070311320755 0.84375 0.4350585933962264 0.8369140625 0.42480468773584906 0.8310546875 0.421875 0.8271484375 0.421875 0.8212890625 0.42480468773584906 0.814453125 0.4350585933962264 0.8125 0.4409179688679245 0.8125 0.4526367188679245 0.8173828125 0.45996093773584906 0.8251953125 0.46875 0.8291015625 0.47167968773584906 0.8310546875 0.47167968773584906 0.8349609375 0.46875 0.837890625 0.4643554688679245
13 0.7734375 0.4350585933962264 0.775390625 0.4291992188679245 0.775390625 0.4145507811320755 0.7646484375 0.38964843773584906 0.7099609375 0.3808593754716981 0.7001953125 0.3808593754716981 0.6962890625 0.38378906226415094 0.693359375 0.3881835933962264 0.693359375 0.3911132811320755 0.6953125 0.4731445311320755 0.6982421875 0.47753906226415094 0.7158203125 0.47753906226415094 0.7392578125 0.4628906245283019 0.7685546875 0.44238281226415094 0.7734375 0.4350585933962264
20 0.6162109375 0.40722656226415094 0.5751953125 0.43359375 0.57421875 0.4350585933962264 0.576171875 0.4555664066037736 0.5966796875 0.4746093745283019 0.6064453125 0.48046875 0.65625 0.4379882811320755 0.6455078125 0.421875 0.6396484375 0.4160156245283019 0.6162109375 0.40722656226415094
20 0.4970703125 0.43066406226415094 0.49609375 0.4321289066037736 0.49609375 0.4350585933962264 0.5166015625 0.47753906226415094 0.5361328125 0.48046875 0.541015625 0.4731445311320755 0.541015625 0.4145507811320755 0.5400390625 0.41308593773584906 0.4970703125 0.43066406226415094
3 0.4765625 0.3706054688679245 0.4501953125 0.33691406226415094 0.4423828125 0.33691406226415094 0.4375 0.3442382811320755 0.4296875 0.3676757811320755 0.43359375 0.3999023433962264 0.4345703125 0.40136718773584906 0.4560546875 0.421875 0.4833984375 0.4042968745283019 0.486328125 0.3999023433962264 0.482421875 0.3823242188679245 0.4765625 0.3706054688679245
3 0.3916015625 0.36621093773584906 0.3662109375 0.33691406226415094 0.3251953125 0.33105468773584906 0.32421875 0.3325195311320755 0.330078125 0.3969726566037736 0.3486328125 0.41015625 0.3837890625 0.38378906226415094 0.3896484375 0.37792968773584906 0.392578125 0.3706054688679245 0.392578125 0.3676757811320755 0.3916015625 0.36621093773584906
21 0.365234375 0.48779296886792456 0.361328125 0.4790039066037736 0.3564453125 0.47167968773584906 0.3349609375 0.45703125 0.3251953125 0.45703125 0.3203125 0.4643554688679245 0.314453125 0.4760742188679245 0.3125 0.4819335933962264 0.3125 0.48779296886792456 0.31640625 0.5024414066037736 0.3232421875 0.512695312264151 0.3681640625 0.512695312264151 0.369140625 0.5112304688679246 0.369140625 0.5024414066037736 0.365234375 0.48779296886792456
1 0.4609375 0.4760742188679245 0.4580078125 0.47167968773584906 0.4482421875 0.4628906245283019 0.4365234375 0.4628906245283019 0.4296875 0.4731445311320755 0.427734375 0.4790039066037736 0.427734375 0.4907226566037736 0.4306640625 0.495117187735849 0.4345703125 0.4980468754716982 0.4638671875 0.500976562264151 0.466796875 0.49658203113207544 0.46484375 0.48486328113207544 0.4609375 0.4760742188679245
1 0.572265625 0.5405273433962264 0.568359375 0.5229492188679246 0.5654296875 0.518554687735849 0.5576171875 0.512695312264151 0.5517578125 0.5097656245283019 0.5400390625 0.5097656245283019 0.5322265625 0.512695312264151 0.5224609375 0.5214843754716981 0.51953125 0.5258789066037736 0.51953125 0.5317382811320754 0.521484375 0.5405273433962264 0.5244140625 0.547851562264151 0.5654296875 0.55078125 0.5712890625 0.55078125 0.572265625 0.5493164066037736 0.572265625 0.5405273433962264
20 0.814453125 0.5727539066037736 0.8115234375 0.565429687735849 0.7685546875 0.565429687735849 0.7568359375 0.571289062264151 0.7392578125 0.583007812264151 0.736328125 0.5874023433962264 0.736328125 0.5903320311320754 0.7373046875 0.5917968754716981 0.7939453125 0.600585937735849 0.7998046875 0.59765625 0.8115234375 0.588867187735849 0.814453125 0.5844726566037736 0.814453125 0.5727539066037736
1 0.796875 0.6313476566037736 0.7919921875 0.624023437735849 0.7861328125 0.62109375 0.7763671875 0.624023437735849 0.7685546875 0.629882812264151 0.7578125 0.6459960933962264 0.755859375 0.6518554688679246 0.755859375 0.6665039066037736 0.7626953125 0.676757812264151 0.7763671875 0.676757812264151 0.7978515625 0.659179687735849 0.80078125 0.6518554688679246 0.80078125 0.6459960933962264 0.796875 0.6313476566037736
6 0.689453125 0.6723632811320754 0.697265625 0.5874023433962264 0.697265625 0.5815429688679246 0.677734375 0.5288085933962264 0.6767578125 0.52734375 0.6708984375 0.524414062264151 0.6630859375 0.524414062264151 0.6591796875 0.52734375 0.640625 0.5581054688679246 0.62890625 0.5903320311320754 0.625 0.6020507811320754 0.625 0.6137695311320754 0.62890625 0.6665039066037736 0.634765625 0.6987304688679246 0.6533203125 0.7265625 0.6591796875 0.7265625 0.6650390625 0.723632812264151 0.689453125 0.6723632811320754
7 0.607421875 0.6254882811320754 0.607421875 0.6196289066037736 0.6005859375 0.609375 0.5791015625 0.609375 0.5732421875 0.612304687735849 0.56640625 0.6225585933962264 0.564453125 0.6284179688679246 0.564453125 0.6342773433962264 0.56640625 0.6401367188679246 0.5693359375 0.64453125 0.5732421875 0.647460937735849 0.5771484375 0.647460937735849 0.6005859375 0.635742187735849 0.607421875 0.6254882811320754
9 0.5634765625 0.57421875 0.5576171875 0.57421875 0.556640625 0.5756835933962264 0.556640625 0.5874023433962264 0.5615234375 0.5917968754716981 0.5654296875 0.5917968754716981 0.56640625 0.5903320311320754 0.56640625 0.5815429688679246 0.564453125 0.5756835933962264 0.5634765625 0.57421875
21 0.484375 0.7075195311320754 0.52734375 0.6196289066037736 0.52734375 0.6166992188679246 0.5224609375 0.612304687735849 0.4794921875 0.588867187735849 0.4052734375 0.600585937735849 0.3876953125 0.606445312264151 0.38671875 0.6079101566037736 0.384765625 0.6254882811320754 0.384765625 0.6518554688679246 0.38671875 0.6635742188679246 0.392578125 0.6811523433962264 0.3955078125 0.6855468754716981 0.4619140625 0.735351562264151 0.4677734375 0.735351562264151 0.484375 0.7075195311320754
1 0.359375 0.5874023433962264 0.359375 0.5786132811320754 0.3544921875 0.57421875 0.3251953125 0.5917968754716981 0.32421875 0.5932617188679246 0.32421875 0.6049804688679246 0.3271484375 0.612304687735849 0.3349609375 0.618164062264151 0.3447265625 0.618164062264151 0.3486328125 0.6152343754716981 0.353515625 0.6079101566037736 0.359375 0.5874023433962264
3 0.52734375 0.7836914066037736 0.52734375 0.7778320311320754 0.5263671875 0.776367187735849 0.4912109375 0.758789062264151 0.4892578125 0.758789062264151 0.48046875 0.7690429688679246 0.470703125 0.7924804688679246 0.4794921875 0.805664062264151 0.4951171875 0.8203125 0.5107421875 0.829101562264151 0.5126953125 0.829101562264151 0.5166015625 0.8261718745283019 0.517578125 0.8247070311320754 0.52734375 0.7836914066037736
1 0.44921875 0.8774414066037736 0.453125 0.8393554688679246 0.453125 0.8364257811320754 0.451171875 0.8305664066037736 0.4501953125 0.829101562264151 0.4423828125 0.829101562264151 0.4384765625 0.83203125 0.431640625 0.8422851566037736 0.4296875 0.8510742188679246 0.4296875 0.8657226566037736 0.431640625 0.8715820311320754 0.4365234375 0.87890625 0.4404296875 0.881835937735849 0.4443359375 0.881835937735849 0.4482421875 0.87890625 0.44921875 0.8774414066037736
1 0.591796875 0.7456054688679246 0.59375 0.7280273433962264 0.591796875 0.7163085933962264 0.58984375 0.7104492188679246 0.5830078125 0.700195312264151 0.5751953125 0.700195312264151 0.5693359375 0.703125 0.568359375 0.7045898433962264 0.552734375 0.7426757811320754 0.5546875 0.7485351566037736 0.5615234375 0.76171875 0.5654296875 0.764648437735849 0.5771484375 0.764648437735849 0.5869140625 0.7558593754716981 0.58984375 0.7514648433962264 0.591796875 0.7456054688679246