18 0.32421875 0.2504882811320755 0.322265625 0.2416992188679245 0.3193359375 0.23730468773584906 0.3154296875 0.23730468773584906 0.3076171875 0.24023437452830187 0.3037109375 0.2431640622641509 0.283203125 0.2709960933962264 0.28125 0.2768554688679245 0.28125 0.2944335933962264 0.2861328125 0.30175781226415094 0.2998046875 0.30175781226415094 0.3154296875 0.28125 0.322265625 0.2680664066037736 0.32421875 0.2622070311320755 0.32421875 0.2504882811320755
18 0.36328125 0.4790039066037736 0.36328125 0.4702148433962264 0.3603515625 0.46582031226415094 0.3544921875 0.45996093773584906 0.3466796875 0.45996093773584906 0.3369140625 0.46875 0.328125 0.4819335933962264 0.318359375 0.49951171886792456 0.314453125 0.5083007811320754 0.314453125 0.5170898433962264 0.31640625 0.5229492188679246 0.3212890625 0.52734375 0.3291015625 0.52734375 0.3369140625 0.5214843754716981 0.361328125 0.48486328113207544 0.36328125 0.4790039066037736
18 0.408203125 0.4086914066037736 0.408203125 0.4028320311320755 0.400390625 0.3706054688679245 0.3974609375 0.36621093773584906 0.3896484375 0.36328125 0.3779296875 0.36621093773584906 0.373046875 0.3764648433962264 0.37109375 0.3852539066037736 0.37109375 0.3999023433962264 0.375 0.4145507811320755 0.3779296875 0.41894531226415094 0.3857421875 0.42480468773584906 0.3935546875 0.42480468773584906 0.4013671875 0.41894531226415094 0.408203125 0.4086914066037736
18 0.328125 0.5844726566037736 0.3232421875 0.577148437735849 0.3115234375 0.577148437735849 0.2939453125 0.583007812264151 0.287109375 0.5932617188679246 0.287109375 0.6020507811320754 0.2890625 0.6079101566037736 0.2939453125 0.612304687735849 0.3095703125 0.612304687735849 0.3212890625 0.606445312264151 0.328125 0.5961914066037736 0.328125 0.5844726566037736
18 0.375 0.7133789066037736 0.375 0.7104492188679246 0.3662109375 0.6972656245283019 0.3623046875 0.694335937735849 0.3369140625 0.694335937735849 0.3251953125 0.700195312264151 0.318359375 0.7104492188679246 0.318359375 0.7221679688679246 0.3251953125 0.7324218754716981 0.3310546875 0.735351562264151 0.3642578125 0.735351562264151 0.3681640625 0.7324218754716981 0.37109375 0.7280273433962264 0.375 0.7133789066037736
18 0.5361328125 0.670898437735849 0.54296875 0.6606445311320754 0.544921875 0.6518554688679246 0.544921875 0.6430664066037736 0.5361328125 0.629882812264151 0.5283203125 0.629882812264151 0.5087890625 0.635742187735849 0.4951171875 0.641601562264151 0.494140625 0.6430664066037736 0.494140625 0.6518554688679246 0.49609375 0.6577148433962264 0.5009765625 0.665039062264151 0.5087890625 0.670898437735849 0.5146484375 0.6738281245283019 0.5302734375 0.6738281245283019 0.5361328125 0.670898437735849
18 0.69921875 0.7075195311320754 0.693359375 0.6928710933962264 0.6767578125 0.66796875 0.6728515625 0.665039062264151 0.6669921875 0.665039062264151 0.6630859375 0.66796875 0.66015625 0.6723632811320754 0.658203125 0.6782226566037736 0.658203125 0.6899414066037736 0.662109375 0.7016601566037736 0.6806640625 0.729492187735849 0.6923828125 0.729492187735849 0.697265625 0.7221679688679246 0.69921875 0.7163085933962264 0.69921875 0.7075195311320754
18 0.6044921875 0.6152343754716981 0.6005859375 0.612304687735849 0.5927734375 0.612304687735849 0.5888671875 0.6152343754716981 0.5859375 0.6196289066037736 0.583984375 0.6254882811320754 0.583984375 0.6342773433962264 0.587890625 0.6430664066037736 0.5908203125 0.647460937735849 0.6123046875 0.647460937735849 0.6171875 0.6401367188679246 0.61328125 0.6284179688679246 0.6044921875 0.6152343754716981
18 0.673828125 0.5200195311320754 0.67578125 0.5112304688679246 0.67578125 0.5024414066037736 0.6728515625 0.495117187735849 0.6650390625 0.489257812264151 0.6611328125 0.489257812264151 0.6552734375 0.4921875 0.6318359375 0.5097656245283019 0.62109375 0.5258789066037736 0.62109375 0.5375976566037736 0.623046875 0.5434570311320754 0.6240234375 0.5449218754716981 0.6474609375 0.5449218754716981 0.6630859375 0.5332031245283019 0.6689453125 0.52734375 0.673828125 0.5200195311320754
18 0.7421875 0.4086914066037736 0.7392578125 0.4042968745283019 0.7333984375 0.4042968745283019 0.7275390625 0.40722656226415094 0.716796875 0.4233398433962264 0.708984375 0.4379882811320755 0.703125 0.4555664066037736 0.703125 0.4643554688679245 0.7060546875 0.47167968773584906 0.7158203125 0.47167968773584906 0.728515625 0.4526367188679245 0.740234375 0.4291992188679245 0.7421875 0.4233398433962264 0.7421875 0.4086914066037736
18 0.7041015625 0.3457031245283019 0.71484375 0.3295898433962264 0.716796875 0.3237304688679245 0.716796875 0.3090820311320755 0.71484375 0.3032226566037736 0.7119140625 0.2988281245283019 0.6982421875 0.2988281245283019 0.6865234375 0.30761718773584906 0.6787109375 0.31640625 0.673828125 0.3237304688679245 0.66796875 0.3354492188679245 0.666015625 0.3413085933962264 0.666015625 0.3530273433962264 0.66796875 0.3618164066037736 0.6689453125 0.36328125 0.6806640625 0.36621093773584906 0.6865234375 0.36328125 0.6904296875 0.36035156226415094 0.7041015625 0.3457031245283019
18 0.568359375 0.4350585933962264 0.568359375 0.4233398433962264 0.564453125 0.4145507811320755 0.5615234375 0.41015625 0.5478515625 0.40136718773584906 0.5400390625 0.3984375 0.5244140625 0.3984375 0.5185546875 0.40136718773584906 0.517578125 0.4028320311320755 0.515625 0.4145507811320755 0.515625 0.4262695311320755 0.517578125 0.4321289066037736 0.5244140625 0.4394531245283019 0.5478515625 0.4511718745283019 0.5595703125 0.4511718745283019 0.56640625 0.4409179688679245 0.568359375 0.4350585933962264
18 0.5888671875 0.37792968773584906 0.591796875 0.3735351566037736 0.595703125 0.3588867188679245 0.595703125 0.3237304688679245 0.59375 0.3032226566037736 0.5830078125 0.27246093773584906 0.5654296875 0.27832031226415094 0.5625 0.2827148433962264 0.560546875 0.2885742188679245 0.55859375 0.3002929688679245 0.564453125 0.3500976566037736 0.56640625 0.3588867188679245 0.5703125 0.3706054688679245 0.5751953125 0.37792968773584906 0.5791015625 0.3808593754716981 0.5849609375 0.3808593754716981 0.5888671875 0.37792968773584906
18 0.5986328125 0.14355468773584906 0.6015625 0.1391601566037736 0.603515625 0.13330078113207547 0.603515625 0.11865234339622642 0.5986328125 0.11132812452830189 0.5810546875 0.11132812452830189 0.5673828125 0.12011718773584906 0.55859375 0.13330078113207547 0.556640625 0.1391601566037736 0.556640625 0.14794921886792453 0.5634765625 0.15820312452830187 0.5673828125 0.16113281226415094 0.5791015625 0.15820312452830187 0.5849609375 0.15527343773584906 0.5927734375 0.14941406226415094 0.5986328125 0.14355468773584906
18 0.6796875 0.20654296886792453 0.681640625 0.2006835933962264 0.6796875 0.19189453113207547 0.67578125 0.18017578113207547 0.6708984375 0.17285156226415094 0.6611328125 0.16699218773584906 0.6572265625 0.16699218773584906 0.6513671875 0.16992187547169813 0.646484375 0.1743164066037736 0.640625 0.1860351566037736 0.640625 0.20361328113207547 0.642578125 0.2094726566037736 0.6474609375 0.21679687452830187 0.6533203125 0.22265625 0.6591796875 0.22558593773584906 0.6669921875 0.22558593773584906 0.6796875 0.20654296886792453
18 0.73828125 0.5991210933962264 0.74609375 0.5815429688679246 0.759765625 0.5405273433962264 0.759765625 0.5375976566037736 0.7529296875 0.52734375 0.7490234375 0.52734375 0.7431640625 0.530273437735849 0.7373046875 0.536132812264151 0.712890625 0.5727539066037736 0.7109375 0.5844726566037736 0.7109375 0.5932617188679246 0.712890625 0.6020507811320754 0.716796875 0.6108398433962264 0.7197265625 0.6152343754716981 0.7236328125 0.6152343754716981 0.7275390625 0.612304687735849 0.73828125 0.5991210933962264
21 0.4931640625 0.747070312264151 0.498046875 0.7426757811320754 0.48828125 0.7045898433962264 0.48046875 0.6840820311320754 0.4775390625 0.6796875 0.3720703125 0.6503906245283019 0.37109375 0.6518554688679246 0.37109375 0.6606445311320754 0.373046875 0.6665039066037736 0.4130859375 0.7265625 0.4345703125 0.7441406245283019 0.4462890625 0.75 0.4501953125 0.75 0.4931640625 0.747070312264151
21 0.4423828125 0.10839843773584906 0.439453125 0.11279296886792453 0.4140625 0.2124023433962264 0.408203125 0.2446289066037736 0.40625 0.2622070311320755 0.4111328125 0.26953125 0.5146484375 0.17871093773584906 0.515625 0.1772460933962264 0.515625 0.17138671886792453 0.4892578125 0.13183593773584906 0.4462890625 0.10839843773584906 0.4423828125 0.10839843773584906
14 0.7451171875 0.606445312264151 0.7177734375 0.6152343754716981 0.716796875 0.6166992188679246 0.716796875 0.6196289066037736 0.7216796875 0.6269531245283019 0.7275390625 0.629882812264151 0.7412109375 0.62109375 0.74609375 0.6137695311320754 0.74609375 0.6079101566037736 0.7451171875 0.606445312264151
9 0.5810546875 0.703125 0.5751953125 0.703125 0.57421875 0.7045898433962264 0.5703125 0.7163085933962264 0.5703125 0.7250976566037736 0.5732421875 0.729492187735849 0.5771484375 0.7265625 0.58203125 0.7192382811320754 0.583984375 0.7133789066037736 0.583984375 0.7104492188679246 0.5810546875 0.703125
24 0.576171875 0.5112304688679246 0.5751953125 0.5097656245283019 0.5595703125 0.500976562264151 0.5498046875 0.500976562264151 0.546875 0.5053710933962264 0.53125 0.5317382811320754 0.53125 0.5346679688679246 0.5322265625 0.536132812264151 0.5615234375 0.536132812264151 0.5732421875 0.524414062264151 0.57421875 0.5229492188679246 0.576171875 0.5141601566037736 0.576171875 0.5112304688679246
9 0.7548828125 0.5800781245283019 0.75390625 0.5815429688679246 0.75390625 0.5844726566037736 0.7568359375 0.588867187735849 0.7626953125 0.588867187735849 0.763671875 0.5874023433962264 0.7607421875 0.583007812264151 0.7568359375 0.5800781245283019 0.7548828125 0.5800781245283019
9 0.755859375 0.5844726566037736 0.7587890625 0.588867187735849 0.7607421875 0.588867187735849 0.76171875 0.5874023433962264 0.76171875 0.5844726566037736 0.7607421875 0.583007812264151 0.7568359375 0.583007812264151 0.755859375 0.5844726566037736
9 0.74609375 0.6166992188679246 0.74609375 0.6225585933962264 0.7470703125 0.624023437735849 0.7529296875 0.62109375 0.755859375 0.6166992188679246 0.7548828125 0.6152343754716981 0.7470703125 0.6152343754716981 0.74609375 0.6166992188679246