21 0.5217948718750001 0.2360576924528302 0.52003205125 0.22836538490566038 0.5161858975 0.21658653867924527 0.48766025625 0.1423076924528302 0.48429487187500003 0.13774038490566037 0.4625 0.11514423113207548 0.45913461562499996 0.11274038490566038 0.45496794875 0.11274038490566038 0.369070513125 0.13461538490566038 0.350641025625 0.15408653867924527 0.33573717937499997 0.17716346132075472 0.337179486875 0.20841346132075472 0.33862179500000006 0.21466346132075473 0.34471153875 0.23221153867924527 0.35336538437500004 0.24326923113207546 0.44262820499999994 0.2759615386792453 0.44727564125 0.2757211537735849 0.5213141025 0.2466346150943396 0.5217948718750001 0.2360576924528302
7 0.6463141025 0.16274038490566037 0.622916666875 0.159375 0.5644230768749999 0.15600961509433964 0.54871794875 0.15745192264150942 0.5451923075 0.16586538490566038 0.54358974375 0.19711538490566038 0.544070513125 0.1987980773584906 0.662019230625 0.28389423113207546 0.66602564125 0.2709134613207547 0.6668269231249999 0.2608173075471698 0.66522435875 0.2086538462264151 0.6610576924999999 0.19326923113207548 0.6463141025 0.16274038490566037
18 0.7660256412500001 0.3225961537735849 0.764262820625 0.31466346132075473 0.7610576925 0.31033653867924527 0.7556089743750001 0.3057692311320755 0.752083333125 0.30504807735849054 0.741826923125 0.31177884622641505 0.7025641025 0.37788461509433957 0.70224359 0.38076923113207545 0.714102564375 0.3930288462264151 0.728365384375 0.40408653867924527 0.74022435875 0.3903846150943396 0.7471153843749999 0.3805288462264151 0.7522435900000001 0.37067307735849053 0.765865384375 0.3336538462264151 0.7660256412500001 0.3225961537735849
10 0.71490384625 0.46658653867924527 0.716826923125 0.4586538462264151 0.716666666875 0.45264423113207547 0.7144230768750001 0.4435096150943396 0.69278846125 0.4060096150943396 0.674519230625 0.38846153867924527 0.6426282050000001 0.37692307735849057 0.5451923075 0.36322115377358494 0.533333333125 0.3639423075471698 0.528044871875 0.3653846150943396 0.5213141025 0.3689903849056604 0.51346153875 0.37596153867924526 0.509615384375 0.3810096150943396 0.503044871875 0.39254807735849057 0.49903846125 0.41009615377358494 0.49887820499999996 0.4165865386792453 0.500641025625 0.4283653849056604 0.505128205 0.4360576924528302 0.50897435875 0.43846153867924526 0.70496794875 0.4754807688679245 0.709134615625 0.475 0.71233974375 0.4721153849056604 0.71490384625 0.46658653867924527
20 0.7883012818749999 0.5204326924528302 0.7830128206249999 0.5153846150943396 0.77852564125 0.5141826924528301 0.73733974375 0.553125 0.735576923125 0.5557692311320754 0.73525641 0.5564903849056604 0.737980769375 0.5586538462264151 0.755769230625 0.5646634613207547 0.76778846125 0.5610576924528301 0.788621795 0.5456730773584906 0.7926282050000001 0.5370192311320754 0.792948718125 0.5331730773584905 0.7883012818749999 0.5204326924528302
1 0.7027243587499999 0.5300480773584906 0.701762820625 0.5173076924528301 0.697916666875 0.5060096150943396 0.692628205 0.4973557688679246 0.684134615625 0.49375 0.677083333125 0.49302884622641513 0.67483974375 0.4939903849056604 0.671794871875 0.49807692264150943 0.670673076875 0.5024038462264151 0.6796474356250001 0.5526442311320754 0.68221153875 0.5564903849056604 0.685416666875 0.5579326924528302 0.693269230625 0.5576923075471698 0.69727564125 0.5550480773584906 0.70128205125 0.5449519226415095 0.7027243587499999 0.5300480773584906
21 0.66778846125 0.6382211537735849 0.6714743587499999 0.6271634613207547 0.675 0.6115384613207547 0.67483974375 0.6074519226415095 0.67371794875 0.6052884613207548 0.619230769375 0.5425480773584905 0.6150641025 0.5391826924528301 0.61233974375 0.5387019226415094 0.52900641 0.5420673075471698 0.49006410250000004 0.5473557688679246 0.474358974375 0.5723557688679246 0.46971153875 0.5846153849056605 0.46762820499999996 0.5959134613207547 0.46730769250000004 0.6 0.46810897437500004 0.6045673075471698 0.48189102562499997 0.6264423075471699 0.5019230768749999 0.6552884613207547 0.599519230625 0.6579326924528301 0.658333333125 0.6442307688679246 0.665865384375 0.6403846150943396 0.66778846125 0.6382211537735849
1 0.7201923075000001 0.7360576924528301 0.722115384375 0.7211538462264151 0.720673076875 0.7081730773584906 0.6892628206249999 0.6992788462264151 0.6852564099999999 0.6992788462264151 0.68028846125 0.703125 0.67900641 0.7067307688679246 0.68141025625 0.7336538462264152 0.684455128125 0.7519230773584905 0.6852564099999999 0.753125 0.6931089743750001 0.7586538462264151 0.69647435875 0.759375 0.70128205125 0.7591346150943395 0.712820513125 0.7560096150943396 0.7201923075000001 0.7360576924528301
1 0.57996794875 0.7867788462264151 0.581891025625 0.7783653849056604 0.581891025625 0.7670673075471699 0.5783653843750001 0.7548076924528302 0.572916666875 0.7483173075471699 0.5644230768749999 0.7430288462264151 0.53846153875 0.7382211537735849 0.5328525643750001 0.7403846150943396 0.53125 0.74375 0.530769230625 0.7564903849056605 0.5328525643750001 0.7793269226415095 0.540865384375 0.7915865386792452 0.54471153875 0.7947115386792453 0.56858974375 0.7985576924528301 0.57227564125 0.7975961537735848 0.575320513125 0.7949519226415095 0.57996794875 0.7867788462264151
20 0.525320513125 0.4699519226415095 0.517948718125 0.46610576886792454 0.505769230625 0.46802884622641505 0.49615384625 0.48245192264150943 0.496794871875 0.4939903849056604 0.525320513125 0.4966346150943396 0.52884615375 0.4939903849056604 0.530929486875 0.490625 0.53125 0.48221153867924527 0.530128205 0.4778846150943396 0.525320513125 0.4699519226415095
20 0.525480769375 0.3423076924528302 0.528365384375 0.3341346150943396 0.528205128125 0.3264423075471698 0.525320513125 0.31057692264150943 0.52259615375 0.3064903849056604 0.516987179375 0.30264423113207545 0.512980769375 0.3016826924528302 0.505769230625 0.303125 0.49791666687499997 0.3048076924528302 0.49791666687499997 0.3064903849056604 0.5036858975 0.3221153849056604 0.51378205125 0.34278846132075474 0.51778846125 0.34639423113207546 0.5213141025 0.3471153849056604 0.523076923125 0.34591346132075473 0.525480769375 0.3423076924528302
20 0.37067307687499995 0.3298076924528302 0.369070513125 0.325 0.33381410250000004 0.3377403849056604 0.33028846125 0.34158653867924527 0.32724359 0.34567307735849057 0.349519230625 0.3560096150943396 0.35737179500000005 0.35745192264150943 0.365544871875 0.3576923075471698 0.36778846125000003 0.35625 0.37099359 0.34951923113207545 0.37163461562499994 0.3439903849056604 0.37067307687499995 0.3298076924528302
20 0.27516025625 0.30625 0.269391025625 0.31033653867924527 0.263301281875 0.3170673075471698 0.26121794875 0.32716346132075474 0.261858974375 0.33389423113207545 0.264262820625 0.3389423075471698 0.26746794875 0.340625 0.279166666875 0.34110576886792454 0.29775641 0.3177884613207547 0.290865384375 0.30865384622641506 0.283333333125 0.3055288462264151 0.27516025625 0.30625
20 0.313621795 0.44879807735849053 0.31201923062500003 0.4466346150943396 0.30753205125 0.4451923075471698 0.29871794875 0.4451923075471698 0.29615384625 0.4466346150943396 0.29342948687500003 0.45120192264150943 0.29182692312499997 0.4608173075471698 0.291987179375 0.46682692264150943 0.29375 0.46923076886792453 0.298076923125 0.47139423113207546 0.306730769375 0.4721153849056604 0.31442307687500004 0.46875 0.315705128125 0.46682692264150943 0.315384615625 0.45576923113207546 0.313621795 0.44879807735849053
6 0.345673076875 0.5209134613207548 0.3411858975 0.5168269226415094 0.33477564125000003 0.5173076924528301 0.322916666875 0.5242788462264151 0.234294871875 0.5920673075471699 0.25977564125 0.61875 0.268429486875 0.6230769226415095 0.341987179375 0.6266826924528301 0.34983974375000004 0.6228365386792453 0.35737179500000005 0.54375 0.35737179500000005 0.5367788462264151 0.345673076875 0.5209134613207548
20 0.235737179375 0.5036057688679246 0.23509615374999998 0.5067307688679246 0.23621794875 0.5223557688679246 0.24599358999999998 0.5197115386792452 0.25641025625 0.5057692311320754 0.25144230749999996 0.4920673075471699 0.24791666687500002 0.48725961509433957 0.240705128125 0.49302884622641513 0.235737179375 0.5036057688679246
21 0.31714743562500003 0.69375 0.32003205125 0.6853365386792453 0.32035256437500004 0.6735576924528301 0.31955128187500004 0.6697115386792453 0.279166666875 0.6384615386792453 0.276923076875 0.6403846150943396 0.27483974375 0.6603365386792452 0.27403846125000003 0.6737980773584905 0.275320513125 0.6776442311320754 0.283012820625 0.6935096150943396 0.28766025625 0.7009615386792453 0.290384615625 0.7033653849056604 0.2963141025 0.7055288462264151 0.309294871875 0.7033653849056604 0.31714743562500003 0.69375
3 0.38621794875 0.6074519226415095 0.38461538437500004 0.6060096150943396 0.374198718125 0.6146634613207548 0.3625 0.6317307688679246 0.361698718125 0.6350961537735849 0.36137820499999995 0.6391826924528301 0.36746794875 0.6754807688679246 0.388301281875 0.6923076924528302 0.392948718125 0.6930288462264151 0.39599359 0.6915865386792452 0.403365384375 0.6427884613207547 0.403205128125 0.6403846150943396 0.38621794875 0.6074519226415095
18 0.377884615625 0.7709134613207548 0.376923076875 0.7632211537735849 0.37291666687499997 0.7545673075471698 0.36121794875 0.7399038462264151 0.357852564375 0.7596153849056604 0.35625 0.7786057688679245 0.355448718125 0.8014423075471698 0.35737179500000005 0.8057692311320754 0.36121794875 0.8055288462264151 0.36522435875 0.8033653849056605 0.37067307687499995 0.7971153849056604 0.375 0.7875 0.37724359 0.7793269226415095 0.377884615625 0.7709134613207548
18 0.4713141025 0.7911057688679246 0.474358974375 0.7831730773584905 0.47403846125 0.7713942311320754 0.4724358975 0.7637019226415095 0.46778846125 0.7588942311320754 0.45512820499999995 0.753125 0.431730769375 0.7509615386792453 0.42195512812499997 0.7514423075471699 0.418429486875 0.7533653849056604 0.41522435874999997 0.7569711537735849 0.413141025625 0.7605769226415094 0.411858974375 0.7665865386792453 0.41153846125 0.7764423075471698 0.41266025624999997 0.7838942311320755 0.41778846125 0.7908653849056604 0.4264423075 0.7947115386792453 0.442948718125 0.7987980773584905 0.45961538437500005 0.7997596150943396 0.46826923062500003 0.7961538462264152 0.4713141025 0.7911057688679246
1 0.3463141025 0.871875 0.34166666687499997 0.8692307688679246 0.33381410250000004 0.8682692311320754 0.32612179500000005 0.8694711537735849 0.32259615375 0.8730769226415095 0.32115384625 0.8788461537735849 0.320833333125 0.8846153849056604 0.32259615375 0.8889423075471699 0.337820513125 0.9081730773584905 0.349519230625 0.8997596150943395 0.35336538437500004 0.8901442311320754 0.35336538437500004 0.8807692311320754 0.352083333125 0.8771634613207547 0.3463141025 0.871875