18 0.3330078125 0.796875 0.3369140625 0.793945312264151 0.341796875 0.7836914066037736 0.341796875 0.7456054688679246 0.33984375 0.7016601566037736 0.337890625 0.6958007811320754 0.3310546875 0.6855468754716981 0.3212890625 0.682617187735849 0.3125 0.7016601566037736 0.310546875 0.7075195311320754 0.30859375 0.7163085933962264 0.30859375 0.7426757811320754 0.310546875 0.7631835933962264 0.3125 0.7749023433962264 0.31640625 0.7866210933962264 0.3212890625 0.793945312264151 0.3251953125 0.796875 0.3330078125 0.796875
2 0.3076171875 0.670898437735849 0.3212890625 0.670898437735849 0.3369140625 0.659179687735849 0.3515625 0.6372070311320754 0.361328125 0.6108398433962264 0.365234375 0.5903320311320754 0.365234375 0.5522460933962264 0.3603515625 0.5390625 0.2431640625 0.536132812264151 0.236328125 0.5463867188679246 0.236328125 0.5815429688679246 0.240234375 0.5932617188679246 0.2470703125 0.6035156245283019 0.2724609375 0.635742187735849 0.2880859375 0.653320312264151 0.2998046875 0.665039062264151 0.3076171875 0.670898437735849
1 0.484375 0.7368164066037736 0.48046875 0.6928710933962264 0.4775390625 0.688476562264151 0.4716796875 0.682617187735849 0.4677734375 0.682617187735849 0.458984375 0.6958007811320754 0.45703125 0.7104492188679246 0.45703125 0.7250976566037736 0.4609375 0.7368164066037736 0.4697265625 0.75 0.4755859375 0.75 0.4794921875 0.747070312264151 0.482421875 0.7426757811320754 0.484375 0.7368164066037736
1 0.6318359375 0.600585937735849 0.6259765625 0.600585937735849 0.6123046875 0.606445312264151 0.611328125 0.6079101566037736 0.611328125 0.6137695311320754 0.6181640625 0.624023437735849 0.6220703125 0.6269531245283019 0.6318359375 0.6269531245283019 0.63671875 0.6166992188679246 0.63671875 0.6079101566037736 0.6318359375 0.600585937735849
1 0.615234375 0.49658203113207544 0.61328125 0.4907226566037736 0.6103515625 0.4863281245283018 0.6005859375 0.48046875 0.5888671875 0.48046875 0.587890625 0.4819335933962264 0.587890625 0.48779296886792456 0.6005859375 0.512695312264151 0.6044921875 0.515625 0.6123046875 0.515625 0.61328125 0.5141601566037736 0.615234375 0.5083007811320754 0.615234375 0.49658203113207544
1 0.5712890625 0.32519531226415094 0.5673828125 0.32519531226415094 0.564453125 0.3295898433962264 0.55078125 0.3588867188679245 0.548828125 0.3647460933962264 0.5517578125 0.37207031226415094 0.5595703125 0.375 0.5673828125 0.3691406245283019 0.57421875 0.3588867188679245 0.576171875 0.3530273433962264 0.576171875 0.3325195311320755 0.5712890625 0.32519531226415094
1 0.5380859375 0.29003906226415094 0.5361328125 0.29003906226415094 0.5322265625 0.29296875 0.529296875 0.2973632811320755 0.529296875 0.3061523433962264 0.5439453125 0.3222656245283019 0.5458984375 0.3222656245283019 0.548828125 0.3178710933962264 0.548828125 0.3002929688679245 0.5439453125 0.29296875 0.5380859375 0.29003906226415094
1 0.5888671875 0.22265625 0.5830078125 0.21679687452830187 0.5732421875 0.21679687452830187 0.5693359375 0.21972656226415094 0.5625 0.22998046886792453 0.560546875 0.2358398433962264 0.560546875 0.2446289066037736 0.5673828125 0.2578125 0.5927734375 0.25488281226415094 0.59375 0.2534179688679245 0.595703125 0.23876953113207547 0.595703125 0.2329101566037736 0.5888671875 0.22265625
1 0.498046875 0.2329101566037736 0.498046875 0.2211914066037736 0.49609375 0.21533203113207547 0.4912109375 0.20800781226415094 0.4873046875 0.20800781226415094 0.4833984375 0.2109375 0.482421875 0.2124023433962264 0.482421875 0.21826171886792453 0.486328125 0.2329101566037736 0.48828125 0.23876953113207547 0.4912109375 0.2431640622641509 0.4931640625 0.2431640622641509 0.49609375 0.23876953113207547 0.498046875 0.2329101566037736
14 0.33984375 0.3354492188679245 0.33984375 0.3325195311320755 0.3173828125 0.3105468754716981 0.3154296875 0.3105468754716981 0.310546875 0.3178710933962264 0.310546875 0.3208007811320755 0.3125 0.3266601566037736 0.3173828125 0.3339843754716981 0.3232421875 0.33984375 0.3349609375 0.3457031245283019 0.337890625 0.3413085933962264 0.33984375 0.3354492188679245
14 0.6005859375 0.37792968773584906 0.5986328125 0.37792968773584906 0.59375 0.3852539066037736 0.58984375 0.4028320311320755 0.58984375 0.4086914066037736 0.5986328125 0.42480468773584906 0.6025390625 0.42480468773584906 0.60546875 0.4204101566037736 0.607421875 0.3852539066037736 0.6044921875 0.3808593754716981 0.6005859375 0.37792968773584906
9 0.435546875 0.1889648433962264 0.4306640625 0.18164062452830187 0.4267578125 0.17871093773584906 0.4169921875 0.17871093773584906 0.4130859375 0.18164062452830187 0.41015625 0.1860351566037736 0.40234375 0.20361328113207547 0.400390625 0.2094726566037736 0.400390625 0.2124023433962264 0.40234375 0.21826171886792453 0.4072265625 0.22558593773584906 0.4111328125 0.22558593773584906 0.4306640625 0.20800781226415094 0.435546875 0.2006835933962264 0.435546875 0.1889648433962264
9 0.4033203125 0.553710937735849 0.40234375 0.5551757811320754 0.400390625 0.5668945311320754 0.400390625 0.5727539066037736 0.4013671875 0.57421875 0.4072265625 0.57421875 0.41015625 0.5698242188679246 0.41015625 0.5639648433962264 0.4052734375 0.553710937735849 0.4033203125 0.553710937735849
20 0.537109375 0.5463867188679246 0.53515625 0.5405273433962264 0.5283203125 0.530273437735849 0.5224609375 0.530273437735849 0.517578125 0.5375976566037736 0.515625 0.5463867188679246 0.515625 0.5551757811320754 0.51953125 0.5668945311320754 0.5244140625 0.57421875 0.5322265625 0.57421875 0.53515625 0.5698242188679246 0.537109375 0.5639648433962264 0.537109375 0.5463867188679246
3 0.529296875 0.4936523433962264 0.529296875 0.4760742188679245 0.505859375 0.3823242188679245 0.5029296875 0.375 0.4658203125 0.35449218773584906 0.4638671875 0.35449218773584906 0.4248046875 0.3574218754716981 0.4130859375 0.36621093773584906 0.404296875 0.3764648433962264 0.380859375 0.4584960933962264 0.380859375 0.4614257811320755 0.4150390625 0.518554687735849 0.4189453125 0.5214843754716981 0.4873046875 0.553710937735849 0.4892578125 0.553710937735849 0.4931640625 0.55078125 0.529296875 0.4936523433962264
3 0.671875 0.2856445311320755 0.669921875 0.2797851566037736 0.6669921875 0.2753906245283019 0.6533203125 0.2636718754716981 0.6435546875 0.26074218773584906 0.6376953125 0.2636718754716981 0.634765625 0.2680664066037736 0.630859375 0.2973632811320755 0.630859375 0.3061523433962264 0.6328125 0.3120117188679245 0.6396484375 0.3222656245283019 0.6513671875 0.3222656245283019 0.6572265625 0.31640625 0.671875 0.2944335933962264 0.671875 0.2856445311320755