6 0.580078125 0.3881835933962264 0.57421875 0.3237304688679245 0.572265625 0.3178710933962264 0.5693359375 0.31347656226415094 0.5634765625 0.3105468754716981 0.5576171875 0.3105468754716981 0.5029296875 0.3339843754716981 0.501953125 0.3354492188679245 0.52734375 0.4409179688679245 0.5419921875 0.45996093773584906 0.5556640625 0.46582031226415094 0.5751953125 0.45996093773584906 0.578125 0.4526367188679245 0.580078125 0.4438476566037736 0.580078125 0.3881835933962264
7 0.681640625 0.7514648433962264 0.705078125 0.6899414066037736 0.716796875 0.6547851566037736 0.71484375 0.5903320311320754 0.712890625 0.5756835933962264 0.7119140625 0.57421875 0.7099609375 0.57421875 0.6962890625 0.5800781245283019 0.6796875 0.5961914066037736 0.654296875 0.7514648433962264 0.654296875 0.7543945311320754 0.65625 0.7602539066037736 0.6591796875 0.764648437735849 0.6630859375 0.764648437735849 0.6748046875 0.758789062264151 0.6787109375 0.7558593754716981 0.681640625 0.7514648433962264
7 0.4892578125 0.618164062264151 0.4814453125 0.618164062264151 0.4755859375 0.62109375 0.4697265625 0.6269531245283019 0.462890625 0.6401367188679246 0.45703125 0.6547851566037736 0.458984375 0.6870117188679246 0.4716796875 0.71484375 0.4951171875 0.723632812264151 0.501953125 0.7104492188679246 0.501953125 0.7075195311320754 0.490234375 0.6196289066037736 0.4892578125 0.618164062264151
7 0.37890625 0.7309570311320754 0.384765625 0.6840820311320754 0.384765625 0.6782226566037736 0.365234375 0.6430664066037736 0.3271484375 0.588867187735849 0.3232421875 0.5859375 0.3056640625 0.5800781245283019 0.3037109375 0.5800781245283019 0.302734375 0.5815429688679246 0.291015625 0.6049804688679246 0.291015625 0.6137695311320754 0.302734375 0.6518554688679246 0.3544921875 0.747070312264151 0.3623046875 0.75 0.3720703125 0.7441406245283019 0.376953125 0.7368164066037736 0.37890625 0.7309570311320754
18 0.6640625 0.5903320311320754 0.666015625 0.5844726566037736 0.666015625 0.5786132811320754 0.6591796875 0.5683593754716981 0.6357421875 0.565429687735849 0.6279296875 0.565429687735849 0.619140625 0.5727539066037736 0.6171875 0.5815429688679246 0.619140625 0.5874023433962264 0.6220703125 0.5917968754716981 0.6279296875 0.594726562264151 0.6474609375 0.59765625 0.6572265625 0.59765625 0.6611328125 0.594726562264151 0.6640625 0.5903320311320754
18 0.615234375 0.5288085933962264 0.6083984375 0.518554687735849 0.6044921875 0.515625 0.5947265625 0.515625 0.5888671875 0.518554687735849 0.5859375 0.5229492188679246 0.58203125 0.5317382811320754 0.58203125 0.5551757811320754 0.5908203125 0.5683593754716981 0.6025390625 0.5683593754716981 0.6083984375 0.565429687735849 0.6171875 0.5581054688679246 0.6171875 0.5346679688679246 0.615234375 0.5288085933962264
18 0.3671875 0.2446289066037736 0.3671875 0.20654296886792453 0.365234375 0.19189453113207547 0.36328125 0.1860351566037736 0.3583984375 0.17871093773584906 0.3525390625 0.17871093773584906 0.345703125 0.1889648433962264 0.345703125 0.2446289066037736 0.34765625 0.2504882811320755 0.3525390625 0.2578125 0.3564453125 0.26074218773584906 0.3583984375 0.26074218773584906 0.365234375 0.2504882811320755 0.3671875 0.2446289066037736
18 0.4365234375 0.31933593773584906 0.443359375 0.3090820311320755 0.443359375 0.3061523433962264 0.4208984375 0.2753906245283019 0.4130859375 0.27832031226415094 0.4091796875 0.28125 0.40234375 0.2915039066037736 0.400390625 0.2973632811320755 0.400390625 0.3032226566037736 0.40234375 0.3120117188679245 0.4111328125 0.3222656245283019 0.4189453125 0.32519531226415094 0.4228515625 0.32519531226415094 0.4326171875 0.3222656245283019 0.4365234375 0.31933593773584906
18 0.71875 0.3413085933962264 0.71875 0.3354492188679245 0.712890625 0.3208007811320755 0.7021484375 0.30761718773584906 0.6943359375 0.30761718773584906 0.69140625 0.3120117188679245 0.69140625 0.3237304688679245 0.6953125 0.3325195311320755 0.7021484375 0.34277343773584906 0.7099609375 0.34863281226415094 0.7119140625 0.34863281226415094 0.7158203125 0.3457031245283019 0.71875 0.3413085933962264
3 0.6923828125 0.42480468773584906 0.6904296875 0.42480468773584906 0.689453125 0.4262695311320755 0.67578125 0.4643554688679245 0.671875 0.48779296886792456 0.66796875 0.5229492188679246 0.66796875 0.5258789066037736 0.6689453125 0.52734375 0.6923828125 0.536132812264151 0.703125 0.5229492188679246 0.703125 0.4467773433962264 0.697265625 0.4321289066037736 0.6923828125 0.42480468773584906
3 0.490234375 0.2797851566037736 0.4873046875 0.2753906245283019 0.4638671875 0.26074218773584906 0.4599609375 0.26074218773584906 0.455078125 0.2680664066037736 0.451171875 0.2827148433962264 0.451171875 0.2973632811320755 0.453125 0.3032226566037736 0.4580078125 0.3105468754716981 0.4697265625 0.3222656245283019 0.4921875 0.2885742188679245 0.4921875 0.2856445311320755 0.490234375 0.2797851566037736
1 0.474609375 0.3793945311320755 0.4697265625 0.37207031226415094 0.4599609375 0.36621093773584906 0.4482421875 0.36621093773584906 0.439453125 0.3735351566037736 0.4296875 0.3999023433962264 0.4306640625 0.40136718773584906 0.4638671875 0.421875 0.4677734375 0.421875 0.474609375 0.4116210933962264 0.4765625 0.4057617188679245 0.4765625 0.3852539066037736 0.474609375 0.3793945311320755
18 0.583984375 0.6694335933962264 0.5810546875 0.665039062264151 0.5693359375 0.65625 0.5595703125 0.65625 0.55859375 0.6577148433962264 0.55859375 0.6635742188679246 0.5615234375 0.66796875 0.5673828125 0.6738281245283019 0.5771484375 0.6796875 0.5830078125 0.6796875 0.583984375 0.6782226566037736 0.583984375 0.6694335933962264
11 0.53515625 0.5698242188679246 0.5361328125 0.571289062264151 0.5419921875 0.571289062264151 0.544921875 0.5668945311320754 0.544921875 0.5639648433962264 0.5439453125 0.5625 0.5380859375 0.565429687735849 0.53515625 0.5698242188679246
9 0.37890625 0.5522460933962264 0.3740234375 0.5449218754716981 0.3662109375 0.5390625 0.3623046875 0.5390625 0.3544921875 0.541992187735849 0.3515625 0.5463867188679246 0.353515625 0.5522460933962264 0.3701171875 0.57421875 0.3779296875 0.583007812264151 0.3798828125 0.583007812264151 0.380859375 0.5815429688679246 0.380859375 0.5581054688679246 0.37890625 0.5522460933962264
9 0.2919921875 0.4863281245283018 0.2880859375 0.483398437735849 0.2783203125 0.495117187735849 0.27734375 0.49658203113207544 0.27734375 0.49951171886792456 0.2880859375 0.512695312264151 0.2900390625 0.512695312264151 0.29296875 0.5083007811320754 0.294921875 0.49951171886792456 0.294921875 0.4936523433962264 0.2919921875 0.4863281245283018
9 0.3232421875 0.43066406226415094 0.3193359375 0.43066406226415094 0.318359375 0.4321289066037736 0.3203125 0.4379882811320755 0.3251953125 0.44238281226415094 0.3330078125 0.44238281226415094 0.333984375 0.4409179688679245 0.333984375 0.4379882811320755 0.3330078125 0.43652343773584906 0.3232421875 0.43066406226415094
9 0.4169921875 0.17578125 0.4052734375 0.17285156226415094 0.3935546875 0.17285156226415094 0.392578125 0.1743164066037736 0.392578125 0.1889648433962264 0.3994140625 0.19921875 0.4033203125 0.20214843773584906 0.4111328125 0.20214843773584906 0.41796875 0.19189453113207547 0.421875 0.18310546886792453 0.4169921875 0.17578125
20 0.4248046875 0.43359375 0.4208984375 0.43066406226415094 0.4189453125 0.43066406226415094 0.4091796875 0.43652343773584906 0.404296875 0.4438476566037736 0.400390625 0.4526367188679245 0.400390625 0.4760742188679245 0.4013671875 0.47753906226415094 0.4326171875 0.45996093773584906 0.43359375 0.4584960933962264 0.43359375 0.4555664066037736 0.4296875 0.4409179688679245 0.4248046875 0.43359375
14 0.310546875 0.5083007811320754 0.310546875 0.5024414066037736 0.3095703125 0.500976562264151 0.3056640625 0.500976562264151 0.2861328125 0.5214843754716981 0.28515625 0.5229492188679246 0.28515625 0.5288085933962264 0.2861328125 0.530273437735849 0.2919921875 0.5332031245283019 0.2958984375 0.530273437735849 0.3017578125 0.524414062264151 0.306640625 0.5170898433962264 0.310546875 0.5083007811320754
14 0.310546875 0.3266601566037736 0.3095703125 0.32519531226415094 0.3037109375 0.3222656245283019 0.2978515625 0.3222656245283019 0.28125 0.3471679688679245 0.28125 0.3500976566037736 0.2822265625 0.3515625 0.2919921875 0.3515625 0.2978515625 0.34863281226415094 0.3017578125 0.3457031245283019 0.310546875 0.3325195311320755 0.310546875 0.3266601566037736
14 0.6298828125 0.31933593773584906 0.6181640625 0.33105468773584906 0.61328125 0.3383789066037736 0.6162109375 0.34277343773584906 0.6279296875 0.3457031245283019 0.6533203125 0.33105468773584906 0.654296875 0.3295898433962264 0.6455078125 0.31640625 0.6357421875 0.31640625 0.6298828125 0.31933593773584906
20 0.5947265625 0.24609375 0.5888671875 0.2490234377358491 0.5673828125 0.26660156226415094 0.56640625 0.2680664066037736 0.5673828125 0.26953125 0.6142578125 0.26953125 0.619140625 0.2651367188679245 0.619140625 0.2563476566037736 0.6142578125 0.2490234377358491 0.6103515625 0.24609375 0.5947265625 0.24609375
9 0.3994140625 0.40722656226415094 0.3984375 0.4086914066037736 0.3984375 0.4145507811320755 0.4033203125 0.421875 0.4052734375 0.421875 0.40625 0.4204101566037736 0.40625 0.4145507811320755 0.4013671875 0.40722656226415094 0.3994140625 0.40722656226415094
0 0.3720703125 0.31933593773584906 0.3681640625 0.3222656245283019 0.3671875 0.3237304688679245 0.3671875 0.3295898433962264 0.3681640625 0.33105468773584906 0.3720703125 0.328125 0.375 0.3237304688679245 0.375 0.3208007811320755 0.3740234375 0.31933593773584906 0.3720703125 0.31933593773584906