3 0.462820513125 0.051442307547169816 0.45897435875 0.04567307735849057 0.41987179500000005 0.038221153773584905 0.41586538437500004 0.03846153867924528 0.35384615375 0.06418269245283019 0.34727564125 0.06754807735849057 0.33733974375000003 0.07524038490566037 0.337019230625 0.07644230754716981 0.349519230625 0.15432692264150943 0.36009615375000004 0.15817307735849057 0.40016025624999996 0.1632211537735849 0.43990384624999995 0.16225961509433962 0.447916666875 0.15817307735849057 0.463141025625 0.06346153867924528 0.462820513125 0.051442307547169816
20 0.5411858975 0.10048076886792452 0.537019230625 0.09399038490566038 0.5331730768749999 0.09350961509433962 0.53125 0.09519230754716981 0.5293269231250001 0.09903846132075471 0.528365384375 0.10480769245283018 0.52884615375 0.11514423113207548 0.5331730768749999 0.13725961509433962 0.537820513125 0.1399038462264151 0.544871795 0.13557692264150942 0.546794871875 0.13076923113207548 0.5472756412500001 0.12235576886792453 0.545673076875 0.11274038490566038 0.5411858975 0.10048076886792452
3 0.598878205 0.1413461537735849 0.594230769375 0.14639423113207548 0.5900641025 0.15504807735849058 0.5863782049999999 0.16995192264150943 0.58653846125 0.178125 0.589423076875 0.18100961509433963 0.5951923075 0.18341346132075473 0.6213141025 0.17764423113207548 0.6193910256249999 0.14254807735849057 0.605608974375 0.13870192264150943 0.6032051281249999 0.13870192264150943 0.598878205 0.1413461537735849
7 0.412820513125 0.26850961509433957 0.418429486875 0.2596153849056604 0.444070513125 0.19375 0.44599359 0.18557692264150943 0.412179486875 0.17067307735849058 0.41025641 0.17091346132075472 0.380608974375 0.2004807688679245 0.37564102562499996 0.2300480773584906 0.37435897437500004 0.24375 0.37387820499999996 0.2516826924528302 0.37548076937499997 0.2567307688679245 0.385416666875 0.2747596150943396 0.38862179500000005 0.2766826924528302 0.3951923075 0.27740384622641506 0.400480769375 0.2776442311320755 0.404647435625 0.27620192264150945 0.412820513125 0.26850961509433957
18 0.5304487181249999 0.27908653867924527 0.5331730768749999 0.2723557688679245 0.531730769375 0.26370192264150943 0.525320513125 0.25576923113207545 0.4974358975 0.2439903849056604 0.490705128125 0.2420673075471698 0.485897435625 0.2420673075471698 0.48253205125 0.24447115377358491 0.48028846125 0.24807692264150946 0.479166666875 0.25192307735849057 0.47900641 0.259375 0.48141025625 0.26754807735849057 0.485737179375 0.2752403849056604 0.48990384625 0.2798076924528302 0.50352564125 0.2908653849056604 0.518269230625 0.2908653849056604 0.5238782049999999 0.28701923113207545 0.5304487181249999 0.27908653867924527
18 0.692147435625 0.3057692311320755 0.687980769375 0.24783653867924527 0.685416666875 0.2389423075471698 0.681570513125 0.23221153867924527 0.6780448718750001 0.2326923075471698 0.6673076925 0.2516826924528302 0.66602564125 0.25576923113207545 0.6649038462500001 0.27139423113207545 0.66746794875 0.28197115377358495 0.67275641 0.29735576886792453 0.675801281875 0.3028846150943396 0.68108974375 0.3072115386792453 0.689102564375 0.30985576886792454 0.690544871875 0.3091346150943396 0.692147435625 0.3057692311320755
12 0.6857371793750001 0.4362980773584905 0.685416666875 0.42764423113207545 0.681730769375 0.41682692264150945 0.6772435900000001 0.4115384613207547 0.669391025625 0.4076923075471698 0.661378205 0.4115384613207547 0.655608974375 0.41875 0.655608974375 0.4235576924528302 0.657051281875 0.43125 0.669230769375 0.46057692264150946 0.6698717949999999 0.4615384613207547 0.674358974375 0.4615384613207547 0.679326923125 0.4591346150943396 0.6831730768750001 0.45096153867924527 0.6857371793750001 0.4362980773584905
20 0.65240384625 0.36153846132075473 0.6506410256249999 0.3533653849056604 0.64647435875 0.34807692264150947 0.6426282050000001 0.3454326924528302 0.6338141025 0.3439903849056604 0.63028846125 0.3451923075471698 0.625641025625 0.3490384613207547 0.625320513125 0.3576923075471698 0.626121795 0.3733173075471698 0.6298076925 0.3766826924528302 0.6389423075 0.37572115377358495 0.64471153875 0.3737980773584905 0.6512820512499999 0.36875 0.6522435900000001 0.3663461537735849 0.65240384625 0.36153846132075473
20 0.49391025624999996 0.3608173075471698 0.493429486875 0.3639423075471698 0.49118589749999997 0.4007211537735849 0.494070513125 0.4086538462264151 0.513301281875 0.3930288462264151 0.520673076875 0.38125 0.5229166668749999 0.37307692264150943 0.52275641 0.3649038462264151 0.505769230625 0.34302884622641505 0.49391025624999996 0.3608173075471698
14 0.43221153875 0.32427884622641506 0.42772435875 0.3228365386792453 0.41634615375 0.33076923113207546 0.411858974375 0.33557692264150946 0.40849359 0.35 0.408012820625 0.3533653849056604 0.40897435875 0.35985576886792453 0.4099358975 0.3625 0.41233974375000004 0.3649038462264151 0.43653846125 0.34182692264150943 0.43685897437500004 0.3336538462264151 0.43621794875 0.33004807735849057 0.43221153875 0.32427884622641506
20 0.278044871875 0.2576923075471698 0.275641025625 0.25576923113207545 0.269871795 0.259375 0.259294871875 0.27139423113207545 0.25240384625 0.31033653867924527 0.259615384375 0.3108173075471698 0.263621795 0.30817307735849053 0.280448718125 0.28942307735849054 0.28253205125 0.28317307735849057 0.28269230749999996 0.2725961537735849 0.28108974375 0.26346153867924527 0.278044871875 0.2576923075471698
20 0.174519230625 0.44014423113207546 0.16955128187500002 0.440625 0.16458333312499998 0.4430288462264151 0.160897435625 0.4478365386792453 0.1588141025 0.45240384622641505 0.1588141025 0.459375 0.16025641000000002 0.46442307735849053 0.1775641025 0.48125 0.1974358975 0.4598557688679245 0.198237179375 0.4564903849056604 0.197916666875 0.4548076924528302 0.17852564125 0.4415865386792453 0.174519230625 0.44014423113207546
12 0.225641025625 0.5766826924528301 0.232371795 0.5641826924528301 0.236858974375 0.5528846150943396 0.24022435875 0.5384615386792453 0.24214743562500002 0.5225961537735849 0.24214743562500002 0.5175480773584905 0.236858974375 0.5002403849056604 0.23221153875 0.4939903849056604 0.22852564125 0.49254807735849054 0.226121795 0.4939903849056604 0.153365384375 0.5675480773584906 0.15240384625 0.5706730773584906 0.15240384625 0.5762019226415095 0.15496794875 0.5872596150943395 0.162019230625 0.5951923075471699 0.17003205125 0.6002403849056605 0.193269230625 0.6067307688679245 0.205608974375 0.6028846150943395 0.212980769375 0.5947115386792453 0.225641025625 0.5766826924528301
18 0.3275641025 0.4747596150943396 0.32852564125 0.46682692264150943 0.32820512812499997 0.4625 0.32740384624999996 0.45889423113207545 0.312179486875 0.41995192264150943 0.306570513125 0.4125 0.300641025625 0.4108173075471698 0.298237179375 0.4108173075471698 0.294871795 0.4129807688679245 0.290384615625 0.41971153867924527 0.289102564375 0.4314903849056604 0.289423076875 0.4350961537735849 0.3025641025 0.47451923113207545 0.31121794875 0.48629807735849057 0.31778846125 0.48725961509433957 0.32227564125 0.4855769226415095 0.324519230625 0.48245192264150943 0.3275641025 0.4747596150943396
18 0.42179487187500003 0.434375 0.42083333312500004 0.42572115377358494 0.41057692312500005 0.40697115377358495 0.40528846125 0.3992788462264151 0.40128205125 0.3951923075471698 0.393269230625 0.39134615377358495 0.38814102562499997 0.39134615377358495 0.38461538437500004 0.39326923113207546 0.384294871875 0.3966346150943396 0.402083333125 0.4548076924528302 0.408173076875 0.46298076886792455 0.412179486875 0.46370192264150945 0.41330128187500004 0.4627403849056604 0.416826923125 0.45889423113207545 0.4213141025 0.4391826924528302 0.42179487187500003 0.434375
20 0.50641025625 0.4528846150943396 0.50224359 0.4516826924528302 0.4974358975 0.4519230773584905 0.49134615375 0.4543269226415095 0.483012820625 0.4617788462264151 0.47964743562499995 0.46658653867924527 0.48541666687499996 0.4766826924528302 0.49375 0.484375 0.502083333125 0.48173076886792454 0.50977564125 0.4757211537735849 0.51474359 0.46658653867924527 0.5139423075 0.4598557688679245 0.50641025625 0.4528846150943396
18 0.5854166668749999 0.5418269226415094 0.587019230625 0.5288461537735849 0.584455128125 0.5211538462264151 0.58125 0.5165865386792453 0.568429486875 0.5117788462264151 0.560416666875 0.5125 0.544871795 0.5189903849056604 0.529166666875 0.5276442311320754 0.5213141025 0.534375 0.5158653843750001 0.5439903849056604 0.51650641 0.5591346150943396 0.5217948718750001 0.5682692311320754 0.52516025625 0.5711538462264151 0.5286858975 0.5723557688679246 0.5375 0.571875 0.5644230768749999 0.5641826924528301 0.57596153875 0.5545673075471699 0.5854166668749999 0.5418269226415094
18 0.712820513125 0.6012019226415094 0.7205128206249999 0.59375 0.722115384375 0.5872596150943395 0.7227564099999999 0.5802884613207547 0.720673076875 0.5694711537735849 0.7177884612500001 0.5612980773584906 0.705929486875 0.5442307688679245 0.698397435625 0.5370192311320754 0.6931089743750001 0.5338942311320755 0.6900641025 0.5334134613207547 0.685576923125 0.5346153849056604 0.6783653843749999 0.5413461537735849 0.676602564375 0.5483173075471699 0.677083333125 0.5567307688679246 0.678205128125 0.5605769226415095 0.6875 0.5798076924528301 0.69983974375 0.5995192311320754 0.7048076925 0.6024038462264151 0.709134615625 0.6028846150943395 0.712820513125 0.6012019226415094
1 0.67772435875 0.6331730773584906 0.6786858975 0.6269230773584905 0.6786858975 0.6225961537735849 0.677884615625 0.6199519226415094 0.6698717949999999 0.6112980773584905 0.66602564125 0.6081730773584906 0.64278846125 0.5973557688679246 0.638621795 0.596875 0.636698718125 0.5997596150943396 0.6360576925 0.6122596150943396 0.63733974375 0.6230769226415095 0.640544871875 0.6295673075471698 0.6459935900000001 0.6358173075471698 0.654166666875 0.6413461537735848 0.66233974375 0.6425480773584905 0.6733974356250001 0.6394230773584906 0.67772435875 0.6331730773584906
18 0.66634615375 0.7358173075471699 0.6673076925 0.7211538462264151 0.6584935900000001 0.684375 0.654166666875 0.6846153849056604 0.650320513125 0.6872596150943396 0.6150641025 0.7413461537735849 0.61522435875 0.7451923075471698 0.622916666875 0.7555288462264151 0.630769230625 0.7598557688679246 0.6426282050000001 0.7600961537735849 0.6459935900000001 0.7591346150943395 0.6580128206249999 0.7516826924528301 0.662019230625 0.7456730773584905 0.66634615375 0.7358173075471699
18 0.6025641025 0.7048076924528301 0.60240384625 0.6973557688679246 0.6014423074999999 0.6932692311320754 0.60016025625 0.6913461537735849 0.5951923075 0.6872596150943396 0.5785256412500001 0.6790865386792453 0.572115384375 0.6790865386792453 0.567628205 0.6807692311320754 0.5625 0.6867788462264152 0.5605769231250001 0.6939903849056605 0.56121794875 0.7019230773584906 0.56378205125 0.7115384613207547 0.5650641025 0.7144230773584905 0.56778846125 0.7163461537735849 0.5785256412500001 0.7173076924528301 0.5951923075 0.7141826924528302 0.599519230625 0.7122596150943395 0.6025641025 0.7048076924528301
18 0.48621794875 0.7519230773584905 0.480769230625 0.7360576924528301 0.47516025624999997 0.725 0.470673076875 0.7177884613207547 0.45512820499999995 0.6997596150943396 0.443269230625 0.6983173075471698 0.43814102562499996 0.7026442311320754 0.43782051312500003 0.709375 0.44150641 0.7247596150943396 0.45785256437500005 0.7569711537735849 0.46666666687499997 0.7716346150943396 0.47483974375000004 0.7790865386792453 0.48028846125 0.7790865386792453 0.48814102562499995 0.7632211537735849 0.48621794875 0.7519230773584905
20 0.49791666687499997 0.5848557688679246 0.46666666687499997 0.5819711537735849 0.46153846125000003 0.6074519226415095 0.46089743562499996 0.6189903849056604 0.47019230749999996 0.6350961537735849 0.474519230625 0.6389423075471699 0.4826923075 0.6418269226415094 0.49855769250000004 0.6387019226415095 0.500320513125 0.5877403849056604 0.499198718125 0.5858173075471699 0.49791666687499997 0.5848557688679246
20 0.397916666875 0.4836538462264151 0.39631410250000004 0.4819711537735849 0.3923076925 0.48341346132075474 0.386378205 0.48870192264150947 0.38317307687499996 0.4939903849056604 0.38141025624999997 0.5016826924528301 0.37548076937499997 0.5716346150943395 0.376602564375 0.5740384613207548 0.380608974375 0.5728365386792452 0.383333333125 0.5689903849056605 0.40240384625 0.5213942311320754 0.403205128125 0.5177884613207547 0.404326923125 0.49807692264150943 0.397916666875 0.4836538462264151
18 0.362019230625 0.6444711537735849 0.362980769375 0.6283653849056604 0.361698718125 0.6151442311320754 0.3514423075 0.6021634613207547 0.337820513125 0.5944711537735848 0.33381410250000004 0.59375 0.329326923125 0.5997596150943396 0.3275641025 0.6069711537735849 0.32259615375 0.6620192311320754 0.320833333125 0.6836538462264151 0.320833333125 0.6891826924528301 0.32211538437500004 0.6901442311320755 0.32884615375000004 0.6882211537735848 0.34278846125 0.68125 0.35080128187500004 0.6730769226415094 0.35849359 0.6579326924528301 0.362019230625 0.6444711537735849
18 0.283333333125 0.6557692311320754 0.2900641025 0.6504807688679246 0.293108974375 0.6387019226415095 0.293269230625 0.6346153849056604 0.29102564125 0.6269230773584905 0.287179486875 0.6197115386792452 0.28349359 0.6153846150943396 0.27900641 0.6110576924528301 0.27147435875 0.60625 0.251602564375 0.5973557688679246 0.24391025625 0.5954326924528301 0.2375 0.5987980773584906 0.23349359 0.6033653849056604 0.231730769375 0.6074519226415095 0.22996794874999998 0.6151442311320754 0.229166666875 0.6189903849056604 0.22996794874999998 0.6230769226415095 0.232852564375 0.6305288462264151 0.235897435625 0.6355769226415094 0.246634615625 0.6425480773584905 0.26746794875 0.653125 0.2786858975 0.6560096150943396 0.283333333125 0.6557692311320754
18 0.27147435875 0.7329326924528301 0.26746794875 0.7245192311320754 0.252083333125 0.7038461537735848 0.24407051312499997 0.696875 0.242628205 0.6973557688679246 0.236378205 0.703125 0.231730769375 0.7173076924528301 0.231730769375 0.7209134613207547 0.24134615375 0.7362980773584905 0.26378205125 0.7673076924528301 0.27115384625 0.7697115386792452 0.275320513125 0.7677884613207547 0.27740384625000003 0.7603365386792452 0.277884615625 0.7526442311320755 0.27147435875 0.7329326924528301
18 0.326923076875 0.7766826924528302 0.318429486875 0.775 0.3025641025 0.7769230773584905 0.29391025625 0.7829326924528301 0.27884615375 0.8072115386792452 0.275 0.8144230773584905 0.28589743562500003 0.8221153849056604 0.29471153875 0.8209134613207547 0.306730769375 0.8151442311320755 0.32259615375 0.8024038462264151 0.330448718125 0.7872596150943396 0.32884615375000004 0.7788461537735849 0.326923076875 0.7766826924528302