18 0.54296875 0.6005865386792453 0.509765224375 0.6005865386792453 0.509765224375 0.65625 0.54296875 0.65625 0.54296875 0.6005865386792453
18 0.380608974375 0.19783653867924528 0.38301282062500003 0.1954326924528302 0.386378205 0.18966346132075473 0.38862179500000005 0.18100961509433963 0.388301281875 0.1762019226415094 0.3826923075 0.165625 0.376923076875 0.159375 0.369391025625 0.1555288462264151 0.35288461562499995 0.15576923113207547 0.34134615375000005 0.159375 0.33766025624999996 0.16129807735849058 0.33397435875 0.16538461509433963 0.32772435875 0.17331730754716979 0.326602564375 0.1762019226415094 0.32740384624999996 0.19326923113207548 0.32820512812499997 0.1951923075471698 0.329647435625 0.19735576886792452 0.337820513125 0.20360576886792453 0.34503205125 0.20600961509433963 0.358012820625 0.2055288462264151 0.373076923125 0.20120192264150943 0.380608974375 0.19783653867924528
18 0.493108974375 0.25576923113207545 0.498237179375 0.25192307735849057 0.50753205125 0.24014423113207548 0.512179486875 0.22860576886792452 0.513141025625 0.22091346132075473 0.51233974375 0.20961538490566037 0.5076923074999999 0.18846153867924528 0.48429487187500003 0.14639423113207548 0.46826923062500003 0.12283653867924528 0.45897435875 0.1125 0.45096153875 0.10504807735849056 0.444230769375 0.1024038462264151 0.43541666687499997 0.10288461509433963 0.42724359 0.1072115386792453 0.423397435625 0.1115384613207547 0.41939102562499997 0.11995192264150943 0.41410256437500004 0.13918269245283021 0.4139423075 0.1451923075471698 0.41618589749999996 0.15841346132075473 0.43717948687499997 0.20504807735849057 0.45512820499999995 0.23557692264150942 0.46666666687499997 0.25192307735849057 0.47868589749999996 0.2586538462264151 0.48637820499999995 0.2586538462264151 0.493108974375 0.25576923113207545
18 0.579166666875 0.1735576924528302 0.5860576925000001 0.1430288462264151 0.585897435625 0.13846153867924527 0.58253205125 0.12716346132075473 0.576121795 0.12163461509433962 0.571634615625 0.121875 0.5644230768749999 0.12716346132075473 0.5616987181249999 0.13173076886792454 0.5576923075 0.15769230754716979 0.557051281875 0.16586538490566038 0.5586538462499999 0.17379807735849057 0.5605769231250001 0.1788461537735849 0.5641025643750001 0.18245192264150942 0.56778846125 0.18389423113207548 0.572115384375 0.1829326924528302 0.573878205 0.18149038490566038 0.579166666875 0.1735576924528302
18 0.730769230625 0.2653846150943396 0.7323717949999999 0.2514423075471698 0.728365384375 0.23245192264150943 0.723397435625 0.21658653867924527 0.720833333125 0.21225961509433963 0.713301281875 0.2038461537735849 0.709455128125 0.20288461509433964 0.706730769375 0.20408653867924528 0.7025641025 0.20841346132075472 0.700480769375 0.2161057688679245 0.694871795 0.2555288462264151 0.698397435625 0.2673076924528302 0.7008012818749999 0.27139423113207545 0.7092948718750001 0.2788461537735849 0.720833333125 0.27932692264150943 0.725320513125 0.27620192264150945 0.728365384375 0.27139423113207545 0.730769230625 0.2653846150943396
18 0.606891025625 0.2872596150943396 0.60608974375 0.2680288462264151 0.601762820625 0.23245192264150943 0.597115384375 0.21346153867924528 0.591987179375 0.20673076886792452 0.58349359 0.20721153867924527 0.575 0.2125 0.5713141025 0.22067307735849057 0.5708333331250001 0.22836538490566038 0.57275641 0.24014423113207548 0.5836538462499999 0.2757211537735849 0.5891025643750001 0.2899038462264151 0.59134615375 0.2927884613207547 0.599198718125 0.29615384622641505 0.60352564125 0.29471153867924527 0.606891025625 0.2872596150943396
18 0.54871794875 0.3557692311320755 0.55224359 0.3533653849056604 0.55528846125 0.34951923113207545 0.5578525643750001 0.34158653867924527 0.559134615625 0.3269230773584905 0.555448718125 0.2908653849056604 0.5530448718750001 0.27836538490566043 0.546955128125 0.2639423075471698 0.539102564375 0.2579326924528302 0.533012820625 0.2555288462264151 0.52099359 0.2625 0.520512820625 0.2641826924528302 0.5224358975 0.2908653849056604 0.52772435875 0.32620192264150943 0.5310897437500001 0.3377403849056604 0.5350961537500001 0.3473557688679245 0.540865384375 0.35432692264150945 0.544551281875 0.3557692311320755 0.54871794875 0.3557692311320755
18 0.379647435625 0.32620192264150943 0.38733974375 0.315625 0.3911858975 0.30625 0.39246794875 0.2908653849056604 0.39022435875 0.2757211537735849 0.38878205125 0.2716346150943396 0.38509615375 0.26634615377358495 0.37724359 0.25817307735849054 0.368108974375 0.25745192264150946 0.34326923062500003 0.2709134613207547 0.34166666687499997 0.2735576924528302 0.34166666687499997 0.2798076924528302 0.34599359 0.3060096150943396 0.3489850425 0.31193910283018866 0.35721153875 0.3228365386792453 0.36378205125 0.32620192264150943 0.369551281875 0.32764423113207547 0.373237179375 0.3278846150943396 0.379647435625 0.32620192264150943
20 0.29022435874999997 0.37307692264150943 0.28990384625 0.3665865386792453 0.28830128187500004 0.359375 0.28317307687500004 0.35360576886792455 0.2713141025 0.34326923113207547 0.26634615375 0.3425480773584905 0.25977564125 0.34663461509433957 0.25625 0.35865384622641505 0.25641025625 0.36923076886792455 0.26554487187500003 0.38076923113207545 0.27083333312499996 0.3846153849056604 0.277884615625 0.38677884622641506 0.281891025625 0.3860576924528302 0.28653846125 0.3822115386792453 0.289583333125 0.3764423075471698 0.29022435874999997 0.37307692264150943
20 0.30528846125000003 0.3298076924528302 0.305608974375 0.31826923113207545 0.300801281875 0.30985576886792454 0.295512820625 0.3060096150943396 0.270512820625 0.3033653849056604 0.26746794875 0.3045673075471698 0.26602564125 0.3088942311320755 0.265865384375 0.31442307735849057 0.266826923125 0.3221153849056604 0.268429486875 0.32764423113207547 0.278365384375 0.3360576924528302 0.28653846125 0.3384615386792453 0.29503205125 0.33798076886792455 0.30240384625 0.3346153849056604 0.30528846125000003 0.3298076924528302
1 0.25977564125 0.41923076886792454 0.24391025625 0.41802884622641506 0.239102564375 0.42235576886792453 0.232371795 0.4310096150943396 0.228365384375 0.43942307735849057 0.225641025625 0.45120192264150943 0.22483974375 0.46298076886792455 0.228365384375 0.46947115377358495 0.232371795 0.46923076886792453 0.26778846125 0.45504807735849057 0.273397435625 0.43533653867924527 0.271794871875 0.4314903849056604 0.263621795 0.4204326924528302 0.25977564125 0.41923076886792454
18 0.36650641 0.4064903849056604 0.349519230625 0.3947115386792453 0.33878205125 0.39110576886792453 0.329647435625 0.39254807735849057 0.319871795 0.3997596150943396 0.316666666875 0.40817307735849057 0.31346153875 0.42139423113207547 0.31474359 0.4314903849056604 0.317948718125 0.43365384622641506 0.35849359 0.44014423113207546 0.37259615375000005 0.4411057688679245 0.379487179375 0.4391826924528302 0.38108974375000004 0.43557692264150943 0.37532051312500003 0.41923076886792454 0.36650641 0.4064903849056604
1 0.441987179375 0.38846153867924527 0.439102564375 0.3805288462264151 0.43125 0.37548076886792453 0.421634615625 0.38004807735849055 0.41634615375 0.3846153849056604 0.41426282062500003 0.38846153867924527 0.410737179375 0.3995192311320755 0.40961538437500006 0.415625 0.410737179375 0.42764423113207545 0.4125 0.43173076886792455 0.41538461562499995 0.4329326924528302 0.41858974375 0.43245192264150945 0.42003205125 0.43173076886792455 0.439262820625 0.4079326924528302 0.441987179375 0.38846153867924527
18 0.5110576925 0.38990384622641505 0.511698718125 0.3853365386792453 0.511698718125 0.37283653867924527 0.510576923125 0.36923076886792455 0.5056089743750001 0.36033653867924526 0.5019230768749999 0.3552884613207547 0.49038461562499996 0.35120192264150946 0.47852564125 0.3521634613207547 0.47724359 0.353125 0.46746794875 0.3634615386792453 0.46057692312500004 0.3762019226415095 0.46057692312500004 0.3819711537735849 0.463141025625 0.38677884622641506 0.48637820499999995 0.4115384613207547 0.48766025625 0.4117788462264151 0.49022435875 0.41201923113207545 0.503205128125 0.40528846132075474 0.5088141025 0.39639423113207545 0.5110576925 0.38990384622641505
20 0.63766025625 0.34110576886792454 0.636858974375 0.3377403849056604 0.630769230625 0.3278846150943396 0.623237179375 0.3278846150943396 0.619230769375 0.3295673075471698 0.613333333125 0.33649038490566036 0.6097756412500001 0.34182692264150943 0.6097756412500001 0.34807692264150947 0.61025641 0.3516826924528302 0.613301281875 0.35985576886792453 0.6150641025 0.36201923113207546 0.627884615625 0.3591346150943396 0.637179486875 0.34951923113207545 0.63766025625 0.34110576886792454
18 0.7709935900000001 0.43942307735849057 0.7733974356250001 0.4314903849056604 0.7737179487500001 0.41923076886792454 0.771955128125 0.4127403849056604 0.76858974375 0.4064903849056604 0.7639423075 0.4028846150943396 0.749358974375 0.39495192264150947 0.7392628206249999 0.39134615377358495 0.73221153875 0.39134615377358495 0.7270833331250001 0.3961538462264151 0.72483974375 0.40120192264150945 0.723878205 0.4074519226415095 0.724679486875 0.41682692264150945 0.7275641025 0.42259615377358495 0.735416666875 0.4305288462264151 0.75240384625 0.44182692264150947 0.756570513125 0.44326923113207545 0.7671474356250001 0.44326923113207545 0.7709935900000001 0.43942307735849057
18 0.76891025625 0.5336538462264151 0.7713141025 0.5295673075471699 0.7724358975 0.5252403849056604 0.773237179375 0.5132211537735849 0.7721153843749999 0.5057692311320754 0.769230769375 0.5004807688679246 0.76121794875 0.49014423113207545 0.755769230625 0.48629807735849057 0.728365384375 0.49543269245283017 0.721794871875 0.4997596150943396 0.718429486875 0.5048076924528302 0.718429486875 0.5100961537735849 0.7200320512499999 0.5165865386792453 0.726923076875 0.5300480773584906 0.731570513125 0.5341346150943396 0.7424679487500001 0.5408653849056604 0.760416666875 0.540625 0.7639423075 0.5387019226415094 0.76891025625 0.5336538462264151
1 0.7275641025 0.5387019226415094 0.7209935900000001 0.5365384613207548 0.7024038462500001 0.5447115386792453 0.6911858975 0.5711538462264151 0.68990384625 0.5757211537735849 0.69022435875 0.5959134613207547 0.693269230625 0.6012019226415094 0.6974358975 0.6016826924528301 0.73621794875 0.5586538462264151 0.737179486875 0.5564903849056604 0.7358974356250001 0.5447115386792453 0.7275641025 0.5387019226415094
20 0.7887820512499999 0.6324519226415094 0.78733974375 0.6305288462264151 0.783173076875 0.6300480773584906 0.77516025625 0.6384615386792453 0.770352564375 0.6540865386792453 0.7705128206249999 0.6663461537735849 0.78653846125 0.6814903849056604 0.788141025625 0.6814903849056604 0.793108974375 0.6709134613207547 0.7945512818749999 0.6622596150943396 0.793108974375 0.6473557688679246 0.79102564125 0.6382211537735849 0.7887820512499999 0.6324519226415094
18 0.694871795 0.80625 0.6961538462500001 0.8014423075471698 0.69727564125 0.7944711537735849 0.697115384375 0.7870192311320754 0.6961538462500001 0.7795673075471699 0.685416666875 0.7360576924528301 0.681730769375 0.7288461537735849 0.67371794875 0.7216346150943396 0.6645833331250001 0.7199519226415094 0.656730769375 0.7274038462264151 0.653044871875 0.7322115386792453 0.651121795 0.7432692311320754 0.65096153875 0.7524038462264151 0.662019230625 0.7995192311320755 0.665544871875 0.8088942311320754 0.66971153875 0.8158653849056604 0.6772435900000001 0.8199519226415094 0.6846153843749999 0.8182692311320754 0.68990384625 0.8146634613207547 0.694871795 0.80625
12 0.7131410256249999 0.6612980773584906 0.7131410256249999 0.6536057688679245 0.7088141025 0.6461538462264151 0.7051282050000001 0.64375 0.63477564125 0.6331730773584906 0.6323717950000001 0.6346153849056604 0.631570513125 0.6367788462264151 0.63125 0.6427884613207547 0.63397435875 0.6540865386792453 0.64278846125 0.6663461537735849 0.6471153843749999 0.6706730773584906 0.6540064099999999 0.675 0.701923076875 0.6790865386792453 0.709134615625 0.6742788462264151 0.7131410256249999 0.6612980773584906
18 0.6826923075000001 0.4826923075471698 0.68108974375 0.46370192264150945 0.67900641 0.4507211537735849 0.67483974375 0.44182692264150947 0.6698717949999999 0.43677884622641505 0.662179486875 0.4375 0.65977564125 0.4439903849056604 0.6588141025 0.44927884622641506 0.65865384625 0.45528846132075473 0.6625 0.48245192264150943 0.66602564125 0.4908653849056604 0.669391025625 0.4963942311320754 0.67371794875 0.4995192311320754 0.6780448718750001 0.4997596150943396 0.681730769375 0.49326923113207544 0.6826923075000001 0.4826923075471698
18 0.581570513125 0.475 0.5881410256249999 0.46875 0.594070513125 0.4596153849056604 0.5974358975 0.44735576886792455 0.597115384375 0.4358173075471698 0.5956730768749999 0.4319711537735849 0.5923076925 0.4271634613207547 0.58766025625 0.42379807735849057 0.5849358975 0.4230769226415095 0.544871795 0.4233173075471698 0.5320512818750001 0.42932692264150946 0.527083333125 0.43653846132075474 0.52596153875 0.4399038462264151 0.525480769375 0.4516826924528302 0.529166666875 0.4627403849056604 0.53477564125 0.47091346132075473 0.54471153875 0.4783653849056604 0.548397435625 0.4795673075471698 0.56474359 0.48004807735849053 0.576121795 0.4774038462264151 0.581570513125 0.475
18 0.6269230768749999 0.6100961537735848 0.630769230625 0.6088942311320754 0.63477564125 0.6050480773584905 0.637820513125 0.5995192311320754 0.63878205125 0.5959134613207547 0.6389423075 0.5865384613207547 0.637179486875 0.5802884613207547 0.630769230625 0.5697115386792453 0.607371795 0.5483173075471699 0.58221153875 0.5290865386792453 0.57596153875 0.5259615386792452 0.5671474356249999 0.5264423075471698 0.56121794875 0.5293269226415095 0.559134615625 0.5331730773584905 0.5578525643750001 0.5408653849056604 0.558012820625 0.5449519226415095 0.560416666875 0.5545673075471699 0.564262820625 0.5639423075471699 0.57628205125 0.5793269226415094 0.59134615375 0.5935096150943396 0.6224358975 0.6098557688679246 0.6269230768749999 0.6100961537735848
18 0.596955128125 0.7086538462264151 0.597916666875 0.7052884613207547 0.5939102562499999 0.6697115386792453 0.590384615625 0.6653846150943395 0.5836538462499999 0.6603365386792452 0.57596153875 0.6572115386792453 0.56778846125 0.6567307688679246 0.5548076925000001 0.6665865386792452 0.552884615625 0.6697115386792453 0.55096153875 0.6805288462264151 0.550641025625 0.6855769226415095 0.5525641025 0.696875 0.5541666668749999 0.7014423075471699 0.5641025643750001 0.7127403849056604 0.575801281875 0.7204326924528301 0.5838141025 0.71875 0.592628205 0.7139423075471698 0.596955128125 0.7086538462264151
18 0.587820513125 0.7951923075471699 0.59102564125 0.7908653849056604 0.594871795 0.7752403849056604 0.5947115387499999 0.7716346150943396 0.588301281875 0.7637019226415095 0.57996794875 0.7581730773584906 0.57371794875 0.7564903849056605 0.548878205 0.7502403849056604 0.5331730768749999 0.7485576924528301 0.529166666875 0.7497596150943396 0.52516025625 0.7564903849056605 0.523076923125 0.7632211537735849 0.523397435625 0.7675480773584905 0.524679486875 0.771875 0.530608974375 0.7817307688679246 0.54471153875 0.7901442311320754 0.568269230625 0.7978365386792453 0.57996794875 0.7985576924528301 0.587820513125 0.7951923075471699
20 0.46233974375000003 0.7733173075471699 0.46522435875 0.7673076924528301 0.46538461562499994 0.7634615386792453 0.46057692312500004 0.7560096150943396 0.44727564125 0.7487980773584906 0.443108974375 0.7490384613207547 0.43766025625 0.7526442311320755 0.435897435625 0.7540865386792452 0.43317307687499995 0.7591346150943395 0.43317307687499995 0.7634615386792453 0.43541666687499997 0.7694711537735849 0.4375 0.7725961537735849 0.44134615375 0.7757211537735849 0.44711538437500004 0.7778846150943396 0.45528846125 0.7788461537735849 0.458012820625 0.7776442311320754 0.46233974375000003 0.7733173075471699
20 0.48365384624999996 0.5632211537735848 0.47868589749999996 0.5608173075471699 0.47660256437500004 0.5615384613207547 0.4713141025 0.5682692311320754 0.469551281875 0.5728365386792452 0.46891025625 0.5759615386792453 0.47003205125 0.5908653849056604 0.474519230625 0.6072115386792453 0.48637820499999995 0.6072115386792453 0.493108974375 0.6016826924528301 0.494070513125 0.5783653849056604 0.4923076925 0.5745192311320754 0.48365384624999996 0.5632211537735848
18 0.45865384625 0.7086538462264151 0.46346153875 0.6944711537735849 0.465544871875 0.678125 0.465544871875 0.6495192311320754 0.463301281875 0.6271634613207547 0.46121794875 0.6149038462264151 0.458333333125 0.609375 0.452884615625 0.6033653849056604 0.44775641 0.6016826924528301 0.442948718125 0.603125 0.43637820499999996 0.6115384613207547 0.432852564375 0.6305288462264151 0.4326923075 0.6836538462264151 0.43317307687499995 0.6935096150943396 0.434294871875 0.6997596150943396 0.438301281875 0.7088942311320754 0.442147435625 0.7132211537735849 0.45128205125 0.7146634613207548 0.45496794875 0.7129807688679246 0.45865384625 0.7086538462264151
18 0.47516025624999997 0.5175480773584905 0.474198718125 0.5016826924528301 0.471955128125 0.49567307735849053 0.46650641 0.48894230754716983 0.46266025624999996 0.48605769245283015 0.45496794875 0.48629807735849057 0.450480769375 0.48990384622641514 0.44599359 0.4966346150943396 0.43685897437500004 0.51875 0.43605769250000004 0.5254807688679246 0.43782051312500003 0.5324519226415094 0.44615384625 0.5423076924528302 0.45112179500000005 0.5461538462264152 0.45528846125 0.5466346150943396 0.45993589749999997 0.5435096150943396 0.47083333312500003 0.5305288462264152 0.47516025624999997 0.5175480773584905
3 0.34887820499999994 0.4939903849056604 0.34487179500000004 0.5057692311320754 0.34583333312500003 0.5216346150943396 0.376602564375 0.5783653849056604 0.387980769375 0.5923076924528301 0.400320513125 0.5831730773584906 0.41410256437500004 0.5370192311320754 0.37291666687499997 0.478125 0.34887820499999994 0.4939903849056604
21 0.28733974375 0.5800480773584905 0.28733974375 0.5762019226415095 0.28317307687500004 0.5639423075471699 0.27932692312499996 0.5552884613207547 0.275320513125 0.5490384613207547 0.2599358975 0.5439903849056604 0.25144230749999996 0.5432692311320754 0.24983974374999998 0.5439903849056604 0.22996794874999998 0.5685096150943396 0.227884615625 0.5759615386792453 0.22756410249999998 0.5800480773584905 0.228205128125 0.6192307688679246 0.232371795 0.6240384613207547 0.23846153874999998 0.6262019226415094 0.244230769375 0.6264423075471699 0.25096153875 0.625 0.26746794875 0.6091346150943396 0.2860576925 0.5838942311320754 0.28733974375 0.5800480773584905
20 0.34647435875 0.5992788462264151 0.34375 0.5918269226415095 0.3389423075 0.5877403849056604 0.33413461562499996 0.5862980773584906 0.32612179500000005 0.5872596150943395 0.32099359 0.5887019226415094 0.313301281875 0.5932692311320754 0.30448717937499997 0.6072115386792453 0.301762820625 0.6225961537735849 0.30272435875 0.6271634613207547 0.306570513125 0.6290865386792452 0.333333333125 0.6302884613207548 0.337820513125 0.6288461537735849 0.339583333125 0.6269230773584905 0.344551281875 0.6115384613207547 0.34647435875 0.5992788462264151
18 0.309134615625 0.7009615386792453 0.30448717937499997 0.6620192311320754 0.302884615625 0.6557692311320754 0.297916666875 0.6459134613207548 0.294871795 0.6439903849056604 0.290865384375 0.6435096150943396 0.28830128187500004 0.6447115386792452 0.2860576925 0.6463942311320754 0.28509615374999997 0.6485576924528301 0.280448718125 0.6699519226415095 0.28076923062500003 0.6814903849056604 0.28878205125 0.7223557688679246 0.29102564125 0.7283653849056604 0.294551281875 0.7329326924528301 0.303205128125 0.7338942311320754 0.30544871812499996 0.7317307688679245 0.30897435875 0.7245192311320754 0.309134615625 0.7009615386792453
18 0.38621794875 0.7173076924528301 0.38766025625 0.7129807688679246 0.386698718125 0.6971153849056604 0.38493589749999996 0.6894230773584905 0.379487179375 0.6798076924528301 0.37003205125 0.6721153849056604 0.36522435875 0.6706730773584906 0.35657051312500004 0.6704326924528301 0.345673076875 0.6740384613207547 0.33766025624999996 0.6802884613207547 0.336858974375 0.6814903849056604 0.33733974375000003 0.6858173075471699 0.34583333312500003 0.7192307688679246 0.35336538437500004 0.7271634613207547 0.36586538437500005 0.7319711537735849 0.375801281875 0.7307692311320754 0.380608974375 0.7269230773584906 0.38621794875 0.7173076924528301
18 0.41330128187500004 0.7831730773584905 0.41378205125 0.7742788462264151 0.411858974375 0.765625 0.408012820625 0.7581730773584906 0.400320513125 0.7490384613207547 0.389102564375 0.7444711537735849 0.380448718125 0.7449519226415094 0.37259615375000005 0.7502403849056604 0.3701923075 0.7560096150943396 0.36858974375000003 0.7634615386792453 0.36971153875 0.7713942311320754 0.373076923125 0.7783653849056604 0.3798076925 0.7848557688679246 0.39150641 0.7908653849056604 0.400320513125 0.7927884613207548 0.408173076875 0.7908653849056604 0.41330128187500004 0.7831730773584905
20 0.41009615375 0.6134615386792452 0.40833333312500003 0.6122596150943396 0.4 0.6127403849056604 0.38862179500000005 0.615625 0.386698718125 0.6189903849056604 0.38381410250000003 0.6463942311320754 0.40416666687499997 0.6596153849056604 0.4125 0.6581730773584905 0.41891025625 0.6502403849056604 0.419551281875 0.6377403849056604 0.41875 0.6305288462264151 0.41474359 0.6194711537735849 0.41009615375 0.6134615386792452