9 0.48846153875 0.215625 0.489262820625 0.21298076886792452 0.4889423075 0.20889423113207548 0.48637820499999995 0.20432692264150942 0.483012820625 0.20336538490566036 0.46858974375 0.20649038490566038 0.433012820625 0.228125 0.428044871875 0.23221153867924527 0.42564102562499995 0.23629807735849057 0.424519230625 0.2473557688679245 0.425320513125 0.27139423113207545 0.43125 0.27908653867924527 0.439423076875 0.28052884622641505 0.447916666875 0.27548076886792455 0.478205128125 0.234375 0.482852564375 0.22716346132075474 0.48846153875 0.215625
21 0.70865384625 0.2074519226415094 0.6873397437500001 0.17764423113207548 0.685576923125 0.17692307735849058 0.599679486875 0.16201923113207548 0.587980769375 0.1608173075471698 0.5724358975 0.1641826924528302 0.570673076875 0.165625 0.56009615375 0.18125 0.556570513125 0.18870192264150942 0.55528846125 0.1944711537735849 0.555608974375 0.27908653867924527 0.556730769375 0.2846153849056604 0.681570513125 0.3875 0.685897435625 0.38798076886792454 0.68990384625 0.37764423113207546 0.70721153875 0.26658653867924526 0.7108974356250001 0.21298076886792452 0.70865384625 0.2074519226415094
9 0.3639423075 0.4435096150943396 0.362019230625 0.43822115377358495 0.360576923125 0.43653846132075474 0.35753205125 0.43533653867924527 0.35240384625 0.4362980773584905 0.34423076937499997 0.44567307735849054 0.3400641025 0.45384615377358495 0.339583333125 0.45697115377358494 0.33942307687499995 0.4673076924528302 0.34150641 0.4721153849056604 0.345512820625 0.4740384613207547 0.35384615375 0.4723557688679245 0.3576923075 0.46875 0.36233974375 0.4598557688679245 0.364423076875 0.45120192264150943 0.3639423075 0.4435096150943396
18 0.299679486875 0.5175480773584905 0.299358974375 0.5134615386792453 0.29871794875 0.5120192311320754 0.283012820625 0.4992788462264151 0.2786858975 0.4992788462264151 0.261698718125 0.5132211537735849 0.254326923125 0.5245192311320754 0.250801281875 0.5336538462264151 0.24967948687500002 0.5403846150943395 0.25016025625 0.5567307688679246 0.25721153874999997 0.5721153849056604 0.263621795 0.5754807688679245 0.27083333312499996 0.5769230773584906 0.28108974375 0.5740384613207548 0.2963141025 0.5564903849056604 0.299679486875 0.5175480773584905
18 0.35160256437500004 0.7088942311320754 0.35352564125 0.7012019226415095 0.3514423075 0.6853365386792453 0.34759615375 0.6800480773584906 0.34246794875 0.6783653849056605 0.336858974375 0.6790865386792453 0.32227564125 0.6836538462264151 0.292948718125 0.7177884613207547 0.29166666687500004 0.7204326924528301 0.290865384375 0.7257211537735849 0.293108974375 0.7377403849056604 0.29471153875 0.7420673075471699 0.3025641025 0.7526442311320755 0.317628205 0.7519230773584905 0.34423076937499997 0.7225961537735849 0.346955128125 0.7185096150943396 0.35160256437500004 0.7088942311320754
21 0.462820513125 0.8237980773584905 0.467147435625 0.8228365386792452 0.47516025624999997 0.8182692311320754 0.48221153875 0.8057692311320754 0.505769230625 0.7153846150943396 0.505769230625 0.7098557688679246 0.380769230625 0.5439903849056604 0.376762820625 0.5432692311320754 0.36634615375 0.5576923075471698 0.35625 0.5915865386792453 0.3514423075 0.6110576924528301 0.35272435874999997 0.7057692311320755 0.355128205 0.7141826924528302 0.4110576925 0.7870192311320754 0.4400641025 0.8144230773584905 0.452884615625 0.8221153849056604 0.458173076875 0.8233173075471698 0.462820513125 0.8237980773584905
1 0.5485576925 0.7420673075471699 0.5331730768749999 0.7564903849056605 0.53125 0.7591346150943395 0.52900641 0.7651442311320754 0.524198718125 0.7826923075471699 0.524358974375 0.7939903849056604 0.52884615375 0.8074519226415094 0.537019230625 0.8144230773584905 0.5634615387499999 0.7713942311320754 0.56121794875 0.7487980773584906 0.559455128125 0.7432692311320754 0.556570513125 0.7411057688679246 0.5485576925 0.7420673075471699
1 0.5576923075 0.7050480773584905 0.556730769375 0.6894230773584905 0.523237179375 0.6307692311320754 0.51346153875 0.6274038462264151 0.510737179375 0.6310096150943396 0.50753205125 0.6444711537735849 0.5083333331250001 0.6853365386792453 0.51891025625 0.7055288462264151 0.5293269231250001 0.7144230773584905 0.5407051281249999 0.7194711537735848 0.548878205 0.7182692311320754 0.5525641025 0.7158653849056604 0.55528846125 0.7125 0.5576923075 0.7050480773584905
1 0.54022435875 0.5293269226415095 0.535737179375 0.5204326924528302 0.525320513125 0.5134615386792453 0.511698718125 0.5341346150943396 0.510737179375 0.5396634613207547 0.5110576925 0.5449519226415095 0.514262820625 0.5536057688679246 0.517628205 0.5567307688679246 0.525320513125 0.5569711537735849 0.530608974375 0.5526442311320754 0.5375 0.5449519226415095 0.5400641025 0.5375 0.54022435875 0.5293269226415095
1 0.569070513125 0.45384615377358495 0.554487179375 0.43485576886792454 0.549198718125 0.4295673075471698 0.5451923075 0.42692307735849055 0.5407051281249999 0.42692307735849055 0.537179486875 0.42932692264150946 0.530128205 0.43942307735849057 0.53477564125 0.4478365386792453 0.560416666875 0.48149038490566043 0.56875 0.48052884622641506 0.571794871875 0.478125 0.572115384375 0.46826923113207547 0.570673076875 0.4586538462264151 0.569070513125 0.45384615377358495
14 0.619070513125 0.43677884622641505 0.61474359 0.43942307735849057 0.611858974375 0.4478365386792453 0.61153846125 0.4627403849056604 0.620673076875 0.48605769245283015 0.62275641 0.4870192311320754 0.629326923125 0.48629807735849057 0.630769230625 0.4829326924528302 0.6296474356249999 0.47451923113207545 0.620512820625 0.43846153867924526 0.619070513125 0.43677884622641505
1 0.6969551281249999 0.41995192264150943 0.69134615375 0.41802884622641506 0.689102564375 0.41802884622641506 0.6876602562499999 0.41971153867924527 0.6875 0.4283653849056604 0.7011217949999999 0.4711538462264151 0.720833333125 0.4704326924528302 0.728365384375 0.4685096150943396 0.73141025625 0.4627403849056604 0.73221153875 0.4548076924528302 0.73108974375 0.45096153867924527 0.6969551281249999 0.41995192264150943
1 0.7951923075 0.5019230773584905 0.788141025625 0.48990384622641514 0.7841346156250001 0.48870192264150947 0.77516025625 0.4884615386792453 0.7713141025 0.49014423113207545 0.76875 0.49783653867924527 0.768269230625 0.5024038462264151 0.768429486875 0.5100961537735849 0.77483974375 0.5382211537735849 0.77740384625 0.5430288462264151 0.7790064099999999 0.5439903849056604 0.7830128206249999 0.5418269226415094 0.787019230625 0.5377403849056605 0.789423076875 0.5326923075471699 0.7951923075 0.5019230773584905
1 0.787980769375 0.6675480773584905 0.802083333125 0.6425480773584905 0.762019230625 0.6151442311320754 0.759615384375 0.6146634613207548 0.755929486875 0.61875 0.7540064099999999 0.6228365386792453 0.753365384375 0.6298076924528302 0.7536858975 0.6423076924528301 0.75849359 0.6552884613207547 0.76346153875 0.6625 0.7679487181250001 0.6661057688679246 0.775 0.6694711537735849 0.783173076875 0.6706730773584906 0.787980769375 0.6675480773584905
1 0.711378205 0.6620192311320754 0.7144230768750001 0.6540865386792453 0.7088141025 0.6266826924528301 0.6950320512499999 0.5850961537735849 0.6931089743750001 0.5838942311320754 0.685576923125 0.5879807688679246 0.67628205125 0.5992788462264151 0.6738782050000001 0.6033653849056604 0.6713141025 0.6146634613207548 0.67099359 0.6225961537735849 0.671794871875 0.6293269226415095 0.6780448718750001 0.65 0.681570513125 0.6572115386792453 0.69358974375 0.6737980773584905 0.7 0.6759615386792452 0.70496794875 0.6737980773584905 0.711378205 0.6620192311320754
1 0.6775641025 0.7838942311320755 0.682371795 0.7673076924528301 0.68141025625 0.7634615386792453 0.654166666875 0.728125 0.650320513125 0.7290865386792452 0.6474358975 0.7324519226415095 0.641987179375 0.7435096150943395 0.640865384375 0.7519230773584905 0.640705128125 0.75625 0.643269230625 0.7716346150943396 0.648076923125 0.7826923075471699 0.654326923125 0.7901442311320754 0.6610576924999999 0.7951923075471699 0.67099359 0.7915865386792452 0.675 0.7877403849056605 0.6775641025 0.7838942311320755
1 0.7416666668749999 0.7283653849056604 0.7323717949999999 0.7295673075471698 0.729647435625 0.7319711537735849 0.724679486875 0.7401442311320754 0.718108974375 0.7646634613207547 0.716666666875 0.7747596150943395 0.716826923125 0.7903846150943395 0.719230769375 0.7985576924528301 0.72772435875 0.8182692311320754 0.72852564125 0.8189903849056605 0.7400641025 0.8129807688679246 0.7424679487500001 0.8064903849056604 0.7477564099999999 0.7596153849056604 0.7416666668749999 0.7283653849056604
1 0.61522435875 0.65 0.6211538462499999 0.6384615386792453 0.6150641025 0.6139423075471698 0.60753205125 0.6055288462264151 0.57227564125 0.6245192311320754 0.560416666875 0.6338942311320754 0.55977564125 0.6353365386792452 0.559134615625 0.6384615386792453 0.56121794875 0.6425480773584905 0.570673076875 0.6543269226415095 0.5775641025 0.6586538462264151 0.589583333125 0.6608173075471698 0.599198718125 0.6600961537735849 0.6110576925 0.6543269226415095 0.61522435875 0.65