18 0.3779296875 0.19335937547169813 0.3828125 0.18310546886792453 0.3828125 0.17138671886792453 0.37890625 0.15966796886792453 0.3681640625 0.13476562452830187 0.3623046875 0.12890625 0.3583984375 0.12890625 0.3525390625 0.13183593773584906 0.345703125 0.1420898433962264 0.345703125 0.15673828113207547 0.3515625 0.17138671886792453 0.35546875 0.18017578113207547 0.3642578125 0.19335937547169813 0.3681640625 0.19628906226415094 0.3740234375 0.19628906226415094 0.3779296875 0.19335937547169813
18 0.41015625 0.4116210933962264 0.41015625 0.4057617188679245 0.408203125 0.3999023433962264 0.4052734375 0.39550781226415094 0.3916015625 0.38964843773584906 0.3876953125 0.38964843773584906 0.3662109375 0.39550781226415094 0.3603515625 0.3984375 0.3515625 0.4116210933962264 0.3515625 0.4233398433962264 0.353515625 0.4291992188679245 0.3564453125 0.43359375 0.3603515625 0.43652343773584906 0.3837890625 0.43652343773584906 0.4052734375 0.42480468773584906 0.41015625 0.4116210933962264
18 0.388671875 0.5112304688679246 0.37890625 0.48779296886792456 0.3681640625 0.47167968773584906 0.3642578125 0.46875 0.3623046875 0.46875 0.357421875 0.4731445311320755 0.35546875 0.4790039066037736 0.35546875 0.4936523433962264 0.365234375 0.5170898433962264 0.3720703125 0.52734375 0.3798828125 0.5332031245283019 0.3837890625 0.530273437735849 0.388671875 0.5229492188679246 0.388671875 0.5112304688679246
18 0.5 0.49951171886792456 0.5 0.4907226566037736 0.4951171875 0.483398437735849 0.4873046875 0.47753906226415094 0.4755859375 0.4746093745283019 0.4599609375 0.4746093745283019 0.4541015625 0.47753906226415094 0.44921875 0.48486328113207544 0.44921875 0.4936523433962264 0.4521484375 0.500976562264151 0.4619140625 0.506835937735849 0.4716796875 0.5097656245283019 0.4931640625 0.5097656245283019 0.4970703125 0.506835937735849 0.5 0.49951171886792456
18 0.462890625 0.7133789066037736 0.462890625 0.6958007811320754 0.4609375 0.6870117188679246 0.455078125 0.6694335933962264 0.4404296875 0.647460937735849 0.4345703125 0.641601562264151 0.4287109375 0.6386718754716981 0.4169921875 0.641601562264151 0.416015625 0.6430664066037736 0.412109375 0.6577148433962264 0.412109375 0.6694335933962264 0.419921875 0.6958007811320754 0.4365234375 0.717773437735849 0.4423828125 0.723632812264151 0.4580078125 0.723632812264151 0.4609375 0.7192382811320754 0.462890625 0.7133789066037736
20 0.58984375 0.2124023433962264 0.5859375 0.18017578113207547 0.5849609375 0.17871093773584906 0.5751953125 0.17871093773584906 0.5458984375 0.21972656226415094 0.544921875 0.2211914066037736 0.544921875 0.22998046886792453 0.5595703125 0.25488281226415094 0.5732421875 0.25488281226415094 0.5771484375 0.2519531245283019 0.580078125 0.2475585933962264 0.58984375 0.21826171886792453 0.58984375 0.2124023433962264
20 0.5322265625 0.26074218773584906 0.5283203125 0.2578125 0.5244140625 0.2578125 0.5185546875 0.26074218773584906 0.513671875 0.2680664066037736 0.509765625 0.2797851566037736 0.5 0.3120117188679245 0.505859375 0.3442382811320755 0.5078125 0.3500976566037736 0.5107421875 0.35449218773584906 0.53125 0.2973632811320755 0.53515625 0.2768554688679245 0.53515625 0.2680664066037736 0.5322265625 0.26074218773584906
20 0.6826171875 0.328125 0.6689453125 0.31347656226415094 0.6611328125 0.30761718773584906 0.6513671875 0.30761718773584906 0.640625 0.3237304688679245 0.642578125 0.3295898433962264 0.6513671875 0.34277343773584906 0.6904296875 0.3808593754716981 0.7060546875 0.38671875 0.7080078125 0.38671875 0.708984375 0.3852539066037736 0.6826171875 0.328125
20 0.359375 0.3208007811320755 0.3544921875 0.31347656226415094 0.3388671875 0.2988281245283019 0.3310546875 0.29296875 0.3291015625 0.29296875 0.3232421875 0.29589843773584906 0.322265625 0.2973632811320755 0.3203125 0.3032226566037736 0.3203125 0.3149414066037736 0.3251953125 0.3222656245283019 0.3369140625 0.3339843754716981 0.3486328125 0.33691406226415094 0.3525390625 0.33691406226415094 0.353515625 0.3354492188679245 0.359375 0.3208007811320755
3 0.251953125 0.4409179688679245 0.25 0.4204101566037736 0.240234375 0.3940429688679245 0.2197265625 0.35449218773584906 0.2177734375 0.35449218773584906 0.2109375 0.3647460933962264 0.205078125 0.3793945311320755 0.201171875 0.4233398433962264 0.212890625 0.4584960933962264 0.2138671875 0.45996093773584906 0.2373046875 0.46582031226415094 0.2431640625 0.46582031226415094 0.2509765625 0.45996093773584906 0.251953125 0.4584960933962264 0.251953125 0.4409179688679245
3 0.6328125 0.4731445311320755 0.6328125 0.4702148433962264 0.625 0.4291992188679245 0.6201171875 0.42480468773584906 0.6103515625 0.42480468773584906 0.6064453125 0.4277343745283019 0.599609375 0.4379882811320755 0.599609375 0.4760742188679245 0.60546875 0.5170898433962264 0.6083984375 0.5214843754716981 0.6162109375 0.515625 0.625 0.5024414066037736 0.62890625 0.4907226566037736 0.6328125 0.4731445311320755
21 0.3583984375 0.694335937735849 0.361328125 0.6899414066037736 0.361328125 0.6840820311320754 0.35546875 0.5991210933962264 0.3544921875 0.59765625 0.2763671875 0.5566406245283019 0.275390625 0.5581054688679246 0.2734375 0.5815429688679246 0.2734375 0.6196289066037736 0.28125 0.6635742188679246 0.2861328125 0.670898437735849 0.2958984375 0.6796875 0.3037109375 0.6855468754716981 0.3095703125 0.688476562264151 0.3583984375 0.694335937735849
7 0.5419921875 0.5449218754716981 0.5341796875 0.5449218754716981 0.5302734375 0.547851562264151 0.515625 0.5698242188679246 0.513671875 0.5874023433962264 0.52734375 0.6547851566037736 0.5283203125 0.65625 0.5302734375 0.65625 0.537109375 0.6459960933962264 0.5546875 0.6108398433962264 0.548828125 0.5551757811320754 0.5419921875 0.5449218754716981
1 0.6640625 0.7045898433962264 0.66796875 0.6840820311320754 0.66796875 0.6782226566037736 0.666015625 0.6606445311320754 0.662109375 0.6518554688679246 0.6572265625 0.64453125 0.6494140625 0.6386718754716981 0.6455078125 0.6386718754716981 0.642578125 0.6430664066037736 0.6328125 0.6782226566037736 0.6328125 0.7016601566037736 0.634765625 0.7075195311320754 0.6376953125 0.711914062264151 0.6416015625 0.71484375 0.6552734375 0.71484375 0.6591796875 0.711914062264151 0.6640625 0.7045898433962264
1 0.42578125 0.2416992188679245 0.423828125 0.19189453113207547 0.419921875 0.18017578113207547 0.4169921875 0.17578125 0.4072265625 0.17578125 0.40234375 0.18310546886792453 0.400390625 0.1889648433962264 0.400390625 0.2094726566037736 0.404296875 0.22705078113207547 0.408203125 0.23876953113207547 0.4130859375 0.24609375 0.4169921875 0.2490234377358491 0.4208984375 0.2490234377358491 0.42578125 0.2416992188679245
13 0.5556640625 0.27832031226415094 0.5517578125 0.27832031226415094 0.5455576493750001 0.2808734830188679 0.5438659862499999 0.2826706613207547 0.544921875 0.2856445311320755 0.5478515625 0.29003906226415094 0.5537109375 0.29296875 0.559654846875 0.2951451849056604 0.560546875 0.2915039066037736 0.560546875 0.2885742188679245 0.5556640625 0.27832031226415094