13 0.2578125 0.3208007811320755 0.2578125 0.3178710933962264 0.2353515625 0.28125 0.2294921875 0.28125 0.2265625 0.2856445311320755 0.22265625 0.2944335933962264 0.212890625 0.3208007811320755 0.2109375 0.3295898433962264 0.208984375 0.3471679688679245 0.20703125 0.3676757811320755 0.20703125 0.3764648433962264 0.208984375 0.3823242188679245 0.2138671875 0.38671875 0.2216796875 0.38671875 0.2255859375 0.38378906226415094 0.24609375 0.3588867188679245 0.2578125 0.3208007811320755
13 0.46484375 0.2885742188679245 0.4453125 0.2475585933962264 0.4287109375 0.22265625 0.4228515625 0.21972656226415094 0.4169921875 0.21972656226415094 0.4111328125 0.22265625 0.40234375 0.22998046886792453 0.396484375 0.2534179688679245 0.396484375 0.2563476566037736 0.4091796875 0.29589843773584906 0.4423828125 0.31640625 0.4677734375 0.30761718773584906 0.46875 0.3061523433962264 0.46875 0.3002929688679245 0.46484375 0.2885742188679245
13 0.740234375 0.3442382811320755 0.740234375 0.3383789066037736 0.7353515625 0.3339843754716981 0.6943359375 0.3105468754716981 0.6865234375 0.3105468754716981 0.68359375 0.3149414066037736 0.68359375 0.3354492188679245 0.6875 0.3618164066037736 0.69140625 0.3764648433962264 0.6923828125 0.37792968773584906 0.7158203125 0.37207031226415094 0.7275390625 0.36035156226415094 0.740234375 0.3442382811320755
13 0.6513671875 0.6972656245283019 0.6123046875 0.647460937735849 0.6064453125 0.64453125 0.6025390625 0.64453125 0.5908203125 0.6503906245283019 0.58984375 0.6518554688679246 0.587890625 0.7104492188679246 0.587890625 0.7456054688679246 0.58984375 0.7573242188679246 0.5908203125 0.758789062264151 0.6005859375 0.76171875 0.658203125 0.7133789066037736 0.65625 0.7045898433962264 0.6513671875 0.6972656245283019
13 0.41015625 0.6752929688679246 0.416015625 0.6166992188679246 0.416015625 0.6137695311320754 0.4150390625 0.612304687735849 0.4111328125 0.609375 0.3876953125 0.609375 0.3466796875 0.612304687735849 0.341796875 0.6196289066037736 0.33984375 0.6254882811320754 0.33984375 0.6342773433962264 0.345703125 0.6489257811320754 0.3486328125 0.653320312264151 0.3740234375 0.6738281245283019 0.3955078125 0.6796875 0.4072265625 0.6796875 0.41015625 0.6752929688679246
13 0.283203125 0.6547851566037736 0.28125 0.6459960933962264 0.267578125 0.6079101566037736 0.2568359375 0.588867187735849 0.2431640625 0.588867187735849 0.236328125 0.5991210933962264 0.236328125 0.6840820311320754 0.23828125 0.6899414066037736 0.2392578125 0.69140625 0.2451171875 0.69140625 0.2822265625 0.6796875 0.283203125 0.6782226566037736 0.283203125 0.6547851566037736
18 0.58203125 0.14794921886792453 0.5810546875 0.14648437547169813 0.5673828125 0.14648437547169813 0.5595703125 0.14941406226415094 0.5517578125 0.15527343773584906 0.5458984375 0.16113281226415094 0.54296875 0.1655273433962264 0.54296875 0.16845703113207547 0.5439453125 0.16992187547169813 0.5537109375 0.16992187547169813 0.5771484375 0.15820312452830187 0.5810546875 0.15527343773584906 0.58203125 0.1538085933962264 0.58203125 0.14794921886792453
18 0.375 0.3940429688679245 0.37109375 0.3676757811320755 0.3671875 0.3530273433962264 0.3662109375 0.3515625 0.3603515625 0.3515625 0.357421875 0.3559570311320755 0.357421875 0.3911132811320755 0.361328125 0.4057617188679245 0.3623046875 0.40722656226415094 0.3701171875 0.41308593773584906 0.3740234375 0.41308593773584906 0.375 0.4116210933962264 0.375 0.3940429688679245
18 0.3203125 0.4379882811320755 0.3193359375 0.43652343773584906 0.3173828125 0.43652343773584906 0.294921875 0.4702148433962264 0.294921875 0.4731445311320755 0.2978515625 0.47753906226415094 0.3056640625 0.48046875 0.3095703125 0.47753906226415094 0.31640625 0.4672851566037736 0.3203125 0.4526367188679245 0.3203125 0.4379882811320755
18 0.40234375 0.5463867188679246 0.404296875 0.5317382811320754 0.404296875 0.5258789066037736 0.3974609375 0.515625 0.3876953125 0.515625 0.380859375 0.5258789066037736 0.380859375 0.5346679688679246 0.3828125 0.5551757811320754 0.3857421875 0.5625 0.3896484375 0.5625 0.3955078125 0.559570312264151 0.396484375 0.5581054688679246 0.40234375 0.5463867188679246
18 0.31640625 0.22705078113207547 0.3134765625 0.22265625 0.3095703125 0.21972656226415094 0.2978515625 0.21679687452830187 0.2880859375 0.21679687452830187 0.28515625 0.2211914066037736 0.28515625 0.22998046886792453 0.2880859375 0.234375 0.2919921875 0.23730468773584906 0.2998046875 0.24023437452830187 0.3134765625 0.24023437452830187 0.31640625 0.2358398433962264 0.31640625 0.22705078113207547
5 0.255859375 0.4672851566037736 0.255859375 0.4614257811320755 0.2548828125 0.45996093773584906 0.2431640625 0.44824218773584906 0.2216796875 0.43066406226415094 0.2177734375 0.43066406226415094 0.2041015625 0.43652343773584906 0.193359375 0.4526367188679245 0.193359375 0.4614257811320755 0.1962890625 0.46582031226415094 0.2001953125 0.46875 0.2275390625 0.47753906226415094 0.2353515625 0.47753906226415094 0.2529296875 0.47167968773584906 0.255859375 0.4672851566037736
17 0.4462890625 0.65625 0.4453125 0.6577148433962264 0.423828125 0.7133789066037736 0.4326171875 0.7207031245283019 0.4638671875 0.7324218754716981 0.4697265625 0.7324218754716981 0.470703125 0.7309570311320754 0.47265625 0.6840820311320754 0.4482421875 0.65625 0.4462890625 0.65625
1 0.287109375 0.7192382811320754 0.287109375 0.7163085933962264 0.2646484375 0.682617187735849 0.2587890625 0.682617187735849 0.2548828125 0.6855468754716981 0.251953125 0.6899414066037736 0.25 0.6987304688679246 0.248046875 0.7250976566037736 0.2548828125 0.735351562264151 0.2626953125 0.7441406245283019 0.2685546875 0.747070312264151 0.2724609375 0.747070312264151 0.2763671875 0.7441406245283019 0.279296875 0.7397460933962264 0.287109375 0.7192382811320754
1 0.673828125 0.4760742188679245 0.677734375 0.4643554688679245 0.677734375 0.4614257811320755 0.6748046875 0.45703125 0.6435546875 0.44238281226415094 0.642578125 0.4438476566037736 0.640625 0.4614257811320755 0.640625 0.4672851566037736 0.642578125 0.4731445311320755 0.6455078125 0.47753906226415094 0.6513671875 0.483398437735849 0.6572265625 0.4863281245283018 0.6611328125 0.4863281245283018 0.673828125 0.4760742188679245
1 0.658203125 0.2885742188679245 0.6552734375 0.28417968773584906 0.6494140625 0.28417968773584906 0.64453125 0.2915039066037736 0.642578125 0.3120117188679245 0.642578125 0.3325195311320755 0.6474609375 0.33691406226415094 0.6533203125 0.3339843754716981 0.658203125 0.3266601566037736 0.66015625 0.3178710933962264 0.66015625 0.3002929688679245 0.658203125 0.2885742188679245
1 0.609375 0.2563476566037736 0.6025390625 0.24609375 0.5986328125 0.2431640622641509 0.5810546875 0.23730468773584906 0.5771484375 0.23730468773584906 0.5693359375 0.24023437452830187 0.564453125 0.2475585933962264 0.55859375 0.2651367188679245 0.55859375 0.2856445311320755 0.560546875 0.2973632811320755 0.5615234375 0.2988281245283019 0.5810546875 0.29296875 0.6064453125 0.26660156226415094 0.609375 0.2592773433962264 0.609375 0.2563476566037736
1 0.5029296875 0.1640625 0.4833984375 0.14941406226415094 0.4755859375 0.14941406226415094 0.470703125 0.1538085933962264 0.46875 0.17138671886792453 0.4736328125 0.17871093773584906 0.5048828125 0.2109375 0.5107421875 0.2109375 0.513671875 0.20654296886792453 0.513671875 0.1860351566037736 0.5078125 0.17138671886792453 0.5029296875 0.1640625
1 0.56640625 0.3500976566037736 0.5615234375 0.34277343773584906 0.5556640625 0.33691406226415094 0.5439453125 0.33691406226415094 0.5400390625 0.33984375 0.53515625 0.3471679688679245 0.53515625 0.3559570311320755 0.537109375 0.3618164066037736 0.5400390625 0.36621093773584906 0.5537109375 0.375 0.5615234375 0.375 0.56640625 0.3676757811320755 0.56640625 0.3500976566037736
9 0.427734375 0.3969726566037736 0.42578125 0.3793945311320755 0.423828125 0.3706054688679245 0.4140625 0.3471679688679245 0.4091796875 0.33984375 0.4013671875 0.33984375 0.3974609375 0.34277343773584906 0.39453125 0.3471679688679245 0.390625 0.3559570311320755 0.388671875 0.3618164066037736 0.38671875 0.3735351566037736 0.380859375 0.4145507811320755 0.380859375 0.4291992188679245 0.4013671875 0.44824218773584906 0.4072265625 0.4511718745283019 0.4111328125 0.4511718745283019 0.4267578125 0.4394531245283019 0.427734375 0.4379882811320755 0.427734375 0.3969726566037736
9 0.3388671875 0.2871093754716981 0.333984375 0.2915039066037736 0.33203125 0.3002929688679245 0.3525390625 0.328125 0.3564453125 0.328125 0.357421875 0.3266601566037736 0.357421875 0.3090820311320755 0.35546875 0.3032226566037736 0.3447265625 0.2871093754716981 0.3388671875 0.2871093754716981
14 0.4208984375 0.08496093773584906 0.4189453125 0.08496093773584906 0.4150390625 0.08789062452830189 0.412109375 0.09228515660377358 0.412109375 0.11865234339622642 0.416015625 0.1303710933962264 0.4189453125 0.13476562452830187 0.4228515625 0.13476562452830187 0.423828125 0.13330078113207547 0.423828125 0.08935546886792453 0.4208984375 0.08496093773584906
14 0.6103515625 0.17578125 0.5888671875 0.17578125 0.5849609375 0.17871093773584906 0.583984375 0.18017578113207547 0.583984375 0.18310546886792453 0.5869140625 0.1875 0.5927734375 0.19042968773584906 0.6123046875 0.19335937547169813 0.615234375 0.1889648433962264 0.615234375 0.18310546886792453 0.6103515625 0.17578125
14 0.4638671875 0.4160156245283019 0.4541015625 0.41015625 0.4482421875 0.41015625 0.4443359375 0.41308593773584906 0.44140625 0.4174804688679245 0.4541015625 0.43359375 0.4677734375 0.4453125 0.4716796875 0.4453125 0.474609375 0.4409179688679245 0.474609375 0.4350585933962264 0.47265625 0.4291992188679245 0.4638671875 0.4160156245283019
14 0.525390625 0.4409179688679245 0.5224609375 0.43652343773584906 0.5185546875 0.43652343773584906 0.5146484375 0.4394531245283019 0.51171875 0.4438476566037736 0.51171875 0.4526367188679245 0.517578125 0.4760742188679245 0.5224609375 0.48046875 0.5263671875 0.48046875 0.529296875 0.4760742188679245 0.529296875 0.4702148433962264 0.525390625 0.4409179688679245
14 0.6025390625 0.518554687735849 0.5908203125 0.5097656245283019 0.5810546875 0.5097656245283019 0.576171875 0.5170898433962264 0.576171875 0.5200195311320754 0.5791015625 0.524414062264151 0.5966796875 0.5390625 0.6064453125 0.536132812264151 0.607421875 0.5346679688679246 0.607421875 0.5258789066037736 0.6025390625 0.518554687735849
14 0.6455078125 0.565429687735849 0.6435546875 0.565429687735849 0.6181640625 0.5859375 0.6171875 0.5874023433962264 0.6171875 0.5961914066037736 0.6220703125 0.600585937735849 0.6396484375 0.5917968754716981 0.6484375 0.5815429688679246 0.6484375 0.5727539066037736 0.646484375 0.5668945311320754 0.6455078125 0.565429687735849
14 0.5400390625 0.624023437735849 0.5302734375 0.629882812264151 0.529296875 0.6313476566037736 0.525390625 0.6518554688679246 0.5302734375 0.659179687735849 0.5361328125 0.665039062264151 0.5498046875 0.6503906245283019 0.552734375 0.6459960933962264 0.552734375 0.6254882811320754 0.5517578125 0.624023437735849 0.5400390625 0.624023437735849
14 0.5146484375 0.5390625 0.50390625 0.5551757811320754 0.50390625 0.5639648433962264 0.5126953125 0.571289062264151 0.53125 0.5493164066037736 0.53125 0.5405273433962264 0.5283203125 0.536132812264151 0.5205078125 0.536132812264151 0.5146484375 0.5390625
14 0.494140625 0.5903320311320754 0.4931640625 0.588867187735849 0.4814453125 0.5917968754716981 0.478515625 0.5961914066037736 0.4765625 0.6108398433962264 0.478515625 0.6313476566037736 0.48046875 0.6372070311320754 0.4814453125 0.6386718754716981 0.4833984375 0.6386718754716981 0.484375 0.6372070311320754 0.494140625 0.5932617188679246 0.494140625 0.5903320311320754
14 0.48046875 0.6372070311320754 0.478515625 0.6313476566037736 0.4755859375 0.6269531245283019 0.4697265625 0.62109375 0.4638671875 0.618164062264151 0.4560546875 0.618164062264151 0.453125 0.6225585933962264 0.453125 0.6284179688679246 0.4541015625 0.629882812264151 0.4755859375 0.6503906245283019 0.4775390625 0.6503906245283019 0.478515625 0.6489257811320754 0.48046875 0.6430664066037736 0.48046875 0.6372070311320754
14 0.3447265625 0.7675781245283019 0.3310546875 0.758789062264151 0.3212890625 0.758789062264151 0.3203125 0.7602539066037736 0.318359375 0.7661132811320754 0.330078125 0.7866210933962264 0.3330078125 0.7910156245283019 0.3369140625 0.793945312264151 0.3388671875 0.793945312264151 0.34375 0.7866210933962264 0.349609375 0.7719726566037736 0.3447265625 0.7675781245283019
14 0.3271484375 0.700195312264151 0.3232421875 0.703125 0.318359375 0.7104492188679246 0.318359375 0.7280273433962264 0.3212890625 0.7324218754716981 0.3447265625 0.717773437735849 0.34765625 0.7133789066037736 0.34765625 0.7075195311320754 0.3427734375 0.700195312264151 0.3271484375 0.700195312264151
14 0.3798828125 0.4746093745283019 0.3564453125 0.46875 0.3525390625 0.46875 0.349609375 0.4731445311320755 0.349609375 0.4790039066037736 0.3544921875 0.4863281245283018 0.3603515625 0.489257812264151 0.3740234375 0.489257812264151 0.380859375 0.4790039066037736 0.380859375 0.4760742188679245 0.3798828125 0.4746093745283019
14 0.3388671875 0.45996093773584906 0.3369140625 0.45996093773584906 0.3359375 0.4614257811320755 0.3359375 0.4672851566037736 0.3427734375 0.47753906226415094 0.3486328125 0.47753906226415094 0.349609375 0.4760742188679245 0.349609375 0.4731445311320755 0.3486328125 0.47167968773584906 0.3388671875 0.45996093773584906
14 0.2568359375 0.33691406226415094 0.255859375 0.3383789066037736 0.255859375 0.3500976566037736 0.2578125 0.3559570311320755 0.2646484375 0.36328125 0.2705078125 0.36328125 0.287109375 0.3471679688679245 0.2783203125 0.33691406226415094 0.2568359375 0.33691406226415094
14 0.2822265625 0.28417968773584906 0.2568359375 0.2753906245283019 0.255859375 0.2768554688679245 0.24609375 0.3061523433962264 0.24609375 0.3090820311320755 0.2509765625 0.31347656226415094 0.2587890625 0.31347656226415094 0.2763671875 0.3105468754716981 0.283203125 0.2885742188679245 0.283203125 0.2856445311320755 0.2822265625 0.28417968773584906
14 0.330078125 0.3032226566037736 0.330078125 0.3120117188679245 0.33203125 0.3178710933962264 0.3447265625 0.33691406226415094 0.3525390625 0.33691406226415094 0.357421875 0.3325195311320755 0.3330078125 0.2988281245283019 0.330078125 0.3032226566037736
9 0.5087890625 0.14648437547169813 0.5078125 0.14794921886792453 0.5078125 0.15966796886792453 0.5087890625 0.16113281226415094 0.5126953125 0.16113281226415094 0.513671875 0.15966796886792453 0.513671875 0.14794921886792453 0.5126953125 0.14648437547169813 0.5087890625 0.14648437547169813
20 0.513671875 0.21826171886792453 0.4853515625 0.1875 0.4794921875 0.18457031226415094 0.4736328125 0.18457031226415094 0.4638671875 0.1875 0.462890625 0.1889648433962264 0.478515625 0.21533203113207547 0.4931640625 0.23730468773584906 0.4970703125 0.24023437452830187 0.5048828125 0.24023437452830187 0.509765625 0.2329101566037736 0.513671875 0.2211914066037736 0.513671875 0.21826171886792453
20 0.2861328125 0.5332031245283019 0.2802734375 0.530273437735849 0.2529296875 0.5214843754716981 0.2490234375 0.524414062264151 0.24609375 0.5288085933962264 0.24609375 0.5346679688679246 0.2490234375 0.541992187735849 0.2568359375 0.547851562264151 0.2802734375 0.5449218754716981 0.2900390625 0.5390625 0.291015625 0.5375976566037736 0.2861328125 0.5332031245283019
9 0.7177734375 0.653320312264151 0.7275390625 0.641601562264151 0.73828125 0.6254882811320754 0.740234375 0.6196289066037736 0.740234375 0.5874023433962264 0.736328125 0.5727539066037736 0.7275390625 0.559570312264151 0.7099609375 0.559570312264151 0.6943359375 0.565429687735849 0.69140625 0.5727539066037736 0.68359375 0.6079101566037736 0.68359375 0.6225585933962264 0.6875 0.6518554688679246 0.689453125 0.6606445311320754 0.6904296875 0.6621093754716981 0.6943359375 0.665039062264151 0.7041015625 0.665039062264151 0.7177734375 0.653320312264151
0 0.431640625 0.2124023433962264 0.4296875 0.21826171886792453 0.4326171875 0.22265625 0.4365234375 0.22265625 0.439453125 0.21826171886792453 0.439453125 0.21533203113207547 0.4365234375 0.2109375 0.4326171875 0.2109375 0.431640625 0.2124023433962264
12 0.359375 0.15966796886792453 0.3583984375 0.15820312452830187 0.3505859375 0.15820312452830187 0.34765625 0.1625976566037736 0.345703125 0.16845703113207547 0.33203125 0.2124023433962264 0.33203125 0.21533203113207547 0.3349609375 0.22265625 0.3369140625 0.22265625 0.337890625 0.2211914066037736 0.3515625 0.19189453113207547 0.359375 0.1625976566037736 0.359375 0.15966796886792453
24 0.3095703125 0.15234375 0.3056640625 0.15234375 0.3046875 0.1538085933962264 0.294921875 0.19482421886792453 0.294921875 0.1977539066037736 0.2998046875 0.20214843773584906 0.3037109375 0.20214843773584906 0.326171875 0.17138671886792453 0.326171875 0.1655273433962264 0.3251953125 0.1640625 0.3095703125 0.15234375
7 0.6455078125 0.524414062264151 0.6728515625 0.524414062264151 0.677734375 0.5200195311320754 0.6103515625 0.3339843754716981 0.6083984375 0.3339843754716981 0.6015625 0.3442382811320755 0.5703125 0.4086914066037736 0.564453125 0.4233398433962264 0.5625 0.4409179688679245 0.564453125 0.4526367188679245 0.568359375 0.4614257811320755 0.5791015625 0.47753906226415094 0.6064453125 0.50390625 0.6220703125 0.515625 0.6337890625 0.5214843754716981 0.6455078125 0.524414062264151