1 0.48766025625 0.165625 0.487820513125 0.1617788462264151 0.48237179500000005 0.12139423113207548 0.474198718125 0.11923076886792452 0.46762820499999996 0.12283653867924528 0.464583333125 0.1295673075471698 0.462820513125 0.13870192264150943 0.46266025624999996 0.1475961537735849 0.4639423075 0.15408653867924527 0.46634615375000005 0.1600961537735849 0.46939102562499996 0.1641826924528302 0.474679486875 0.1680288462264151 0.48157051312500004 0.16971153867924527 0.484615384375 0.16875 0.48766025625 0.165625
4 0.54871794875 0.33245192264150947 0.550480769375 0.3257211537735849 0.550801281875 0.3141826924528302 0.548878205 0.30625 0.544871795 0.2954326924528302 0.538141025625 0.2829326924528302 0.45496794875 0.2074519226415094 0.45208333312500004 0.2076923075471698 0.451762820625 0.20889423113207548 0.462019230625 0.22860576886792452 0.490705128125 0.2829326924528302 0.505769230625 0.309375 0.512980769375 0.3177884613207547 0.529166666875 0.3329326924528302 0.544871795 0.3353365386792453 0.54871794875 0.33245192264150947
3 0.52147435875 0.12211538490566037 0.513621795 0.14110576886792453 0.513141025625 0.14423076886792452 0.510737179375 0.18149038490566038 0.513621795 0.18341346132075473 0.54871794875 0.1673076924528302 0.557371795 0.12283653867924528 0.556570513125 0.12139423113207548 0.55272435875 0.11971153867924529 0.52516025625 0.12067307735849056 0.52147435875 0.12211538490566037
3 0.634615384375 0.22932692264150942 0.635576923125 0.22475961509433962 0.625320513125 0.2024038462264151 0.5918269231250001 0.1819711537735849 0.5860576925000001 0.1858173075471698 0.55528846125 0.21153846132075474 0.546794871875 0.22067307735849057 0.55528846125 0.23221153867924527 0.564583333125 0.24014423113207548 0.587980769375 0.2569711537735849 0.5953525643750001 0.2588942311320755 0.60721153875 0.25384615377358494 0.626762820625 0.23774038490566038 0.634615384375 0.22932692264150942
1 0.69375 0.23653846132075473 0.69871794875 0.2242788462264151 0.69983974375 0.21658653867924527 0.6985576925 0.20528846132075473 0.6969551281249999 0.2014423075471698 0.693269230625 0.19951923113207548 0.6657051281249999 0.2038461537735849 0.6637820512499999 0.2086538462264151 0.662019230625 0.24110576886792454 0.66266025625 0.2439903849056604 0.6649038462500001 0.2473557688679245 0.6701923075 0.2514423075471698 0.67628205125 0.25192307735849057 0.68125 0.25096153867924526 0.6892628206249999 0.24447115377358491 0.69375 0.23653846132075473
13 0.771634615625 0.27139423113207545 0.748878205 0.24783653867924527 0.7443910256249999 0.24855769245283021 0.7336538462500001 0.259375 0.7258012818749999 0.27139423113207545 0.7158653843749999 0.2971153849056604 0.71153846125 0.31057692264150943 0.705929486875 0.3298076924528302 0.7099358975 0.3420673075471698 0.713621795 0.3473557688679245 0.729166666875 0.35721153867924527 0.77147435875 0.3069711537735849 0.774679486875 0.29471153867924527 0.77483974375 0.29110576886792455 0.771634615625 0.27139423113207545
1 0.63525641 0.4048076924528302 0.6213141025 0.33317307735849055 0.617948718125 0.3293269226415095 0.607051281875 0.3269230773584905 0.603365384375 0.32860576886792453 0.599519230625 0.33317307735849055 0.59375 0.3454326924528302 0.5935897437500001 0.3533653849056604 0.597115384375 0.3846153849056604 0.59983974375 0.3923076924528302 0.607371795 0.4045673075471698 0.612019230625 0.40817307735849057 0.6173076925000001 0.4098557688679245 0.625641025625 0.4086538462264151 0.63525641 0.4048076924528302
21 0.4951923075 0.7204326924528301 0.51378205125 0.6887019226415094 0.518108974375 0.6778846150943396 0.519230769375 0.6658653849056604 0.510416666875 0.6331730773584906 0.40673076937499997 0.43125 0.404326923125 0.428125 0.40352564125 0.4288461537735849 0.30352564125000003 0.5800480773584905 0.30384615375 0.5836538462264151 0.39246794875 0.7391826924528302 0.40865384624999995 0.7399038462264151 0.44711538437500004 0.7389423075471698 0.478044871875 0.7310096150943396 0.48990384625 0.7254807688679246 0.4951923075 0.7204326924528301
1 0.5331730768749999 0.4519230773584905 0.537980769375 0.4435096150943396 0.540865384375 0.4314903849056604 0.533012820625 0.40576923113207547 0.5019230768749999 0.4129807688679245 0.49791666687499997 0.41971153867924527 0.49727564125 0.4329326924528302 0.497115384375 0.43966346132075473 0.49791666687499997 0.4430288462264151 0.499198718125 0.446875 0.502884615625 0.45264423113207547 0.50977564125 0.4579326924528302 0.51891025625 0.4591346150943396 0.525320513125 0.45817307735849055 0.5331730768749999 0.4519230773584905
4 0.5985576925 0.6100961537735848 0.5927884612500001 0.6 0.5644230768749999 0.5608173075471699 0.560416666875 0.5581730773584905 0.55641025625 0.5567307688679246 0.5525641025 0.559375 0.5464743587499999 0.5668269226415095 0.5423076925 0.5788461537735848 0.54391025625 0.5947115386792453 0.619230769375 0.6954326924528301 0.619871795 0.6939903849056605 0.619871795 0.6887019226415094 0.619070513125 0.6798076924528301 0.6096153843750001 0.6425480773584905 0.604647435625 0.6259615386792453 0.5985576925 0.6100961537735848
18 0.6665064099999999 0.4723557688679245 0.6607371793750001 0.46971153867924526 0.65016025625 0.4685096150943396 0.6344551281249999 0.4778846150943396 0.6338141025 0.4790865386792453 0.63477564125 0.4838942311320754 0.6775641025 0.5199519226415095 0.680929486875 0.5134615386792453 0.68028846125 0.5055288462264151 0.67371794875 0.48341346132075474 0.6711538462500001 0.4776442311320755 0.6665064099999999 0.4723557688679245
14 0.6799679487500001 0.3951923075471698 0.66746794875 0.40408653867924527 0.691666666875 0.4358173075471698 0.693429486875 0.4362980773584905 0.698397435625 0.4334134613207547 0.7088141025 0.41971153867924527 0.7088141025 0.41610576886792455 0.70096153875 0.40432692264150943 0.685416666875 0.39278846132075473 0.6799679487500001 0.3951923075471698
18 0.8025641025 0.5293269226415095 0.8068910256249999 0.5254807688679246 0.812019230625 0.5103365386792452 0.811378205 0.4966346150943396 0.799519230625 0.475 0.795833333125 0.4728365386792453 0.7679487181250001 0.4670673075471698 0.75977564125 0.4675480773584905 0.755769230625 0.46971153867924526 0.75 0.4766826924528302 0.7485576924999999 0.4788461537735849 0.746794871875 0.4848557688679246 0.7477564099999999 0.49759615377358485 0.748878205 0.5021634613207547 0.752083333125 0.5086538462264151 0.7650641025 0.5211538462264151 0.781570513125 0.5307692311320754 0.787019230625 0.5326923075471699 0.7948717949999999 0.5329326924528301 0.8025641025 0.5293269226415095
12 0.747916666875 0.5564903849056604 0.7477564099999999 0.5548076924528301 0.720673076875 0.5026442311320755 0.7142628206249999 0.5170673075471699 0.71266025625 0.5247596150943395 0.71266025625 0.5334134613207547 0.714102564375 0.5449519226415095 0.7173076924999999 0.5524038462264151 0.723397435625 0.5603365386792453 0.7320512818749999 0.565625 0.740384615625 0.5663461537735849 0.744070513125 0.5634615386792453 0.747916666875 0.5564903849056604
11 0.665865384375 0.5694711537735849 0.662019230625 0.56875 0.655128205 0.5721153849056604 0.654166666875 0.6112980773584905 0.656730769375 0.6125 0.664423076875 0.6112980773584905 0.665865384375 0.6096153849056604 0.66891025625 0.5995192311320754 0.66971153875 0.5920673075471699 0.669070513125 0.5790865386792453 0.665865384375 0.5694711537735849
1 0.728365384375 0.6771634613207548 0.7298076925 0.6721153849056604 0.7298076925 0.6538461537735849 0.720673076875 0.6466346150943396 0.7051282050000001 0.6365384613207548 0.700320513125 0.6384615386792453 0.69759615375 0.6425480773584905 0.695673076875 0.6497596150943395 0.695673076875 0.6574519226415094 0.6982371793750001 0.6658653849056604 0.70224359 0.6742788462264151 0.712820513125 0.6834134613207548 0.716666666875 0.684375 0.721955128125 0.6822115386792452 0.728365384375 0.6771634613207548