21 0.6640625 0.1655273433962264 0.650390625 0.1274414066037736 0.6416015625 0.11425781226415094 0.6376953125 0.11132812452830189 0.6337890625 0.11132812452830189 0.564453125 0.19482421886792453 0.55859375 0.2124023433962264 0.55078125 0.2416992188679245 0.54296875 0.2827148433962264 0.541015625 0.2944335933962264 0.541015625 0.3061523433962264 0.5419921875 0.30761718773584906 0.6455078125 0.2871093754716981 0.650390625 0.2797851566037736 0.65234375 0.2739257811320755 0.666015625 0.20654296886792453 0.6640625 0.1655273433962264
21 0.4765625 0.15966796886792453 0.46484375 0.07177734339622642 0.462890625 0.06005859339622641 0.4609375 0.05419921886792453 0.4580078125 0.049804687735849056 0.4560546875 0.049804687735849056 0.3564453125 0.1875 0.35546875 0.1889648433962264 0.3818359375 0.23144531226415094 0.4052734375 0.2431640622641509 0.4091796875 0.2431640622641509 0.4248046875 0.22851562452830187 0.4736328125 0.17285156226415094 0.4765625 0.16845703113207547 0.4765625 0.15966796886792453
21 0.3681640625 0.52734375 0.4013671875 0.512695312264151 0.40234375 0.5112304688679246 0.41015625 0.4760742188679245 0.408203125 0.4321289066037736 0.390625 0.3969726566037736 0.3798828125 0.3808593754716981 0.3740234375 0.375 0.3681640625 0.375 0.3427734375 0.39550781226415094 0.3359375 0.4057617188679245 0.33203125 0.4174804688679245 0.328125 0.4350585933962264 0.326171875 0.4467773433962264 0.326171875 0.4672851566037736 0.328125 0.4760742188679245 0.33203125 0.48779296886792456 0.3359375 0.49658203113207544 0.3525390625 0.5214843754716981 0.3623046875 0.52734375 0.3681640625 0.52734375
12 0.708984375 0.6020507811320754 0.708984375 0.5932617188679246 0.70703125 0.5874023433962264 0.7041015625 0.583007812264151 0.6982421875 0.5800781245283019 0.6865234375 0.577148437735849 0.6787109375 0.577148437735849 0.67578125 0.5815429688679246 0.67578125 0.5903320311320754 0.6796875 0.6342773433962264 0.6806640625 0.635742187735849 0.6865234375 0.635742187735849 0.6943359375 0.629882812264151 0.705078125 0.6137695311320754 0.708984375 0.6020507811320754
20 0.689453125 0.4731445311320755 0.69140625 0.4643554688679245 0.6845703125 0.45410156226415094 0.6728515625 0.4453125 0.6572265625 0.43652343773584906 0.6494140625 0.43652343773584906 0.646484375 0.4409179688679245 0.646484375 0.4584960933962264 0.6630859375 0.483398437735849 0.6689453125 0.489257812264151 0.6728515625 0.489257812264151 0.6767578125 0.4863281245283018 0.6865234375 0.47753906226415094 0.689453125 0.4731445311320755
20 0.5283203125 0.5332031245283019 0.5205078125 0.5332031245283019 0.5166015625 0.536132812264151 0.513671875 0.5405273433962264 0.51171875 0.5463867188679246 0.49876298375 0.6233237075471698 0.5166015625 0.612304687735849 0.5361328125 0.600585937735849 0.5390625 0.5961914066037736 0.5390625 0.5903320311320754 0.533203125 0.5434570311320754 0.529296875 0.5346679688679246 0.5283203125 0.5332031245283019
9 0.5224609375 0.659179687735849 0.5185546875 0.659179687735849 0.5107421875 0.6621093754716981 0.509765625 0.6635742188679246 0.5078125 0.6723632811320754 0.515625 0.6928710933962264 0.5166015625 0.694335937735849 0.5185546875 0.694335937735849 0.51953125 0.6928710933962264 0.525390625 0.6694335933962264 0.525390625 0.6635742188679246 0.5224609375 0.659179687735849
9 0.455078125 0.6811523433962264 0.4541015625 0.6796875 0.4423828125 0.6796875 0.439453125 0.6840820311320754 0.435546875 0.6928710933962264 0.435546875 0.6987304688679246 0.4365234375 0.700195312264151 0.4404296875 0.700195312264151 0.4501953125 0.694335937735849 0.453125 0.6899414066037736 0.455078125 0.6840820311320754 0.455078125 0.6811523433962264
9 0.4599609375 0.706054687735849 0.4580078125 0.706054687735849 0.45703125 0.7075195311320754 0.45703125 0.7104492188679246 0.4580078125 0.711914062264151 0.4619140625 0.71484375 0.4658203125 0.71484375 0.466796875 0.7133789066037736 0.4638671875 0.7089843754716981 0.4599609375 0.706054687735849
9 0.3212890625 0.606445312264151 0.3330078125 0.600585937735849 0.341796875 0.5874023433962264 0.345703125 0.5756835933962264 0.345703125 0.5668945311320754 0.3408203125 0.5625 0.3349609375 0.559570312264151 0.3056640625 0.5566406245283019 0.2763671875 0.5625 0.275390625 0.5639648433962264 0.26953125 0.5844726566037736 0.26953125 0.5961914066037736 0.2763671875 0.606445312264151 0.2822265625 0.612304687735849 0.2900390625 0.6152343754716981 0.2958984375 0.6152343754716981 0.3056640625 0.612304687735849 0.3212890625 0.606445312264151
9 0.361328125 0.2885742188679245 0.353515625 0.3061523433962264 0.3564453125 0.3105468754716981 0.3701171875 0.31347656226415094 0.37109375 0.3120117188679245 0.37109375 0.2944335933962264 0.3662109375 0.2871093754716981 0.3623046875 0.2871093754716981 0.361328125 0.2885742188679245
9 0.5791015625 0.7089843754716981 0.578125 0.7104492188679246 0.578125 0.7133789066037736 0.5830078125 0.717773437735849 0.5888671875 0.717773437735849 0.58984375 0.7163085933962264 0.58984375 0.7133789066037736 0.5849609375 0.7089843754716981 0.5791015625 0.7089843754716981
13 0.3232421875 0.670898437735849 0.3212890625 0.670898437735849 0.31640625 0.6752929688679246 0.306640625 0.6958007811320754 0.306640625 0.7016601566037736 0.3134765625 0.711914062264151 0.3173828125 0.7089843754716981 0.3251953125 0.700195312264151 0.33203125 0.6870117188679246 0.33203125 0.6840820311320754 0.3232421875 0.670898437735849