18 0.451171875 0.20654296886792453 0.451171875 0.18310546886792453 0.447265625 0.16845703113207547 0.4423828125 0.1640625 0.4345703125 0.16699218773584906 0.4306640625 0.16992187547169813 0.421875 0.18310546886792453 0.412109375 0.2094726566037736 0.408203125 0.22705078113207547 0.408203125 0.23876953113207547 0.4150390625 0.2490234377358491 0.4189453125 0.2519531245283019 0.4287109375 0.2519531245283019 0.439453125 0.2358398433962264 0.447265625 0.21826171886792453 0.451171875 0.20654296886792453
18 0.5634765625 0.2578125 0.564453125 0.2563476566037736 0.56640625 0.2475585933962264 0.56640625 0.22998046886792453 0.564453125 0.2211914066037736 0.5546875 0.19189453113207547 0.55078125 0.18310546886792453 0.5439453125 0.17285156226415094 0.5400390625 0.16992187547169813 0.5302734375 0.16992187547169813 0.5234375 0.18017578113207547 0.521484375 0.19189453113207547 0.5234375 0.20361328113207547 0.525390625 0.2124023433962264 0.53515625 0.2416992188679245 0.5390625 0.2504882811320755 0.5419921875 0.25488281226415094 0.5498046875 0.26074218773584906 0.5634765625 0.2578125
18 0.705078125 0.3618164066037736 0.708984375 0.3500976566037736 0.708984375 0.3413085933962264 0.7021484375 0.33105468773584906 0.6943359375 0.33105468773584906 0.6904296875 0.3339843754716981 0.6689453125 0.3574218754716981 0.658203125 0.3735351566037736 0.65625 0.3793945311320755 0.6630859375 0.38964843773584906 0.6669921875 0.3925781245283019 0.6806640625 0.3925781245283019 0.6865234375 0.38964843773584906 0.6943359375 0.3808593754716981 0.69921875 0.3735351566037736 0.705078125 0.3618164066037736
18 0.4609375 0.6342773433962264 0.462890625 0.6284179688679246 0.4599609375 0.624023437735849 0.4267578125 0.594726562264151 0.412109375 0.6166992188679246 0.41015625 0.6225585933962264 0.41015625 0.6342773433962264 0.416015625 0.6489257811320754 0.4228515625 0.65625 0.4404296875 0.65625 0.4462890625 0.653320312264151 0.4501953125 0.6503906245283019 0.4609375 0.6342773433962264
18 0.314453125 0.7016601566037736 0.314453125 0.6723632811320754 0.3125 0.6665039066037736 0.302734375 0.6459960933962264 0.2880859375 0.6269531245283019 0.2841796875 0.624023437735849 0.2783203125 0.624023437735849 0.2724609375 0.6269531245283019 0.267578125 0.6342773433962264 0.265625 0.6401367188679246 0.265625 0.6577148433962264 0.2734375 0.6782226566037736 0.28515625 0.7016601566037736 0.2958984375 0.71484375 0.3076171875 0.71484375 0.3125 0.7075195311320754 0.314453125 0.7016601566037736
9 0.302734375 0.5581054688679246 0.310546875 0.5229492188679246 0.310546875 0.5112304688679246 0.30859375 0.5053710933962264 0.2958984375 0.483398437735849 0.2880859375 0.483398437735849 0.2744140625 0.4863281245283018 0.2666015625 0.489257812264151 0.2431640625 0.50390625 0.23828125 0.5112304688679246 0.23828125 0.5258789066037736 0.2431640625 0.5332031245283019 0.2626953125 0.55078125 0.2685546875 0.553710937735849 0.2958984375 0.559570312264151 0.3017578125 0.559570312264151 0.302734375 0.5581054688679246
1 0.677734375 0.6489257811320754 0.677734375 0.6401367188679246 0.666015625 0.5844726566037736 0.6650390625 0.583007812264151 0.6640625 0.5844726566037736 0.65234375 0.6196289066037736 0.65234375 0.6372070311320754 0.654296875 0.6459960933962264 0.6591796875 0.653320312264151 0.6630859375 0.65625 0.6708984375 0.65625 0.6748046875 0.653320312264151 0.677734375 0.6489257811320754
1 0.7060546875 0.45410156226415094 0.7021484375 0.4511718745283019 0.6904296875 0.4511718745283019 0.67578125 0.4643554688679245 0.669921875 0.4760742188679245 0.7080078125 0.518554687735849 0.7119140625 0.518554687735849 0.7177734375 0.515625 0.72265625 0.5083007811320754 0.72265625 0.4907226566037736 0.71484375 0.4672851566037736 0.7060546875 0.45410156226415094
3 0.41015625 0.4643554688679245 0.41015625 0.4497070311320755 0.408203125 0.4438476566037736 0.3935546875 0.421875 0.3701171875 0.43652343773584906 0.3583984375 0.44824218773584906 0.35546875 0.4526367188679245 0.35546875 0.4936523433962264 0.3583984375 0.4980468754716982 0.3818359375 0.5097656245283019 0.3857421875 0.5097656245283019 0.4013671875 0.4921875 0.40625 0.48486328113207544 0.41015625 0.4643554688679245
20 0.373046875 0.6166992188679246 0.373046875 0.6020507811320754 0.369140625 0.5874023433962264 0.3623046875 0.577148437735849 0.3603515625 0.577148437735849 0.353515625 0.5874023433962264 0.353515625 0.6049804688679246 0.357421875 0.6166992188679246 0.361328125 0.6254882811320754 0.3662109375 0.6328125 0.3681640625 0.6328125 0.37109375 0.6284179688679246 0.373046875 0.6166992188679246
20 0.568359375 0.5610351566037736 0.5986328125 0.629882812264151 0.626953125 0.5961914066037736 0.6220703125 0.588867187735849 0.6005859375 0.565429687735849 0.5947265625 0.5625 0.5693359375 0.559570312264151 0.568359375 0.5610351566037736
20 0.5791015625 0.3691406245283019 0.5712890625 0.36035156226415094 0.5673828125 0.3574218754716981 0.5439453125 0.3515625 0.54296875 0.3530273433962264 0.53515625 0.3706054688679245 0.5595703125 0.40136718773584906 0.5751953125 0.4042968745283019 0.5810546875 0.4042968745283019 0.5859375 0.3969726566037736 0.5859375 0.3823242188679245 0.583984375 0.3764648433962264 0.5791015625 0.3691406245283019
20 0.5 0.3471679688679245 0.5 0.3295898433962264 0.4931640625 0.31933593773584906 0.4736328125 0.30175781226415094 0.4697265625 0.30175781226415094 0.46875 0.3032226566037736 0.46875 0.3325195311320755 0.4765625 0.3471679688679245 0.4814453125 0.35449218773584906 0.4853515625 0.3574218754716981 0.4892578125 0.3574218754716981 0.4951171875 0.35449218773584906 0.5 0.3471679688679245
20 0.49609375 0.3208007811320755 0.4931640625 0.31640625 0.4736328125 0.30175781226415094 0.4697265625 0.30175781226415094 0.46875 0.3032226566037736 0.455078125 0.3500976566037736 0.45703125 0.3676757811320755 0.4599609375 0.375 0.4951171875 0.35449218773584906 0.5 0.3471679688679245 0.501953125 0.3413085933962264 0.5 0.3295898433962264 0.49609375 0.3208007811320755
20 0.359375 0.3471679688679245 0.3505859375 0.3339843754716981 0.3408203125 0.328125 0.3369140625 0.328125 0.333984375 0.3325195311320755 0.333984375 0.3442382811320755 0.34765625 0.4233398433962264 0.3486328125 0.42480468773584906 0.3505859375 0.42480468773584906 0.3515625 0.4233398433962264 0.361328125 0.3530273433962264 0.359375 0.3471679688679245
20 0.349609375 0.2534179688679245 0.3486328125 0.2519531245283019 0.3193359375 0.2519531245283019 0.3115234375 0.25488281226415094 0.3017578125 0.26074218773584906 0.30078125 0.2622070311320755 0.306640625 0.2885742188679245 0.3154296875 0.29589843773584906 0.3193359375 0.29589843773584906 0.3388671875 0.28417968773584906 0.341796875 0.2797851566037736 0.349609375 0.2563476566037736 0.349609375 0.2534179688679245