21 0.369070513125 0.24591346132075473 0.369230769375 0.2389423075471698 0.357852564375 0.17379807735849057 0.35352564125 0.15961538490566038 0.35016025624999997 0.15480769245283021 0.342147435625 0.1514423075471698 0.32996794875 0.1519230773584906 0.31746794875 0.16995192264150943 0.31346153875 0.17836538490566037 0.310416666875 0.18557692264150943 0.30721153875 0.2004807688679245 0.30641025625 0.22067307735849057 0.3076923075 0.22836538490566038 0.32003205125 0.2810096150943396 0.32403846125 0.2908653849056604 0.32612179500000005 0.29302884622641506 0.33012820499999995 0.29375 0.34134615375000005 0.28701923113207545 0.369070513125 0.24591346132075473
13 0.51025641 0.30264423113207545 0.51233974375 0.29879807735849057 0.5153846156249999 0.2872596150943396 0.514583333125 0.2829326924528302 0.474519230625 0.2300480773584906 0.470512820625 0.22932692264150942 0.466987179375 0.23076923113207548 0.462019230625 0.2360576924528302 0.45384615375000004 0.25192307735849057 0.439262820625 0.2882211537735849 0.43141025624999996 0.31442307735849057 0.42884615375 0.32908653867924526 0.429166666875 0.34158653867924527 0.431570513125 0.3485576924528302 0.435737179375 0.3557692311320755 0.439423076875 0.35721153867924527 0.44759615375 0.3540865386792453 0.46121794875 0.34567307735849057 0.47724359 0.3336538462264151 0.51025641 0.30264423113207545
21 0.6410256412500001 0.20504807735849057 0.636698718125 0.18942307735849057 0.630769230625 0.17379807735849057 0.62147435875 0.1579326924528302 0.56746794875 0.07548076886792453 0.5644230768749999 0.07451923113207548 0.5608974356249999 0.07620192264150943 0.530929486875 0.09855769245283019 0.522115384375 0.1266826924528302 0.521634615625 0.13485576886792452 0.524679486875 0.15024038490566038 0.5605769231250001 0.29471153867924527 0.62227564125 0.26754807735849057 0.626121795 0.26298076886792454 0.637980769375 0.2242788462264151 0.640705128125 0.21274038490566038 0.6410256412500001 0.20504807735849057
13 0.775801281875 0.37403846132075474 0.776121795 0.3625 0.77483974375 0.34158653867924527 0.77227564125 0.3221153849056604 0.768269230625 0.2985576924528302 0.7636217949999999 0.28052884622641505 0.7599358975 0.2747596150943396 0.7576923075 0.2752403849056604 0.7258012818749999 0.29495192264150943 0.725 0.29879807735849057 0.7350961537499999 0.3533653849056604 0.747916666875 0.38990384622641505 0.749519230625 0.3923076924528302 0.759615384375 0.4009615386792453 0.7676282050000001 0.3961538462264151 0.7741987181250001 0.384375 0.775801281875 0.37403846132075474
18 0.73349359 0.5016826924528301 0.724519230625 0.4838942311320754 0.72259615375 0.4819711537735849 0.710576923125 0.4783653849056604 0.70721153875 0.47860576886792455 0.6969551281249999 0.48870192264150947 0.69358974375 0.49783653867924527 0.692948718125 0.5026442311320755 0.6931089743750001 0.5144230773584906 0.69471153875 0.5293269226415095 0.6969551281249999 0.5372596150943396 0.7326923075 0.5516826924528302 0.743429486875 0.5516826924528302 0.748076923125 0.5485576924528301 0.748878205 0.5447115386792453 0.73349359 0.5016826924528301
1 0.646955128125 0.43004807735849054 0.643429486875 0.4221153849056604 0.6402243587499999 0.41995192264150943 0.635576923125 0.41995192264150943 0.626762820625 0.4235576924528302 0.6224358975 0.4283653849056604 0.6139423075 0.4430288462264151 0.6091346156249999 0.4545673075471698 0.6088141025 0.45889423113207545 0.6173076925000001 0.4673076924528302 0.6230769231250001 0.4689903849056604 0.63125 0.4663461537735849 0.63846153875 0.4615384613207547 0.6463141025 0.4485576924528302 0.648076923125 0.4360576924528302 0.646955128125 0.43004807735849054
18 0.51971153875 0.43173076886792455 0.5173076925 0.428125 0.5019230768749999 0.41442307735849054 0.493429486875 0.4125 0.48221153875 0.4151442311320755 0.479487179375 0.41754807735849053 0.47884615375 0.41995192264150943 0.4860576925 0.43125 0.49567307687499995 0.44038461509433957 0.50528846125 0.4447115386792453 0.513621795 0.4461538462264151 0.518108974375 0.44375 0.520352564375 0.43942307735849057 0.51971153875 0.43173076886792455
9 0.319230769375 0.32548076886792454 0.31618589750000003 0.3295673075471698 0.31490384625 0.33389423113207545 0.31522435875 0.34447115377358495 0.31746794875 0.3509615386792453 0.32163461562499995 0.35673076886792454 0.32612179500000005 0.35865384622641505 0.3275641025 0.35192307735849054 0.32403846125 0.32524038490566043 0.321955128125 0.3235576924528302 0.319230769375 0.32548076886792454
14 0.37740384624999995 0.4387019226415095 0.364583333125 0.40817307735849057 0.36217948687499996 0.40408653867924527 0.357051281875 0.4026442311320755 0.35256410250000003 0.4115384613207547 0.355448718125 0.43533653867924527 0.35753205125 0.4391826924528302 0.3639423075 0.4466346150943396 0.368108974375 0.4490384613207547 0.373237179375 0.4490384613207547 0.37708333312500003 0.4459134613207547 0.378205128125 0.44326923113207545 0.37740384624999995 0.4387019226415095
1 0.274519230625 0.45096153867924527 0.275480769375 0.4471153849056604 0.275 0.43533653867924527 0.27147435875 0.4310096150943396 0.263621795 0.4288461537735849 0.255769230625 0.43317307735849053 0.25368589750000003 0.43533653867924527 0.25048076937499997 0.43942307735849057 0.249198718125 0.44567307735849054 0.249198718125 0.45528846132075473 0.251602564375 0.4625 0.25721153874999997 0.4689903849056604 0.260897435625 0.4704326924528302 0.2650641025 0.4704326924528302 0.26746794875 0.46923076886792453 0.26875 0.4673076924528302 0.274519230625 0.45096153867924527
18 0.27259615375 0.5956730773584905 0.26746794875 0.5838942311320754 0.26041666687500004 0.5776442311320754 0.248237179375 0.5713942311320754 0.24647435874999998 0.571875 0.235897435625 0.5918269226415095 0.23221153875 0.6026442311320754 0.23205128187500002 0.6074519226415095 0.23397435875 0.6230769226415095 0.244391025625 0.6365384613207548 0.24759615375 0.6375 0.259615384375 0.6365384613207548 0.269871795 0.6269230773584905 0.27275641 0.6028846150943395 0.27259615375 0.5956730773584905
1 0.390384615625 0.5478365386792453 0.39599359 0.5382211537735849 0.399679486875 0.5295673075471699 0.40112179500000006 0.5237980773584906 0.4014423075 0.5213942311320754 0.400320513125 0.5139423075471699 0.39743589749999997 0.5072115386792453 0.392948718125 0.5016826924528301 0.38862179500000005 0.5012019226415094 0.34727564125 0.5377403849056605 0.34375 0.5408653849056604 0.350641025625 0.5603365386792453 0.35352564125 0.5646634613207547 0.35721153875 0.5670673075471698 0.36490384625 0.5685096150943396 0.37259615375000005 0.5661057688679246 0.37884615375 0.5625 0.390384615625 0.5478365386792453
9 0.38221153874999997 0.7442307688679246 0.385576923125 0.7149038462264151 0.38477564125 0.7112980773584906 0.3798076925 0.7033653849056604 0.33461538437500005 0.6673076924528302 0.325801281875 0.6685096150943396 0.32435897437500005 0.6699519226415095 0.321955128125 0.6769230773584906 0.32275641 0.68125 0.34439102562499996 0.7483173075471699 0.346794871875 0.7536057688679246 0.35160256437500004 0.7600961537735849 0.353205128125 0.7612980773584905 0.35737179500000005 0.7615384613207548 0.380929486875 0.7461538462264151 0.38221153874999997 0.7442307688679246
9 0.5224358975 0.6862980773584906 0.517628205 0.6795673075471699 0.50608974375 0.675 0.501762820625 0.6740384613207547 0.49022435875 0.6774038462264151 0.470512820625 0.6887019226415094 0.4610576925 0.696875 0.443108974375 0.7197115386792453 0.4423076925 0.7233173075471698 0.440705128125 0.74375 0.440705128125 0.7576923075471699 0.4411858975 0.7603365386792452 0.44375 0.7622596150943396 0.5036858975 0.7245192311320754 0.5217948718750001 0.6966346150943395 0.5229166668749999 0.6932692311320754 0.5224358975 0.6862980773584906
13 0.59775641 0.6697115386792453 0.5929487181249999 0.6555288462264152 0.58397435875 0.6490384613207547 0.57596153875 0.6495192311320754 0.56009615375 0.6617788462264151 0.5328525643750001 0.7271634613207547 0.5331730768749999 0.7341346150943396 0.55272435875 0.7639423075471699 0.561378205 0.7598557688679246 0.573076923125 0.7478365386792453 0.579647435625 0.7362980773584905 0.587820513125 0.7182692311320754 0.59503205125 0.6932692311320754 0.59775641 0.6697115386792453
18 0.568269230625 0.5447115386792453 0.568269230625 0.5370192311320754 0.56522435875 0.5237980773584906 0.537019230625 0.4947115386792453 0.5286858975 0.4923076924528301 0.5152243587499999 0.4995192311320754 0.508173076875 0.5079326924528301 0.505128205 0.5182692311320755 0.5056089743750001 0.5334134613207547 0.512820513125 0.5516826924528302 0.5224358975 0.5680288462264151 0.529487179375 0.5745192311320754 0.54102564125 0.5757211537735849 0.5474358975 0.5721153849056604 0.554647435625 0.5658653849056604 0.568269230625 0.5447115386792453
1 0.724679486875 0.7512019226415094 0.723397435625 0.7399038462264151 0.722115384375 0.7358173075471699 0.7205128206249999 0.7326923075471699 0.7088141025 0.7237980773584906 0.692628205 0.7362980773584905 0.6915064099999999 0.7629807688679245 0.69871794875 0.7867788462264151 0.7011217949999999 0.7891826924528301 0.7051282050000001 0.7899038462264151 0.712820513125 0.7848557688679246 0.720833333125 0.7713942311320754 0.724679486875 0.7596153849056604 0.724679486875 0.7512019226415094
18 0.7038461537499999 0.6713942311320754 0.7011217949999999 0.6574519226415094 0.689423076875 0.6411057688679246 0.6826923075000001 0.634375 0.674358974375 0.6295673075471698 0.66858974375 0.6307692311320754 0.6641025643749999 0.6346153849056604 0.6633012818749999 0.6375 0.66522435875 0.6502403849056604 0.6695512818749999 0.6605769226415095 0.685897435625 0.6817307688679246 0.69278846125 0.6867788462264152 0.69727564125 0.6867788462264152 0.7011217949999999 0.6829326924528302 0.7035256412500001 0.678125 0.7038461537499999 0.6713942311320754