21 0.7099609375 0.653320312264151 0.7216796875 0.6503906245283019 0.7255859375 0.647460937735849 0.73046875 0.6401367188679246 0.734375 0.6284179688679246 0.734375 0.6166992188679246 0.724609375 0.5141601566037736 0.69921875 0.3852539066037736 0.697265625 0.3764648433962264 0.6962890625 0.375 0.6044921875 0.47753906226415094 0.6015625 0.4819335933962264 0.583984375 0.5639648433962264 0.5859375 0.5874023433962264 0.591796875 0.6020507811320754 0.5986328125 0.612304687735849 0.6357421875 0.6328125 0.6513671875 0.6386718754716981 0.7001953125 0.653320312264151 0.7099609375 0.653320312264151
21 0.5322265625 0.758789062264151 0.53515625 0.7543945311320754 0.53515625 0.7397460933962264 0.4951171875 0.64453125 0.4931640625 0.64453125 0.4658203125 0.6738281245283019 0.458984375 0.6840820311320754 0.45703125 0.7104492188679246 0.45703125 0.7338867188679246 0.462890625 0.7514648433962264 0.4658203125 0.7558593754716981 0.4990234375 0.7675781245283019 0.5068359375 0.7675781245283019 0.5263671875 0.76171875 0.5322265625 0.758789062264151
21 0.501953125 0.2504882811320755 0.505859375 0.22705078113207547 0.505859375 0.2211914066037736 0.501953125 0.19189453113207547 0.48046875 0.1303710933962264 0.4677734375 0.11425781226415094 0.3935546875 0.11132812452830189 0.3896484375 0.11425781226415094 0.384765625 0.12158203113207545 0.380859375 0.22998046886792453 0.3828125 0.2475585933962264 0.38671875 0.2651367188679245 0.396484375 0.2856445311320755 0.4365234375 0.3515625 0.4580078125 0.3339843754716981 0.46484375 0.3237304688679245 0.501953125 0.2504882811320755
3 0.3818359375 0.7910156245283019 0.4013671875 0.770507812264151 0.40625 0.7631835933962264 0.4140625 0.7397460933962264 0.42578125 0.6782226566037736 0.42578125 0.6635742188679246 0.4228515625 0.659179687735849 0.3740234375 0.6035156245283019 0.3662109375 0.59765625 0.3349609375 0.5859375 0.3330078125 0.5859375 0.3212890625 0.59765625 0.275390625 0.6606445311320754 0.26171875 0.6870117188679246 0.26171875 0.6899414066037736 0.26953125 0.7250976566037736 0.298828125 0.8100585933962264 0.3056640625 0.8203125 0.3115234375 0.8203125 0.3779296875 0.793945312264151 0.3818359375 0.7910156245283019
3 0.232421875 0.5112304688679246 0.2236328125 0.4980468754716982 0.2177734375 0.4980468754716982 0.20703125 0.5141601566037736 0.203125 0.5229492188679246 0.201171875 0.5405273433962264 0.205078125 0.5668945311320754 0.2060546875 0.5683593754716981 0.2119140625 0.5683593754716981 0.2373046875 0.5566406245283019 0.23828125 0.5551757811320754 0.234375 0.5170898433962264 0.232421875 0.5112304688679246
3 0.3017578125 0.46875 0.2724609375 0.4511718745283019 0.2646484375 0.4511718745283019 0.263671875 0.4526367188679245 0.25 0.49658203113207544 0.2509765625 0.4980468754716982 0.2900390625 0.506835937735849 0.2978515625 0.506835937735849 0.30859375 0.4907226566037736 0.306640625 0.4790039066037736 0.3046875 0.4731445311320755 0.3017578125 0.46875
3 0.2890625 0.3676757811320755 0.29296875 0.3793945311320755 0.3076171875 0.3984375 0.34375 0.3676757811320755 0.3232421875 0.328125 0.2998046875 0.3457031245283019 0.296875 0.3500976566037736 0.2890625 0.3676757811320755
3 0.60546875 0.12158203113207545 0.60546875 0.11865234339622642 0.5888671875 0.10546875 0.5830078125 0.10253906226415094 0.5791015625 0.10253906226415094 0.5283203125 0.12304687547169811 0.52734375 0.12451171886792455 0.529296875 0.1860351566037736 0.5302734375 0.1875 0.5341796875 0.1875 0.5712890625 0.17578125 0.5947265625 0.16113281226415094 0.595703125 0.15966796886792453 0.60546875 0.12158203113207545
18 0.26953125 0.3354492188679245 0.26953125 0.3208007811320755 0.267578125 0.3090820311320755 0.2568359375 0.29589843773584906 0.2548828125 0.29589843773584906 0.2412109375 0.31347656226415094 0.232421875 0.3266601566037736 0.228515625 0.3383789066037736 0.22265625 0.3647460933962264 0.220703125 0.3764648433962264 0.220703125 0.3881835933962264 0.22265625 0.3940429688679245 0.2275390625 0.40136718773584906 0.2373046875 0.40136718773584906 0.2412109375 0.3984375 0.25 0.3852539066037736 0.26953125 0.3354492188679245
1 0.646484375 0.2651367188679245 0.642578125 0.2534179688679245 0.6396484375 0.2490234377358491 0.6240234375 0.23730468773584906 0.6201171875 0.23730468773584906 0.6044921875 0.24609375 0.59765625 0.2563476566037736 0.595703125 0.2622070311320755 0.595703125 0.2827148433962264 0.6005859375 0.29003906226415094 0.6416015625 0.30761718773584906 0.6455078125 0.30761718773584906 0.646484375 0.3061523433962264 0.6484375 0.2739257811320755 0.646484375 0.2651367188679245
20 0.478515625 0.6049804688679246 0.4775390625 0.6035156245283019 0.4580078125 0.583007812264151 0.4482421875 0.577148437735849 0.4384765625 0.577148437735849 0.435546875 0.5815429688679246 0.435546875 0.5961914066037736 0.4560546875 0.618164062264151 0.4638671875 0.624023437735849 0.4677734375 0.624023437735849 0.4736328125 0.618164062264151 0.478515625 0.6079101566037736 0.478515625 0.6049804688679246