18 0.46858974375 0.11514423113207548 0.47019230749999996 0.10336538490566037 0.47003205125 0.09951923113207548 0.46778846125 0.0915865386792453 0.46378205125 0.08798076886792452 0.45913461562499996 0.08701923113207548 0.45416666687499996 0.090625 0.44471153874999997 0.10336538490566037 0.43717948687499997 0.12307692264150942 0.43605769250000004 0.1358173075471698 0.43637820499999996 0.1423076924528302 0.43733974375 0.1444711537735849 0.443108974375 0.15096153867924528 0.44727564125 0.1514423075471698 0.451923076875 0.15024038490566038 0.45625 0.1430288462264151 0.46858974375 0.11514423113207548
18 0.61634615375 0.16201923113207548 0.617948718125 0.15264423113207548 0.61746794875 0.1382211537735849 0.6166666668749999 0.1298076924528302 0.6099358975 0.09951923113207548 0.605608974375 0.0875 0.602884615625 0.0819711537735849 0.599519230625 0.08004807735849057 0.587820513125 0.0850961537735849 0.583012820625 0.09399038490566038 0.582051281875 0.09903846132075471 0.582051281875 0.1125 0.585576923125 0.14254807735849057 0.5911858975 0.1600961537735849 0.5935897437500001 0.165625 0.599519230625 0.17283653867924528 0.607371795 0.17283653867924528 0.6110576925 0.17043269245283021 0.61634615375 0.16201923113207548
20 0.53349359 0.15528846132075472 0.52900641 0.1555288462264151 0.525320513125 0.15841346132075473 0.5224358975 0.16514423113207546 0.52259615375 0.16995192264150943 0.528044871875 0.19326923113207548 0.54150641 0.1923076924528302 0.54471153875 0.190625 0.55 0.18533653867924527 0.5525641025 0.165625 0.54903846125 0.1610576924528302 0.53349359 0.15528846132075472
18 0.501762820625 0.24615384622641506 0.50625 0.23629807735849057 0.506891025625 0.23245192264150943 0.506570513125 0.22451923113207548 0.499198718125 0.2004807688679245 0.49358974375000003 0.18798076886792453 0.487980769375 0.1798076924528302 0.48237179500000005 0.1742788462264151 0.47900641 0.17283653867924528 0.474358974375 0.17331730754716979 0.470352564375 0.1757211537735849 0.4650641025 0.18798076886792453 0.4650641025 0.19471153867924526 0.46810897437500004 0.2125 0.477083333125 0.23317307735849058 0.4826923075 0.2439903849056604 0.485897435625 0.24807692264150946 0.48990384625 0.25096153867924526 0.49951923062500003 0.24879807735849055 0.501762820625 0.24615384622641506
20 0.41602564125 0.20504807735849057 0.412179486875 0.1987980773584906 0.408173076875 0.19639423113207546 0.400320513125 0.19495192264150943 0.390865384375 0.20120192264150943 0.38846153875 0.20456730754716979 0.3860576925 0.2108173075471698 0.386378205 0.21658653867924527 0.38862179500000005 0.21995192264150942 0.392147435625 0.22235576886792452 0.39663461562499996 0.22283653867924527 0.40977564125 0.21923076886792453 0.41714743562499995 0.21274038490566038 0.41714743562499995 0.2086538462264151 0.41602564125 0.20504807735849057
5 0.376762820625 0.246875 0.37451923062500003 0.23221153867924527 0.37003205125 0.2242788462264151 0.36522435875 0.22067307735849057 0.36121794875 0.2204326924528302 0.32163461562499995 0.25576923113207545 0.31971153874999997 0.29495192264150943 0.33381410250000004 0.3372596150943396 0.345512820625 0.34110576886792454 0.359615384375 0.33076923113207546 0.369391025625 0.3209134613207547 0.370352564375 0.31826923113207545 0.376762820625 0.2524038462264151 0.376762820625 0.246875
9 0.5783653843750001 0.29471153867924527 0.57371794875 0.2896634613207547 0.515544871875 0.2524038462264151 0.51346153875 0.2514423075471698 0.507852564375 0.25576923113207545 0.508173076875 0.2639423075471698 0.511858974375 0.28052884622641505 0.53253205125 0.3382211537735849 0.537019230625 0.34663461509433957 0.540384615625 0.3497596150943396 0.541666666875 0.34951923113207545 0.578044871875 0.2985576924528302 0.5783653843750001 0.29471153867924527
3 0.697115384375 0.23245192264150943 0.6961538462500001 0.21538461509433962 0.689423076875 0.2007211537735849 0.685416666875 0.2 0.673237179375 0.20889423113207548 0.626762820625 0.2524038462264151 0.6150641025 0.26778846132075473 0.610737179375 0.27548076886792455 0.6099358975 0.2795673075471698 0.610897435625 0.28076923113207547 0.665865384375 0.2899038462264151 0.67003205125 0.2889423075471698 0.67852564125 0.28052884622641505 0.684294871875 0.27139423113207545 0.693269230625 0.246875 0.697115384375 0.23245192264150943
13 0.690705128125 0.37307692264150943 0.689423076875 0.36875 0.6818910256249999 0.3521634613207547 0.6588141025 0.3173076924528302 0.65016025625 0.3060096150943396 0.6426282050000001 0.2983173075471698 0.6400641025 0.29879807735849057 0.614102564375 0.3747596150943396 0.6139423075 0.3766826924528302 0.6150641025 0.37788461509433957 0.662019230625 0.4026442311320755 0.681730769375 0.3990384613207547 0.6838141025 0.3973557688679245 0.689102564375 0.3920673075471698 0.690865384375 0.37788461509433957 0.690705128125 0.37307692264150943
18 0.7607371793750001 0.3846153849056604 0.76266025625 0.37764423113207546 0.7613782050000001 0.36875 0.756570513125 0.3605769226415095 0.7471153843749999 0.35504807735849053 0.74022435875 0.3524038462264151 0.733173076875 0.35120192264150946 0.724198718125 0.3521634613207547 0.7165064099999999 0.3560096150943396 0.71266025625 0.36129807735849057 0.70977564125 0.37283653867924527 0.70977564125 0.37764423113207546 0.716666666875 0.3930288462264151 0.7200320512499999 0.39567307735849055 0.724198718125 0.396875 0.7405448718750001 0.3966346150943396 0.748397435625 0.3951923075471698 0.7556089743750001 0.3918269226415095 0.7607371793750001 0.3846153849056604
18 0.725320513125 0.4939903849056604 0.7323717949999999 0.4875 0.7411858975 0.47451923113207545 0.743108974375 0.47067307735849057 0.7456730768750001 0.4610576924528302 0.74647435875 0.4548076924528302 0.7459935900000001 0.44735576886792455 0.7424679487500001 0.4399038462264151 0.7405448718750001 0.43822115377358495 0.737019230625 0.43701923113207547 0.73221153875 0.4377403849056604 0.716826923125 0.45096153867924527 0.7076923075 0.46129807735849054 0.704166666875 0.46658653867924527 0.7016025643749999 0.47067307735849057 0.7016025643749999 0.475 0.7027243587499999 0.48221153867924527 0.7046474356250001 0.4877403849056604 0.709134615625 0.4939903849056604 0.7125 0.4963942311320754 0.720833333125 0.4963942311320754 0.725320513125 0.4939903849056604
18 0.61971153875 0.4875 0.629487179375 0.48629807735849057 0.6375 0.48245192264150943 0.6423076925 0.4771634613207547 0.64503205125 0.4701923075471698 0.6463141025 0.4639423075471698 0.645352564375 0.45096153867924527 0.641987179375 0.44326923113207545 0.63477564125 0.43701923113207547 0.6269230768749999 0.43317307735849053 0.60753205125 0.4274038462264151 0.59375 0.42692307735849055 0.58397435875 0.43125 0.576602564375 0.43966346132075473 0.57371794875 0.4471153849056604 0.5735576925 0.45528846132075473 0.574198718125 0.4586538462264151 0.576121795 0.4663461537735849 0.5785256412500001 0.47067307735849057 0.58397435875 0.47692307735849054 0.587820513125 0.4798076924528302 0.5953525643750001 0.48245192264150943 0.61971153875 0.4875
9 0.5076923074999999 0.37283653867924527 0.505769230625 0.37115384622641506 0.497115384375 0.37283653867924527 0.48974359 0.3764423075471698 0.48221153875 0.3817307688679245 0.45721153875 0.40408653867924527 0.44727564125 0.4158653849056604 0.44599359 0.4185096150943396 0.44599359 0.42379807735849057 0.44743589749999996 0.4271634613207547 0.46650641 0.4442307688679245 0.517948718125 0.44134615377358494 0.5213141025 0.440625 0.521634615625 0.4391826924528302 0.52003205125 0.428125 0.5076923074999999 0.37283653867924527
6 0.420512820625 0.42379807735849057 0.419551281875 0.39254807735849057 0.41602564125 0.38846153867924527 0.399358974375 0.37451923113207547 0.389102564375 0.36875 0.38461538437500004 0.36923076886792455 0.380929486875 0.3725961537735849 0.378205128125 0.3846153849056604 0.378044871875 0.3930288462264151 0.38012820499999994 0.43173076886792455 0.400320513125 0.5007211537735848 0.40400641 0.5036057688679246 0.408012820625 0.5040865386792452 0.412019230625 0.4935096150943396 0.420512820625 0.4567307688679245 0.420512820625 0.42379807735849057
18 0.32564102562499997 0.5252403849056604 0.32804487187500003 0.5057692311320754 0.32772435875 0.5 0.32371794875 0.4783653849056604 0.318269230625 0.47067307735849057 0.31442307687500004 0.4673076924528302 0.307051281875 0.46490384622641506 0.3025641025 0.46490384622641506 0.295833333125 0.4673076924528302 0.292628205 0.47067307735849057 0.287980769375 0.4783653849056604 0.28509615374999997 0.49254807735849054 0.28509615374999997 0.5021634613207547 0.287179486875 0.5103365386792452 0.290865384375 0.51875 0.304166666875 0.5408653849056604 0.306570513125 0.5435096150943396 0.31346153875 0.5415865386792452 0.324519230625 0.5290865386792453 0.32564102562499997 0.5252403849056604
20 0.45641025625 0.5144230773584906 0.451762820625 0.5067307688679246 0.43974359 0.5038461537735849 0.43733974375 0.5045673075471698 0.4338141025 0.5079326924528301 0.42884615375 0.5139423075471699 0.42740384625 0.5177884613207547 0.42756410250000004 0.5247596150943395 0.43141025624999996 0.5387019226415094 0.43637820499999996 0.5408653849056604 0.44727564125 0.5384615386792453 0.45400641 0.5314903849056604 0.45625 0.5274038462264151 0.4576923075 0.5213942311320754 0.45641025625 0.5144230773584906
18 0.580128205 0.5649038462264151 0.580608974375 0.5564903849056604 0.5777243587499999 0.5456730773584906 0.567948718125 0.5370192311320754 0.5451923075 0.5247596150943395 0.536698718125 0.5254807688679246 0.5310897437500001 0.5290865386792453 0.5302884612500001 0.5331730773584905 0.530128205 0.5454326924528301 0.53253205125 0.5545673075471699 0.537019230625 0.5605769226415095 0.5485576925 0.5706730773584906 0.56474359 0.5776442311320754 0.576121795 0.5723557688679246 0.5783653843750001 0.5694711537735849 0.580128205 0.5649038462264151
12 0.737820513125 0.5408653849056604 0.715384615625 0.5252403849056604 0.7054487181250001 0.5233173075471699 0.6799679487500001 0.5252403849056604 0.671955128125 0.5293269226415095 0.66746794875 0.5370192311320754 0.6657051281249999 0.5430288462264151 0.665544871875 0.5487980773584905 0.66971153875 0.5564903849056604 0.74391025625 0.5742788462264151 0.7471153843749999 0.5723557688679246 0.7477564099999999 0.5704326924528301 0.747916666875 0.5639423075471699 0.744230769375 0.5521634613207548 0.737820513125 0.5408653849056604
9 0.729166666875 0.6737980773584905 0.716826923125 0.6461538462264151 0.71233974375 0.6435096150943396 0.6665064099999999 0.6463942311320754 0.66153846125 0.6495192311320754 0.65897435875 0.6550480773584906 0.65977564125 0.6735576924528301 0.665865384375 0.7091346150943396 0.697115384375 0.7396634613207548 0.7011217949999999 0.7399038462264151 0.7189102562499999 0.7240384613207548 0.7201923075000001 0.7209134613207547 0.729166666875 0.6776442311320754 0.729166666875 0.6737980773584905
18 0.64615384625 0.6776442311320754 0.650320513125 0.6704326924528301 0.6519230768750001 0.6615384613207548 0.6522435900000001 0.6543269226415095 0.649519230625 0.6425480773584905 0.643269230625 0.6305288462264151 0.63125 0.6168269226415094 0.6230769231250001 0.6129807688679246 0.61891025625 0.6129807688679246 0.612820513125 0.6149038462264151 0.607371795 0.6189903849056604 0.6032051281249999 0.6266826924528301 0.6020833331250001 0.6310096150943396 0.601762820625 0.6435096150943396 0.60352564125 0.6576923075471699 0.607051281875 0.6653846150943395 0.61346153875 0.6737980773584905 0.628365384375 0.6838942311320754 0.63477564125 0.6848557688679245 0.63878205125 0.6831730773584905 0.64615384625 0.6776442311320754
20 0.494551281875 0.6783653849056605 0.495512820625 0.6737980773584905 0.495833333125 0.6632211537735849 0.495352564375 0.6463942311320754 0.48509615375000004 0.6211538462264151 0.474679486875 0.6098557688679246 0.47307692312500005 0.6120192311320755 0.46907051312500003 0.6384615386792453 0.46858974375 0.6581730773584905 0.47003205125 0.6730769226415094 0.47115384624999995 0.6778846150943396 0.474198718125 0.6872596150943396 0.476121795 0.6901442311320755 0.479166666875 0.6913461537735849 0.48445512812499997 0.6894230773584905 0.494551281875 0.6783653849056605
12 0.40560897437500004 0.6637019226415094 0.40576923062500003 0.6617788462264151 0.39599359 0.6415865386792453 0.3923076925 0.6384615386792453 0.38493589749999996 0.6348557688679246 0.36586538437500005 0.6290865386792452 0.35737179500000005 0.6298076924528302 0.352083333125 0.6341346150943395 0.349519230625 0.6411057688679246 0.349358974375 0.6550480773584906 0.353044871875 0.66875 0.35737179500000005 0.6766826924528302 0.3610576925 0.6790865386792453 0.36522435875 0.6793269226415094 0.40416666687499997 0.6665865386792452 0.40512820499999996 0.6658653849056604 0.40560897437500004 0.6637019226415094
18 0.39102564125 0.8401442311320754 0.394551281875 0.8341346150943396 0.395512820625 0.8221153849056604 0.39439102562499995 0.8151442311320755 0.39054487187500003 0.8052884613207547 0.37612179500000004 0.7783653849056604 0.36378205125 0.7632211537735849 0.36137820499999995 0.7608173075471698 0.35737179500000005 0.7591346150943395 0.35352564125 0.7608173075471698 0.34407051312500003 0.7733173075471699 0.342147435625 0.7805288462264152 0.341987179375 0.7862980773584906 0.342948718125 0.7908653849056604 0.352083333125 0.8110576924528301 0.36746794875 0.8300480773584905 0.375801281875 0.8387019226415094 0.380769230625 0.8427884613207547 0.38477564125 0.8435096150943396 0.39102564125 0.8401442311320754