20 0.5283203125 0.6738281245283019 0.5263671875 0.6738281245283019 0.4697265625 0.694335937735849 0.46875 0.6958007811320754 0.46875 0.7192382811320754 0.4697265625 0.7207031245283019 0.4814453125 0.7324218754716981 0.4990234375 0.7324218754716981 0.513671875 0.7104492188679246 0.529296875 0.6752929688679246 0.5283203125 0.6738281245283019
18 0.314453125 0.2797851566037736 0.314453125 0.2563476566037736 0.3125 0.2475585933962264 0.3095703125 0.24023437452830187 0.3056640625 0.24023437452830187 0.2744140625 0.26074218773584906 0.271484375 0.2651367188679245 0.267578125 0.2797851566037736 0.267578125 0.2973632811320755 0.26953125 0.3032226566037736 0.2744140625 0.3105468754716981 0.2841796875 0.31640625 0.2958984375 0.31347656226415094 0.310546875 0.2915039066037736 0.314453125 0.2797851566037736
18 0.365234375 0.2915039066037736 0.3671875 0.2827148433962264 0.3671875 0.2739257811320755 0.365234375 0.2680664066037736 0.3603515625 0.26074218773584906 0.3544921875 0.2578125 0.3486328125 0.26074218773584906 0.3427734375 0.26660156226415094 0.333984375 0.2856445311320755 0.32421875 0.3149414066037736 0.322265625 0.3237304688679245 0.322265625 0.3325195311320755 0.32421875 0.3383789066037736 0.3291015625 0.3457031245283019 0.3349609375 0.3457031245283019 0.3408203125 0.34277343773584906 0.34765625 0.3325195311320755 0.365234375 0.2915039066037736
18 0.484375 0.20361328113207547 0.48828125 0.19189453113207547 0.490234375 0.18310546886792453 0.490234375 0.12158203113207545 0.48828125 0.11572265660377358 0.4814453125 0.10546875 0.4697265625 0.10546875 0.4658203125 0.10839843773584906 0.4609375 0.11572265660377358 0.458984375 0.12158203113207545 0.455078125 0.14501953113207547 0.453125 0.16845703113207547 0.453125 0.19189453113207547 0.455078125 0.2006835933962264 0.4599609375 0.21386718773584906 0.4697265625 0.21679687452830187 0.4755859375 0.21386718773584906 0.4814453125 0.20800781226415094 0.484375 0.20361328113207547
18 0.591796875 0.17138671886792453 0.591796875 0.1508789066037736 0.5869140625 0.14355468773584906 0.5830078125 0.140625 0.5751953125 0.140625 0.568359375 0.1508789066037736 0.564453125 0.1625976566037736 0.560546875 0.1772460933962264 0.560546875 0.20654296886792453 0.5673828125 0.21386718773584906 0.5712890625 0.21679687452830187 0.5732421875 0.21679687452830187 0.5830078125 0.20800781226415094 0.587890625 0.19482421886792453 0.591796875 0.17138671886792453
18 0.693359375 0.2592773433962264 0.689453125 0.2475585933962264 0.6728515625 0.234375 0.6689453125 0.234375 0.6572265625 0.23730468773584906 0.646484375 0.2504882811320755 0.64453125 0.2563476566037736 0.64453125 0.2827148433962264 0.6572265625 0.30175781226415094 0.6767578125 0.30175781226415094 0.6865234375 0.29296875 0.689453125 0.2885742188679245 0.693359375 0.2768554688679245 0.693359375 0.2592773433962264
18 0.625 0.3764648433962264 0.6240234375 0.375 0.6064453125 0.36621093773584906 0.5927734375 0.36621093773584906 0.583984375 0.3793945311320755 0.580078125 0.3881835933962264 0.580078125 0.4204101566037736 0.5810546875 0.421875 0.5966796875 0.43066406226415094 0.6103515625 0.43066406226415094 0.619140625 0.4204101566037736 0.625 0.3969726566037736 0.625 0.3764648433962264
18 0.703125 0.4291992188679245 0.705078125 0.4204101566037736 0.7109375 0.3852539066037736 0.7109375 0.3618164066037736 0.7021484375 0.34863281226415094 0.6923828125 0.34863281226415094 0.6884765625 0.3515625 0.685546875 0.3559570311320755 0.6796875 0.3735351566037736 0.671875 0.4116210933962264 0.669921875 0.4262695311320755 0.671875 0.4379882811320755 0.67578125 0.4555664066037736 0.6767578125 0.45703125 0.6904296875 0.4511718745283019 0.6943359375 0.44824218773584906 0.69921875 0.4409179688679245 0.703125 0.4291992188679245
18 0.7265625 0.7250976566037736 0.732421875 0.7075195311320754 0.732421875 0.6811523433962264 0.7275390625 0.6738281245283019 0.7236328125 0.670898437735849 0.7119140625 0.670898437735849 0.7041015625 0.676757812264151 0.697265625 0.6870117188679246 0.69140625 0.6987304688679246 0.677734375 0.7309570311320754 0.67578125 0.7368164066037736 0.67578125 0.7543945311320754 0.6826171875 0.764648437735849 0.6884765625 0.7675781245283019 0.6962890625 0.7675781245283019 0.7041015625 0.76171875 0.72265625 0.7338867188679246 0.7265625 0.7250976566037736
18 0.416015625 0.7192382811320754 0.41796875 0.7104492188679246 0.41796875 0.6928710933962264 0.416015625 0.6635742188679246 0.4140625 0.6547851566037736 0.412109375 0.6489257811320754 0.3994140625 0.6269531245283019 0.39453125 0.6342773433962264 0.388671875 0.6489257811320754 0.38671875 0.6547851566037736 0.38671875 0.6870117188679246 0.390625 0.7104492188679246 0.3955078125 0.723632812264151 0.3994140625 0.7265625 0.4091796875 0.7265625 0.4130859375 0.723632812264151 0.416015625 0.7192382811320754
18 0.2958984375 0.588867187735849 0.3056640625 0.5800781245283019 0.3193359375 0.565429687735849 0.322265625 0.5610351566037736 0.326171875 0.5493164066037736 0.328125 0.5375976566037736 0.326171875 0.5288085933962264 0.3193359375 0.518554687735849 0.3154296875 0.515625 0.3037109375 0.515625 0.2939453125 0.5214843754716981 0.2666015625 0.5449218754716981 0.2607421875 0.55078125 0.2578125 0.5551757811320754 0.25390625 0.5668945311320754 0.25390625 0.5786132811320754 0.2578125 0.5932617188679246 0.2607421875 0.59765625 0.2666015625 0.600585937735849 0.2763671875 0.600585937735849 0.2841796875 0.59765625 0.2958984375 0.588867187735849
18 0.3896484375 0.5214843754716981 0.392578125 0.5170898433962264 0.396484375 0.4672851566037736 0.396484375 0.4614257811320755 0.3935546875 0.45703125 0.3896484375 0.45410156226415094 0.3720703125 0.45410156226415094 0.3623046875 0.4628906245283019 0.357421875 0.4731445311320755 0.3515625 0.48779296886792456 0.3515625 0.5053710933962264 0.357421875 0.5200195311320754 0.3603515625 0.524414062264151 0.3701171875 0.530273437735849 0.3759765625 0.530273437735849 0.3818359375 0.52734375 0.3896484375 0.5214843754716981
21 0.328125 0.4145507811320755 0.3251953125 0.41015625 0.3212890625 0.40722656226415094 0.2568359375 0.4042968745283019 0.2490234375 0.4042968745283019 0.248046875 0.4057617188679245 0.244140625 0.4614257811320755 0.244140625 0.4672851566037736 0.2451171875 0.46875 0.3193359375 0.47167968773584906 0.330078125 0.4584960933962264 0.33203125 0.4497070311320755 0.33203125 0.4233398433962264 0.328125 0.4145507811320755
21 0.5390625 0.3471679688679245 0.5390625 0.3237304688679245 0.533203125 0.3120117188679245 0.5009765625 0.2636718754716981 0.4482421875 0.24023437452830187 0.40234375 0.3120117188679245 0.37890625 0.3706054688679245 0.37890625 0.3735351566037736 0.4267578125 0.4453125 0.4365234375 0.45703125 0.4404296875 0.45996093773584906 0.4482421875 0.45996093773584906 0.5205078125 0.375 0.5390625 0.3471679688679245
21 0.5537109375 0.588867187735849 0.568359375 0.5668945311320754 0.568359375 0.5610351566037736 0.55859375 0.5083007811320754 0.5576171875 0.506835937735849 0.4677734375 0.483398437735849 0.4453125 0.5141601566037736 0.4375 0.5522460933962264 0.4375 0.5844726566037736 0.439453125 0.5961914066037736 0.45703125 0.6372070311320754 0.4619140625 0.64453125 0.4775390625 0.64453125 0.4873046875 0.641601562264151 0.5537109375 0.588867187735849
13 0.6455078125 0.6796875 0.650390625 0.6752929688679246 0.650390625 0.6694335933962264 0.630859375 0.5932617188679246 0.6279296875 0.588867187735849 0.6240234375 0.588867187735849 0.6162109375 0.5917968754716981 0.5810546875 0.635742187735849 0.57421875 0.6459960933962264 0.568359375 0.6577148433962264 0.56640625 0.6635742188679246 0.56640625 0.6665039066037736 0.5703125 0.6782226566037736 0.5751953125 0.6855468754716981 0.5791015625 0.688476562264151 0.6201171875 0.688476562264151 0.6357421875 0.6855468754716981 0.6455078125 0.6796875
9 0.7587890625 0.5800781245283019 0.765625 0.5698242188679246 0.767578125 0.5639648433962264 0.767578125 0.5346679688679246 0.765625 0.5258789066037736 0.763671875 0.5200195311320754 0.7529296875 0.50390625 0.7490234375 0.50390625 0.7041015625 0.5683593754716981 0.703125 0.5698242188679246 0.703125 0.5756835933962264 0.705078125 0.5815429688679246 0.7099609375 0.588867187735849 0.7197265625 0.594726562264151 0.7333984375 0.594726562264151 0.7470703125 0.588867187735849 0.7587890625 0.5800781245283019