13 0.6484375 0.6108398433962264 0.6484375 0.6049804688679246 0.634765625 0.5668945311320754 0.630859375 0.5581054688679246 0.6279296875 0.553710937735849 0.6201171875 0.55078125 0.6123046875 0.55078125 0.611328125 0.5522460933962264 0.611328125 0.5581054688679246 0.6171875 0.5932617188679246 0.62890625 0.6166992188679246 0.6337890625 0.624023437735849 0.6357421875 0.624023437735849 0.6455078125 0.618164062264151 0.6484375 0.6108398433962264
9 0.4619140625 0.559570312264151 0.4501953125 0.5566406245283019 0.4443359375 0.5566406245283019 0.44140625 0.5610351566037736 0.439453125 0.5668945311320754 0.4375 0.5786132811320754 0.4453125 0.5991210933962264 0.4462890625 0.600585937735849 0.4560546875 0.6035156245283019 0.458984375 0.5991210933962264 0.462890625 0.5668945311320754 0.462890625 0.5610351566037736 0.4619140625 0.559570312264151
9 0.3369140625 0.559570312264151 0.328125 0.5727539066037736 0.326171875 0.5815429688679246 0.3291015625 0.5859375 0.3330078125 0.588867187735849 0.3466796875 0.5859375 0.353515625 0.5756835933962264 0.353515625 0.5727539066037736 0.3466796875 0.559570312264151 0.3369140625 0.559570312264151
9 0.412109375 0.4379882811320755 0.408203125 0.4233398433962264 0.4033203125 0.4160156245283019 0.4013671875 0.4160156245283019 0.3984375 0.4204101566037736 0.396484375 0.4262695311320755 0.396484375 0.4291992188679245 0.3984375 0.4350585933962264 0.4033203125 0.4453125 0.4072265625 0.44824218773584906 0.4091796875 0.44824218773584906 0.412109375 0.4438476566037736 0.412109375 0.4379882811320755
9 0.5849609375 0.3691406245283019 0.5810546875 0.36621093773584906 0.5693359375 0.36328125 0.5634765625 0.36328125 0.5625 0.3647460933962264 0.560546875 0.3706054688679245 0.5654296875 0.37792968773584906 0.5712890625 0.38378906226415094 0.5810546875 0.38964843773584906 0.5849609375 0.38964843773584906 0.58984375 0.3852539066037736 0.58984375 0.3764648433962264 0.5849609375 0.3691406245283019
9 0.58203125 0.3090820311320755 0.580078125 0.3032226566037736 0.5771484375 0.2988281245283019 0.5732421875 0.29589843773584906 0.5693359375 0.29589843773584906 0.56640625 0.3002929688679245 0.56640625 0.3061523433962264 0.568359375 0.3120117188679245 0.5751953125 0.3222656245283019 0.5771484375 0.3222656245283019 0.5810546875 0.31933593773584906 0.58203125 0.3178710933962264 0.58203125 0.3090820311320755
9 0.5 0.07470703113207547 0.4970703125 0.0703125 0.4931640625 0.0703125 0.48828125 0.08056640660377358 0.486328125 0.09228515660377358 0.486328125 0.09814453113207547 0.4873046875 0.09960937547169811 0.4912109375 0.09960937547169811 0.4951171875 0.09667968773584906 0.498046875 0.09228515660377358 0.5 0.08642578113207547 0.5 0.07470703113207547
9 0.34765625 0.3237304688679245 0.3291015625 0.28417968773584906 0.3271484375 0.28417968773584906 0.3232421875 0.2871093754716981 0.31640625 0.2973632811320755 0.314453125 0.3032226566037736 0.314453125 0.3178710933962264 0.31640625 0.3266601566037736 0.3232421875 0.33691406226415094 0.3427734375 0.33691406226415094 0.34375 0.3354492188679245 0.34765625 0.3266601566037736 0.34765625 0.3237304688679245
4 0.71484375 0.3383789066037736 0.69140625 0.2827148433962264 0.6865234375 0.2753906245283019 0.669921875 0.3002929688679245 0.66796875 0.3090820311320755 0.66015625 0.3471679688679245 0.6640625 0.3588867188679245 0.6689453125 0.36621093773584906 0.6787109375 0.37207031226415094 0.7021484375 0.37207031226415094 0.712890625 0.3618164066037736 0.71484375 0.3559570311320755 0.71484375 0.3383789066037736
20 0.5771484375 0.14941406226415094 0.5732421875 0.14648437547169813 0.5712890625 0.14648437547169813 0.5673828125 0.14941406226415094 0.5625 0.15673828113207547 0.55859375 0.1655273433962264 0.55859375 0.17138671886792453 0.568359375 0.21826171886792453 0.5693359375 0.21972656226415094 0.58203125 0.20361328113207547 0.58203125 0.15966796886792453 0.580078125 0.1538085933962264 0.5771484375 0.14941406226415094
20 0.5126953125 0.36621093773584906 0.5048828125 0.36621093773584906 0.4951171875 0.37207031226415094 0.494140625 0.3735351566037736 0.494140625 0.3793945311320755 0.5 0.3911132811320755 0.5087890625 0.4042968745283019 0.51953125 0.3881835933962264 0.517578125 0.3764648433962264 0.515625 0.3706054688679245 0.5126953125 0.36621093773584906
20 0.5283203125 0.618164062264151 0.4951171875 0.641601562264151 0.490234375 0.6489257811320754 0.48828125 0.6547851566037736 0.49609375 0.6899414066037736 0.4970703125 0.69140625 0.5498046875 0.688476562264151 0.55078125 0.6870117188679246 0.53125 0.6196289066037736 0.5302734375 0.618164062264151 0.5283203125 0.618164062264151
20 0.416015625 0.7309570311320754 0.416015625 0.7280273433962264 0.4150390625 0.7265625 0.3623046875 0.706054687735849 0.3466796875 0.711914062264151 0.3349609375 0.723632812264151 0.33203125 0.7280273433962264 0.33203125 0.7309570311320754 0.337890625 0.7719726566037736 0.3408203125 0.776367187735849 0.3505859375 0.776367187735849 0.3779296875 0.764648437735849 0.4091796875 0.741210937735849 0.416015625 0.7309570311320754
5 0.77734375 0.6606445311320754 0.779296875 0.6547851566037736 0.78125 0.6401367188679246 0.775390625 0.6284179688679246 0.7412109375 0.571289062264151 0.7373046875 0.5683593754716981 0.7275390625 0.565429687735849 0.6787109375 0.565429687735849 0.6728515625 0.5683593754716981 0.66796875 0.5727539066037736 0.6640625 0.5844726566037736 0.6640625 0.5932617188679246 0.6923828125 0.64453125 0.7119140625 0.670898437735849 0.7294921875 0.6855468754716981 0.7333984375 0.688476562264151 0.7666015625 0.676757812264151 0.77734375 0.6606445311320754