18 0.342948718125 0.7899038462264151 0.338141025625 0.7834134613207547 0.32996794875 0.7819711537735848 0.3286858975 0.7858173075471698 0.32852564125 0.7911057688679246 0.337820513125 0.8372596150943395 0.345673076875 0.8295673075471699 0.34647435875 0.8276442311320754 0.34775641 0.8201923075471699 0.34759615375 0.8064903849056604 0.34487179500000004 0.7944711537735849 0.342948718125 0.7899038462264151
12 0.675 0.31033653867924527 0.655929486875 0.2985576924528302 0.650320513125 0.2966346150943396 0.63878205125 0.3264423075471698 0.67403846125 0.38557692264150945 0.67772435875 0.3875 0.686698718125 0.38485576886792455 0.71346153875 0.3725961537735849 0.713621795 0.3677884613207547 0.71266025625 0.36129807735849057 0.675 0.31033653867924527
9 0.685576923125 0.2225961537735849 0.68397435875 0.22379807735849058 0.6834935900000001 0.22451923113207548 0.68509615375 0.22860576886792452 0.690705128125 0.23317307735849058 0.69391025625 0.23413461509433964 0.6966346156250001 0.23245192264150943 0.6953525643749999 0.22860576886792452 0.692948718125 0.22548076886792454 0.685576923125 0.2225961537735849
21 0.5036858975 0.10168269245283018 0.504487179375 0.09951923113207548 0.51121794875 0.030528846226415093 0.509615384375 0.026923077358490564 0.40769230749999996 0.03533653867924528 0.36522435875 0.04278846132075472 0.36346153875 0.044471153773584904 0.299679486875 0.11899038490566037 0.3036858975 0.13846153867924527 0.36891025624999996 0.1555288462264151 0.40769230749999996 0.15985576886792452 0.42003205125 0.15841346132075473 0.448076923125 0.14807692264150943 0.49887820499999996 0.1072115386792453 0.5036858975 0.10168269245283018
21 0.33413461562499996 0.43173076886792455 0.337820513125 0.4302884613207547 0.34134615375000005 0.42620192264150947 0.394871795 0.3350961537735849 0.404326923125 0.31298076886792453 0.4088141025 0.29110576886792455 0.408173076875 0.2896634613207547 0.31442307687500004 0.21466346132075473 0.28317307687500004 0.20024038490566037 0.2713141025 0.2074519226415094 0.26746794875 0.21129807735849057 0.255608974375 0.22548076886792454 0.24647435874999998 0.2399038462264151 0.244230769375 0.24807692264150946 0.24150641 0.2788461537735849 0.23830128187500002 0.3170673075471698 0.239583333125 0.3396634613207547 0.24407051312499997 0.36033653867924526 0.25192307687500004 0.3790865386792453 0.255769230625 0.3846153849056604 0.28926282062500003 0.42379807735849057 0.306570513125 0.4305288462264151 0.33413461562499996 0.43173076886792455
21 0.559134615625 0.1891826924528302 0.556570513125 0.18533653867924527 0.5298076925 0.18100961509433963 0.509134615625 0.18533653867924527 0.496955128125 0.2108173075471698 0.496794871875 0.22067307735849057 0.50528846125 0.24471153867924528 0.50977564125 0.24783653867924527 0.534455128125 0.2298076924528302 0.55400641 0.21225961509433963 0.55528846125 0.20961538490566037 0.55897435875 0.1930288462264151 0.559134615625 0.1891826924528302
21 0.60753205125 0.4110576924528302 0.6181554081249999 0.31397714433962265 0.486698718125 0.3545673075471698 0.48253205125 0.35865384622641505 0.47884615375 0.36514423113207545 0.47403846125 0.3829326924528302 0.47307692312500005 0.39110576886792453 0.47307692312500005 0.4026442311320755 0.483173076875 0.47451923113207545 0.48509615375000004 0.4807692311320755 0.49006410250000004 0.4903846150943396 0.5956730768749999 0.46682692264150943 0.6014423074999999 0.4627403849056604 0.608012820625 0.4201923075471698 0.60753205125 0.4110576924528302
3 0.776602564375 0.5608173075471699 0.787179486875 0.5557692311320754 0.79871794875 0.5394230773584906 0.8025641025 0.5288461537735849 0.8033653843749999 0.5225961537735849 0.80272435875 0.5175480773584905 0.723878205 0.44326923113207545 0.70897435875 0.43365384622641506 0.674679486875 0.4235576924528302 0.665865384375 0.42620192264150947 0.64246794875 0.4372596150943396 0.6410256412500001 0.4430288462264151 0.63990384625 0.4653846150943396 0.639262820625 0.4826923075471698 0.640384615625 0.4939903849056604 0.64246794875 0.5024038462264151 0.654326923125 0.5377403849056605 0.6580128206249999 0.5454326924528301 0.66602564125 0.5538461537735849 0.728365384375 0.5627403849056604 0.776602564375 0.5608173075471699
21 0.72884615375 0.5997596150943396 0.690705128125 0.5961538462264151 0.689583333125 0.5985576924528302 0.687179486875 0.621875 0.686858974375 0.6389423075471699 0.6900641025 0.6516826924528302 0.697115384375 0.65625 0.7046474356250001 0.6557692311320754 0.72724359 0.6350961537735849 0.731730769375 0.603125 0.730929486875 0.6009615386792453 0.72884615375 0.5997596150943396
12 0.63990384625 0.6168269226415094 0.639262820625 0.6096153849056604 0.6360576925 0.6026442311320754 0.6230769231250001 0.5966346150943396 0.61875 0.596875 0.61346153875 0.6009615386792453 0.6099358975 0.6084134613207547 0.608333333125 0.6463942311320754 0.609294871875 0.6504807688679246 0.6150641025 0.6538461537735849 0.619070513125 0.6524038462264151 0.628205128125 0.6466346150943396 0.63477564125 0.6379807688679245 0.638621795 0.6274038462264151 0.63990384625 0.6168269226415094
13 0.7137820512499999 0.7516826924528301 0.712019230625 0.7466346150943396 0.699198718125 0.7384615386792452 0.69358974375 0.7360576924528301 0.6698717949999999 0.7348557688679246 0.638621795 0.7350961537735848 0.634294871875 0.7401442311320754 0.633173076875 0.7447115386792452 0.6326923074999999 0.7478365386792453 0.634294871875 0.7713942311320754 0.6349358975 0.7725961537735849 0.659615384375 0.7987980773584905 0.6892628206249999 0.8237980773584905 0.693269230625 0.8223557688679246 0.715384615625 0.7634615386792453 0.7137820512499999 0.7516826924528301
21 0.545833333125 0.7004807688679245 0.544871795 0.6877403849056604 0.534455128125 0.6425480773584905 0.50608974375 0.5528846150943396 0.494230769375 0.5302884613207547 0.490544871875 0.525 0.48637820499999995 0.5213942311320754 0.454647435625 0.5170673075471699 0.374634874375 0.5486580028301887 0.48717948687499996 0.7283653849056604 0.492628205 0.7324519226415095 0.505448718125 0.7338942311320754 0.53253205125 0.7324519226415095 0.5375 0.7286057688679246 0.542628205 0.7206730773584905 0.544871795 0.7141826924528302 0.545833333125 0.7004807688679245
3 0.28349359 0.5350961537735849 0.28317307687500004 0.5300480773584906 0.28028846125 0.5252403849056604 0.275320513125 0.5223557688679246 0.232371795 0.5173076924528301 0.216987179375 0.5192307688679246 0.212980769375 0.5290865386792453 0.21153846125 0.5447115386792453 0.21282051312499997 0.5644230773584905 0.22115384625 0.5846153849056605 0.224519230625 0.5879807688679246 0.23317307687500002 0.5877403849056604 0.238621795 0.5838942311320754 0.28317307687500004 0.5382211537735849 0.28349359 0.5350961537735849
3 0.299519230625 0.6776442311320754 0.278044871875 0.7088942311320754 0.261858974375 0.7362980773584905 0.326602564375 0.7348557688679246 0.342147435625 0.7254807688679246 0.3548076925 0.7048076924528301 0.35657051312500004 0.6971153849056604 0.337820513125 0.6507211537735849 0.336858974375 0.6507211537735849 0.299519230625 0.6776442311320754
1 0.30528846125000003 0.6384615386792453 0.30608974375 0.6266826924528301 0.30272435875 0.6139423075471698 0.286858974375 0.6182692311320754 0.27932692312499996 0.6223557688679245 0.278205128125 0.6254807688679246 0.279166666875 0.6408653849056604 0.28125 0.6502403849056604 0.283012820625 0.6528846150943396 0.287019230625 0.6552884613207547 0.29246794875 0.6552884613207547 0.29871794875 0.6514423075471698 0.3025641025 0.6463942311320754 0.30528846125000003 0.6384615386792453