12 0.787820513125 0.23774038490566038 0.781570513125 0.2399038462264151 0.77740384625 0.24447115377358491 0.77403846125 0.25192307735849057 0.7725961537499999 0.2591346150943396 0.7725961537499999 0.27139423113207545 0.7764423075000001 0.28701923113207545 0.7790064099999999 0.2927884613207547 0.786378205 0.303125 0.79102564125 0.30432692264150946 0.7918269231249999 0.30264423113207545 0.7918269231249999 0.24014423113207548 0.787820513125 0.23774038490566038
1 0.51474359 0.6463942311320754 0.512820513125 0.6110576924528301 0.50977564125 0.6009615386792453 0.5056089743750001 0.5963942311320755 0.5009615387499999 0.5949519226415094 0.49471153875 0.5995192311320754 0.49006410250000004 0.6079326924528301 0.49599359 0.6509615386792452 0.496955128125 0.6548076924528301 0.5008012818750001 0.6610576924528302 0.505929486875 0.6644230773584906 0.5099358975 0.6620192311320754 0.511858974375 0.6584134613207547 0.51474359 0.6463942311320754
9 0.49358974375000003 0.2944711537735849 0.48349359 0.23221153867924527 0.48141025625 0.22764423113207546 0.47836538437500004 0.2242788462264151 0.474519230625 0.2230769226415094 0.470673076875 0.22379807735849058 0.46971153875 0.225 0.45592948687499996 0.2697115386792453 0.455769230625 0.27548076886792455 0.46907051312500003 0.3112980773584905 0.4764423075 0.3247596150943396 0.4838141025 0.33389423113207545 0.49006410250000004 0.3367788462264151 0.494070513125 0.3350961537735849 0.4951923075 0.30961538490566043 0.49358974375000003 0.2944711537735849
9 0.560737179375 0.27139423113207545 0.559455128125 0.275 0.5588141025 0.2800480773584905 0.560416666875 0.2872596150943396 0.5644230768749999 0.29399038490566043 0.568269230625 0.29399038490566043 0.5681089743750001 0.27932692264150943 0.565705128125 0.2704326924528302 0.5639423075 0.26875 0.560737179375 0.27139423113207545
18 0.6258012818750001 0.2951923075471698 0.6522435900000001 0.24014423113207548 0.6533653843749999 0.23581730754716979 0.634615384375 0.21778846132075472 0.6235576925 0.21466346132075473 0.6203525643750001 0.21538461509433962 0.611378205 0.2204326924528302 0.599198718125 0.2375 0.594391025625 0.25192307735849057 0.593429486875 0.2591346150943396 0.5929487181249999 0.2680288462264151 0.594391025625 0.27836538490566043 0.5975961537500001 0.2872596150943396 0.6020833331250001 0.2944711537735849 0.60496794875 0.296875 0.610897435625 0.2992788462264151 0.622916666875 0.29879807735849057 0.6258012818750001 0.2951923075471698
14 0.75977564125 0.37067307735849053 0.759615384375 0.3680288462264151 0.7576923075 0.3649038462264151 0.751923076875 0.3596153849056604 0.749198718125 0.3591346150943396 0.7400641025 0.35841346132075474 0.73221153875 0.3641826924528302 0.7298076925 0.36754807735849054 0.7293269231249999 0.36923076886792455 0.73028846125 0.3713942311320755 0.74022435875 0.38629807735849053 0.74391025625 0.3889423075471698 0.747916666875 0.38870192264150943 0.756570513125 0.3795673075471698 0.7586538462500001 0.37692307735849057 0.75977564125 0.37067307735849053
1 0.72596153875 0.3185096150943396 0.7230769231249999 0.30625 0.720833333125 0.3004807688679245 0.7139423075000001 0.29110576886792455 0.70528846125 0.28701923113207545 0.6958333331250001 0.28701923113207545 0.689423076875 0.28870192264150946 0.685576923125 0.29110576886792455 0.6798076925 0.2992788462264151 0.679487179375 0.30264423113207545 0.6804487181250001 0.31177884622641505 0.706730769375 0.3533653849056604 0.70897435875 0.3540865386792453 0.716666666875 0.3521634613207547 0.72147435875 0.3454326924528302 0.7262820512499999 0.33100961509433957 0.72596153875 0.3185096150943396
21 0.37099359 0.4165865386792453 0.36137820499999995 0.3326923075471698 0.35256410250000003 0.30264423113207545 0.349679486875 0.2985576924528302 0.32211538437500004 0.29951923113207546 0.316826923125 0.30264423113207545 0.314583333125 0.3064903849056604 0.2985576925 0.4127403849056604 0.29471153875 0.45 0.294871795 0.48052884622641506 0.30096153875 0.5096153849056604 0.30721153875 0.515625 0.31442307687500004 0.5192307688679246 0.318269230625 0.51875 0.35400641 0.49326923113207544 0.37099359 0.41995192264150943 0.37099359 0.4165865386792453
18 0.513621795 0.4961538462264151 0.512980769375 0.4819711537735849 0.5088141025 0.4663461537735849 0.494070513125 0.43533653867924527 0.489583333125 0.42764423113207545 0.48621794875 0.4254807688679245 0.48237179500000005 0.425 0.4735576925 0.4314903849056604 0.46987179500000004 0.44134615377358494 0.46971153875 0.44735576886792455 0.48974359 0.5024038462264151 0.494551281875 0.5096153849056604 0.49791666687499997 0.5125 0.5016025643750001 0.5139423075471699 0.5088141025 0.5096153849056604 0.5125 0.5021634613207547 0.513621795 0.4961538462264151
1 0.56490384625 0.4516826924528302 0.568429486875 0.43557692264150943 0.5671474356249999 0.4264423075471698 0.5641025643750001 0.4170673075471698 0.558333333125 0.41201923113207545 0.556570513125 0.4117788462264151 0.5256410256249999 0.4463942311320755 0.524519230625 0.44879807735849053 0.52403846125 0.4533653849056604 0.52483974375 0.46129807735849054 0.52884615375 0.4670673075471698 0.530929486875 0.4685096150943396 0.53733974375 0.4701923075471698 0.55384615375 0.4651442311320755 0.5588141025 0.46057692264150946 0.56490384625 0.4516826924528302
0 0.5764423075 0.3870192311320755 0.57227564125 0.38774038490566043 0.5681089743750001 0.39254807735849057 0.5681089743750001 0.3973557688679245 0.570512820625 0.4002403849056604 0.57516025625 0.4016826924528302 0.580448718125 0.4016826924528302 0.5826923075 0.4002403849056604 0.581730769375 0.39254807735849057 0.5786858975 0.38798076886792454 0.5764423075 0.3870192311320755
14 0.581730769375 0.4 0.579647435625 0.4021634613207547 0.575 0.41129807735849055 0.576121795 0.4201923075471698 0.59503205125 0.425 0.602884615625 0.42451923113207546 0.613301281875 0.4045673075471698 0.613301281875 0.4 0.60849359 0.3939903849056604 0.603365384375 0.39326923113207546 0.581730769375 0.4
1 0.65625 0.4002403849056604 0.659615384375 0.3774038462264151 0.6602564099999999 0.36682692264150946 0.6580128206249999 0.3483173075471698 0.64983974375 0.34639423113207546 0.63846153875 0.34807692264150947 0.63253205125 0.3516826924528302 0.6259615387499999 0.36129807735849057 0.6240384612500001 0.3694711537735849 0.621955128125 0.3891826924528302 0.621794871875 0.39326923113207546 0.623878205 0.40408653867924527 0.630128205 0.415625 0.63365384625 0.41971153867924527 0.63878205125 0.4216346150943396 0.6463141025 0.41610576886792455 0.6549679487500001 0.4045673075471698 0.65625 0.4002403849056604
1 0.6350961537500001 0.4742788462264151 0.637019230625 0.4701923075471698 0.638621795 0.4617788462264151 0.63733974375 0.4572115386792453 0.634615384375 0.4548076924528302 0.607051281875 0.4555288462264151 0.599519230625 0.4572115386792453 0.5918269231250001 0.4617788462264151 0.590384615625 0.46490384622641506 0.5899038462499999 0.4675480773584905 0.591666666875 0.47860576886792455 0.5951923075 0.48629807735849057 0.59871794875 0.48870192264150947 0.607371795 0.49110576886792456 0.6150641025 0.48942307735849055 0.628044871875 0.48221153867924527 0.6350961537500001 0.4742788462264151
14 0.686378205 0.38846153867924527 0.6657051281249999 0.4271634613207547 0.675480769375 0.44134615377358494 0.6775641025 0.44254807735849055 0.6786858975 0.4408653849056604 0.69391025625 0.41201923113207545 0.694070513125 0.3954326924528302 0.6915064099999999 0.3865384613207547 0.6892628206249999 0.3850961537735849 0.686378205 0.38846153867924527
1 0.81875 0.4375 0.8137820512499999 0.4338942311320755 0.81009615375 0.4334134613207547 0.805608974375 0.4350961537735849 0.787019230625 0.44495192264150946 0.783173076875 0.45024038490566043 0.78477564125 0.48605769245283015 0.79871794875 0.4923076924528301 0.80272435875 0.49134615377358487 0.8147435900000001 0.4831730773584905 0.824519230625 0.4721153849056604 0.828365384375 0.4627403849056604 0.82628205125 0.45048076886792454 0.81875 0.4375
18 0.830769230625 0.5254807688679246 0.82996794875 0.5216346150943396 0.8261217949999999 0.5161057688679246 0.814423076875 0.5076923075471699 0.79871794875 0.4987980773584905 0.7794871793750001 0.4997596150943396 0.7737179487500001 0.5108173075471698 0.771634615625 0.5170673075471699 0.7713141025 0.5290865386792453 0.77227564125 0.534375 0.780929486875 0.5574519226415094 0.795673076875 0.565625 0.810576923125 0.5651442311320755 0.814423076875 0.5629807688679246 0.821794871875 0.5526442311320754 0.830769230625 0.5254807688679246
18 0.73621794875 0.5360576924528302 0.7408653843749999 0.5216346150943396 0.744070513125 0.5079326924528301 0.7487179487500001 0.48052884622641506 0.7477564099999999 0.46658653867924527 0.74358974375 0.45504807735849057 0.740705128125 0.45096153867924527 0.73253205125 0.4466346150943396 0.725641025625 0.4459134613207547 0.7232371793750001 0.4466346150943396 0.7205128206249999 0.45024038490566043 0.7161858975 0.45889423113207545 0.710576923125 0.478125 0.707051281875 0.5129807688679245 0.706730769375 0.5257211537735849 0.7080128206249999 0.5336538462264151 0.710576923125 0.5408653849056604 0.715705128125 0.5466346150943396 0.7209935900000001 0.5485576924528301 0.7286858975 0.5463942311320754 0.7323717949999999 0.5425480773584905 0.73621794875 0.5360576924528302
10 0.67403846125 0.5399038462264151 0.661698718125 0.5399038462264151 0.658173076875 0.5418269226415094 0.644391025625 0.5564903849056604 0.63974359 0.5762019226415095 0.63990384625 0.5841346150943396 0.6421474356250001 0.5956730773584905 0.64647435875 0.596875 0.6826923075000001 0.5528846150943396 0.68397435875 0.5487980773584905 0.68108974375 0.54375 0.67772435875 0.5408653849056604 0.67403846125 0.5399038462264151
18 0.7525641025 0.6740384613207547 0.7586538462500001 0.6661057688679246 0.7610576925 0.6572115386792453 0.761858974375 0.6504807688679246 0.7599358975 0.6389423075471699 0.755769230625 0.6324519226415094 0.748076923125 0.6264423075471699 0.7197115387499999 0.6201923075471698 0.6969551281249999 0.6211538462264151 0.6911858975 0.6269230773584905 0.6873397437500001 0.6341346150943395 0.6860576924999999 0.6399038462264152 0.6865384612500001 0.6504807688679246 0.6875 0.6543269226415095 0.693269230625 0.6632211537735849 0.70496794875 0.6709134613207547 0.7158653843749999 0.6745192311320755 0.728365384375 0.6769230773584906 0.74102564125 0.678125 0.7525641025 0.6740384613207547
1 0.755929486875 0.7074519226415095 0.74759615375 0.7088942311320754 0.740705128125 0.7127403849056604 0.73221153875 0.7199519226415094 0.72115384625 0.7322115386792453 0.716826923125 0.7384615386792452 0.7137820512499999 0.7475961537735849 0.71025641 0.7673076924528301 0.712820513125 0.7838942311320755 0.7173076924999999 0.7879807688679246 0.725 0.7911057688679246 0.744070513125 0.7793269226415095 0.76153846125 0.7209134613207547 0.7588141025 0.7088942311320754 0.755929486875 0.7074519226415095
18 0.6161858975 0.8894230773584906 0.627083333125 0.8889423075471699 0.6426282050000001 0.8848557688679246 0.643429486875 0.8836538462264151 0.644551281875 0.8769230773584905 0.640705128125 0.8572115386792453 0.638621795 0.8516826924528301 0.630769230625 0.8377403849056604 0.625480769375 0.8336538462264151 0.60753205125 0.8290865386792453 0.59134615375 0.8307692311320755 0.5836538462499999 0.8338942311320754 0.575801281875 0.8389423075471698 0.5719551281249999 0.8432692311320754 0.569391025625 0.8495192311320754 0.568269230625 0.853125 0.56875 0.8572115386792453 0.5719551281249999 0.8651442311320754 0.575 0.8701923075471698 0.580128205 0.8764423075471699 0.5881410256249999 0.8805288462264151 0.603365384375 0.8865384613207548 0.6161858975 0.8894230773584906
18 0.63621794875 0.7173076924528301 0.6413461537499999 0.7057692311320755 0.643269230625 0.6932692311320754 0.643269230625 0.6858173075471699 0.639262820625 0.6661057688679246 0.6349358975 0.6646634613207547 0.630929486875 0.6651442311320754 0.60496794875 0.6814903849056604 0.600641025625 0.6860576924528301 0.591666666875 0.7009615386792453 0.58621794875 0.7149038462264151 0.58509615375 0.721875 0.58509615375 0.7324519226415095 0.58766025625 0.7394230773584906 0.5918269231250001 0.7444711537735849 0.595512820625 0.746875 0.603044871875 0.7473557688679245 0.6088141025 0.7447115386792452 0.6230769231250001 0.7334134613207547 0.63621794875 0.7173076924528301
14 0.5918269231250001 0.6242788462264152 0.58028846125 0.6216346150943396 0.5777243587499999 0.6223557688679245 0.57628205125 0.6230769226415095 0.573878205 0.6266826924528301 0.5724358975 0.6319711537735849 0.57227564125 0.6346153849056604 0.5735576925 0.6358173075471698 0.6025641025 0.6543269226415095 0.6038461537500001 0.6543269226415095 0.60721153875 0.6502403849056604 0.60641025625 0.6387019226415095 0.604647435625 0.6348557688679246 0.5918269231250001 0.6242788462264152
14 0.544871795 0.6146634613207548 0.54150641 0.6192307688679246 0.53733974375 0.6346153849056604 0.5524038462499999 0.6737980773584905 0.556570513125 0.6725961537735848 0.55897435875 0.6658653849056604 0.5588141025 0.6497596150943395 0.552884615625 0.6228365386792453 0.54871794875 0.6151442311320754 0.544871795 0.6146634613207548
14 0.5551282049999999 0.7673076924528301 0.5525641025 0.7629807688679245 0.548878205 0.7600961537735849 0.54471153875 0.7625 0.54358974375 0.7649038462264152 0.54022435875 0.8069711537735849 0.542147435625 0.8103365386792453 0.54471153875 0.8115384613207547 0.548237179375 0.8112980773584906 0.55272435875 0.8026442311320754 0.554487179375 0.7947115386792453 0.555769230625 0.7790865386792453 0.5551282049999999 0.7673076924528301
18 0.501762820625 0.9 0.50608974375 0.8939903849056604 0.508173076875 0.8884615386792453 0.509134615625 0.8762019226415094 0.505769230625 0.8658653849056605 0.502083333125 0.8608173075471699 0.48237179500000005 0.8454326924528301 0.47003205125 0.8389423075471698 0.466826923125 0.8377403849056604 0.462820513125 0.8379807688679246 0.45352564125 0.8435096150943396 0.449679486875 0.853125 0.448878205 0.8574519226415095 0.45496794875 0.8788461537735849 0.46169871812499996 0.8884615386792453 0.470673076875 0.8959134613207548 0.482051281875 0.9016826924528302 0.494070513125 0.9040865386792453 0.49791666687499997 0.9028846150943396 0.501762820625 0.9
13 0.517628205 0.8338942311320754 0.53349359 0.7168269226415095 0.5331730768749999 0.7125 0.530608974375 0.7088942311320754 0.525480769375 0.7057692311320755 0.51746794875 0.7050480773584905 0.5008012818750001 0.7088942311320754 0.49391025624999996 0.7115384613207547 0.45753205125 0.728125 0.454647435625 0.7302884613207548 0.45096153875 0.7353365386792453 0.448237179375 0.7418269226415094 0.447916666875 0.7480769226415095 0.4485576925 0.7519230773584905 0.45112179500000005 0.7610576924528302 0.453365384375 0.7653846150943396 0.500480769375 0.8266826924528301 0.509294871875 0.8338942311320754 0.512980769375 0.8348557688679246 0.517628205 0.8338942311320754
14 0.44358974375000004 0.5983173075471698 0.439423076875 0.5992788462264151 0.434294871875 0.6100961537735848 0.43397435875 0.6112980773584905 0.43798076937499997 0.6310096150943396 0.443269230625 0.6483173075471699 0.44711538437500004 0.6521634613207548 0.4514423075 0.6519230773584905 0.4536858975 0.6461538462264151 0.444391025625 0.5995192311320754 0.44358974375000004 0.5983173075471698
14 0.4 0.5954326924528301 0.39631410250000004 0.5923076924528301 0.3900641025 0.5911057688679245 0.383333333125 0.5915865386792453 0.369230769375 0.5990384613207548 0.368269230625 0.603125 0.367628205 0.6081730773584906 0.36891025624999996 0.6151442311320754 0.37259615375000005 0.6175480773584906 0.39743589749999997 0.6134615386792452 0.400320513125 0.6112980773584905 0.40192307687499995 0.6045673075471698 0.401602564375 0.5997596150943396 0.4 0.5954326924528301
18 0.287179486875 0.6735576924528301 0.290865384375 0.6716346150943396 0.296634615625 0.6622596150943396 0.29695512812499997 0.6461538462264151 0.29102564125 0.6151442311320754 0.28317307687500004 0.5838942311320754 0.2764423075 0.5723557688679246 0.272916666875 0.5682692311320754 0.263621795 0.5677884613207548 0.259615384375 0.5701923075471699 0.25384615374999997 0.5795673075471699 0.25096153875 0.5920673075471699 0.250801281875 0.6 0.252083333125 0.6194711537735849 0.25528846125 0.6391826924528301 0.259134615625 0.6540865386792453 0.267628205 0.6670673075471698 0.27115384625 0.6697115386792453 0.283333333125 0.6735576924528301 0.287179486875 0.6735576924528301
12 0.33878205125 0.7665865386792453 0.34278846125 0.7596153849056604 0.35977564125 0.6658653849056604 0.35737179500000005 0.6550480773584906 0.35352564125 0.6444711537735849 0.34903846125 0.6425480773584905 0.34326923062500003 0.6459134613207548 0.317948718125 0.6894230773584905 0.311858974375 0.7045673075471699 0.310897435625 0.709375 0.3099358975 0.7177884613207547 0.31105769250000004 0.7310096150943396 0.31602564125 0.7475961537735849 0.32163461562499995 0.7608173075471698 0.326602564375 0.7673076924528301 0.329487179375 0.7685096150943396 0.334294871875 0.7692307688679246 0.33878205125 0.7665865386792453
18 0.424198718125 0.7483173075471699 0.42740384625 0.7362980773584905 0.42596153875 0.7050480773584905 0.42371794875 0.7026442311320754 0.41971153875 0.7021634613207547 0.380769230625 0.7170673075471699 0.37932692312500005 0.7204326924528301 0.37900641 0.7235576924528302 0.37900641 0.7370192311320755 0.380769230625 0.7516826924528301 0.38958333312500004 0.7637019226415095 0.39262820499999995 0.7665865386792453 0.40496794875 0.7665865386792453 0.41378205125 0.7625 0.422115384375 0.7528846150943396 0.424198718125 0.7483173075471699
14 0.37644230749999996 0.7831730773584905 0.37548076937499997 0.7790865386792453 0.369230769375 0.7685096150943396 0.36634615375 0.7665865386792453 0.360737179375 0.7670673075471699 0.35721153875 0.7723557688679246 0.357051281875 0.7774038462264151 0.3625 0.8103365386792453 0.36506410250000004 0.8127403849056604 0.36875 0.8139423075471699 0.37371794875 0.8112980773584906 0.37451923062500003 0.8103365386792453 0.37564102562499996 0.8028846150943396 0.37644230749999996 0.7831730773584905