18 0.73046875 0.5434570311320754 0.73046875 0.5317382811320754 0.7265625 0.5200195311320754 0.7177734375 0.506835937735849 0.7080078125 0.495117187735849 0.6982421875 0.4863281245283018 0.6865234375 0.4863281245283018 0.68359375 0.4907226566037736 0.681640625 0.49951171886792456 0.681640625 0.5083007811320754 0.68359375 0.5141601566037736 0.6904296875 0.524414062264151 0.7080078125 0.5449218754716981 0.7138671875 0.55078125 0.7255859375 0.55078125 0.73046875 0.5434570311320754
18 0.404296875 0.6606445311320754 0.40234375 0.6430664066037736 0.3974609375 0.635742187735849 0.3876953125 0.6269531245283019 0.3701171875 0.62109375 0.369140625 0.6225585933962264 0.369140625 0.6372070311320754 0.380859375 0.6899414066037736 0.3857421875 0.6972656245283019 0.3935546875 0.694335937735849 0.400390625 0.6840820311320754 0.40234375 0.6782226566037736 0.404296875 0.6606445311320754
1 0.6259765625 0.741210937735849 0.6181640625 0.747070312264151 0.61328125 0.7543945311320754 0.609375 0.7661132811320754 0.611328125 0.7778320311320754 0.6142578125 0.78515625 0.6552734375 0.776367187735849 0.65625 0.7749023433962264 0.65625 0.7485351566037736 0.6513671875 0.741210937735849 0.6259765625 0.741210937735849
1 0.453125 0.4702148433962264 0.4462890625 0.45996093773584906 0.4423828125 0.45703125 0.4365234375 0.45703125 0.4326171875 0.45996093773584906 0.4296875 0.4643554688679245 0.427734375 0.4702148433962264 0.42578125 0.5053710933962264 0.4267578125 0.506835937735849 0.4423828125 0.515625 0.4501953125 0.506835937735849 0.453125 0.49951171886792456 0.455078125 0.4907226566037736 0.455078125 0.4760742188679245 0.453125 0.4702148433962264
1 0.603515625 0.2709960933962264 0.6015625 0.2651367188679245 0.5947265625 0.25488281226415094 0.5849609375 0.2490234377358491 0.5712890625 0.2490234377358491 0.5634765625 0.25488281226415094 0.55859375 0.2622070311320755 0.55859375 0.2680664066037736 0.5654296875 0.28417968773584906 0.5927734375 0.2988281245283019 0.6005859375 0.2988281245283019 0.6015625 0.2973632811320755 0.603515625 0.2915039066037736 0.603515625 0.2709960933962264
1 0.4130859375 0.5683593754716981 0.4033203125 0.5683593754716981 0.3974609375 0.571289062264151 0.388671875 0.5844726566037736 0.38671875 0.5903320311320754 0.384765625 0.6020507811320754 0.388671875 0.6108398433962264 0.3955078125 0.618164062264151 0.4052734375 0.618164062264151 0.41015625 0.6137695311320754 0.416015625 0.5874023433962264 0.416015625 0.5727539066037736 0.4130859375 0.5683593754716981
7 0.322265625 0.6899414066037736 0.318359375 0.6752929688679246 0.30859375 0.6518554688679246 0.3017578125 0.64453125 0.2919921875 0.64453125 0.2841796875 0.6503906245283019 0.27734375 0.6606445311320754 0.27734375 0.6782226566037736 0.28125 0.6870117188679246 0.3115234375 0.723632812264151 0.3193359375 0.723632812264151 0.3203125 0.7221679688679246 0.322265625 0.7016601566037736 0.322265625 0.6899414066037736
20 0.2919921875 0.4277343745283019 0.2861328125 0.4277343745283019 0.2822265625 0.43066406226415094 0.279296875 0.4350585933962264 0.279296875 0.4702148433962264 0.2822265625 0.4746093745283019 0.2861328125 0.4746093745283019 0.287109375 0.4731445311320755 0.296875 0.4379882811320755 0.296875 0.4350585933962264 0.2919921875 0.4277343745283019
20 0.443359375 0.2856445311320755 0.4365234375 0.2753906245283019 0.4306640625 0.26953125 0.4228515625 0.26953125 0.3857421875 0.27832031226415094 0.3603515625 0.3046875 0.35546875 0.3120117188679245 0.3515625 0.3208007811320755 0.3515625 0.3413085933962264 0.3525390625 0.34277343773584906 0.4306640625 0.31640625 0.4345703125 0.31347656226415094 0.439453125 0.3061523433962264 0.44140625 0.3002929688679245 0.443359375 0.2856445311320755
20 0.3251953125 0.5625 0.3173828125 0.565429687735849 0.31640625 0.5668945311320754 0.314453125 0.6166992188679246 0.3154296875 0.618164062264151 0.3291015625 0.618164062264151 0.3388671875 0.612304687735849 0.33984375 0.6108398433962264 0.3359375 0.5668945311320754 0.3349609375 0.565429687735849 0.3251953125 0.5625
13 0.2578125 0.5874023433962264 0.2607421875 0.5917968754716981 0.2666015625 0.5917968754716981 0.267578125 0.5903320311320754 0.267578125 0.5815429688679246 0.2626953125 0.57421875 0.259765625 0.5786132811320754 0.2578125 0.5874023433962264
13 0.294921875 0.4760742188679245 0.29296875 0.4819335933962264 0.29296875 0.48486328113207544 0.2958984375 0.4921875 0.302734375 0.4819335933962264 0.302734375 0.4760742188679245 0.3017578125 0.4746093745283019 0.2958984375 0.4746093745283019 0.294921875 0.4760742188679245
13 0.5771484375 0.6738281245283019 0.5751953125 0.6738281245283019 0.57421875 0.6752929688679246 0.572265625 0.6811523433962264 0.576171875 0.6987304688679246 0.5791015625 0.703125 0.5830078125 0.703125 0.583984375 0.7016601566037736 0.583984375 0.6928710933962264 0.578125 0.6752929688679246 0.5771484375 0.6738281245283019
13 0.5751953125 0.512695312264151 0.57421875 0.5141601566037736 0.57421875 0.5229492188679246 0.5751953125 0.524414062264151 0.5833140725 0.530468883018868 0.583583004375 0.5207873216981133 0.582238343125 0.5139295490566037 0.5791015625 0.512695312264151 0.5751953125 0.512695312264151
14 0.65234375 0.4262695311320755 0.65234375 0.4116210933962264 0.6396484375 0.38964843773584906 0.63671875 0.3940429688679245 0.63671875 0.4204101566037736 0.638671875 0.4321289066037736 0.640625 0.4379882811320755 0.6416015625 0.4394531245283019 0.6455078125 0.4394531245283019 0.650390625 0.4321289066037736 0.65234375 0.4262695311320755
9 0.6708984375 0.31933593773584906 0.66796875 0.3237304688679245 0.66796875 0.3266601566037736 0.6689453125 0.328125 0.6748046875 0.328125 0.6796875 0.3237304688679245 0.6796875 0.3208007811320755 0.6787109375 0.31933593773584906 0.6708984375 0.31933593773584906
14 0.568359375 0.48779296886792456 0.5634765625 0.48046875 0.5556640625 0.4746093745283019 0.5322265625 0.47753906226415094 0.52734375 0.48486328113207544 0.52734375 0.48779296886792456 0.5283203125 0.489257812264151 0.5419921875 0.495117187735849 0.5634765625 0.500976562264151 0.5654296875 0.500976562264151 0.568359375 0.49658203113207544 0.568359375 0.48779296886792456
14 0.5556640625 0.5566406245283019 0.5546875 0.5581054688679246 0.53515625 0.5903320311320754 0.53515625 0.5932617188679246 0.5380859375 0.59765625 0.5576171875 0.600585937735849 0.55859375 0.5991210933962264 0.560546875 0.5610351566037736 0.5576171875 0.5566406245283019 0.5556640625 0.5566406245283019
14 0.4482421875 0.588867187735849 0.4404296875 0.594726562264151 0.435546875 0.6020507811320754 0.43359375 0.6225585933962264 0.43359375 0.6254882811320754 0.4345703125 0.6269531245283019 0.4404296875 0.6269531245283019 0.4541015625 0.624023437735849 0.466796875 0.6108398433962264 0.4619140625 0.600585937735849 0.4482421875 0.588867187735849
14 0.4697265625 0.670898437735849 0.4677734375 0.670898437735849 0.46484375 0.6752929688679246 0.46484375 0.6840820311320754 0.466796875 0.6899414066037736 0.4716796875 0.700195312264151 0.4873046875 0.71484375 0.4921875 0.7075195311320754 0.4921875 0.7045898433962264 0.4697265625 0.670898437735849
14 0.666015625 0.6489257811320754 0.6728515625 0.659179687735849 0.6796875 0.6518554688679246 0.67578125 0.6137695311320754 0.6728515625 0.609375 0.6640625 0.6225585933962264 0.666015625 0.6489257811320754