18 0.37109375 0.7690429688679246 0.380859375 0.7280273433962264 0.3828125 0.7163085933962264 0.3828125 0.7016601566037736 0.37890625 0.6899414066037736 0.3779296875 0.688476562264151 0.3720703125 0.6855468754716981 0.3681640625 0.6855468754716981 0.3623046875 0.688476562264151 0.353515625 0.7016601566037736 0.349609375 0.7104492188679246 0.341796875 0.7397460933962264 0.33984375 0.7514648433962264 0.33984375 0.7719726566037736 0.341796875 0.7778320311320754 0.3466796875 0.78515625 0.3525390625 0.788085937735849 0.3603515625 0.788085937735849 0.3642578125 0.78515625 0.37109375 0.7690429688679246
18 0.4423828125 0.7441406245283019 0.4541015625 0.7441406245283019 0.4599609375 0.73828125 0.46484375 0.7280273433962264 0.46484375 0.6987304688679246 0.455078125 0.6459960933962264 0.4462890625 0.6328125 0.4404296875 0.629882812264151 0.4365234375 0.629882812264151 0.4326171875 0.6328125 0.427734375 0.6401367188679246 0.42578125 0.6459960933962264 0.423828125 0.6547851566037736 0.423828125 0.6665039066037736 0.42578125 0.6899414066037736 0.4296875 0.7192382811320754 0.431640625 0.7280273433962264 0.435546875 0.7368164066037736 0.4384765625 0.741210937735849 0.4423828125 0.7441406245283019
18 0.673828125 0.7104492188679246 0.67578125 0.7045898433962264 0.67578125 0.6958007811320754 0.673828125 0.6899414066037736 0.6708984375 0.6855468754716981 0.6572265625 0.6855468754716981 0.6357421875 0.700195312264151 0.6298828125 0.706054687735849 0.626953125 0.7104492188679246 0.625 0.7163085933962264 0.625 0.7250976566037736 0.626953125 0.7309570311320754 0.6298828125 0.735351562264151 0.6416015625 0.735351562264151 0.6474609375 0.7324218754716981 0.6689453125 0.717773437735849 0.673828125 0.7104492188679246
18 0.6982421875 0.6738281245283019 0.701171875 0.6694335933962264 0.705078125 0.6547851566037736 0.705078125 0.6518554688679246 0.6962890625 0.6386718754716981 0.6845703125 0.6386718754716981 0.6787109375 0.641601562264151 0.6728515625 0.647460937735849 0.669921875 0.6518554688679246 0.66796875 0.6577148433962264 0.66796875 0.6694335933962264 0.671875 0.6782226566037736 0.6748046875 0.682617187735849 0.6806640625 0.6855468754716981 0.6845703125 0.6855468754716981 0.6923828125 0.6796875 0.6982421875 0.6738281245283019
18 0.34765625 0.2680664066037736 0.34765625 0.2651367188679245 0.345703125 0.2592773433962264 0.3408203125 0.2519531245283019 0.3330078125 0.24609375 0.3271484375 0.2431640622641509 0.3095703125 0.24023437452830187 0.3037109375 0.24023437452830187 0.2978515625 0.2431640622641509 0.291015625 0.2534179688679245 0.2890625 0.2592773433962264 0.2890625 0.2680664066037736 0.2958984375 0.27832031226415094 0.2998046875 0.28125 0.3330078125 0.28417968773584906 0.3427734375 0.27832031226415094 0.345703125 0.2739257811320755 0.34765625 0.2680664066037736
18 0.4453125 0.5815429688679246 0.443359375 0.5698242188679246 0.4384765625 0.5625 0.4345703125 0.559570312264151 0.4248046875 0.559570312264151 0.4189453125 0.5625 0.416015625 0.5668945311320754 0.412109375 0.5786132811320754 0.41015625 0.5874023433962264 0.41015625 0.5991210933962264 0.412109375 0.6079101566037736 0.4228515625 0.618164062264151 0.4267578125 0.618164062264151 0.4365234375 0.612304687735849 0.4453125 0.5991210933962264 0.4453125 0.5815429688679246
18 0.263671875 0.6020507811320754 0.26171875 0.5844726566037736 0.2607421875 0.583007812264151 0.2568359375 0.583007812264151 0.2490234375 0.588867187735849 0.24609375 0.5932617188679246 0.2421875 0.6020507811320754 0.23828125 0.6166992188679246 0.236328125 0.6284179688679246 0.236328125 0.6372070311320754 0.240234375 0.6518554688679246 0.2470703125 0.6621093754716981 0.2509765625 0.665039062264151 0.2548828125 0.665039062264151 0.255859375 0.6635742188679246 0.263671875 0.6020507811320754
6 0.615234375 0.3354492188679245 0.62109375 0.3120117188679245 0.62109375 0.2856445311320755 0.619140625 0.2797851566037736 0.6162109375 0.2753906245283019 0.6103515625 0.26953125 0.6044921875 0.26953125 0.544921875 0.3530273433962264 0.5390625 0.3735351566037736 0.5419921875 0.37792968773584906 0.5478515625 0.3808593754716981 0.5751953125 0.3808593754716981 0.5830078125 0.375 0.5947265625 0.36328125 0.6064453125 0.34863281226415094 0.615234375 0.3354492188679245
3 0.705078125 0.5229492188679246 0.7021484375 0.518554687735849 0.6240234375 0.43359375 0.5966796875 0.421875 0.5791015625 0.42480468773584906 0.5751953125 0.4277343745283019 0.5703125 0.4350585933962264 0.55859375 0.4672851566037736 0.537109375 0.5639648433962264 0.537109375 0.5698242188679246 0.5400390625 0.57421875 0.6103515625 0.6328125 0.6650390625 0.6328125 0.6982421875 0.62109375 0.69921875 0.6196289066037736 0.705078125 0.5229492188679246
3 0.2900390625 0.5390625 0.2978515625 0.5390625 0.310546875 0.5200195311320754 0.314453125 0.5112304688679246 0.318359375 0.49658203113207544 0.32421875 0.3295898433962264 0.322265625 0.3237304688679245 0.3173828125 0.31640625 0.3115234375 0.31347656226415094 0.3017578125 0.31347656226415094 0.2431640625 0.3691406245283019 0.2421875 0.3706054688679245 0.2421875 0.3764648433962264 0.24609375 0.4262695311320755 0.255859375 0.4907226566037736 0.2578125 0.49951171886792456 0.26171875 0.5112304688679246 0.2685546875 0.5214843754716981 0.2900390625 0.5390625
21 0.583984375 0.2534179688679245 0.583984375 0.2475585933962264 0.56640625 0.14794921886792453 0.5654296875 0.14648437547169813 0.4833984375 0.12597656226415094 0.4794921875 0.12597656226415094 0.4765625 0.1303710933962264 0.4296875 0.21826171886792453 0.45703125 0.2768554688679245 0.4736328125 0.3046875 0.5009765625 0.33691406226415094 0.5107421875 0.34277343773584906 0.5146484375 0.34277343773584906 0.5244140625 0.33691406226415094 0.583984375 0.2534179688679245
21 0.6904296875 0.512695312264151 0.6953125 0.5083007811320754 0.7265625 0.4350585933962264 0.73046875 0.4233398433962264 0.73046875 0.4116210933962264 0.69921875 0.3090820311320755 0.681640625 0.2680664066037736 0.6748046875 0.2578125 0.6689453125 0.2519531245283019 0.6611328125 0.2519531245283019 0.6279296875 0.26660156226415094 0.626953125 0.2680664066037736 0.626953125 0.2797851566037736 0.62890625 0.3295898433962264 0.630859375 0.3471679688679245 0.650390625 0.4291992188679245 0.68359375 0.5083007811320754 0.6884765625 0.512695312264151 0.6904296875 0.512695312264151
21 0.4365234375 0.47167968773584906 0.47265625 0.4174804688679245 0.474609375 0.4116210933962264 0.474609375 0.4057617188679245 0.4697265625 0.3984375 0.4658203125 0.39550781226415094 0.3603515625 0.33105468773584906 0.3486328125 0.33105468773584906 0.3447265625 0.3339843754716981 0.34375 0.3354492188679245 0.349609375 0.4526367188679245 0.3544921875 0.45996093773584906 0.3837890625 0.4921875 0.3896484375 0.495117187735849 0.4130859375 0.495117187735849 0.4208984375 0.4921875 0.4365234375 0.47167968773584906
21 0.396484375 0.5493164066037736 0.3798828125 0.5097656245283019 0.3740234375 0.506835937735849 0.3388671875 0.500976562264151 0.2705078125 0.5566406245283019 0.244140625 0.5961914066037736 0.2421875 0.6020507811320754 0.23828125 0.6166992188679246 0.23828125 0.6430664066037736 0.2421875 0.6547851566037736 0.2470703125 0.6621093754716981 0.3017578125 0.7207031245283019 0.3837890625 0.6796875 0.38671875 0.6752929688679246 0.396484375 0.5493164066037736
21 0.611328125 0.6928710933962264 0.611328125 0.6782226566037736 0.609375 0.6635742188679246 0.5966796875 0.64453125 0.5283203125 0.559570312264151 0.5166015625 0.5683593754716981 0.513671875 0.5727539066037736 0.5 0.6108398433962264 0.49609375 0.6225585933962264 0.49609375 0.6313476566037736 0.5283203125 0.6796875 0.5439453125 0.694335937735849 0.5966796875 0.706054687735849 0.6044921875 0.703125 0.609375 0.6987304688679246 0.611328125 0.6928710933962264
13 0.416015625 0.1889648433962264 0.416015625 0.18017578113207547 0.404296875 0.1508789066037736 0.4013671875 0.14648437547169813 0.3974609375 0.14648437547169813 0.3916015625 0.15234375 0.38671875 0.15966796886792453 0.380859375 0.17138671886792453 0.376953125 0.18310546886792453 0.375 0.19189453113207547 0.369140625 0.2241210933962264 0.369140625 0.2358398433962264 0.3701171875 0.23730468773584906 0.3779296875 0.24023437452830187 0.3876953125 0.24023437452830187 0.3974609375 0.23144531226415094 0.408203125 0.21533203113207547 0.416015625 0.1889648433962264
13 0.3427734375 0.2109375 0.3408203125 0.2109375 0.33984375 0.2124023433962264 0.333984375 0.22998046886792453 0.333984375 0.2358398433962264 0.3427734375 0.2431640622641509 0.3505859375 0.2431640622641509 0.353515625 0.23876953113207547 0.353515625 0.2358398433962264 0.34375 0.2124023433962264 0.3427734375 0.2109375
13 0.505859375 0.3676757811320755 0.5048828125 0.36621093773584906 0.5029296875 0.36621093773584906 0.49609375 0.3735351566037736 0.462890625 0.4379882811320755 0.462890625 0.4438476566037736 0.4697265625 0.45703125 0.5087890625 0.45996093773584906 0.5224609375 0.45410156226415094 0.525390625 0.4497070311320755 0.52734375 0.4379882811320755 0.505859375 0.3676757811320755
14 0.2861328125 0.700195312264151 0.283203125 0.7045898433962264 0.279296875 0.7163085933962264 0.279296875 0.7309570311320754 0.2802734375 0.7324218754716981 0.2861328125 0.7324218754716981 0.287109375 0.7309570311320754 0.294921875 0.7045898433962264 0.2900390625 0.6972656245283019 0.2861328125 0.700195312264151
9 0.314453125 0.7426757811320754 0.3095703125 0.73828125 0.3037109375 0.73828125 0.2978515625 0.741210937735849 0.296875 0.7426757811320754 0.294921875 0.7690429688679246 0.3095703125 0.7910156245283019 0.3154296875 0.793945312264151 0.3173828125 0.793945312264151 0.3212890625 0.7910156245283019 0.322265625 0.7895507811320754 0.322265625 0.7778320311320754 0.314453125 0.7426757811320754