1 0.3046875 0.4233398433962264 0.3046875 0.4145507811320755 0.3017578125 0.41015625 0.2666015625 0.38671875 0.2646484375 0.38671875 0.263671875 0.3881835933962264 0.259765625 0.4028320311320755 0.259765625 0.4086914066037736 0.26171875 0.4145507811320755 0.2724609375 0.43066406226415094 0.2783203125 0.43359375 0.2841796875 0.43359375 0.2958984375 0.43066406226415094 0.3046875 0.4233398433962264
1 0.32421875 0.3442382811320755 0.3173828125 0.3339843754716981 0.3115234375 0.33105468773584906 0.2998046875 0.33105468773584906 0.2958984375 0.3339843754716981 0.294921875 0.3354492188679245 0.294921875 0.3471679688679245 0.30859375 0.3911132811320755 0.3115234375 0.39550781226415094 0.3154296875 0.39550781226415094 0.3212890625 0.38964843773584906 0.32421875 0.3823242188679245 0.32421875 0.3442382811320755
1 0.3583984375 0.31933593773584906 0.3505859375 0.31347656226415094 0.3408203125 0.31347656226415094 0.3310546875 0.31933593773584906 0.328125 0.3237304688679245 0.326171875 0.3325195311320755 0.326171875 0.3383789066037736 0.3330078125 0.3515625 0.3369140625 0.3515625 0.3642578125 0.34277343773584906 0.3671875 0.3383789066037736 0.3671875 0.3295898433962264 0.3583984375 0.31933593773584906
1 0.33984375 0.2592773433962264 0.337890625 0.2534179688679245 0.3330078125 0.24609375 0.3291015625 0.2431640622641509 0.3232421875 0.24609375 0.31640625 0.2563476566037736 0.310546875 0.2973632811320755 0.310546875 0.3149414066037736 0.3134765625 0.31933593773584906 0.3173828125 0.31933593773584906 0.328125 0.3032226566037736 0.3359375 0.2827148433962264 0.33984375 0.2651367188679245 0.33984375 0.2592773433962264
1 0.31640625 0.2475585933962264 0.31640625 0.2329101566037736 0.314453125 0.22705078113207547 0.3076171875 0.21679687452830187 0.3037109375 0.21679687452830187 0.2998046875 0.21972656226415094 0.294921875 0.22705078113207547 0.29296875 0.23876953113207547 0.29296875 0.2475585933962264 0.294921875 0.2563476566037736 0.2998046875 0.2636718754716981 0.3056640625 0.2636718754716981 0.3095703125 0.26074218773584906 0.314453125 0.2534179688679245 0.31640625 0.2475585933962264
1 0.408203125 0.2094726566037736 0.4052734375 0.20507812452830187 0.4013671875 0.20507812452830187 0.3720703125 0.23144531226415094 0.3671875 0.2416992188679245 0.365234375 0.2504882811320755 0.365234375 0.2563476566037736 0.3720703125 0.26660156226415094 0.3818359375 0.26660156226415094 0.3916015625 0.2578125 0.39453125 0.2534179688679245 0.408203125 0.2211914066037736 0.408203125 0.2094726566037736
1 0.2626953125 0.506835937735849 0.259765625 0.5112304688679246 0.271484375 0.5463867188679246 0.2802734375 0.559570312264151 0.2841796875 0.559570312264151 0.287109375 0.5551757811320754 0.287109375 0.5405273433962264 0.2666015625 0.506835937735849 0.2626953125 0.506835937735849
1 0.3671875 0.4936523433962264 0.3662109375 0.4921875 0.3564453125 0.4863281245283018 0.3486328125 0.4863281245283018 0.34765625 0.48779296886792456 0.34765625 0.4936523433962264 0.36328125 0.5258789066037736 0.3681640625 0.5332031245283019 0.3740234375 0.5332031245283019 0.376953125 0.5288085933962264 0.376953125 0.5170898433962264 0.3671875 0.4936523433962264
1 0.421875 0.1655273433962264 0.4169921875 0.15820312452830187 0.4091796875 0.15234375 0.4033203125 0.14941406226415094 0.3916015625 0.14941406226415094 0.3837890625 0.15527343773584906 0.3828125 0.15673828113207547 0.3828125 0.1655273433962264 0.3857421875 0.16992187547169813 0.4130859375 0.1875 0.4208984375 0.1875 0.423828125 0.18310546886792453 0.423828125 0.17138671886792453 0.421875 0.1655273433962264
1 0.4755859375 0.07617187547169811 0.4697265625 0.07617187547169811 0.462890625 0.08642578113207547 0.45703125 0.10400390660377358 0.45703125 0.11279296886792453 0.4599609375 0.1171875 0.4716796875 0.1171875 0.4755859375 0.11425781226415094 0.482421875 0.10400390660377358 0.482421875 0.08642578113207547 0.4755859375 0.07617187547169811
1 0.3349609375 0.7675781245283019 0.3408203125 0.76171875 0.345703125 0.7543945311320754 0.349609375 0.7397460933962264 0.3486328125 0.73828125 0.2900390625 0.7207031245283019 0.2890625 0.7221679688679246 0.2890625 0.7280273433962264 0.291015625 0.7514648433962264 0.29296875 0.7573242188679246 0.2958984375 0.76171875 0.3076171875 0.770507812264151 0.3291015625 0.770507812264151 0.3349609375 0.7675781245283019
1 0.708984375 0.7426757811320754 0.7080078125 0.741210937735849 0.7021484375 0.73828125 0.6845703125 0.741210937735849 0.681640625 0.7456054688679246 0.6796875 0.7514648433962264 0.681640625 0.7573242188679246 0.6865234375 0.764648437735849 0.6923828125 0.7675781245283019 0.6943359375 0.7675781245283019 0.6982421875 0.764648437735849 0.708984375 0.7485351566037736 0.708984375 0.7426757811320754
1 0.7490234375 0.495117187735849 0.7412109375 0.495117187735849 0.7373046875 0.4980468754716982 0.728515625 0.5112304688679246 0.7265625 0.5170898433962264 0.7265625 0.5346679688679246 0.7314453125 0.541992187735849 0.7373046875 0.541992187735849 0.73828125 0.5405273433962264 0.75 0.49951171886792456 0.75 0.49658203113207544 0.7490234375 0.495117187735849
7 0.4541015625 0.15820312452830187 0.45703125 0.1538085933962264 0.45703125 0.13623046886792453 0.455078125 0.1303710933962264 0.4462890625 0.1171875 0.4306640625 0.10546875 0.4208984375 0.09960937547169811 0.4072265625 0.09960937547169811 0.40234375 0.10693359339622642 0.40234375 0.14501953113207547 0.4033203125 0.14648437547169813 0.4189453125 0.15820312452830187 0.4404296875 0.1640625 0.4443359375 0.1640625 0.4501953125 0.16113281226415094 0.4541015625 0.15820312452830187
14 0.5546875 0.09228515660377358 0.5537109375 0.09082031226415094 0.5283203125 0.08496093773584906 0.5234375 0.09228515660377358 0.5234375 0.09814453113207547 0.5283203125 0.10546875 0.5322265625 0.10839843773584906 0.5380859375 0.11132812452830189 0.5478515625 0.11132812452830189 0.5546875 0.10107421886792453 0.5546875 0.09228515660377358
14 0.4951171875 0.16113281226415094 0.494140625 0.1625976566037736 0.48828125 0.1743164066037736 0.4921875 0.19482421886792453 0.4931640625 0.19628906226415094 0.4970703125 0.19628906226415094 0.505859375 0.18310546886792453 0.513671875 0.16845703113207547 0.5087890625 0.16113281226415094 0.4951171875 0.16113281226415094
14 0.375 0.1538085933962264 0.373046875 0.1420898433962264 0.3623046875 0.12597656226415094 0.3583984375 0.12597656226415094 0.35546875 0.1303710933962264 0.35546875 0.13330078113207547 0.365234375 0.17138671886792453 0.3662109375 0.17285156226415094 0.3701171875 0.17285156226415094 0.373046875 0.16845703113207547 0.375 0.1625976566037736 0.375 0.1538085933962264
14 0.498046875 0.21826171886792453 0.4931640625 0.21386718773584906 0.4716796875 0.22265625 0.46484375 0.2329101566037736 0.46484375 0.2446289066037736 0.4658203125 0.24609375 0.4697265625 0.24609375 0.4853515625 0.23730468773584906 0.4951171875 0.22558593773584906 0.498046875 0.2211914066037736 0.498046875 0.21826171886792453
14 0.5400390625 0.20507812452830187 0.5380859375 0.20507812452830187 0.5341796875 0.20800781226415094 0.53125 0.2124023433962264 0.529296875 0.2211914066037736 0.529296875 0.2416992188679245 0.5302734375 0.2431640622641509 0.5400390625 0.2519531245283019 0.5478515625 0.2519531245283019 0.5537109375 0.2490234377358491 0.55859375 0.2446289066037736 0.5400390625 0.20507812452830187
14 0.517578125 0.2768554688679245 0.517578125 0.2915039066037736 0.5205078125 0.29589843773584906 0.529296875 0.2680664066037736 0.5283203125 0.26660156226415094 0.5224609375 0.26660156226415094 0.51953125 0.2709960933962264 0.517578125 0.2768554688679245
14 0.5107421875 0.3457031245283019 0.5068359375 0.3457031245283019 0.50390625 0.3500976566037736 0.50390625 0.3618164066037736 0.5166015625 0.3808593754716981 0.5283203125 0.37792968773584906 0.53125 0.3735351566037736 0.53125 0.3706054688679245 0.5283203125 0.36621093773584906 0.5107421875 0.3457031245283019
14 0.3193359375 0.41015625 0.3134765625 0.41308593773584906 0.30859375 0.4204101566037736 0.30859375 0.4321289066037736 0.3115234375 0.43652343773584906 0.3330078125 0.43066406226415094 0.3359375 0.4233398433962264 0.3291015625 0.41308593773584906 0.3251953125 0.41015625 0.3193359375 0.41015625
14 0.28125 0.4731445311320755 0.2783203125 0.46875 0.2724609375 0.46875 0.2646484375 0.47167968773584906 0.263671875 0.4731445311320755 0.263671875 0.48486328113207544 0.2734375 0.5053710933962264 0.2744140625 0.506835937735849 0.2763671875 0.506835937735849 0.283203125 0.49658203113207544 0.283203125 0.4790039066037736 0.28125 0.4731445311320755
14 0.2861328125 0.665039062264151 0.2685546875 0.6621093754716981 0.2607421875 0.665039062264151 0.2568359375 0.66796875 0.255859375 0.6694335933962264 0.255859375 0.6752929688679246 0.2568359375 0.676757812264151 0.2705078125 0.6855468754716981 0.2861328125 0.6796875 0.287109375 0.6782226566037736 0.287109375 0.6665039066037736 0.2861328125 0.665039062264151
14 0.28515625 0.6430664066037736 0.283203125 0.6489257811320754 0.283203125 0.6577148433962264 0.28515625 0.6752929688679246 0.2900390625 0.682617187735849 0.29296875 0.6782226566037736 0.29296875 0.6489257811320754 0.2861328125 0.641601562264151 0.28515625 0.6430664066037736
14 0.45132613749999995 0.683710562264151 0.44748790687499995 0.6631510443396227 0.438988940625 0.674253191509434 0.43679566999999997 0.6828881943396227 0.439453125 0.6870117188679246 0.44921875 0.7250976566037736 0.4501953125 0.7265625 0.4541015625 0.7265625 0.455078125 0.7250976566037736 0.45982510374999996 0.7034477113207548 0.45132613749999995 0.683710562264151
14 0.552734375 0.7543945311320754 0.5517578125 0.752929687735849 0.5283203125 0.7558593754716981 0.5234375 0.7631835933962264 0.5234375 0.7661132811320754 0.5263671875 0.770507812264151 0.5419921875 0.7792968754716981 0.5556640625 0.7792968754716981 0.556640625 0.7778320311320754 0.556640625 0.7690429688679246 0.552734375 0.7543945311320754
14 0.728515625 0.5991210933962264 0.7158203125 0.583007812264151 0.7119140625 0.5800781245283019 0.7060546875 0.5800781245283019 0.703125 0.5844726566037736 0.703125 0.5874023433962264 0.72265625 0.6225585933962264 0.7236328125 0.624023437735849 0.7275390625 0.624023437735849 0.73046875 0.6166992188679246 0.73046875 0.6049804688679246 0.728515625 0.5991210933962264
14 0.7685546875 0.524414062264151 0.7607421875 0.518554687735849 0.755859375 0.5258789066037736 0.748046875 0.5463867188679246 0.748046875 0.5493164066037736 0.75 0.5581054688679246 0.7548828125 0.565429687735849 0.7607421875 0.565429687735849 0.76171875 0.5639648433962264 0.771484375 0.5288085933962264 0.7685546875 0.524414062264151
14 0.6298828125 0.5859375 0.6162109375 0.588867187735849 0.6123046875 0.5917968754716981 0.609375 0.5961914066037736 0.609375 0.6079101566037736 0.6103515625 0.609375 0.6298828125 0.606445312264151 0.6435546875 0.59765625 0.646484375 0.5932617188679246 0.6376953125 0.5859375 0.6298828125 0.5859375
14 0.6552734375 0.530273437735849 0.650390625 0.5375976566037736 0.6484375 0.5463867188679246 0.6669921875 0.571289062264151 0.6689453125 0.571289062264151 0.677734375 0.5551757811320754 0.673828125 0.5434570311320754 0.6669921875 0.5332031245283019 0.6630859375 0.530273437735849 0.6552734375 0.530273437735849
14 0.6044921875 0.5214843754716981 0.59901981375 0.5075345839622641 0.5849609375 0.524414062264151 0.583984375 0.5258789066037736 0.583984375 0.5375976566037736 0.589424224375 0.5502984132075472 0.6103515625 0.5390625 0.611328125 0.5375976566037736 0.611328125 0.5288085933962264 0.6083984375 0.524414062264151 0.6044921875 0.5214843754716981
14 0.5625 0.4936523433962264 0.5595703125 0.489257812264151 0.5576171875 0.489257812264151 0.5546875 0.4936523433962264 0.552734375 0.5024414066037736 0.55078125 0.5200195311320754 0.55078125 0.5258789066037736 0.5595703125 0.5390625 0.5634765625 0.541992187735849 0.5654296875 0.541992187735849 0.568359375 0.5375976566037736 0.568359375 0.5346679688679246 0.5625 0.4936523433962264
14 0.763671875 0.4145507811320755 0.7626953125 0.41308593773584906 0.7607421875 0.41308593773584906 0.7578125 0.4174804688679245 0.755859375 0.4379882811320755 0.763671875 0.4643554688679245 0.7646484375 0.46582031226415094 0.7666015625 0.46582031226415094 0.767578125 0.4643554688679245 0.76953125 0.4555664066037736 0.76953125 0.4438476566037736 0.763671875 0.4145507811320755
14 0.7578125 0.4174804688679245 0.7568359375 0.4160156245283019 0.7529296875 0.4160156245283019 0.744140625 0.4291992188679245 0.744140625 0.4350585933962264 0.74609375 0.4467773433962264 0.7529296875 0.45703125 0.7607421875 0.45703125 0.76171875 0.4555664066037736 0.76171875 0.4497070311320755 0.7578125 0.4174804688679245
14 0.681640625 0.3120117188679245 0.6767578125 0.30175781226415094 0.673828125 0.3061523433962264 0.666015625 0.3413085933962264 0.666015625 0.3442382811320755 0.6669921875 0.3457031245283019 0.6708984375 0.3457031245283019 0.6767578125 0.33984375 0.6796875 0.3354492188679245 0.681640625 0.3208007811320755 0.681640625 0.3120117188679245
14 0.720703125 0.2446289066037736 0.7197265625 0.2431640622641509 0.7001953125 0.23730468773584906 0.6943359375 0.23730468773584906 0.693359375 0.23876953113207547 0.693359375 0.2475585933962264 0.6982421875 0.25488281226415094 0.7060546875 0.26074218773584906 0.7119140625 0.26074218773584906 0.7177734375 0.2578125 0.720703125 0.2534179688679245 0.720703125 0.2446289066037736
9 0.3583984375 0.20800781226415094 0.3486328125 0.21386718773584906 0.34765625 0.21533203113207547 0.34765625 0.2211914066037736 0.3505859375 0.22558593773584906 0.3583984375 0.22558593773584906 0.3623046875 0.22265625 0.365234375 0.21533203113207547 0.3623046875 0.20800781226415094 0.3583984375 0.20800781226415094
21 0.6484375 0.1860351566037736 0.642578125 0.16845703113207547 0.638671875 0.15966796886792453 0.6103515625 0.1171875 0.6064453125 0.11425781226415094 0.5791015625 0.10546875 0.5751953125 0.10839843773584906 0.558401150625 0.1198904745283019 0.520292911875 0.1536081179245283 0.575673225625 0.2740869537735849 0.613507295625 0.2823107716981132 0.64339071125 0.2712086254716981 0.65956616375 0.2453036169811321 0.6518897025 0.21734264905660378 0.6510672225 0.20418456226415094 0.6484375 0.1860351566037736
21 0.5340009 0.47610566886792455 0.520567080625 0.46747066603773585 0.50192418875 0.4164830273584906 0.48492628187500003 0.45390137641509437 0.477798131875 0.47980638490566035 0.46820251749999997 0.494198062264151 0.433110055 0.5628668811320755 0.44764052312499997 0.6257790443396226 0.5096006750000001 0.6562071745283019 0.52440531125 0.6919807575471698 0.5390625 0.6284179688679246 0.544921875 0.5668945311320754 0.537109375 0.5170898433962264 0.5340009 0.47610566886792455
21 0.650390625 0.7075195311320754 0.650390625 0.6811523433962264 0.642578125 0.6137695311320754 0.6396484375 0.609375 0.6201171875 0.609375 0.6123046875 0.6152343754716981 0.58984375 0.6430664066037736 0.583984375 0.7221679688679246 0.5888671875 0.7265625 0.6240234375 0.747070312264151 0.6279296875 0.747070312264151 0.6357421875 0.741210937735849 0.638671875 0.7368164066037736 0.642578125 0.7280273433962264 0.650390625 0.7075195311320754
21 0.6755849225 0.4210236509433962 0.60829827375 0.2844041169811321 0.5564820475 0.31771055660377356 0.540306595 0.34608270849056605 0.5674484281250001 0.4085836688679245 0.62365119625 0.4772525254716981 0.63434343375 0.47889726320754716 0.6755849225 0.4210236509433962
21 0.439415725625 0.35636246698113205 0.4185795875 0.32017769999999995 0.381842140625 0.3070195943396226 0.356071124375 0.38021151603773584 0.41149387812500005 0.5037063613207547 0.45394621812499997 0.44147894245283015 0.439415725625 0.35636246698113205
18 0.5751953125 0.44238281226415094 0.580078125 0.4350585933962264 0.580078125 0.4291992188679245 0.5771484375 0.42480468773584906 0.5673828125 0.41894531226415094 0.5576171875 0.41894531226415094 0.5458984375 0.421875 0.5400390625 0.42480468773584906 0.53515625 0.4291992188679245 0.53125 0.4379882811320755 0.53125 0.4409179688679245 0.533203125 0.4467773433962264 0.5380859375 0.4511718745283019 0.5439453125 0.45410156226415094 0.5478515625 0.45410156226415094 0.5673828125 0.44824218773584906 0.5751953125 0.44238281226415094
18 0.7060546875 0.512695312264151 0.70703125 0.5112304688679246 0.708984375 0.49951171886792456 0.708984375 0.49658203113207544 0.70703125 0.4907226566037736 0.703125 0.4819335933962264 0.68359375 0.4497070311320755 0.6787109375 0.44238281226415094 0.6728515625 0.43652343773584906 0.6669921875 0.43359375 0.6591796875 0.43652343773584906 0.654296875 0.4438476566037736 0.654296875 0.4672851566037736 0.662109375 0.48486328113207544 0.6748046875 0.50390625 0.6806640625 0.5097656245283019 0.6884765625 0.515625 0.6982421875 0.518554687735849 0.7060546875 0.512695312264151
18 0.755859375 0.3178710933962264 0.755859375 0.3032226566037736 0.75390625 0.2973632811320755 0.7490234375 0.29003906226415094 0.7431640625 0.29003906226415094 0.7353515625 0.29589843773584906 0.716796875 0.3266601566037736 0.71484375 0.3354492188679245 0.71484375 0.3559570311320755 0.7216796875 0.36621093773584906 0.7294921875 0.36621093773584906 0.7353515625 0.36035156226415094 0.7421875 0.3500976566037736 0.748046875 0.3383789066037736 0.755859375 0.3178710933962264
18 0.72265625 0.6459960933962264 0.720703125 0.6401367188679246 0.7158203125 0.6328125 0.7119140625 0.629882812264151 0.7060546875 0.629882812264151 0.701171875 0.6372070311320754 0.68359375 0.6665039066037736 0.68359375 0.6782226566037736 0.6904296875 0.688476562264151 0.7001953125 0.688476562264151 0.7119140625 0.6796875 0.71875 0.6694335933962264 0.72265625 0.6577148433962264 0.72265625 0.6459960933962264
18 0.521484375 0.7133789066037736 0.521484375 0.7104492188679246 0.517578125 0.6958007811320754 0.5087890625 0.688476562264151 0.4794921875 0.688476562264151 0.4677734375 0.694335937735849 0.458984375 0.7075195311320754 0.458984375 0.7192382811320754 0.4638671875 0.7265625 0.4697265625 0.7324218754716981 0.5009765625 0.7324218754716981 0.5087890625 0.729492187735849 0.5126953125 0.7265625 0.521484375 0.7133789066037736
18 0.388671875 0.7250976566037736 0.390625 0.7192382811320754 0.390625 0.7163085933962264 0.388671875 0.7104492188679246 0.3818359375 0.700195312264151 0.3583984375 0.6796875 0.3466796875 0.6796875 0.345703125 0.6811523433962264 0.34375 0.6870117188679246 0.34375 0.6928710933962264 0.34765625 0.7045898433962264 0.3505859375 0.7089843754716981 0.3603515625 0.717773437735849 0.3759765625 0.729492187735849 0.3857421875 0.729492187735849 0.388671875 0.7250976566037736
13 0.470703125 0.2563476566037736 0.46875 0.2651367188679245 0.4716796875 0.26953125 0.4814453125 0.26953125 0.482421875 0.2680664066037736 0.482421875 0.2651367188679245 0.4755859375 0.25488281226415094 0.4716796875 0.25488281226415094 0.470703125 0.2563476566037736
9 0.4755859375 0.30761718773584906 0.4697265625 0.30761718773584906 0.46875 0.3090820311320755 0.46875 0.3149414066037736 0.4697265625 0.31640625 0.4736328125 0.31933593773584906 0.4775390625 0.31933593773584906 0.478515625 0.3178710933962264 0.478515625 0.3120117188679245 0.4755859375 0.30761718773584906