21 0.3896484375 0.59765625 0.3974609375 0.5917968754716981 0.421875 0.5668945311320754 0.431640625 0.5434570311320754 0.4375 0.5258789066037736 0.3994140625 0.4277343745283019 0.3583984375 0.4277343745283019 0.2880859375 0.5214843754716981 0.28515625 0.5288085933962264 0.283203125 0.5375976566037736 0.28125 0.5581054688679246 0.28125 0.5668945311320754 0.291015625 0.5991210933962264 0.302734375 0.6225585933962264 0.3076171875 0.629882812264151 0.3173828125 0.641601562264151 0.3193359375 0.641601562264151 0.3896484375 0.59765625
21 0.4443359375 0.3984375 0.447265625 0.3940429688679245 0.45703125 0.3735351566037736 0.4609375 0.3618164066037736 0.470703125 0.3149414066037736 0.470703125 0.3061523433962264 0.46875 0.3002929688679245 0.4111328125 0.2109375 0.3818359375 0.21679687452830187 0.3427734375 0.24609375 0.3359375 0.2563476566037736 0.322265625 0.3178710933962264 0.322265625 0.3266601566037736 0.33984375 0.3881835933962264 0.3408203125 0.38964843773584906 0.3486328125 0.39550781226415094 0.3955078125 0.421875 0.4169921875 0.41894531226415094 0.4443359375 0.3984375
21 0.7294921875 0.20800781226415094 0.734375 0.2006835933962264 0.734375 0.1977539066037736 0.7333984375 0.19628906226415094 0.5576171875 0.08789062452830189 0.5302734375 0.10546875 0.52734375 0.10986328113207547 0.525390625 0.11572265660377358 0.521484375 0.1420898433962264 0.521484375 0.22705078113207547 0.5263671875 0.234375 0.5302734375 0.23730468773584906 0.6083984375 0.2519531245283019 0.6162109375 0.2519531245283019 0.6337890625 0.24609375 0.7294921875 0.20800781226415094
21 0.74609375 0.2651367188679245 0.7431640625 0.26074218773584906 0.7001953125 0.234375 0.6962890625 0.234375 0.6416015625 0.28125 0.640625 0.2827148433962264 0.66796875 0.3500976566037736 0.6708984375 0.35449218773584906 0.6748046875 0.3574218754716981 0.7470703125 0.3808593754716981 0.7568359375 0.3808593754716981 0.7578125 0.3793945311320755 0.74609375 0.2651367188679245
21 0.6279296875 0.6035156245283019 0.63671875 0.5903320311320754 0.640625 0.5786132811320754 0.646484375 0.5522460933962264 0.630859375 0.4497070311320755 0.5966796875 0.38964843773584906 0.5146484375 0.41308593773584906 0.513671875 0.4145507811320755 0.509765625 0.4291992188679245 0.49609375 0.4936523433962264 0.49609375 0.5053710933962264 0.4990234375 0.512695312264151 0.5615234375 0.5800781245283019 0.5751953125 0.5917968754716981 0.6083984375 0.606445312264151 0.6220703125 0.606445312264151 0.6279296875 0.6035156245283019
21 0.65234375 0.6694335933962264 0.65234375 0.6665039066037736 0.6484375 0.6577148433962264 0.6455078125 0.653320312264151 0.5986328125 0.65625 0.595703125 0.6606445311320754 0.595703125 0.6665039066037736 0.599609375 0.6958007811320754 0.6162109375 0.71484375 0.6357421875 0.7089843754716981 0.6396484375 0.706054687735849 0.64453125 0.6987304688679246 0.65234375 0.6694335933962264
21 0.806640625 0.6840820311320754 0.806640625 0.5991210933962264 0.802734375 0.5053710933962264 0.80078125 0.48779296886792456 0.7998046875 0.4863281245283018 0.7685546875 0.50390625 0.7265625 0.5698242188679246 0.720703125 0.6958007811320754 0.720703125 0.7045898433962264 0.72265625 0.7104492188679246 0.7255859375 0.71484375 0.7353515625 0.7207031245283019 0.7626953125 0.7207031245283019 0.7724609375 0.71484375 0.806640625 0.6840820311320754
21 0.73046875 0.49951171886792456 0.73046875 0.4936523433962264 0.728515625 0.4702148433962264 0.716796875 0.4262695311320755 0.7060546875 0.41015625 0.703125 0.4145507811320755 0.697265625 0.4291992188679245 0.693359375 0.4409179688679245 0.693359375 0.4584960933962264 0.697265625 0.4819335933962264 0.703125 0.49658203113207544 0.7099609375 0.506835937735849 0.7138671875 0.5097656245283019 0.7294921875 0.500976562264151 0.73046875 0.49951171886792456
1 0.46875 0.7133789066037736 0.470703125 0.7075195311320754 0.470703125 0.6958007811320754 0.466796875 0.6665039066037736 0.4609375 0.6518554688679246 0.4560546875 0.64453125 0.4404296875 0.6386718754716981 0.439453125 0.6401367188679246 0.439453125 0.6489257811320754 0.453125 0.7133789066037736 0.455078125 0.7192382811320754 0.4580078125 0.723632812264151 0.4599609375 0.723632812264151 0.4658203125 0.717773437735849 0.46875 0.7133789066037736
1 0.763671875 0.22998046886792453 0.7548828125 0.21679687452830187 0.7451171875 0.2109375 0.7412109375 0.2109375 0.7294921875 0.21679687452830187 0.7265625 0.2211914066037736 0.7265625 0.22705078113207547 0.744140625 0.2592773433962264 0.7509765625 0.26953125 0.7607421875 0.26074218773584906 0.765625 0.2534179688679245 0.765625 0.2358398433962264 0.763671875 0.22998046886792453
13 0.6474609375 0.741210937735849 0.63671875 0.7543945311320754 0.634765625 0.7602539066037736 0.634765625 0.7661132811320754 0.6357421875 0.7675781245283019 0.6572265625 0.764648437735849 0.658203125 0.7631835933962264 0.654296875 0.7426757811320754 0.6533203125 0.741210937735849 0.6474609375 0.741210937735849
13 0.541015625 0.5932617188679246 0.5322265625 0.5859375 0.5244140625 0.5859375 0.5234375 0.5874023433962264 0.49609375 0.6459960933962264 0.498046875 0.6547851566037736 0.5224609375 0.69140625 0.5400390625 0.71484375 0.5712890625 0.706054687735849 0.57421875 0.6987304688679246 0.57421875 0.6752929688679246 0.541015625 0.5932617188679246
12 0.384765625 0.7895507811320754 0.3818359375 0.782226562264151 0.3759765625 0.782226562264151 0.3642578125 0.788085937735849 0.36328125 0.7895507811320754 0.3671875 0.8012695311320754 0.3701171875 0.805664062264151 0.3740234375 0.80859375 0.3798828125 0.80859375 0.3828125 0.8041992188679246 0.384765625 0.7983398433962264 0.384765625 0.7895507811320754
18 0.482421875 0.6518554688679246 0.478515625 0.6372070311320754 0.4736328125 0.6328125 0.4716796875 0.6328125 0.466796875 0.6372070311320754 0.462890625 0.6489257811320754 0.462890625 0.6606445311320754 0.4658203125 0.665039062264151 0.4736328125 0.66796875 0.4755859375 0.66796875 0.4794921875 0.665039062264151 0.48046875 0.6635742188679246 0.482421875 0.6518554688679246
0 0.4384765625 0.71484375 0.4375 0.7163085933962264 0.4375 0.7221679688679246 0.4404296875 0.7265625 0.4462890625 0.7265625 0.447265625 0.7250976566037736 0.447265625 0.7221679688679246 0.4443359375 0.71484375 0.4384765625 0.71484375
1 0.359375 0.4702148433962264 0.3525390625 0.45996093773584906 0.3447265625 0.45996093773584906 0.341796875 0.4643554688679245 0.341796875 0.4672851566037736 0.34375 0.4731445311320755 0.3564453125 0.489257812264151 0.3603515625 0.489257812264151 0.361328125 0.48779296886792456 0.361328125 0.4760742188679245 0.359375 0.4702148433962264
9 0.2978515625 0.40136718773584906 0.296875 0.4028320311320755 0.296875 0.4086914066037736 0.2978515625 0.41015625 0.3076171875 0.41015625 0.310546875 0.4057617188679245 0.3076171875 0.40136718773584906 0.3017578125 0.3984375 0.2978515625 0.40136718773584906
7 0.826171875 0.5815429688679246 0.8076171875 0.553710937735849 0.8037109375 0.553710937735849 0.7958984375 0.559570312264151 0.794921875 0.5610351566037736 0.810546875 0.6137695311320754 0.8232421875 0.6269531245283019 0.8251953125 0.6269531245283019 0.830078125 0.6196289066037736 0.830078125 0.5991210933962264 0.828125 0.5874023433962264 0.826171875 0.5815429688679246