13 0.60156330125 0.5800769226415095 0.56250080125 0.5800769226415095 0.56250080125 0.65625 0.60156330125 0.65625 0.60156330125 0.5800769226415095
1 0.6259765625 0.811523437735849 0.6142578125 0.811523437735849 0.60546875 0.8188476566037736 0.603515625 0.8247070311320754 0.603515625 0.8364257811320754 0.6064453125 0.840820312264151 0.6220703125 0.840820312264151 0.6328125 0.8276367188679246 0.6328125 0.8188476566037736 0.6298828125 0.8144531245283019 0.6259765625 0.811523437735849
13 0.435546875 0.21533203113207547 0.4130859375 0.19921875 0.3759765625 0.21679687452830187 0.3720703125 0.21972656226415094 0.369140625 0.2241210933962264 0.369140625 0.22705078113207547 0.3720703125 0.23144531226415094 0.3974609375 0.2431640622641509 0.4013671875 0.2431640622641509 0.4326171875 0.22558593773584906 0.435546875 0.2211914066037736 0.435546875 0.21533203113207547
13 0.654296875 0.21533203113207547 0.65234375 0.2094726566037736 0.6474609375 0.20214843773584906 0.6455078125 0.20214843773584906 0.6416015625 0.20507812452830187 0.63671875 0.2124023433962264 0.630859375 0.2475585933962264 0.630859375 0.2680664066037736 0.6318359375 0.26953125 0.6533203125 0.2753906245283019 0.6572265625 0.2753906245283019 0.662109375 0.2680664066037736 0.662109375 0.2622070311320755 0.654296875 0.21533203113207547
13 0.5634765625 0.26953125 0.5498046875 0.26953125 0.5166015625 0.2753906245283019 0.513671875 0.2797851566037736 0.509765625 0.3149414066037736 0.509765625 0.3266601566037736 0.5107421875 0.328125 0.5166015625 0.328125 0.5498046875 0.29589843773584906 0.564453125 0.2797851566037736 0.564453125 0.2709960933962264 0.5634765625 0.26953125
18 0.46484375 0.3295898433962264 0.462890625 0.3237304688679245 0.4580078125 0.31933593773584906 0.4501953125 0.31933593773584906 0.4462890625 0.3222656245283019 0.44140625 0.3325195311320755 0.435546875 0.3500976566037736 0.43359375 0.3588867188679245 0.43359375 0.3793945311320755 0.4404296875 0.38964843773584906 0.4501953125 0.38964843773584906 0.458984375 0.3764648433962264 0.462890625 0.3618164066037736 0.46484375 0.3413085933962264 0.46484375 0.3295898433962264
13 0.365234375 0.3471679688679245 0.3642578125 0.3457031245283019 0.3486328125 0.3457031245283019 0.34765625 0.3471679688679245 0.34765625 0.3500976566037736 0.3515625 0.3735351566037736 0.3525390625 0.375 0.3603515625 0.37792968773584906 0.361328125 0.3764648433962264 0.365234375 0.3559570311320755 0.365234375 0.3471679688679245
20 0.63671875 0.3413085933962264 0.6357421875 0.33984375 0.6103515625 0.33984375 0.609375 0.3413085933962264 0.603515625 0.3647460933962264 0.599609375 0.3852539066037736 0.599609375 0.3911132811320755 0.6201171875 0.41894531226415094 0.6240234375 0.421875 0.6435546875 0.43066406226415094 0.64453125 0.4291992188679245 0.646484375 0.3999023433962264 0.63671875 0.3413085933962264
20 0.55859375 0.3911132811320755 0.5576171875 0.38964843773584906 0.525390625 0.4584960933962264 0.5234375 0.4643554688679245 0.5234375 0.4731445311320755 0.5419921875 0.500976562264151 0.5517578125 0.5097656245283019 0.5556640625 0.5097656245283019 0.578125 0.4907226566037736 0.578125 0.4760742188679245 0.55859375 0.3911132811320755
13 0.4443359375 0.45996093773584906 0.4052734375 0.43359375 0.4013671875 0.43359375 0.400390625 0.4350585933962264 0.400390625 0.4467773433962264 0.40234375 0.4526367188679245 0.4150390625 0.47167968773584906 0.4423828125 0.47167968773584906 0.4453125 0.4672851566037736 0.4453125 0.4614257811320755 0.4443359375 0.45996093773584906
6 0.791015625 0.4145507811320755 0.7861328125 0.40722656226415094 0.7529296875 0.375 0.7431640625 0.37207031226415094 0.7080078125 0.37207031226415094 0.70703125 0.3735351566037736 0.70703125 0.3881835933962264 0.712890625 0.4028320311320755 0.7294921875 0.42480468773584906 0.7529296875 0.4394531245283019 0.7861328125 0.4277343745283019 0.791015625 0.4204101566037736 0.791015625 0.4145507811320755
21 0.8154296875 0.6269531245283019 0.818359375 0.6225585933962264 0.818359375 0.6166992188679246 0.794921875 0.5170898433962264 0.7939453125 0.515625 0.7255859375 0.495117187735849 0.720703125 0.5024414066037736 0.69140625 0.5961914066037736 0.681640625 0.6401367188679246 0.681640625 0.6430664066037736 0.68359375 0.6489257811320754 0.7021484375 0.676757812264151 0.7314453125 0.676757812264151 0.7392578125 0.6738281245283019 0.7548828125 0.665039062264151 0.8154296875 0.6269531245283019
9 0.6279296875 0.45996093773584906 0.6201171875 0.46582031226415094 0.615234375 0.4731445311320755 0.615234375 0.4819335933962264 0.6181640625 0.4863281245283018 0.6220703125 0.4863281245283018 0.62890625 0.4760742188679245 0.630859375 0.4702148433962264 0.630859375 0.4643554688679245 0.6279296875 0.45996093773584906
7 0.541015625 0.5375976566037736 0.54296875 0.5141601566037736 0.54296875 0.5053710933962264 0.5419921875 0.50390625 0.4521484375 0.48046875 0.447265625 0.48779296886792456 0.427734375 0.5346679688679246 0.427734375 0.5405273433962264 0.451171875 0.6108398433962264 0.4560546875 0.618164062264151 0.4912109375 0.6328125 0.529296875 0.5698242188679246 0.5390625 0.5463867188679246 0.541015625 0.5375976566037736
9 0.447265625 0.7426757811320754 0.443359375 0.6870117188679246 0.4423828125 0.6855468754716981 0.4365234375 0.6855468754716981 0.42578125 0.6958007811320754 0.421875 0.7045898433962264 0.421875 0.7192382811320754 0.42578125 0.7309570311320754 0.4326171875 0.741210937735849 0.4404296875 0.747070312264151 0.4462890625 0.747070312264151 0.447265625 0.7456054688679246 0.447265625 0.7426757811320754
3 0.5458984375 0.911132812264151 0.56640625 0.8745117188679246 0.5703125 0.8657226566037736 0.583984375 0.7397460933962264 0.5556640625 0.717773437735849 0.5146484375 0.7089843754716981 0.509765625 0.7163085933962264 0.46875 0.7895507811320754 0.46875 0.8071289066037736 0.48046875 0.8540039066037736 0.4853515625 0.8613281245283019 0.4951171875 0.8730468745283019 0.5400390625 0.9082031245283019 0.5439453125 0.911132812264151 0.5458984375 0.911132812264151
13 0.7119140625 0.706054687735849 0.6728515625 0.7089843754716981 0.671875 0.7104492188679246 0.671875 0.7133789066037736 0.701171875 0.7719726566037736 0.7041015625 0.776367187735849 0.740234375 0.7514648433962264 0.740234375 0.7426757811320754 0.7333984375 0.7324218754716981 0.7119140625 0.706054687735849
13 0.7431640625 0.8144531245283019 0.6904296875 0.799804687735849 0.6845703125 0.799804687735849 0.681640625 0.8041992188679246 0.69921875 0.8686523433962264 0.7001953125 0.870117187735849 0.7060546875 0.870117187735849 0.7373046875 0.829101562264151 0.744140625 0.8188476566037736 0.744140625 0.8159179688679246 0.7431640625 0.8144531245283019