21 0.4921875 0.3383789066037736 0.494140625 0.3090820311320755 0.47265625 0.2329101566037736 0.4521484375 0.19921875 0.4384765625 0.19042968773584906 0.4326171875 0.19042968773584906 0.3681640625 0.2578125 0.3544921875 0.2753906245283019 0.34765625 0.2856445311320755 0.34765625 0.2885742188679245 0.375 0.3735351566037736 0.4248046875 0.45410156226415094 0.4287109375 0.45410156226415094 0.43359375 0.4497070311320755 0.48828125 0.3500976566037736 0.4921875 0.3383789066037736
20 0.58203125 0.20361328113207547 0.5703125 0.2504882811320755 0.568359375 0.2680664066037736 0.568359375 0.2768554688679245 0.5751953125 0.2988281245283019 0.6025390625 0.3222656245283019 0.623046875 0.2973632811320755 0.62109375 0.2856445311320755 0.5830078125 0.20214843773584906 0.58203125 0.20361328113207547
1 0.6259765625 0.5214843754716981 0.638671875 0.5112304688679246 0.63671875 0.5053710933962264 0.6005859375 0.4394531245283019 0.5966796875 0.44238281226415094 0.59375 0.4467773433962264 0.591796875 0.4526367188679245 0.591796875 0.48779296886792456 0.595703125 0.49951171886792456 0.6005859375 0.5097656245283019 0.6103515625 0.5214843754716981 0.6142578125 0.524414062264151 0.6201171875 0.524414062264151 0.6259765625 0.5214843754716981
1 0.6787109375 0.6328125 0.6689453125 0.6328125 0.66015625 0.6459960933962264 0.66015625 0.6694335933962264 0.6669921875 0.6796875 0.6728515625 0.676757812264151 0.677734375 0.6665039066037736 0.681640625 0.6401367188679246 0.681640625 0.6372070311320754 0.6787109375 0.6328125
1 0.607421875 0.6665039066037736 0.6064453125 0.665039062264151 0.5869140625 0.6503906245283019 0.5791015625 0.65625 0.57421875 0.6635742188679246 0.5703125 0.6752929688679246 0.5703125 0.6811523433962264 0.5751953125 0.694335937735849 0.5888671875 0.7089843754716981 0.5966796875 0.7089843754716981 0.6005859375 0.706054687735849 0.603515625 0.7016601566037736 0.607421875 0.6665039066037736
1 0.390625 0.6342773433962264 0.3798828125 0.624023437735849 0.3740234375 0.62109375 0.3662109375 0.62109375 0.3623046875 0.624023437735849 0.35546875 0.6342773433962264 0.3515625 0.6430664066037736 0.3515625 0.6489257811320754 0.35546875 0.6723632811320754 0.3564453125 0.6738281245283019 0.3916015625 0.66796875 0.396484375 0.6606445311320754 0.396484375 0.6518554688679246 0.390625 0.6342773433962264
1 0.3125 0.6958007811320754 0.3115234375 0.694335937735849 0.3017578125 0.688476562264151 0.2939453125 0.688476562264151 0.291015625 0.6928710933962264 0.2890625 0.7016601566037736 0.294921875 0.7192382811320754 0.3017578125 0.729492187735849 0.3056640625 0.7324218754716981 0.3173828125 0.7324218754716981 0.318359375 0.7309570311320754 0.318359375 0.7250976566037736 0.3125 0.6958007811320754
13 0.29296875 0.5024414066037736 0.2890625 0.4907226566037736 0.2783203125 0.4746093745283019 0.2705078125 0.47167968773584906 0.2666015625 0.47167968773584906 0.2568359375 0.48046875 0.255859375 0.4819335933962264 0.267578125 0.5288085933962264 0.2763671875 0.541992187735849 0.2919921875 0.55078125 0.2939453125 0.55078125 0.294921875 0.5493164066037736 0.294921875 0.5141601566037736 0.29296875 0.5024414066037736
12 0.517578125 0.6958007811320754 0.5146484375 0.69140625 0.4619140625 0.66796875 0.4580078125 0.66796875 0.4541015625 0.670898437735849 0.451171875 0.6752929688679246 0.451171875 0.6870117188679246 0.4560546875 0.694335937735849 0.4814453125 0.7089843754716981 0.5048828125 0.7089843754716981 0.5146484375 0.703125 0.517578125 0.6987304688679246 0.517578125 0.6958007811320754
12 0.556640625 0.5698242188679246 0.5546875 0.5639648433962264 0.5498046875 0.5566406245283019 0.5419921875 0.55078125 0.5302734375 0.55078125 0.5263671875 0.553710937735849 0.521484375 0.5610351566037736 0.51953125 0.5668945311320754 0.51953125 0.5727539066037736 0.5302734375 0.594726562264151 0.5341796875 0.59765625 0.5478515625 0.59765625 0.5546875 0.5903320311320754 0.556640625 0.5844726566037736 0.556640625 0.5698242188679246
9 0.59375 0.1977539066037736 0.5947265625 0.19921875 0.59765625 0.19482421886792453 0.59765625 0.1889648433962264 0.5966796875 0.1875 0.59375 0.19189453113207547 0.59375 0.1977539066037736
0 0.34375 0.5434570311320754 0.341796875 0.5493164066037736 0.341796875 0.5522460933962264 0.3466796875 0.559570312264151 0.349609375 0.5551757811320754 0.349609375 0.5434570311320754 0.3486328125 0.541992187735849 0.3447265625 0.541992187735849 0.34375 0.5434570311320754