18 0.701171875 0.4057617188679245 0.701171875 0.3735351566037736 0.69921875 0.3618164066037736 0.697265625 0.3530273433962264 0.693359375 0.3413085933962264 0.6865234375 0.33105468773584906 0.6728515625 0.33105468773584906 0.669921875 0.3354492188679245 0.66796875 0.3442382811320755 0.66796875 0.3647460933962264 0.671875 0.4145507811320755 0.673828125 0.4233398433962264 0.6806640625 0.43359375 0.6884765625 0.43359375 0.697265625 0.4204101566037736 0.701171875 0.4057617188679245
18 0.57421875 0.6811523433962264 0.57421875 0.6752929688679246 0.5703125 0.6606445311320754 0.560546875 0.6430664066037736 0.5537109375 0.635742187735849 0.5458984375 0.629882812264151 0.5380859375 0.6328125 0.53515625 0.6372070311320754 0.53515625 0.6547851566037736 0.544921875 0.6782226566037736 0.5537109375 0.69140625 0.5576171875 0.694335937735849 0.5673828125 0.694335937735849 0.572265625 0.6870117188679246 0.57421875 0.6811523433962264
18 0.423828125 0.4145507811320755 0.4189453125 0.41015625 0.4130859375 0.41015625 0.390625 0.4321289066037736 0.38671875 0.4409179688679245 0.38671875 0.4467773433962264 0.3916015625 0.45410156226415094 0.4013671875 0.45410156226415094 0.4169921875 0.4394531245283019 0.421875 0.4321289066037736 0.423828125 0.4262695311320755 0.423828125 0.4145507811320755
18 0.54296875 0.3354492188679245 0.54296875 0.3208007811320755 0.5390625 0.3090820311320755 0.5341796875 0.3046875 0.5322265625 0.3046875 0.52734375 0.3120117188679245 0.525390625 0.3266601566037736 0.525390625 0.3676757811320755 0.5322265625 0.375 0.5341796875 0.375 0.537109375 0.3706054688679245 0.5390625 0.3647460933962264 0.541015625 0.3530273433962264 0.54296875 0.3354492188679245
18 0.486328125 0.2827148433962264 0.484375 0.2739257811320755 0.4814453125 0.26953125 0.4775390625 0.26953125 0.4765625 0.2709960933962264 0.474609375 0.2797851566037736 0.470703125 0.3120117188679245 0.470703125 0.3208007811320755 0.4716796875 0.3222656245283019 0.4755859375 0.3222656245283019 0.482421875 0.3120117188679245 0.484375 0.3061523433962264 0.486328125 0.2915039066037736 0.486328125 0.2827148433962264
1 0.419921875 0.18017578113207547 0.419921875 0.1625976566037736 0.416015625 0.14794921886792453 0.4091796875 0.13769531226415094 0.4052734375 0.13476562452830187 0.3955078125 0.13183593773584906 0.3876953125 0.13476562452830187 0.3837890625 0.13769531226415094 0.376953125 0.14794921886792453 0.376953125 0.1655273433962264 0.37890625 0.17138671886792453 0.3818359375 0.17578125 0.4072265625 0.19628906226415094 0.4130859375 0.19628906226415094 0.416015625 0.19189453113207547 0.419921875 0.18017578113207547
1 0.294921875 0.3618164066037736 0.2890625 0.3266601566037736 0.28515625 0.3178710933962264 0.2822265625 0.31347656226415094 0.2783203125 0.3105468754716981 0.275390625 0.3149414066037736 0.2734375 0.3208007811320755 0.2734375 0.3706054688679245 0.27734375 0.3852539066037736 0.2802734375 0.38964843773584906 0.2880859375 0.38964843773584906 0.291015625 0.3852539066037736 0.294921875 0.3735351566037736 0.294921875 0.3618164066037736
18 0.462890625 0.6958007811320754 0.4580078125 0.688476562264151 0.4423828125 0.682617187735849 0.4326171875 0.682617187735849 0.4296875 0.6870117188679246 0.431640625 0.6958007811320754 0.4345703125 0.700195312264151 0.4521484375 0.711914062264151 0.4580078125 0.711914062264151 0.4619140625 0.7089843754716981 0.46484375 0.7016601566037736 0.462890625 0.6958007811320754
20 0.203125 0.5786132811320754 0.2041015625 0.5800781245283019 0.2392578125 0.577148437735849 0.26171875 0.5405273433962264 0.2275390625 0.489257812264151 0.2265625 0.4907226566037736 0.20703125 0.5610351566037736 0.203125 0.5786132811320754
20 0.6083984375 0.7324218754716981 0.6005859375 0.729492187735849 0.5927734375 0.729492187735849 0.587890625 0.7397460933962264 0.583984375 0.7543945311320754 0.5859375 0.7602539066037736 0.5927734375 0.770507812264151 0.5986328125 0.770507812264151 0.6025390625 0.7675781245283019 0.607421875 0.7543945311320754 0.611328125 0.7368164066037736 0.6083984375 0.7324218754716981
20 0.60546875 0.4291992188679245 0.603515625 0.4233398433962264 0.6005859375 0.41894531226415094 0.5810546875 0.41015625 0.5791015625 0.41015625 0.5751953125 0.41308593773584906 0.572265625 0.4174804688679245 0.544921875 0.4672851566037736 0.544921875 0.4702148433962264 0.5458984375 0.47167968773584906 0.5771484375 0.46582031226415094 0.5986328125 0.45410156226415094 0.599609375 0.4526367188679245 0.60546875 0.4321289066037736 0.60546875 0.4291992188679245
21 0.5234375 0.5229492188679246 0.4970703125 0.483398437735849 0.4794921875 0.506835937735849 0.478515625 0.5083007811320754 0.482421875 0.5698242188679246 0.4853515625 0.57421875 0.5263671875 0.594726562264151 0.5283203125 0.594726562264151 0.529296875 0.5932617188679246 0.529296875 0.5903320311320754 0.5234375 0.5229492188679246
21 0.416015625 0.5727539066037736 0.4072265625 0.559570312264151 0.4033203125 0.559570312264151 0.3876953125 0.565429687735849 0.38671875 0.5668945311320754 0.384765625 0.5903320311320754 0.384765625 0.6020507811320754 0.3955078125 0.62109375 0.4287109375 0.62109375 0.4296875 0.6196289066037736 0.4296875 0.6020507811320754 0.427734375 0.5932617188679246 0.416015625 0.5727539066037736
20 0.326171875 0.6284179688679246 0.3173828125 0.6152343754716981 0.3115234375 0.612304687735849 0.3076171875 0.612304687735849 0.30078125 0.6225585933962264 0.314453125 0.6606445311320754 0.3154296875 0.6621093754716981 0.3232421875 0.6621093754716981 0.326171875 0.6577148433962264 0.328125 0.6489257811320754 0.328125 0.6342773433962264 0.326171875 0.6284179688679246
20 0.47265625 0.7104492188679246 0.4677734375 0.706054687735849 0.4658203125 0.706054687735849 0.4580078125 0.711914062264151 0.455078125 0.7192382811320754 0.453125 0.7338867188679246 0.453125 0.7426757811320754 0.462890625 0.7690429688679246 0.4658203125 0.7734375 0.4697265625 0.776367187735849 0.4716796875 0.776367187735849 0.47265625 0.7749023433962264 0.47265625 0.7104492188679246
12 0.654296875 0.5229492188679246 0.65234375 0.5170898433962264 0.6455078125 0.506835937735849 0.6416015625 0.506835937735849 0.61328125 0.5522460933962264 0.611328125 0.5639648433962264 0.6142578125 0.571289062264151 0.6259765625 0.571289062264151 0.6318359375 0.5683593754716981 0.6396484375 0.5625 0.650390625 0.5463867188679246 0.654296875 0.5346679688679246 0.654296875 0.5229492188679246
17 0.4775390625 0.421875 0.4765625 0.4233398433962264 0.4765625 0.4291992188679245 0.4775390625 0.43066406226415094 0.4794921875 0.43066406226415094 0.48046875 0.4291992188679245 0.48046875 0.4233398433962264 0.4794921875 0.421875 0.4775390625 0.421875