25 0.3359375 0.3940429688679245 0.359375 0.2944335933962264 0.359375 0.2885742188679245 0.35546875 0.2680664066037736 0.33984375 0.2241210933962264 0.3349609375 0.21679687452830187 0.3017578125 0.18457031226415094 0.2978515625 0.18457031226415094 0.251953125 0.2944335933962264 0.248046875 0.3090820311320755 0.248046875 0.3120117188679245 0.2900390625 0.375 0.3037109375 0.38964843773584906 0.3076171875 0.3925781245283019 0.3154296875 0.39550781226415094 0.3349609375 0.39550781226415094 0.3359375 0.3940429688679245
13 0.3203125 0.5551757811320754 0.3173828125 0.55078125 0.2880859375 0.5214843754716981 0.2861328125 0.5214843754716981 0.283203125 0.5258789066037736 0.28125 0.5317382811320754 0.267578125 0.5991210933962264 0.267578125 0.6137695311320754 0.2724609375 0.62109375 0.2841796875 0.62109375 0.3056640625 0.594726562264151 0.31640625 0.5756835933962264 0.3203125 0.5668945311320754 0.3203125 0.5551757811320754
13 0.328125 0.6342773433962264 0.328125 0.6313476566037736 0.3173828125 0.609375 0.3115234375 0.609375 0.3056640625 0.612304687735849 0.2978515625 0.618164062264151 0.2919921875 0.624023437735849 0.283203125 0.6372070311320754 0.27734375 0.6489257811320754 0.2734375 0.6606445311320754 0.26953125 0.6840820311320754 0.26953125 0.6899414066037736 0.271484375 0.6958007811320754 0.2763671875 0.703125 0.2822265625 0.7089843754716981 0.2919921875 0.711914062264151 0.3125 0.6811523433962264 0.328125 0.6342773433962264
13 0.4130859375 0.75 0.4169921875 0.747070312264151 0.421875 0.7397460933962264 0.423828125 0.7338867188679246 0.423828125 0.7192382811320754 0.421875 0.7075195311320754 0.404296875 0.6518554688679246 0.3974609375 0.641601562264151 0.3935546875 0.641601562264151 0.3720703125 0.670898437735849 0.3671875 0.6782226566037736 0.3671875 0.6811523433962264 0.369140625 0.6870117188679246 0.373046875 0.6958007811320754 0.400390625 0.7426757811320754 0.4013671875 0.7441406245283019 0.4111328125 0.75 0.4130859375 0.75
24 0.3349609375 0.69140625 0.3056640625 0.688476562264151 0.3037109375 0.688476562264151 0.302734375 0.6899414066037736 0.291015625 0.7104492188679246 0.291015625 0.7221679688679246 0.2919921875 0.723632812264151 0.2958984375 0.723632812264151 0.3056640625 0.7207031245283019 0.3359375 0.6958007811320754 0.3359375 0.6928710933962264 0.3349609375 0.69140625
13 0.318359375 0.4350585933962264 0.3115234375 0.42480468773584906 0.3076171875 0.421875 0.3037109375 0.421875 0.2919921875 0.42480468773584906 0.2724609375 0.43359375 0.267578125 0.4409179688679245 0.263671875 0.4497070311320755 0.26171875 0.4555664066037736 0.26171875 0.4731445311320755 0.265625 0.4819335933962264 0.2666015625 0.483398437735849 0.2685546875 0.483398437735849 0.2998046875 0.4746093745283019 0.318359375 0.4409179688679245 0.318359375 0.4350585933962264
13 0.390625 0.5639648433962264 0.39453125 0.5405273433962264 0.396484375 0.49658203113207544 0.3916015625 0.489257812264151 0.3681640625 0.46875 0.3544921875 0.46582031226415094 0.3466796875 0.46582031226415094 0.3369140625 0.47167968773584906 0.33203125 0.4790039066037736 0.330078125 0.48486328113207544 0.330078125 0.4907226566037736 0.33203125 0.49951171886792456 0.35546875 0.5375976566037736 0.3740234375 0.565429687735849 0.3818359375 0.571289062264151 0.3857421875 0.571289062264151 0.390625 0.5639648433962264
13 0.3955078125 0.55078125 0.390625 0.5581054688679246 0.388671875 0.5639648433962264 0.3896484375 0.565429687735849 0.3916015625 0.565429687735849 0.4033203125 0.553710937735849 0.408203125 0.5463867188679246 0.408203125 0.5434570311320754 0.4052734375 0.5390625 0.3955078125 0.55078125
13 0.51953125 0.6987304688679246 0.52734375 0.6577148433962264 0.525390625 0.6518554688679246 0.5224609375 0.647460937735849 0.5185546875 0.64453125 0.5107421875 0.64453125 0.4658203125 0.653320312264151 0.462890625 0.6577148433962264 0.462890625 0.6606445311320754 0.482421875 0.7338867188679246 0.4833984375 0.735351562264151 0.4912109375 0.735351562264151 0.4951171875 0.7324218754716981 0.5029296875 0.723632812264151 0.51953125 0.6987304688679246
13 0.689453125 0.7368164066037736 0.693359375 0.6928710933962264 0.693359375 0.6840820311320754 0.6875 0.6577148433962264 0.6845703125 0.653320312264151 0.6552734375 0.647460937735849 0.6376953125 0.647460937735849 0.62890625 0.6665039066037736 0.626953125 0.6723632811320754 0.626953125 0.6811523433962264 0.62890625 0.6870117188679246 0.6337890625 0.694335937735849 0.6728515625 0.735351562264151 0.6767578125 0.73828125 0.6884765625 0.73828125 0.689453125 0.7368164066037736
13 0.5791015625 0.4921875 0.607421875 0.4467773433962264 0.6064453125 0.4453125 0.5634765625 0.4277343745283019 0.5380859375 0.42480468773584906 0.5341796875 0.4277343745283019 0.529296875 0.4350585933962264 0.52734375 0.4409179688679245 0.52734375 0.4438476566037736 0.533203125 0.4702148433962264 0.5361328125 0.4746093745283019 0.5615234375 0.495117187735849 0.5673828125 0.4980468754716982 0.5712890625 0.4980468754716982 0.5791015625 0.4921875
13 0.49609375 0.2241210933962264 0.4951171875 0.22265625 0.4892578125 0.21972656226415094 0.4833984375 0.21972656226415094 0.4765625 0.22998046886792453 0.47265625 0.23876953113207547 0.46875 0.2504882811320755 0.4765625 0.3325195311320755 0.4833984375 0.34277343773584906 0.5146484375 0.3339843754716981 0.51953125 0.3266601566037736 0.51953125 0.3002929688679245 0.51171875 0.2680664066037736 0.49609375 0.2241210933962264
13 0.625 0.3471679688679245 0.6328125 0.3061523433962264 0.6328125 0.3002929688679245 0.6220703125 0.28417968773584906 0.6103515625 0.2753906245283019 0.5830078125 0.26074218773584906 0.5712890625 0.26074218773584906 0.56640625 0.2680664066037736 0.56640625 0.2856445311320755 0.568359375 0.3032226566037736 0.5810546875 0.31933593773584906 0.5869140625 0.32519531226415094 0.6142578125 0.34863281226415094 0.6240234375 0.34863281226415094 0.625 0.3471679688679245
13 0.701171875 0.2416992188679245 0.69921875 0.2358398433962264 0.66796875 0.1743164066037736 0.6611328125 0.1640625 0.6572265625 0.16113281226415094 0.6552734375 0.16113281226415094 0.6171875 0.21826171886792453 0.6171875 0.22998046886792453 0.6201171875 0.234375 0.6298828125 0.2431640622641509 0.6787109375 0.2753906245283019 0.6923828125 0.2753906245283019 0.703125 0.2534179688679245 0.701171875 0.2416992188679245
13 0.611328125 0.08935546886792453 0.6064453125 0.08203125 0.6025390625 0.07910156226415094 0.6005859375 0.07910156226415094 0.5908203125 0.08789062452830189 0.587890625 0.09521484339622642 0.5703125 0.1655273433962264 0.5703125 0.18310546886792453 0.5732421875 0.1875 0.6240234375 0.1875 0.62890625 0.18017578113207547 0.63671875 0.15966796886792453 0.63671875 0.1538085933962264 0.611328125 0.08935546886792453
13 0.53515625 0.11865234339622642 0.53515625 0.10986328113207547 0.533203125 0.10400390660377358 0.5263671875 0.09375 0.5068359375 0.08203125 0.4794921875 0.0703125 0.4619140625 0.0703125 0.4580078125 0.07324218773584906 0.455078125 0.07763671886792453 0.45703125 0.15673828113207547 0.4619140625 0.16113281226415094 0.4755859375 0.16113281226415094 0.5244140625 0.13476562452830187 0.5283203125 0.13183593773584906 0.53125 0.1274414066037736 0.53515625 0.11865234339622642
13 0.4345703125 0.14941406226415094 0.4443359375 0.140625 0.447265625 0.13330078113207547 0.447265625 0.1274414066037736 0.431640625 0.07177734339622642 0.4306640625 0.0703125 0.4287109375 0.0703125 0.4169921875 0.07617187547169811 0.4091796875 0.08203125 0.376953125 0.1274414066037736 0.373046875 0.1391601566037736 0.373046875 0.1420898433962264 0.375 0.14794921886792453 0.3798828125 0.15527343773584906 0.3837890625 0.15820312452830187 0.3994140625 0.16113281226415094 0.4208984375 0.15527343773584906 0.4345703125 0.14941406226415094
13 0.458984375 0.2358398433962264 0.455078125 0.2006835933962264 0.447265625 0.18310546886792453 0.4345703125 0.1640625 0.4306640625 0.16113281226415094 0.4267578125 0.16113281226415094 0.4208984375 0.1640625 0.4140625 0.1743164066037736 0.416015625 0.2006835933962264 0.431640625 0.2475585933962264 0.4365234375 0.2519531245283019 0.4384765625 0.2519531245283019 0.4560546875 0.24609375 0.458984375 0.23876953113207547 0.458984375 0.2358398433962264
13 0.412109375 0.2358398433962264 0.412109375 0.2211914066037736 0.4072265625 0.21386718773584906 0.3642578125 0.17871093773584906 0.3525390625 0.17871093773584906 0.341796875 0.19482421886792453 0.341796875 0.1977539066037736 0.369140625 0.3032226566037736 0.37109375 0.3090820311320755 0.3740234375 0.31347656226415094 0.3759765625 0.31347656226415094 0.37890625 0.3090820311320755 0.412109375 0.2358398433962264
13 0.3994140625 0.6328125 0.40625 0.6225585933962264 0.40625 0.6108398433962264 0.40234375 0.5961914066037736 0.3994140625 0.5917968754716981 0.3603515625 0.565429687735849 0.3525390625 0.565429687735849 0.349609375 0.5698242188679246 0.345703125 0.5874023433962264 0.345703125 0.5932617188679246 0.3515625 0.6079101566037736 0.3583984375 0.618164062264151 0.3642578125 0.624023437735849 0.3681640625 0.6269531245283019 0.3955078125 0.635742187735849 0.3994140625 0.6328125
11 0.419921875 0.3061523433962264 0.4189453125 0.3046875 0.4150390625 0.3046875 0.412109375 0.3090820311320755 0.412109375 0.3149414066037736 0.4140625 0.3266601566037736 0.416015625 0.3325195311320755 0.4189453125 0.33691406226415094 0.421875 0.3325195311320755 0.421875 0.3237304688679245 0.419921875 0.3061523433962264
27 0.765625 0.5668945311320754 0.771484375 0.5551757811320754 0.775390625 0.5434570311320754 0.775390625 0.5405273433962264 0.7734375 0.5346679688679246 0.7705078125 0.530273437735849 0.7626953125 0.524414062264151 0.7412109375 0.524414062264151 0.6962890625 0.5390625 0.693359375 0.5434570311320754 0.69140625 0.5493164066037736 0.689453125 0.5581054688679246 0.69140625 0.5698242188679246 0.705078125 0.6166992188679246 0.7060546875 0.618164062264151 0.7158203125 0.618164062264151 0.7255859375 0.612304687735849 0.7568359375 0.5800781245283019 0.765625 0.5668945311320754
14 0.6806640625 0.752929687735849 0.6669921875 0.7441406245283019 0.6630859375 0.7441406245283019 0.662109375 0.7456054688679246 0.662109375 0.7514648433962264 0.6728515625 0.7675781245283019 0.6845703125 0.7792968754716981 0.6884765625 0.7792968754716981 0.689453125 0.7778320311320754 0.689453125 0.7661132811320754 0.6806640625 0.752929687735849
14 0.58984375 0.49658203113207544 0.5869140625 0.4921875 0.5830078125 0.489257812264151 0.5810546875 0.489257812264151 0.5654296875 0.4980468754716982 0.564453125 0.49951171886792456 0.56640625 0.5083007811320754 0.568359375 0.5141601566037736 0.5732421875 0.5214843754716981 0.5751953125 0.5214843754716981 0.5869140625 0.512695312264151 0.58984375 0.5083007811320754 0.58984375 0.49658203113207544
0 0.560546875 0.1743164066037736 0.560546875 0.18017578113207547 0.5673828125 0.19042968773584906 0.5703125 0.1860351566037736 0.5703125 0.1772460933962264 0.5654296875 0.16992187547169813 0.5634765625 0.16992187547169813 0.560546875 0.1743164066037736
9 0.5595703125 0.11425781226415094 0.55859375 0.11572265660377358 0.55859375 0.12451171886792455 0.5615234375 0.12890625 0.5693359375 0.13476562452830187 0.57421875 0.1303710933962264 0.57421875 0.12451171886792455 0.5673828125 0.11425781226415094 0.5595703125 0.11425781226415094
0 0.5517578125 0.3574218754716981 0.5478515625 0.36035156226415094 0.546875 0.3618164066037736 0.546875 0.3676757811320755 0.5498046875 0.37207031226415094 0.5517578125 0.37207031226415094 0.556640625 0.3676757811320755 0.556640625 0.3618164066037736 0.5537109375 0.3574218754716981 0.5517578125 0.3574218754716981
18 0.4482421875 0.26074218773584906 0.4443359375 0.26074218773584906 0.44140625 0.2651367188679245 0.44140625 0.2944335933962264 0.4423828125 0.29589843773584906 0.44921875 0.2856445311320755 0.451171875 0.2797851566037736 0.451171875 0.2680664066037736 0.44921875 0.2622070311320755 0.4482421875 0.26074218773584906
18 0.478515625 0.6313476566037736 0.486328125 0.6166992188679246 0.490234375 0.6020507811320754 0.490234375 0.5815429688679246 0.48828125 0.5756835933962264 0.4814453125 0.5683593754716981 0.4755859375 0.565429687735849 0.4697265625 0.565429687735849 0.4580078125 0.57421875 0.455078125 0.5786132811320754 0.447265625 0.5932617188679246 0.443359375 0.6020507811320754 0.439453125 0.6137695311320754 0.435546875 0.6284179688679246 0.435546875 0.6372070311320754 0.439453125 0.6489257811320754 0.4443359375 0.65625 0.4482421875 0.659179687735849 0.4580078125 0.659179687735849 0.4619140625 0.65625 0.478515625 0.6313476566037736
18 0.556640625 0.7426757811320754 0.5537109375 0.73828125 0.5478515625 0.735351562264151 0.5322265625 0.73828125 0.5224609375 0.7441406245283019 0.51953125 0.7485351566037736 0.517578125 0.7543945311320754 0.51953125 0.7602539066037736 0.5244140625 0.7675781245283019 0.5380859375 0.7675781245283019 0.5478515625 0.764648437735849 0.5537109375 0.76171875 0.556640625 0.7543945311320754 0.556640625 0.7426757811320754
18 0.60546875 0.6987304688679246 0.60546875 0.6811523433962264 0.603515625 0.6752929688679246 0.5986328125 0.66796875 0.5849609375 0.659179687735849 0.5517578125 0.647460937735849 0.5478515625 0.647460937735849 0.5400390625 0.6503906245283019 0.53515625 0.6577148433962264 0.533203125 0.6635742188679246 0.533203125 0.6782226566037736 0.5439453125 0.694335937735849 0.5517578125 0.700195312264151 0.5791015625 0.7089843754716981 0.5966796875 0.7089843754716981 0.6005859375 0.706054687735849 0.60546875 0.6987304688679246
18 0.5771484375 0.559570312264151 0.5693359375 0.565429687735849 0.5615234375 0.57421875 0.556640625 0.5844726566037736 0.55078125 0.6020507811320754 0.55078125 0.6225585933962264 0.5556640625 0.635742187735849 0.57421875 0.6020507811320754 0.580078125 0.5874023433962264 0.583984375 0.5610351566037736 0.5830078125 0.559570312264151 0.5771484375 0.559570312264151
18 0.66796875 0.6079101566037736 0.66796875 0.5903320311320754 0.6640625 0.5727539066037736 0.65234375 0.5405273433962264 0.6474609375 0.5332031245283019 0.6396484375 0.52734375 0.6279296875 0.52734375 0.625 0.5317382811320754 0.62109375 0.5434570311320754 0.62109375 0.5639648433962264 0.625 0.5756835933962264 0.638671875 0.6079101566037736 0.6455078125 0.618164062264151 0.6494140625 0.62109375 0.6591796875 0.62109375 0.66796875 0.6079101566037736
13 0.6259765625 0.840820312264151 0.6201171875 0.84375 0.6171875 0.8481445311320754 0.6171875 0.8510742188679246 0.6201171875 0.858398437735849 0.6279296875 0.858398437735849 0.6328125 0.8510742188679246 0.6328125 0.8422851566037736 0.6318359375 0.840820312264151 0.6259765625 0.840820312264151
9 0.7021484375 0.694335937735849 0.701171875 0.6958007811320754 0.701171875 0.7075195311320754 0.7060546875 0.71484375 0.7099609375 0.71484375 0.712890625 0.7104492188679246 0.712890625 0.7045898433962264 0.7060546875 0.694335937735849 0.7021484375 0.694335937735849
9 0.689453125 0.5756835933962264 0.6884765625 0.57421875 0.6865234375 0.57421875 0.68359375 0.5786132811320754 0.68359375 0.5844726566037736 0.685546875 0.5903320311320754 0.6943359375 0.6035156245283019 0.6962890625 0.6035156245283019 0.697265625 0.6020507811320754 0.697265625 0.5903320311320754 0.689453125 0.5756835933962264
21 0.75390625 0.3383789066037736 0.7509765625 0.3339843754716981 0.7197265625 0.31933593773584906 0.7099609375 0.31640625 0.6357421875 0.30761718773584906 0.6328125 0.3149414066037736 0.626953125 0.4555664066037736 0.62890625 0.4672851566037736 0.6328125 0.4760742188679245 0.6357421875 0.48046875 0.6435546875 0.483398437735849 0.7080078125 0.4921875 0.763671875 0.4497070311320755 0.75390625 0.3383789066037736
21 0.453125 0.3442382811320755 0.4482421875 0.33691406226415094 0.4052734375 0.3046875 0.4033203125 0.3046875 0.40234375 0.3061523433962264 0.3671875 0.3911132811320755 0.3671875 0.4116210933962264 0.369140625 0.4262695311320755 0.3701171875 0.4277343745283019 0.4365234375 0.50390625 0.4384765625 0.50390625 0.509765625 0.4467773433962264 0.453125 0.3442382811320755
12 0.5322265625 0.524414062264151 0.5146484375 0.515625 0.5087890625 0.515625 0.4951171875 0.5214843754716981 0.4638671875 0.5449218754716981 0.458984375 0.5522460933962264 0.458984375 0.5639648433962264 0.4599609375 0.565429687735849 0.4677734375 0.565429687735849 0.5341796875 0.536132812264151 0.53515625 0.5346679688679246 0.53515625 0.5288085933962264 0.5322265625 0.524414062264151