6 0.6845703125 0.7792968754716981 0.6953125 0.7661132811320754 0.689453125 0.7250976566037736 0.65234375 0.6459960933962264 0.6513671875 0.64453125 0.6298828125 0.647460937735849 0.6240234375 0.6503906245283019 0.62109375 0.6547851566037736 0.62109375 0.6870117188679246 0.625 0.6987304688679246 0.650390625 0.7573242188679246 0.6552734375 0.764648437735849 0.6748046875 0.7792968754716981 0.6806640625 0.782226562264151 0.6845703125 0.7792968754716981
7 0.322265625 0.4526367188679245 0.298828125 0.3090820311320755 0.2978515625 0.30761718773584906 0.2861328125 0.30761718773584906 0.2763671875 0.31347656226415094 0.2705078125 0.31933593773584906 0.263671875 0.3295898433962264 0.255859375 0.3500976566037736 0.25390625 0.3618164066037736 0.25390625 0.3735351566037736 0.255859375 0.3852539066037736 0.263671875 0.4116210933962264 0.2744140625 0.42480468773584906 0.3212890625 0.45703125 0.322265625 0.4555664066037736 0.322265625 0.4526367188679245
7 0.3515625 0.7016601566037736 0.341796875 0.6489257811320754 0.3388671875 0.64453125 0.3349609375 0.641601562264151 0.330078125 0.6459960933962264 0.32421875 0.6577148433962264 0.32421875 0.6665039066037736 0.326171875 0.6782226566037736 0.330078125 0.6928710933962264 0.3427734375 0.703125 0.3505859375 0.706054687735849 0.3515625 0.7045898433962264 0.3515625 0.7016601566037736
10 0.7578125 0.4350585933962264 0.72265625 0.3061523433962264 0.7216796875 0.3046875 0.7197265625 0.3046875 0.716796875 0.3090820311320755 0.712890625 0.3208007811320755 0.712890625 0.3354492188679245 0.724609375 0.3881835933962264 0.732421875 0.4116210933962264 0.736328125 0.4204101566037736 0.7490234375 0.4394531245283019 0.7548828125 0.4394531245283019 0.7578125 0.4350585933962264
20 0.5205078125 0.15820312452830187 0.5146484375 0.16113281226415094 0.5029296875 0.16992187547169813 0.5 0.1743164066037736 0.4921875 0.19189453113207547 0.486328125 0.2241210933962264 0.4873046875 0.22558593773584906 0.5302734375 0.23144531226415094 0.5712890625 0.22558593773584906 0.572265625 0.2241210933962264 0.564453125 0.19482421886792453 0.5302734375 0.15820312452830187 0.5205078125 0.15820312452830187
20 0.6328125 0.1977539066037736 0.6279296875 0.19042968773584906 0.6201171875 0.19042968773584906 0.6142578125 0.19335937547169813 0.611328125 0.1977539066037736 0.611328125 0.2006835933962264 0.640625 0.2504882811320755 0.6435546875 0.25488281226415094 0.6455078125 0.25488281226415094 0.646484375 0.2534179688679245 0.646484375 0.2504882811320755 0.6328125 0.1977539066037736
20 0.4150390625 0.23730468773584906 0.4111328125 0.23730468773584906 0.3603515625 0.24023437452830187 0.3486328125 0.2490234377358491 0.34765625 0.2504882811320755 0.34765625 0.2592773433962264 0.349609375 0.2944335933962264 0.3701171875 0.32519531226415094 0.3759765625 0.328125 0.3837890625 0.328125 0.416015625 0.23876953113207547 0.4150390625 0.23730468773584906
20 0.4580078125 0.26953125 0.45703125 0.2709960933962264 0.427734375 0.3266601566037736 0.4287109375 0.328125 0.4853515625 0.328125 0.4892578125 0.32519531226415094 0.490234375 0.3237304688679245 0.490234375 0.3090820311320755 0.4833984375 0.2988281245283019 0.4580078125 0.26953125
20 0.6064453125 0.3046875 0.5966796875 0.30175781226415094 0.5908203125 0.30175781226415094 0.58984375 0.3032226566037736 0.587890625 0.3120117188679245 0.587890625 0.3178710933962264 0.5927734375 0.328125 0.6064453125 0.328125 0.611328125 0.3208007811320755 0.611328125 0.3149414066037736 0.609375 0.3090820311320755 0.6064453125 0.3046875
20 0.5166015625 0.6035156245283019 0.5126953125 0.6035156245283019 0.51171875 0.6049804688679246 0.509765625 0.6108398433962264 0.509765625 0.6137695311320754 0.513671875 0.6254882811320754 0.5185546875 0.629882812264151 0.5205078125 0.629882812264151 0.5234375 0.6254882811320754 0.5234375 0.6137695311320754 0.5166015625 0.6035156245283019
20 0.5927734375 0.43066406226415094 0.591796875 0.4321289066037736 0.591796875 0.4379882811320755 0.6103515625 0.4628906245283019 0.611328125 0.4614257811320755 0.611328125 0.4350585933962264 0.6083984375 0.43066406226415094 0.6025390625 0.4277343745283019 0.5927734375 0.43066406226415094
9 0.3369140625 0.758789062264151 0.3310546875 0.758789062264151 0.330078125 0.7602539066037736 0.330078125 0.7749023433962264 0.333984375 0.7895507811320754 0.3349609375 0.7910156245283019 0.337890625 0.7866210933962264 0.33984375 0.7778320311320754 0.33984375 0.7631835933962264 0.3369140625 0.758789062264151
9 0.44921875 0.7075195311320754 0.447265625 0.7133789066037736 0.447265625 0.7280273433962264 0.4482421875 0.729492187735849 0.4501953125 0.729492187735849 0.455078125 0.7221679688679246 0.455078125 0.7075195311320754 0.4521484375 0.703125 0.44921875 0.7075195311320754
9 0.484375 0.4379882811320755 0.4794921875 0.43066406226415094 0.4775390625 0.43066406226415094 0.47265625 0.4379882811320755 0.470703125 0.4438476566037736 0.470703125 0.4526367188679245 0.4736328125 0.45703125 0.4775390625 0.45996093773584906 0.4794921875 0.45996093773584906 0.48828125 0.4526367188679245 0.48828125 0.4497070311320755 0.484375 0.4379882811320755
9 0.6748046875 0.536132812264151 0.671875 0.5405273433962264 0.66796875 0.5493164066037736 0.66796875 0.5551757811320754 0.6708984375 0.559570312264151 0.6728515625 0.559570312264151 0.6796875 0.5493164066037736 0.6796875 0.5375976566037736 0.6787109375 0.536132812264151 0.6748046875 0.536132812264151
9 0.630859375 0.3735351566037736 0.630859375 0.3764648433962264 0.6318359375 0.37792968773584906 0.6357421875 0.37792968773584906 0.640625 0.3706054688679245 0.6396484375 0.3691406245283019 0.6337890625 0.3691406245283019 0.630859375 0.3735351566037736
9 0.7158203125 0.50390625 0.71484375 0.5053710933962264 0.71875 0.5229492188679246 0.7197265625 0.524414062264151 0.7255859375 0.524414062264151 0.7314453125 0.5214843754716981 0.732421875 0.5200195311320754 0.7177734375 0.50390625 0.7158203125 0.50390625
9 0.6884765625 0.5800781245283019 0.6826171875 0.5800781245283019 0.681640625 0.5815429688679246 0.681640625 0.5874023433962264 0.6904296875 0.594726562264151 0.6962890625 0.594726562264151 0.701171875 0.5903320311320754 0.701171875 0.5844726566037736 0.7001953125 0.583007812264151 0.6884765625 0.5800781245283019