18 0.5146484375 0.15820312452830187 0.5185546875 0.15527343773584906 0.525390625 0.1420898433962264 0.52734375 0.1303710933962264 0.52734375 0.12451171886792455 0.525390625 0.11865234339622642 0.5185546875 0.10839843773584906 0.5107421875 0.10253906226415094 0.5068359375 0.10253906226415094 0.5009765625 0.10546875 0.4833984375 0.12011718773584906 0.48046875 0.12451171886792455 0.48046875 0.1303710933962264 0.482421875 0.1391601566037736 0.484375 0.14501953113207547 0.4931640625 0.15820312452830187 0.4970703125 0.16113281226415094 0.5087890625 0.16113281226415094 0.5146484375 0.15820312452830187
18 0.685546875 0.2827148433962264 0.6875 0.2768554688679245 0.6875 0.2651367188679245 0.685546875 0.2592773433962264 0.6708984375 0.23730468773584906 0.6611328125 0.22558593773584906 0.6533203125 0.21972656226415094 0.6455078125 0.21972656226415094 0.6396484375 0.22265625 0.638671875 0.2241210933962264 0.638671875 0.23876953113207547 0.64453125 0.2563476566037736 0.6474609375 0.26074218773584906 0.6591796875 0.2753906245283019 0.6708984375 0.28417968773584906 0.6845703125 0.28417968773584906 0.685546875 0.2827148433962264
18 0.5625 0.2592773433962264 0.5625 0.2504882811320755 0.560546875 0.23876953113207547 0.5556640625 0.22558593773584906 0.5517578125 0.22265625 0.5400390625 0.22265625 0.529296875 0.23876953113207547 0.51953125 0.2563476566037736 0.515625 0.2651367188679245 0.513671875 0.2709960933962264 0.513671875 0.2856445311320755 0.5224609375 0.2988281245283019 0.5263671875 0.30175781226415094 0.5302734375 0.30175781226415094 0.5341796875 0.2988281245283019 0.5419921875 0.29003906226415094 0.5625 0.2592773433962264
18 0.357421875 0.2973632811320755 0.357421875 0.2885742188679245 0.35546875 0.2827148433962264 0.349609375 0.2709960933962264 0.3330078125 0.24609375 0.3291015625 0.2431640622641509 0.3193359375 0.2431640622641509 0.314453125 0.2475585933962264 0.3125 0.2534179688679245 0.3125 0.2680664066037736 0.31640625 0.2797851566037736 0.328125 0.3032226566037736 0.3369140625 0.31347656226415094 0.3486328125 0.31347656226415094 0.35546875 0.3032226566037736 0.357421875 0.2973632811320755
18 0.30078125 0.6782226566037736 0.296875 0.6665039066037736 0.2900390625 0.65625 0.2822265625 0.647460937735849 0.2705078125 0.647460937735849 0.263671875 0.6577148433962264 0.26171875 0.6635742188679246 0.263671875 0.6782226566037736 0.26953125 0.6958007811320754 0.2724609375 0.700195312264151 0.2822265625 0.700195312264151 0.2861328125 0.6972656245283019 0.2939453125 0.688476562264151 0.30078125 0.6782226566037736
18 0.7421875 0.4790039066037736 0.74609375 0.4672851566037736 0.74609375 0.4584960933962264 0.7421875 0.4467773433962264 0.7353515625 0.43652343773584906 0.7314453125 0.43359375 0.7216796875 0.43359375 0.7138671875 0.44238281226415094 0.712890625 0.4438476566037736 0.712890625 0.4526367188679245 0.716796875 0.4702148433962264 0.7216796875 0.47753906226415094 0.7275390625 0.483398437735849 0.7353515625 0.483398437735849 0.7412109375 0.48046875 0.7421875 0.4790039066037736
18 0.681640625 0.3793945311320755 0.681640625 0.3764648433962264 0.6669921875 0.3574218754716981 0.6533203125 0.3574218754716981 0.646484375 0.3676757811320755 0.646484375 0.3852539066037736 0.6484375 0.3911132811320755 0.6552734375 0.40136718773584906 0.6728515625 0.40136718773584906 0.6767578125 0.3984375 0.677734375 0.3969726566037736 0.681640625 0.3793945311320755
18 0.43359375 0.6665039066037736 0.43359375 0.6547851566037736 0.431640625 0.6489257811320754 0.4267578125 0.641601562264151 0.4208984375 0.635742187735849 0.4111328125 0.6269531245283019 0.4052734375 0.624023437735849 0.4013671875 0.624023437735849 0.3974609375 0.6269531245283019 0.392578125 0.6342773433962264 0.390625 0.6401367188679246 0.390625 0.6489257811320754 0.4013671875 0.665039062264151 0.4130859375 0.6796875 0.4169921875 0.682617187735849 0.4248046875 0.682617187735849 0.431640625 0.6723632811320754 0.43359375 0.6665039066037736
18 0.326171875 0.7221679688679246 0.32421875 0.7163085933962264 0.3134765625 0.700195312264151 0.3095703125 0.6972656245283019 0.2900390625 0.694335937735849 0.2841796875 0.700195312264151 0.28125 0.7045898433962264 0.279296875 0.7104492188679246 0.279296875 0.7221679688679246 0.2900390625 0.735351562264151 0.2998046875 0.741210937735849 0.3173828125 0.741210937735849 0.32421875 0.7309570311320754 0.326171875 0.7250976566037736 0.326171875 0.7221679688679246
20 0.4296875 0.2797851566037736 0.4482421875 0.31347656226415094 0.4619140625 0.30761718773584906 0.478515625 0.2915039066037736 0.4482421875 0.24023437452830187 0.4462890625 0.24023437452830187 0.44140625 0.2475585933962264 0.4296875 0.2797851566037736
20 0.359375 0.3969726566037736 0.359375 0.3735351566037736 0.357421875 0.3647460933962264 0.3525390625 0.3574218754716981 0.341796875 0.3735351566037736 0.33984375 0.3793945311320755 0.33984375 0.3940429688679245 0.34375 0.4057617188679245 0.34765625 0.4145507811320755 0.3525390625 0.421875 0.3544921875 0.421875 0.35546875 0.4204101566037736 0.359375 0.3969726566037736
20 0.3095703125 0.45703125 0.3037109375 0.45703125 0.2744140625 0.4628906245283019 0.2734375 0.4643554688679245 0.26171875 0.48779296886792456 0.26171875 0.5053710933962264 0.2666015625 0.512695312264151 0.2763671875 0.512695312264151 0.2841796875 0.5097656245283019 0.2880859375 0.506835937735849 0.310546875 0.4584960933962264 0.3095703125 0.45703125
20 0.6865234375 0.635742187735849 0.6787109375 0.635742187735849 0.669921875 0.6489257811320754 0.66796875 0.6577148433962264 0.66796875 0.6665039066037736 0.6728515625 0.6738281245283019 0.6845703125 0.676757812264151 0.6884765625 0.6738281245283019 0.693359375 0.6665039066037736 0.701171875 0.6489257811320754 0.6865234375 0.635742187735849
20 0.3447265625 0.553710937735849 0.3388671875 0.553710937735849 0.333984375 0.5610351566037736 0.333984375 0.5668945311320754 0.3388671875 0.57421875 0.3486328125 0.57421875 0.353515625 0.5668945311320754 0.353515625 0.5639648433962264 0.3486328125 0.5566406245283019 0.3447265625 0.553710937735849
7 0.455078125 0.4467773433962264 0.45703125 0.4321289066037736 0.45703125 0.4262695311320755 0.451171875 0.3881835933962264 0.4482421875 0.3808593754716981 0.4248046875 0.35449218773584906 0.3955078125 0.3515625 0.3837890625 0.3515625 0.3671875 0.3735351566037736 0.365234375 0.3793945311320755 0.365234375 0.3940429688679245 0.3662109375 0.39550781226415094 0.4345703125 0.46582031226415094 0.4423828125 0.46582031226415094 0.4462890625 0.4628906245283019 0.451171875 0.4555664066037736 0.455078125 0.4467773433962264
7 0.609375 0.4379882811320755 0.615234375 0.4233398433962264 0.615234375 0.4057617188679245 0.61328125 0.3969726566037736 0.5791015625 0.34277343773584906 0.5537109375 0.34863281226415094 0.5439453125 0.36035156226415094 0.537109375 0.3706054688679245 0.537109375 0.3764648433962264 0.54296875 0.3940429688679245 0.560546875 0.4350585933962264 0.5654296875 0.44238281226415094 0.5927734375 0.4453125 0.6044921875 0.44238281226415094 0.609375 0.4379882811320755
12 0.380859375 0.6020507811320754 0.384765625 0.5903320311320754 0.39453125 0.5288085933962264 0.3759765625 0.4921875 0.3701171875 0.4863281245283018 0.3623046875 0.4863281245283018 0.359375 0.4907226566037736 0.330078125 0.5991210933962264 0.330078125 0.6079101566037736 0.3369140625 0.618164062264151 0.3427734375 0.62109375 0.3603515625 0.62109375 0.3662109375 0.618164062264151 0.3740234375 0.612304687735849 0.380859375 0.6020507811320754
12 0.349609375 0.4584960933962264 0.349609375 0.4555664066037736 0.3447265625 0.44824218773584906 0.2998046875 0.39550781226415094 0.2958984375 0.3925781245283019 0.2939453125 0.3925781245283019 0.2890625 0.3999023433962264 0.2890625 0.4028320311320755 0.306640625 0.4379882811320755 0.3154296875 0.4511718745283019 0.3232421875 0.45703125 0.3408203125 0.46582031226415094 0.3447265625 0.46582031226415094 0.349609375 0.4584960933962264
3 0.462890625 0.7104492188679246 0.470703125 0.6870117188679246 0.470703125 0.6782226566037736 0.4677734375 0.6738281245283019 0.4638671875 0.6738281245283019 0.4501953125 0.6855468754716981 0.44140625 0.6987304688679246 0.44140625 0.7133789066037736 0.443359375 0.7280273433962264 0.4443359375 0.729492187735849 0.4462890625 0.729492187735849 0.4501953125 0.7265625 0.4580078125 0.717773437735849 0.462890625 0.7104492188679246
3 0.2509765625 0.52734375 0.2470703125 0.52734375 0.24609375 0.5288085933962264 0.244140625 0.5551757811320754 0.244140625 0.5727539066037736 0.2529296875 0.5859375 0.2666015625 0.57421875 0.279296875 0.5522460933962264 0.279296875 0.5463867188679246 0.2744140625 0.5390625 0.2509765625 0.52734375
21 0.55859375 0.6372070311320754 0.560546875 0.6225585933962264 0.560546875 0.6020507811320754 0.552734375 0.5493164066037736 0.5478515625 0.541992187735849 0.5419921875 0.5390625 0.4970703125 0.524414062264151 0.4951171875 0.524414062264151 0.490234375 0.5288085933962264 0.478515625 0.5610351566037736 0.501953125 0.6518554688679246 0.5224609375 0.688476562264151 0.5322265625 0.688476562264151 0.5419921875 0.6796875 0.548828125 0.6694335933962264 0.552734375 0.6606445311320754 0.55859375 0.6372070311320754
14 0.302734375 0.6342773433962264 0.29296875 0.6108398433962264 0.2900390625 0.606445312264151 0.2822265625 0.606445312264151 0.279296875 0.6108398433962264 0.279296875 0.6137695311320754 0.287109375 0.6284179688679246 0.2919921875 0.635742187735849 0.2998046875 0.64453125 0.3017578125 0.64453125 0.302734375 0.6430664066037736 0.302734375 0.6342773433962264
9 0.3173828125 0.38671875 0.3115234375 0.3925781245283019 0.30859375 0.3969726566037736 0.30859375 0.3999023433962264 0.3095703125 0.40136718773584906 0.3134765625 0.40136718773584906 0.3212890625 0.39550781226415094 0.32421875 0.3881835933962264 0.3232421875 0.38671875 0.3173828125 0.38671875
9 0.4677734375 0.375 0.462890625 0.3823242188679245 0.462890625 0.3852539066037736 0.4638671875 0.38671875 0.4716796875 0.38671875 0.474609375 0.3823242188679245 0.474609375 0.3764648433962264 0.4736328125 0.375 0.4677734375 0.375
9 0.6435546875 0.4746093745283019 0.638671875 0.4819335933962264 0.638671875 0.4907226566037736 0.6396484375 0.4921875 0.6435546875 0.4921875 0.646484375 0.48486328113207544 0.646484375 0.4760742188679245 0.6455078125 0.4746093745283019 0.6435546875 0.4746093745283019
9 0.5341796875 0.50390625 0.5302734375 0.50390625 0.52734375 0.5083007811320754 0.52734375 0.5112304688679246 0.5302734375 0.515625 0.5380859375 0.515625 0.541015625 0.5112304688679246 0.541015625 0.5083007811320754 0.5400390625 0.506835937735849 0.5341796875 0.50390625
9 0.64453125 0.7075195311320754 0.6416015625 0.703125 0.6376953125 0.703125 0.63671875 0.7045898433962264 0.634765625 0.7104492188679246 0.63671875 0.7221679688679246 0.6396484375 0.7265625 0.6435546875 0.729492187735849 0.6455078125 0.729492187735849 0.646484375 0.7280273433962264 0.646484375 0.7133789066037736 0.64453125 0.7075195311320754
11 0.6416015625 0.553710937735849 0.63671875 0.5610351566037736 0.6376953125 0.5625 0.6455078125 0.5625 0.6513671875 0.559570312264151 0.65234375 0.5581054688679246 0.65234375 0.5551757811320754 0.6513671875 0.553710937735849 0.6416015625 0.553710937735849
9 0.3212890625 0.524414062264151 0.31640625 0.5317382811320754 0.31640625 0.5346679688679246 0.3212890625 0.5390625 0.3330078125 0.536132812264151 0.337890625 0.5317382811320754 0.3369140625 0.530273437735849 0.3271484375 0.524414062264151 0.3212890625 0.524414062264151