18 0.35546875 0.2329101566037736 0.35546875 0.1860351566037736 0.353515625 0.18017578113207547 0.3505859375 0.17578125 0.3466796875 0.17285156226415094 0.3388671875 0.17285156226415094 0.33203125 0.18310546886792453 0.330078125 0.19189453113207547 0.328125 0.2124023433962264 0.328125 0.2329101566037736 0.330078125 0.2416992188679245 0.33203125 0.2475585933962264 0.3369140625 0.25488281226415094 0.3447265625 0.25488281226415094 0.3515625 0.2446289066037736 0.35546875 0.2329101566037736
18 0.41015625 0.2534179688679245 0.412109375 0.2475585933962264 0.41015625 0.2358398433962264 0.4072265625 0.23144531226415094 0.3955078125 0.21972656226415094 0.3876953125 0.21386718773584906 0.3740234375 0.21386718773584906 0.37109375 0.21826171886792453 0.3671875 0.22998046886792453 0.3671875 0.2329101566037736 0.3759765625 0.24609375 0.3876953125 0.25488281226415094 0.3974609375 0.26074218773584906 0.4033203125 0.26074218773584906 0.4072265625 0.2578125 0.41015625 0.2534179688679245
18 0.5546875 0.1274414066037736 0.5546875 0.12451171886792455 0.548828125 0.11279296886792453 0.5439453125 0.10546875 0.5380859375 0.10253906226415094 0.5302734375 0.10253906226415094 0.51953125 0.11279296886792453 0.515625 0.12158203113207545 0.515625 0.1420898433962264 0.517578125 0.1508789066037736 0.51953125 0.15673828113207547 0.5224609375 0.16113281226415094 0.5302734375 0.16699218773584906 0.5322265625 0.16699218773584906 0.5546875 0.1274414066037736
18 0.541015625 0.22998046886792453 0.54296875 0.2241210933962264 0.54296875 0.2211914066037736 0.541015625 0.2124023433962264 0.533203125 0.19189453113207547 0.5302734375 0.1875 0.5263671875 0.18457031226415094 0.5224609375 0.18457031226415094 0.5185546875 0.1875 0.515625 0.19189453113207547 0.515625 0.2124023433962264 0.517578125 0.21826171886792453 0.521484375 0.22705078113207547 0.5244140625 0.23144531226415094 0.5283203125 0.234375 0.5380859375 0.234375 0.541015625 0.22998046886792453
18 0.6201171875 0.21679687452830187 0.626953125 0.20654296886792453 0.626953125 0.19482421886792453 0.625 0.1889648433962264 0.6220703125 0.18457031226415094 0.6181640625 0.18164062452830187 0.5849609375 0.18164062452830187 0.5751953125 0.1875 0.5703125 0.19482421886792453 0.5703125 0.20654296886792453 0.57421875 0.21533203113207547 0.5771484375 0.21972656226415094 0.5830078125 0.22265625 0.6025390625 0.22265625 0.6142578125 0.21972656226415094 0.6201171875 0.21679687452830187
18 0.751953125 0.3999023433962264 0.748046875 0.3852539066037736 0.7412109375 0.375 0.7294921875 0.36621093773584906 0.7236328125 0.36328125 0.7099609375 0.36328125 0.7041015625 0.36621093773584906 0.697265625 0.3764648433962264 0.6953125 0.3823242188679245 0.693359375 0.3940429688679245 0.6953125 0.3999023433962264 0.7001953125 0.40722656226415094 0.7353515625 0.43066406226415094 0.7431640625 0.43066406226415094 0.748046875 0.4233398433962264 0.751953125 0.4116210933962264 0.751953125 0.3999023433962264
18 0.7421875 0.6049804688679246 0.7421875 0.5815429688679246 0.7353515625 0.571289062264151 0.7255859375 0.565429687735849 0.7177734375 0.565429687735849 0.7041015625 0.571289062264151 0.6962890625 0.577148437735849 0.68359375 0.5903320311320754 0.681640625 0.5961914066037736 0.681640625 0.6166992188679246 0.68359375 0.6225585933962264 0.6904296875 0.6328125 0.6962890625 0.635742187735849 0.7060546875 0.6328125 0.7333984375 0.618164062264151 0.7421875 0.6049804688679246
18 0.66796875 0.5258789066037736 0.658203125 0.4643554688679245 0.6533203125 0.45996093773584906 0.6416015625 0.45996093773584906 0.6337890625 0.4628906245283019 0.626953125 0.4731445311320755 0.625 0.4819335933962264 0.625 0.4936523433962264 0.62890625 0.5200195311320754 0.634765625 0.5346679688679246 0.6435546875 0.5449218754716981 0.6669921875 0.5449218754716981 0.66796875 0.5434570311320754 0.66796875 0.5258789066037736
18 0.673828125 0.7250976566037736 0.677734375 0.7133789066037736 0.677734375 0.7075195311320754 0.67578125 0.6928710933962264 0.6728515625 0.688476562264151 0.6591796875 0.682617187735849 0.6513671875 0.6855468754716981 0.640625 0.7016601566037736 0.634765625 0.7163085933962264 0.6328125 0.7221679688679246 0.6328125 0.7338867188679246 0.6357421875 0.73828125 0.6455078125 0.7441406245283019 0.6533203125 0.7441406245283019 0.6611328125 0.741210937735849 0.6650390625 0.73828125 0.673828125 0.7250976566037736
18 0.5654296875 0.4511718745283019 0.568359375 0.4467773433962264 0.572265625 0.4350585933962264 0.572265625 0.4233398433962264 0.5703125 0.4028320311320755 0.568359375 0.3969726566037736 0.5625 0.3852539066037736 0.5537109375 0.37207031226415094 0.5419921875 0.37207031226415094 0.5341796875 0.37792968773584906 0.53125 0.3823242188679245 0.529296875 0.3881835933962264 0.529296875 0.3969726566037736 0.53125 0.4204101566037736 0.533203125 0.4291992188679245 0.5390625 0.4438476566037736 0.5458984375 0.45410156226415094 0.5576171875 0.45703125 0.5654296875 0.4511718745283019
18 0.482421875 0.4174804688679245 0.484375 0.3706054688679245 0.484375 0.3559570311320755 0.482421875 0.3471679688679245 0.4755859375 0.33691406226415094 0.4677734375 0.33691406226415094 0.4638671875 0.33984375 0.4609375 0.3442382811320755 0.45703125 0.3559570311320755 0.455078125 0.3647460933962264 0.453125 0.3764648433962264 0.453125 0.4028320311320755 0.455078125 0.4145507811320755 0.4638671875 0.4277343745283019 0.4677734375 0.43066406226415094 0.4755859375 0.43066406226415094 0.48046875 0.4233398433962264 0.482421875 0.4174804688679245
18 0.4208984375 0.500976562264151 0.42578125 0.4936523433962264 0.42578125 0.4702148433962264 0.419921875 0.4438476566037736 0.416015625 0.4321289066037736 0.4091796875 0.421875 0.3994140625 0.421875 0.39453125 0.4291992188679245 0.392578125 0.4350585933962264 0.392578125 0.4467773433962264 0.3984375 0.48486328113207544 0.40234375 0.49658203113207544 0.4052734375 0.500976562264151 0.4091796875 0.50390625 0.4169921875 0.50390625 0.4208984375 0.500976562264151
18 0.330078125 0.3500976566037736 0.326171875 0.3383789066037736 0.3212890625 0.328125 0.3134765625 0.31933593773584906 0.2939453125 0.31933593773584906 0.2861328125 0.328125 0.283203125 0.3325195311320755 0.283203125 0.3413085933962264 0.3134765625 0.3925781245283019 0.3154296875 0.3925781245283019 0.3193359375 0.38964843773584906 0.328125 0.3764648433962264 0.330078125 0.3706054688679245 0.330078125 0.3500976566037736
18 0.373046875 0.4409179688679245 0.376953125 0.4321289066037736 0.376953125 0.4028320311320755 0.3759765625 0.40136718773584906 0.3681640625 0.40136718773584906 0.3369140625 0.41308593773584906 0.33203125 0.4204101566037736 0.33203125 0.4233398433962264 0.33984375 0.4409179688679245 0.3447265625 0.44824218773584906 0.3525390625 0.45410156226415094 0.3623046875 0.45410156226415094 0.3681640625 0.44824218773584906 0.373046875 0.4409179688679245
18 0.2802734375 0.41894531226415094 0.2705078125 0.41894531226415094 0.2646484375 0.421875 0.2548828125 0.43066406226415094 0.244140625 0.4526367188679245 0.2421875 0.4584960933962264 0.2421875 0.4731445311320755 0.2529296875 0.489257812264151 0.2666015625 0.489257812264151 0.2763671875 0.4863281245283018 0.279296875 0.4819335933962264 0.283203125 0.4233398433962264 0.2802734375 0.41894531226415094
18 0.302734375 0.5229492188679246 0.302734375 0.5112304688679246 0.2958984375 0.489257812264151 0.2919921875 0.4863281245283018 0.2783203125 0.489257812264151 0.26953125 0.5024414066037736 0.26953125 0.5258789066037736 0.2763671875 0.536132812264151 0.2802734375 0.5390625 0.2919921875 0.5390625 0.2958984375 0.536132812264151 0.30078125 0.5288085933962264 0.302734375 0.5229492188679246
18 0.43359375 0.5815429688679246 0.435546875 0.5756835933962264 0.435546875 0.5610351566037736 0.4267578125 0.547851562264151 0.4150390625 0.536132812264151 0.4072265625 0.530273437735849 0.4013671875 0.52734375 0.3974609375 0.52734375 0.3916015625 0.530273437735849 0.38671875 0.5346679688679246 0.384765625 0.5405273433962264 0.384765625 0.5493164066037736 0.38671875 0.5581054688679246 0.3974609375 0.577148437735849 0.4150390625 0.594726562264151 0.4208984375 0.594726562264151 0.4267578125 0.5917968754716981 0.43359375 0.5815429688679246
18 0.359375 0.7016601566037736 0.361328125 0.6899414066037736 0.3544921875 0.6796875 0.3486328125 0.6738281245283019 0.3349609375 0.676757812264151 0.3232421875 0.682617187735849 0.3056640625 0.694335937735849 0.294921875 0.7104492188679246 0.29296875 0.7163085933962264 0.291015625 0.7280273433962264 0.291015625 0.7368164066037736 0.2978515625 0.747070312264151 0.3115234375 0.747070312264151 0.3486328125 0.717773437735849 0.3544921875 0.711914062264151 0.357421875 0.7075195311320754 0.359375 0.7016601566037736
18 0.42578125 0.7221679688679246 0.4296875 0.7045898433962264 0.4296875 0.6958007811320754 0.423828125 0.6782226566037736 0.4189453125 0.670898437735849 0.3994140625 0.670898437735849 0.3955078125 0.6738281245283019 0.388671875 0.6870117188679246 0.38671875 0.6958007811320754 0.384765625 0.7104492188679246 0.38671875 0.7221679688679246 0.388671875 0.7280273433962264 0.3916015625 0.7324218754716981 0.3994140625 0.73828125 0.4111328125 0.73828125 0.4150390625 0.735351562264151 0.42578125 0.7221679688679246
18 0.5380859375 0.694335937735849 0.5458984375 0.6855468754716981 0.55078125 0.6752929688679246 0.55078125 0.6694335933962264 0.5498046875 0.66796875 0.5107421875 0.635742187735849 0.5087890625 0.635742187735849 0.5009765625 0.641601562264151 0.494140625 0.6518554688679246 0.494140625 0.6752929688679246 0.49609375 0.6840820311320754 0.4990234375 0.688476562264151 0.5087890625 0.6972656245283019 0.5146484375 0.700195312264151 0.5302734375 0.700195312264151 0.5380859375 0.694335937735849
1 0.6640625 0.2241210933962264 0.6640625 0.20654296886792453 0.662109375 0.2006835933962264 0.6572265625 0.19335937547169813 0.6513671875 0.19042968773584906 0.6455078125 0.19042968773584906 0.6376953125 0.19335937547169813 0.630859375 0.20361328113207547 0.630859375 0.2094726566037736 0.646484375 0.2416992188679245 0.6474609375 0.2431640622641509 0.6494140625 0.2431640622641509 0.6572265625 0.23730468773584906 0.662109375 0.22998046886792453 0.6640625 0.2241210933962264
1 0.4462890625 0.17285156226415094 0.4306640625 0.1640625 0.4150390625 0.1640625 0.41015625 0.17138671886792453 0.41015625 0.18310546886792453 0.4130859375 0.1875 0.4189453125 0.19335937547169813 0.4501953125 0.19335937547169813 0.453125 0.1889648433962264 0.451171875 0.18017578113207547 0.4462890625 0.17285156226415094
1 0.3955078125 0.29296875 0.3916015625 0.29003906226415094 0.3857421875 0.29003906226415094 0.3798828125 0.29296875 0.375 0.3002929688679245 0.375 0.3090820311320755 0.3935546875 0.33691406226415094 0.4052734375 0.33691406226415094 0.408203125 0.3325195311320755 0.408203125 0.3208007811320755 0.40234375 0.3032226566037736 0.3955078125 0.29296875
1 0.6025390625 0.35449218773584906 0.5986328125 0.3574218754716981 0.59765625 0.3588867188679245 0.59765625 0.3793945311320755 0.6064453125 0.3925781245283019 0.6181640625 0.3925781245283019 0.623046875 0.3852539066037736 0.623046875 0.3735351566037736 0.6142578125 0.35449218773584906 0.6025390625 0.35449218773584906
1 0.5068359375 0.612304687735849 0.509765625 0.6079101566037736 0.51171875 0.6020507811320754 0.490234375 0.5639648433962264 0.4833984375 0.553710937735849 0.48046875 0.5581054688679246 0.47265625 0.5932617188679246 0.47265625 0.6020507811320754 0.474609375 0.6079101566037736 0.4814453125 0.618164062264151 0.4892578125 0.62109375 0.4951171875 0.62109375 0.5009765625 0.618164062264151 0.5068359375 0.612304687735849
1 0.6357421875 0.665039062264151 0.6279296875 0.665039062264151 0.6220703125 0.670898437735849 0.6171875 0.6782226566037736 0.615234375 0.6840820311320754 0.615234375 0.6987304688679246 0.6171875 0.7075195311320754 0.6259765625 0.7207031245283019 0.630859375 0.7133789066037736 0.642578125 0.6811523433962264 0.642578125 0.6752929688679246 0.6357421875 0.665039062264151
1 0.30859375 0.5698242188679246 0.3037109375 0.5625 0.2998046875 0.5625 0.2939453125 0.565429687735849 0.287109375 0.5756835933962264 0.283203125 0.5903320311320754 0.283203125 0.6020507811320754 0.28515625 0.6108398433962264 0.2900390625 0.618164062264151 0.2939453125 0.62109375 0.3037109375 0.618164062264151 0.3046875 0.6166992188679246 0.30859375 0.5698242188679246
14 0.4755859375 0.6855468754716981 0.4677734375 0.6855468754716981 0.4560546875 0.694335937735849 0.44921875 0.7045898433962264 0.44921875 0.7104492188679246 0.4521484375 0.71484375 0.4541015625 0.71484375 0.4775390625 0.700195312264151 0.478515625 0.6987304688679246 0.478515625 0.6928710933962264 0.4755859375 0.6855468754716981
14 0.4326171875 0.624023437735849 0.4267578125 0.624023437735849 0.42578125 0.6254882811320754 0.421875 0.6694335933962264 0.421875 0.6723632811320754 0.4248046875 0.676757812264151 0.4267578125 0.676757812264151 0.431640625 0.6694335933962264 0.435546875 0.6547851566037736 0.435546875 0.6284179688679246 0.4326171875 0.624023437735849
14 0.5087890625 0.47167968773584906 0.51171875 0.4672851566037736 0.513671875 0.4614257811320755 0.513671875 0.4584960933962264 0.5126953125 0.45703125 0.4814453125 0.44824218773584906 0.48046875 0.4497070311320755 0.48046875 0.4526367188679245 0.482421875 0.4584960933962264 0.4853515625 0.4628906245283019 0.4912109375 0.46875 0.4990234375 0.4746093745283019 0.5048828125 0.4746093745283019 0.5087890625 0.47167968773584906
14 0.5556640625 0.495117187735849 0.5439453125 0.506835937735849 0.537109375 0.5170898433962264 0.537109375 0.5288085933962264 0.5380859375 0.530273437735849 0.5419921875 0.530273437735849 0.5576171875 0.512695312264151 0.564453125 0.49658203113207544 0.5634765625 0.495117187735849 0.5556640625 0.495117187735849
14 0.4423828125 0.4628906245283019 0.4404296875 0.4628906245283019 0.4365234375 0.46582031226415094 0.431640625 0.4731445311320755 0.427734375 0.49658203113207544 0.427734375 0.5024414066037736 0.4306640625 0.506835937735849 0.4345703125 0.506835937735849 0.443359375 0.4936523433962264 0.447265625 0.4790039066037736 0.447265625 0.4760742188679245 0.4423828125 0.4628906245283019
14 0.7060546875 0.495117187735849 0.697265625 0.5024414066037736 0.693359375 0.5141601566037736 0.693359375 0.5170898433962264 0.6962890625 0.5214843754716981 0.7080078125 0.518554687735849 0.71484375 0.5083007811320754 0.71484375 0.5024414066037736 0.7099609375 0.495117187735849 0.7060546875 0.495117187735849
14 0.6708984375 0.38378906226415094 0.6533203125 0.37207031226415094 0.6484375 0.3793945311320755 0.6484375 0.3823242188679245 0.6572265625 0.3984375 0.6728515625 0.40136718773584906 0.6767578125 0.40136718773584906 0.677734375 0.3999023433962264 0.677734375 0.3940429688679245 0.6708984375 0.38378906226415094
14 0.5048828125 0.26074218773584906 0.4990234375 0.2578125 0.4931640625 0.2578125 0.48828125 0.2651367188679245 0.48828125 0.2680664066037736 0.4892578125 0.26953125 0.5029296875 0.2871093754716981 0.5107421875 0.28417968773584906 0.51171875 0.2827148433962264 0.51171875 0.2739257811320755 0.5048828125 0.26074218773584906
14 0.5576171875 0.27246093773584906 0.5556640625 0.27246093773584906 0.5546875 0.2739257811320755 0.544921875 0.3061523433962264 0.544921875 0.3120117188679245 0.5478515625 0.31640625 0.5498046875 0.31640625 0.5537109375 0.31347656226415094 0.560546875 0.2973632811320755 0.560546875 0.2797851566037736 0.5576171875 0.27246093773584906
14 0.6044921875 0.29003906226415094 0.603515625 0.2915039066037736 0.603515625 0.3061523433962264 0.6064453125 0.3105468754716981 0.6142578125 0.3105468754716981 0.619140625 0.3061523433962264 0.619140625 0.2973632811320755 0.6162109375 0.29296875 0.6044921875 0.29003906226415094
14 0.7177734375 0.29296875 0.7119140625 0.29296875 0.705078125 0.3032226566037736 0.705078125 0.3090820311320755 0.7109375 0.3266601566037736 0.7119140625 0.328125 0.7158203125 0.328125 0.720703125 0.3208007811320755 0.71875 0.2944335933962264 0.7177734375 0.29296875
14 0.5966796875 0.13769531226415094 0.5908203125 0.13476562452830187 0.5869140625 0.13476562452830187 0.5859375 0.13623046886792453 0.5859375 0.14501953113207547 0.5869140625 0.14648437547169813 0.6025390625 0.16113281226415094 0.607421875 0.15673828113207547 0.607421875 0.14794921886792453 0.6044921875 0.14355468773584906 0.5966796875 0.13769531226415094
14 0.5732421875 0.13769531226415094 0.5693359375 0.13769531226415094 0.568359375 0.1391601566037736 0.56640625 0.14501953113207547 0.56640625 0.1538085933962264 0.5751953125 0.16992187547169813 0.5888671875 0.16699218773584906 0.591796875 0.1625976566037736 0.591796875 0.1538085933962264 0.5888671875 0.14941406226415094 0.5732421875 0.13769531226415094
13 0.5595703125 0.2490234377358491 0.5537109375 0.2490234377358491 0.552734375 0.2504882811320755 0.556640625 0.2651367188679245 0.5576171875 0.26660156226415094 0.5693359375 0.26660156226415094 0.572265625 0.2622070311320755 0.576171875 0.2534179688679245 0.5751953125 0.2519531245283019 0.5595703125 0.2490234377358491
13 0.5302734375 0.846679687735849 0.5244140625 0.840820312264151 0.5224609375 0.840820312264151 0.521484375 0.8422851566037736 0.521484375 0.8452148433962264 0.525390625 0.8569335933962264 0.5302734375 0.8613281245283019 0.5341796875 0.8613281245283019 0.53515625 0.8598632811320754 0.53515625 0.8540039066037736 0.5302734375 0.846679687735849
11 0.4365234375 0.747070312264151 0.43359375 0.7514648433962264 0.4365234375 0.7558593754716981 0.4443359375 0.7558593754716981 0.44921875 0.7485351566037736 0.44921875 0.7456054688679246 0.4482421875 0.7441406245283019 0.4443359375 0.7441406245283019 0.4365234375 0.747070312264151
11 0.5302734375 0.35449218773584906 0.52734375 0.3588867188679245 0.5283203125 0.36035156226415094 0.5341796875 0.36035156226415094 0.5439453125 0.3574218754716981 0.544921875 0.3559570311320755 0.544921875 0.3530273433962264 0.5419921875 0.34863281226415094 0.5302734375 0.35449218773584906
18 0.4658203125 0.24609375 0.4619140625 0.2490234377358491 0.458984375 0.2534179688679245 0.458984375 0.2563476566037736 0.4599609375 0.2578125 0.4716796875 0.2578125 0.47265625 0.2563476566037736 0.47265625 0.2504882811320755 0.4677734375 0.24609375 0.4658203125 0.24609375
9 0.578125 0.48779296886792456 0.576171875 0.4936523433962264 0.576171875 0.49658203113207544 0.5771484375 0.4980468754716982 0.5849609375 0.4980468754716982 0.58984375 0.4907226566037736 0.5849609375 0.483398437735849 0.5830078125 0.483398437735849 0.578125 0.48779296886792456
9 0.6025390625 0.647460937735849 0.6142578125 0.647460937735849 0.623046875 0.6401367188679246 0.623046875 0.6313476566037736 0.619140625 0.6049804688679246 0.6162109375 0.600585937735849 0.5888671875 0.5859375 0.5693359375 0.583007812264151 0.5595703125 0.588867187735849 0.55859375 0.5903320311320754 0.55859375 0.5961914066037736 0.560546875 0.6079101566037736 0.5625 0.6137695311320754 0.5673828125 0.62109375 0.5732421875 0.6269531245283019 0.5966796875 0.64453125 0.6025390625 0.647460937735849
9 0.3720703125 0.764648437735849 0.3671875 0.7719726566037736 0.3671875 0.7807617188679246 0.3681640625 0.782226562264151 0.3701171875 0.782226562264151 0.375 0.7719726566037736 0.375 0.7661132811320754 0.3740234375 0.764648437735849 0.3720703125 0.764648437735849
9 0.2724609375 0.5449218754716981 0.2646484375 0.5449218754716981 0.263671875 0.5463867188679246 0.263671875 0.5493164066037736 0.2705078125 0.559570312264151 0.2783203125 0.559570312264151 0.279296875 0.5581054688679246 0.279296875 0.5522460933962264 0.2763671875 0.547851562264151 0.2724609375 0.5449218754716981
0 0.671875 0.6635742188679246 0.6748046875 0.66796875 0.677734375 0.6635742188679246 0.67578125 0.6547851566037736 0.6728515625 0.6503906245283019 0.671875 0.6518554688679246 0.671875 0.6635742188679246