20 0.3974609375 0.14355468773584906 0.3896484375 0.14355468773584906 0.3857421875 0.14648437547169813 0.384765625 0.14794921886792453 0.3828125 0.15673828113207547 0.37890625 0.19482421886792453 0.37890625 0.2358398433962264 0.3798828125 0.23730468773584906 0.4130859375 0.20800781226415094 0.431640625 0.18017578113207547 0.4130859375 0.15527343773584906 0.4072265625 0.14941406226415094 0.3974609375 0.14355468773584906
20 0.6455078125 0.609375 0.6318359375 0.612304687735849 0.626953125 0.6196289066037736 0.623046875 0.6372070311320754 0.625 0.6811523433962264 0.6279296875 0.6855468754716981 0.6806640625 0.6796875 0.6875 0.6694335933962264 0.693359375 0.6284179688679246 0.6826171875 0.6152343754716981 0.6455078125 0.609375
20 0.384765625 0.4584960933962264 0.3837890625 0.45703125 0.36328125 0.49658203113207544 0.361328125 0.5024414066037736 0.361328125 0.5229492188679246 0.373046875 0.5551757811320754 0.3740234375 0.5566406245283019 0.3759765625 0.5566406245283019 0.3828125 0.5463867188679246 0.390625 0.5170898433962264 0.384765625 0.4584960933962264
20 0.564453125 0.5668945311320754 0.5634765625 0.565429687735849 0.5419921875 0.541992187735849 0.5380859375 0.541992187735849 0.5341796875 0.5449218754716981 0.529296875 0.5522460933962264 0.52734375 0.5581054688679246 0.52734375 0.5668945311320754 0.53125 0.5786132811320754 0.5380859375 0.588867187735849 0.5673828125 0.612304687735849 0.5693359375 0.612304687735849 0.57421875 0.6079101566037736 0.564453125 0.5668945311320754
20 0.4931640625 0.28417968773584906 0.4853515625 0.2871093754716981 0.4814453125 0.29003906226415094 0.4658203125 0.3105468754716981 0.4609375 0.3178710933962264 0.46875 0.3500976566037736 0.4716796875 0.35449218773584906 0.4736328125 0.35449218773584906 0.5 0.3090820311320755 0.5 0.2915039066037736 0.4970703125 0.2871093754716981 0.4931640625 0.28417968773584906
3 0.3564453125 0.19628906226415094 0.3271484375 0.18164062452830187 0.2763671875 0.25488281226415094 0.275390625 0.2563476566037736 0.275390625 0.3178710933962264 0.2763671875 0.31933593773584906 0.3232421875 0.328125 0.341796875 0.3120117188679245 0.3671875 0.2241210933962264 0.3671875 0.2211914066037736 0.3564453125 0.19628906226415094
3 0.4912109375 0.38671875 0.4755859375 0.37792968773584906 0.4462890625 0.3808593754716981 0.43359375 0.3999023433962264 0.42578125 0.4145507811320755 0.419921875 0.4379882811320755 0.412109375 0.4702148433962264 0.412109375 0.4731445311320755 0.4130859375 0.4746093745283019 0.4814453125 0.45996093773584906 0.4892578125 0.45410156226415094 0.4921875 0.4497070311320755 0.4921875 0.3881835933962264 0.4912109375 0.38671875
3 0.3369140625 0.5214843754716981 0.337890625 0.5200195311320754 0.34375 0.4584960933962264 0.3427734375 0.45703125 0.3056640625 0.45703125 0.2607421875 0.48046875 0.259765625 0.4819335933962264 0.259765625 0.4907226566037736 0.263671875 0.5024414066037736 0.2685546875 0.5097656245283019 0.2763671875 0.518554687735849 0.2978515625 0.530273437735849 0.3056640625 0.530273437735849 0.3369140625 0.5214843754716981
3 0.328125 0.5874023433962264 0.3056640625 0.5566406245283019 0.2431640625 0.55078125 0.2236328125 0.5566406245283019 0.2177734375 0.559570312264151 0.216796875 0.5610351566037736 0.2109375 0.5727539066037736 0.224609375 0.6313476566037736 0.2255859375 0.6328125 0.2294921875 0.635742187735849 0.2822265625 0.653320312264151 0.2978515625 0.65625 0.328125 0.5903320311320754 0.328125 0.5874023433962264
15 0.6865234375 0.553710937735849 0.7021484375 0.5449218754716981 0.7158203125 0.530273437735849 0.71875 0.5258789066037736 0.724609375 0.5141601566037736 0.728515625 0.5024414066037736 0.728515625 0.4584960933962264 0.7265625 0.4497070311320755 0.72265625 0.4379882811320755 0.7138671875 0.42480468773584906 0.7060546875 0.4160156245283019 0.6982421875 0.41015625 0.6904296875 0.40722656226415094 0.6728515625 0.40722656226415094 0.6650390625 0.41015625 0.6572265625 0.4160156245283019 0.650390625 0.4262695311320755 0.62890625 0.48486328113207544 0.626953125 0.49658203113207544 0.626953125 0.5258789066037736 0.62890625 0.5317382811320754 0.6376953125 0.5449218754716981 0.6494140625 0.553710937735849 0.6552734375 0.5566406245283019 0.6767578125 0.5566406245283019 0.6865234375 0.553710937735849
1 0.5849609375 0.6328125 0.5830078125 0.6328125 0.5791015625 0.635742187735849 0.57421875 0.6459960933962264 0.572265625 0.6518554688679246 0.572265625 0.6606445311320754 0.5751953125 0.665039062264151 0.5869140625 0.665039062264151 0.59375 0.6547851566037736 0.59375 0.6430664066037736 0.5888671875 0.635742187735849 0.5849609375 0.6328125
1 0.337890625 0.7514648433962264 0.3359375 0.7368164066037736 0.328125 0.7104492188679246 0.3232421875 0.703125 0.3193359375 0.700195312264151 0.3076171875 0.700195312264151 0.3046875 0.7045898433962264 0.294921875 0.7338867188679246 0.294921875 0.7368164066037736 0.322265625 0.7866210933962264 0.3271484375 0.7910156245283019 0.3291015625 0.7910156245283019 0.333984375 0.7836914066037736 0.337890625 0.7690429688679246 0.337890625 0.7514648433962264
1 0.544921875 0.5141601566037736 0.544921875 0.5112304688679246 0.5361328125 0.483398437735849 0.5107421875 0.4863281245283018 0.509765625 0.48779296886792456 0.509765625 0.5112304688679246 0.5146484375 0.5214843754716981 0.5244140625 0.530273437735849 0.5322265625 0.530273437735849 0.5400390625 0.524414062264151 0.54296875 0.5200195311320754 0.544921875 0.5141601566037736
18 0.5224609375 0.22851562452830187 0.5263671875 0.22558593773584906 0.53515625 0.2124023433962264 0.537109375 0.20361328113207547 0.537109375 0.1977539066037736 0.53515625 0.18310546886792453 0.5263671875 0.16992187547169813 0.4814453125 0.12890625 0.4716796875 0.12304687547169811 0.4638671875 0.12304687547169811 0.4580078125 0.12597656226415094 0.4521484375 0.13183593773584906 0.447265625 0.1420898433962264 0.4453125 0.1538085933962264 0.4453125 0.15966796886792453 0.44921875 0.1743164066037736 0.4619140625 0.19335937547169813 0.4775390625 0.2109375 0.4951171875 0.22265625 0.5087890625 0.22851562452830187 0.5224609375 0.22851562452830187
18 0.6455078125 0.28417968773584906 0.6484375 0.2797851566037736 0.650390625 0.2739257811320755 0.650390625 0.2622070311320755 0.6396484375 0.24609375 0.6220703125 0.23144531226415094 0.6123046875 0.22558593773584906 0.6044921875 0.22265625 0.5986328125 0.22265625 0.5927734375 0.22558593773584906 0.58984375 0.22998046886792453 0.587890625 0.23876953113207547 0.587890625 0.2446289066037736 0.58984375 0.2504882811320755 0.5986328125 0.2636718754716981 0.6259765625 0.28417968773584906 0.6337890625 0.2871093754716981 0.6416015625 0.2871093754716981 0.6455078125 0.28417968773584906
18 0.5732421875 0.26953125 0.5693359375 0.26660156226415094 0.5595703125 0.2636718754716981 0.5498046875 0.26660156226415094 0.5419921875 0.2753906245283019 0.53515625 0.2856445311320755 0.533203125 0.2915039066037736 0.533203125 0.3120117188679245 0.5361328125 0.31640625 0.5830078125 0.31347656226415094 0.583984375 0.3120117188679245 0.583984375 0.2885742188679245 0.580078125 0.2797851566037736 0.5732421875 0.26953125
18 0.4267578125 0.3515625 0.4296875 0.3471679688679245 0.431640625 0.3413085933962264 0.431640625 0.3295898433962264 0.4296875 0.3237304688679245 0.4150390625 0.2988281245283019 0.4052734375 0.29296875 0.4013671875 0.29296875 0.3974609375 0.29589843773584906 0.39453125 0.3002929688679245 0.392578125 0.3061523433962264 0.392578125 0.3149414066037736 0.396484375 0.3266601566037736 0.400390625 0.3354492188679245 0.4091796875 0.3515625 0.4130859375 0.35449218773584906 0.4228515625 0.35449218773584906 0.4267578125 0.3515625
18 0.39453125 0.3940429688679245 0.3984375 0.3793945311320755 0.396484375 0.3735351566037736 0.3896484375 0.36328125 0.3798828125 0.35449218773584906 0.3583984375 0.3691406245283019 0.35546875 0.3735351566037736 0.35546875 0.3852539066037736 0.357421875 0.3911132811320755 0.3603515625 0.39550781226415094 0.3720703125 0.40136718773584906 0.3876953125 0.40136718773584906 0.3916015625 0.3984375 0.39453125 0.3940429688679245
18 0.37109375 0.6958007811320754 0.375 0.6811523433962264 0.375 0.6518554688679246 0.3662109375 0.6386718754716981 0.3447265625 0.618164062264151 0.34375 0.6196289066037736 0.341796875 0.6313476566037736 0.341796875 0.6489257811320754 0.345703125 0.7075195311320754 0.3466796875 0.7089843754716981 0.3544921875 0.7089843754716981 0.3623046875 0.706054687735849 0.3662109375 0.703125 0.37109375 0.6958007811320754
18 0.3994140625 0.670898437735849 0.3955078125 0.6738281245283019 0.390625 0.6811523433962264 0.390625 0.6928710933962264 0.3974609375 0.703125 0.3994140625 0.703125 0.412109375 0.6928710933962264 0.412109375 0.6840820311320754 0.4052734375 0.6738281245283019 0.3994140625 0.670898437735849
6 0.669921875 0.3530273433962264 0.669921875 0.3500976566037736 0.6669921875 0.3457031245283019 0.6611328125 0.34277343773584906 0.6494140625 0.34277343773584906 0.6435546875 0.3457031245283019 0.6181640625 0.36621093773584906 0.609375 0.3793945311320755 0.607421875 0.3852539066037736 0.607421875 0.4262695311320755 0.6123046875 0.43359375 0.6142578125 0.43359375 0.6416015625 0.40136718773584906 0.6640625 0.3676757811320755 0.66796875 0.3588867188679245 0.669921875 0.3530273433962264
18 0.2607421875 0.45410156226415094 0.263671875 0.4467773433962264 0.267578125 0.4291992188679245 0.275390625 0.3647460933962264 0.2724609375 0.36035156226415094 0.2587890625 0.3515625 0.2470703125 0.3515625 0.2412109375 0.3574218754716981 0.23828125 0.3618164066037736 0.234375 0.3735351566037736 0.232421875 0.3940429688679245 0.232421875 0.4409179688679245 0.2373046875 0.45410156226415094 0.2431640625 0.45996093773584906 0.2470703125 0.4628906245283019 0.2490234375 0.4628906245283019 0.2548828125 0.45996093773584906 0.2607421875 0.45410156226415094
9 0.5888671875 0.600585937735849 0.5810546875 0.600585937735849 0.578125 0.6049804688679246 0.578125 0.6079101566037736 0.5810546875 0.612304687735849 0.5869140625 0.6152343754716981 0.5908203125 0.6152343754716981 0.591796875 0.6137695311320754 0.591796875 0.6079101566037736 0.5888671875 0.600585937735849
9 0.5380859375 0.17578125 0.53515625 0.18017578113207547 0.5380859375 0.18457031226415094 0.5458984375 0.18457031226415094 0.548828125 0.18017578113207547 0.548828125 0.1772460933962264 0.5439453125 0.17285156226415094 0.5419921875 0.17285156226415094 0.5380859375 0.17578125
13 0.3466796875 0.38671875 0.34066261500000006 0.39228200566037735 0.330262639375 0.40255515283018867 0.337365061875 0.4139697603773585 0.338887009375 0.41530146415094343 0.341043101875 0.415111220754717 0.34294553625 0.4143502471698113 0.35461380187499997 0.4073112396226415 0.34765625 0.3881835933962264 0.3466796875 0.38671875
13 0.3115234375 0.421875 0.30859375 0.4291992188679245 0.306640625 0.4379882811320755 0.306640625 0.4526367188679245 0.3076171875 0.45410156226415094 0.3251953125 0.45410156226415094 0.326171875 0.4526367188679245 0.326171875 0.4497070311320755 0.3134765625 0.421875 0.3115234375 0.421875
13 0.611328125 0.7016601566037736 0.6142578125 0.706054687735849 0.6298828125 0.717773437735849 0.6328125 0.7104492188679246 0.630859375 0.6928710933962264 0.6279296875 0.688476562264151 0.6162109375 0.694335937735849 0.611328125 0.7016601566037736
21 0.49609375 0.5522460933962264 0.4951171875 0.55078125 0.4345703125 0.518554687735849 0.4267578125 0.518554687735849 0.42578125 0.5200195311320754 0.416015625 0.6020507811320754 0.416015625 0.6079101566037736 0.4189453125 0.612304687735849 0.4716796875 0.665039062264151 0.524316383125 0.6855966 0.5305434181249999 0.6865306556603773 0.552026690625 0.6893328216981133 0.49609375 0.5522460933962264
13 0.564453125 0.3823242188679245 0.5634765625 0.3808593754716981 0.5615234375 0.3808593754716981 0.544921875 0.4057617188679245 0.526807196875 0.4245281405660377 0.5380859375 0.4394531245283019 0.5458984375 0.4453125 0.5629240025 0.45254979905660375 0.56448076125 0.4305995 0.564792113125 0.4151875867924528 0.564453125 0.4028320311320755 0.564453125 0.3823242188679245