18 0.6014423074999999 0.75625 0.59375 0.7233173075471698 0.591987179375 0.7180288462264152 0.5881410256249999 0.7146634613207548 0.585576923125 0.715625 0.583333333125 0.7182692311320754 0.583012820625 0.7228365386792452 0.58477564125 0.7355769226415094 0.587820513125 0.7473557688679245 0.5951923075 0.7658653849056604 0.599519230625 0.7699519226415095 0.6014423074999999 0.7673076924528301 0.60240384625 0.7634615386792453 0.6014423074999999 0.75625
20 0.6831730768750001 0.6951923075471699 0.6852564099999999 0.6824519226415094 0.6838141025 0.6776442311320754 0.635737179375 0.6033653849056604 0.634615384375 0.6024038462264151 0.63349359 0.6057692311320754 0.634615384375 0.6197115386792452 0.6402243587499999 0.6574519226415094 0.641826923125 0.6615384613207548 0.644551281875 0.6658653849056604 0.6725961537499999 0.696875 0.677083333125 0.6990384613207548 0.681730769375 0.6983173075471698 0.6831730768750001 0.6951923075471699
9 0.392147435625 0.7322115386792453 0.391987179375 0.7276442311320754 0.39150641 0.725 0.390384615625 0.7237980773584906 0.380608974375 0.7192307688679246 0.36875 0.7259615386792453 0.36682692312500004 0.7283653849056604 0.36602564125000003 0.7334134613207547 0.36586538437500005 0.7372596150943396 0.36698717937499997 0.7439903849056604 0.37163461562499994 0.7492788462264152 0.377884615625 0.7502403849056604 0.38461538437500004 0.7490384613207547 0.38814102562499997 0.7471153849056604 0.39054487187500003 0.74375 0.392147435625 0.7322115386792453
9 0.6360576925 0.5564903849056604 0.63621794875 0.5485576924528301 0.63525641 0.5449519226415095 0.6211538462499999 0.5209134613207548 0.609455128125 0.5129807688679245 0.60096153875 0.5098557688679246 0.5644230768749999 0.5048076924528302 0.555448718125 0.5084134613207547 0.544391025625 0.5170673075471699 0.5423076925 0.5271634613207548 0.542147435625 0.5290865386792453 0.549198718125 0.5507211537735849 0.55625 0.5586538462264151 0.599679486875 0.5766826924528301 0.6036858975 0.5774038462264152 0.622916666875 0.5682692311320754 0.634615384375 0.5600961537735849 0.6360576925 0.5564903849056604
12 0.48445512812499997 0.5293269226415095 0.47852564125 0.5213942311320754 0.46666666687499997 0.5182692311320755 0.46233974375000003 0.5185096150943396 0.451923076875 0.521875 0.44759615375 0.5290865386792453 0.44727564125 0.5449519226415095 0.44903846125 0.5521634613207548 0.45096153875 0.5543269226415094 0.48189102562499997 0.5644230773584905 0.48429487187500003 0.5634615386792453 0.485737179375 0.5612980773584906 0.48637820499999995 0.5502403849056604 0.48445512812499997 0.5293269226415095
0 0.35737179500000005 0.46442307735849053 0.337820513125 0.47451923113207545 0.33397435875 0.4776442311320755 0.33397435875 0.48004807735849053 0.3411858975 0.49783653867924527 0.35336538437500004 0.509375 0.369070513125 0.5185096150943396 0.37884615375 0.5057692311320754 0.374198718125 0.48221153867924527 0.36121794875 0.46658653867924527 0.35737179500000005 0.46442307735849053
13 0.27756410249999997 0.41201923113207545 0.27724359 0.4134615386792453 0.27932692312499996 0.43557692264150943 0.282852564375 0.43846153867924526 0.29182692312499997 0.43533653867924527 0.299519230625 0.4158653849056604 0.2985576925 0.41442307735849054 0.28317307687500004 0.41129807735849055 0.27884615375 0.41129807735849055 0.27756410249999997 0.41201923113207545
0 0.39647435875 0.3211538462264151 0.39262820499999995 0.325 0.38862179500000005 0.3322115386792453 0.385737179375 0.34158653867924527 0.38493589749999996 0.34951923113207545 0.399519230625 0.37283653867924527 0.400480769375 0.37427884622641505 0.408173076875 0.3774038462264151 0.420352564375 0.365625 0.42772435875 0.3257211537735849 0.411858974375 0.31201923113207547 0.39647435875 0.3211538462264151
10 0.587820513125 0.34086538490566043 0.587019230625 0.3257211537735849 0.58125 0.3137019226415095 0.56858974375 0.29735576886792453 0.56474359 0.29471153867924527 0.561378205 0.29399038490566043 0.55849359 0.29471153867924527 0.55753205125 0.29735576886792453 0.570673076875 0.38076923113207545 0.572115384375 0.38317307735849054 0.57628205125 0.3829326924528302 0.5786858975 0.38076923113207545 0.5838141025 0.37307692264150943 0.585576923125 0.3689903849056604 0.587179486875 0.36129807735849057 0.587820513125 0.34086538490566043
0 0.36698717937499997 0.1961538462264151 0.35689102562499997 0.21274038490566038 0.355769230625 0.22836538490566038 0.36891025624999996 0.24038461509433962 0.38846153875 0.24375 0.39727564125000003 0.21682692264150943 0.39631410250000004 0.2141826924528302 0.380769230625 0.2 0.369070513125 0.19471153867924526 0.36698717937499997 0.1961538462264151
17 0.512019230625 0.09399038490566038 0.495352564375 0.07403846132075471 0.49182692312500004 0.071875 0.48685897437500003 0.071875 0.485897435625 0.07307692264150943 0.47958777875 0.24243867358490565 0.513099059375 0.23330033396226413 0.53766025625 0.2213942311320755 0.54871794875 0.21778846132075472 0.550641025625 0.21274038490566038 0.55272435875 0.19326923113207548 0.545673076875 0.16610576886792452 0.512019230625 0.09399038490566038