21 0.505859375 0.4438476566037736 0.517578125 0.4057617188679245 0.517578125 0.3969726566037736 0.50390625 0.3120117188679245 0.5029296875 0.3105468754716981 0.4306640625 0.30175781226415094 0.4228515625 0.30175781226415094 0.419921875 0.3061523433962264 0.416015625 0.3208007811320755 0.416015625 0.3237304688679245 0.421875 0.3500976566037736 0.44921875 0.4379882811320755 0.4716796875 0.46582031226415094 0.4912109375 0.46582031226415094 0.4990234375 0.45996093773584906 0.505859375 0.4438476566037736
21 0.455078125 0.6899414066037736 0.455078125 0.6811523433962264 0.4228515625 0.641601562264151 0.4189453125 0.6386718754716981 0.4130859375 0.6386718754716981 0.3876953125 0.653320312264151 0.38671875 0.6547851566037736 0.3828125 0.6899414066037736 0.3857421875 0.694335937735849 0.4208984375 0.729492187735849 0.4228515625 0.729492187735849 0.4267578125 0.7265625 0.4501953125 0.706054687735849 0.453125 0.6987304688679246 0.455078125 0.6899414066037736
5 0.6201171875 0.600585937735849 0.62109375 0.5991210933962264 0.623046875 0.5903320311320754 0.623046875 0.5844726566037736 0.62109375 0.5786132811320754 0.6181640625 0.57421875 0.5966796875 0.55078125 0.5888671875 0.547851562264151 0.5810546875 0.553710937735849 0.5361328125 0.618164062264151 0.53515625 0.6196289066037736 0.53515625 0.6313476566037736 0.5419921875 0.641601562264151 0.5537109375 0.6503906245283019 0.5771484375 0.641601562264151 0.5830078125 0.6386718754716981 0.5908203125 0.6328125 0.6201171875 0.600585937735849
5 0.470703125 0.13330078113207547 0.470703125 0.11279296886792453 0.4697265625 0.11132812452830189 0.4599609375 0.10546875 0.4521484375 0.10546875 0.4306640625 0.1171875 0.427734375 0.12158203113207545 0.416015625 0.15673828113207547 0.412109375 0.17138671886792453 0.41015625 0.18017578113207547 0.41015625 0.1860351566037736 0.412109375 0.2006835933962264 0.4169921875 0.20507812452830187 0.4248046875 0.20507812452830187 0.4619140625 0.18457031226415094 0.462890625 0.18310546886792453 0.470703125 0.13330078113207547
13 0.3837890625 0.17871093773584906 0.3662109375 0.1640625 0.3603515625 0.16113281226415094 0.3525390625 0.1640625 0.345703125 0.17138671886792453 0.337890625 0.2094726566037736 0.337890625 0.2768554688679245 0.3408203125 0.28125 0.3447265625 0.28125 0.4150390625 0.24609375 0.41796875 0.2416992188679245 0.416015625 0.2329101566037736 0.3837890625 0.17871093773584906
13 0.6142578125 0.17285156226415094 0.6005859375 0.17285156226415094 0.5693359375 0.17871093773584906 0.5595703125 0.18457031226415094 0.556640625 0.1889648433962264 0.556640625 0.19482421886792453 0.5732421875 0.2431640622641509 0.5791015625 0.2431640622641509 0.5908203125 0.234375 0.6328125 0.1889648433962264 0.6298828125 0.18457031226415094 0.6142578125 0.17285156226415094
13 0.412109375 0.3735351566037736 0.4140625 0.3559570311320755 0.4130859375 0.35449218773584906 0.3974609375 0.34863281226415094 0.3740234375 0.3457031245283019 0.3525390625 0.3457031245283019 0.3515625 0.3471679688679245 0.3515625 0.3530273433962264 0.357421875 0.3999023433962264 0.3583984375 0.40136718773584906 0.3701171875 0.40136718773584906 0.3896484375 0.39550781226415094 0.4072265625 0.3808593754716981 0.412109375 0.3735351566037736
9 0.50390625 0.5903320311320754 0.50390625 0.5756835933962264 0.501953125 0.5639648433962264 0.498046875 0.5522460933962264 0.482421875 0.5229492188679246 0.4755859375 0.512695312264151 0.4677734375 0.506835937735849 0.4599609375 0.506835937735849 0.455078125 0.5141601566037736 0.453125 0.5375976566037736 0.455078125 0.5874023433962264 0.4697265625 0.606445312264151 0.4794921875 0.6152343754716981 0.4912109375 0.6152343754716981 0.4951171875 0.612304687735849 0.5 0.6049804688679246 0.50390625 0.5903320311320754
9 0.53515625 0.14794921886792453 0.53515625 0.15966796886792453 0.5361328125 0.16113281226415094 0.5390625 0.15673828113207547 0.541015625 0.1508789066037736 0.541015625 0.14794921886792453 0.5380859375 0.14355468773584906 0.53515625 0.14794921886792453
9 0.62109375 0.2622070311320755 0.62109375 0.2680664066037736 0.6240234375 0.27246093773584906 0.62890625 0.2680664066037736 0.62890625 0.2622070311320755 0.6259765625 0.2578125 0.6220703125 0.26074218773584906 0.62109375 0.2622070311320755
9 0.6162109375 0.518554687735849 0.6142578125 0.518554687735849 0.611328125 0.5229492188679246 0.611328125 0.5288085933962264 0.6162109375 0.536132812264151 0.6220703125 0.536132812264151 0.623046875 0.5346679688679246 0.623046875 0.5317382811320754 0.62109375 0.5258789066037736 0.6162109375 0.518554687735849
9 0.3583984375 0.723632812264151 0.357421875 0.7250976566037736 0.357421875 0.7280273433962264 0.3583984375 0.729492187735849 0.3642578125 0.729492187735849 0.365234375 0.7280273433962264 0.365234375 0.7250976566037736 0.3642578125 0.723632812264151 0.3583984375 0.723632812264151
9 0.4033203125 0.7324218754716981 0.40234375 0.7338867188679246 0.40234375 0.7368164066037736 0.4033203125 0.73828125 0.4111328125 0.73828125 0.412109375 0.7368164066037736 0.412109375 0.7338867188679246 0.4111328125 0.7324218754716981 0.4033203125 0.7324218754716981
9 0.54296875 0.6840820311320754 0.5458984375 0.688476562264151 0.548828125 0.6840820311320754 0.5458984375 0.6796875 0.5439453125 0.6796875 0.54296875 0.6811523433962264 0.54296875 0.6840820311320754
0 0.3251953125 0.28125 0.32421875 0.2827148433962264 0.32421875 0.2944335933962264 0.3271484375 0.2988281245283019 0.3291015625 0.2988281245283019 0.33203125 0.2915039066037736 0.33203125 0.2856445311320755 0.3271484375 0.28125 0.3251953125 0.28125
18 0.2890625 0.3208007811320755 0.2890625 0.3120117188679245 0.287109375 0.3061523433962264 0.2841796875 0.30175781226415094 0.2763671875 0.29589843773584906 0.2646484375 0.29589843773584906 0.259765625 0.3032226566037736 0.259765625 0.3061523433962264 0.26171875 0.3178710933962264 0.263671875 0.3237304688679245 0.2705078125 0.3339843754716981 0.2802734375 0.3339843754716981 0.287109375 0.3266601566037736 0.2890625 0.3208007811320755
18 0.353515625 0.3325195311320755 0.3447265625 0.31933593773584906 0.3388671875 0.31347656226415094 0.3134765625 0.31347656226415094 0.30859375 0.3208007811320755 0.306640625 0.3295898433962264 0.306640625 0.3413085933962264 0.310546875 0.3500976566037736 0.3154296875 0.3574218754716981 0.3193359375 0.36035156226415094 0.3291015625 0.36035156226415094 0.3349609375 0.3574218754716981 0.353515625 0.3325195311320755
18 0.328125 0.5053710933962264 0.33203125 0.4907226566037736 0.330078125 0.4379882811320755 0.328125 0.4174804688679245 0.326171875 0.4086914066037736 0.3212890625 0.40136718773584906 0.3173828125 0.3984375 0.3095703125 0.3984375 0.3056640625 0.40136718773584906 0.302734375 0.4057617188679245 0.30078125 0.4116210933962264 0.298828125 0.4233398433962264 0.298828125 0.4409179688679245 0.30078125 0.4702148433962264 0.302734375 0.48779296886792456 0.306640625 0.49951171886792456 0.3134765625 0.5097656245283019 0.3212890625 0.512695312264151 0.328125 0.5053710933962264
18 0.2587890625 0.518554687735849 0.2626953125 0.515625 0.263671875 0.5141601566037736 0.265625 0.5024414066037736 0.263671875 0.48779296886792456 0.25 0.4467773433962264 0.2431640625 0.43652343773584906 0.2333984375 0.43652343773584906 0.2265625 0.4467773433962264 0.2265625 0.4614257811320755 0.232421875 0.48486328113207544 0.23828125 0.5024414066037736 0.2421875 0.5112304688679246 0.2451171875 0.515625 0.2490234375 0.518554687735849 0.2587890625 0.518554687735849
18 0.392578125 0.4379882811320755 0.392578125 0.4291992188679245 0.390625 0.4233398433962264 0.3857421875 0.4160156245283019 0.3798828125 0.41308593773584906 0.3681640625 0.41308593773584906 0.3564453125 0.42480468773584906 0.353515625 0.4291992188679245 0.353515625 0.4379882811320755 0.3642578125 0.45410156226415094 0.3701171875 0.45703125 0.3818359375 0.45703125 0.3857421875 0.45410156226415094 0.390625 0.4467773433962264 0.392578125 0.4379882811320755
18 0.431640625 0.5932617188679246 0.43359375 0.5727539066037736 0.43359375 0.5317382811320754 0.431640625 0.5229492188679246 0.427734375 0.5141601566037736 0.4208984375 0.50390625 0.4150390625 0.500976562264151 0.4130859375 0.500976562264151 0.4091796875 0.50390625 0.400390625 0.5170898433962264 0.3984375 0.5288085933962264 0.396484375 0.5932617188679246 0.400390625 0.6079101566037736 0.4033203125 0.612304687735849 0.4111328125 0.618164062264151 0.4150390625 0.618164062264151 0.4228515625 0.612304687735849 0.4296875 0.6020507811320754 0.431640625 0.5932617188679246
18 0.388671875 0.5317382811320754 0.3818359375 0.5214843754716981 0.3701171875 0.5214843754716981 0.3564453125 0.524414062264151 0.35546875 0.5258789066037736 0.353515625 0.5317382811320754 0.353515625 0.5346679688679246 0.35546875 0.5405273433962264 0.3564453125 0.541992187735849 0.3623046875 0.5449218754716981 0.3857421875 0.5449218754716981 0.388671875 0.5405273433962264 0.388671875 0.5317382811320754
18 0.314453125 0.5844726566037736 0.318359375 0.5727539066037736 0.318359375 0.5522460933962264 0.31640625 0.5463867188679246 0.3095703125 0.536132812264151 0.3017578125 0.5332031245283019 0.2958984375 0.5332031245283019 0.2919921875 0.536132812264151 0.287109375 0.5434570311320754 0.28515625 0.5493164066037736 0.279296875 0.5786132811320754 0.279296875 0.5844726566037736 0.2802734375 0.5859375 0.2900390625 0.594726562264151 0.2978515625 0.59765625 0.3037109375 0.594726562264151 0.3115234375 0.588867187735849 0.314453125 0.5844726566037736
18 0.267578125 0.6547851566037736 0.267578125 0.6372070311320754 0.2578125 0.6079101566037736 0.25390625 0.5991210933962264 0.2470703125 0.588867187735849 0.2392578125 0.588867187735849 0.234375 0.5961914066037736 0.232421875 0.6020507811320754 0.232421875 0.6079101566037736 0.234375 0.6196289066037736 0.236328125 0.6284179688679246 0.244140625 0.6518554688679246 0.2529296875 0.665039062264151 0.2607421875 0.665039062264151 0.267578125 0.6547851566037736
18 0.30859375 0.7075195311320754 0.30859375 0.6987304688679246 0.3056640625 0.694335937735849 0.2978515625 0.69140625 0.2783203125 0.69140625 0.2724609375 0.694335937735849 0.2646484375 0.700195312264151 0.259765625 0.7075195311320754 0.2578125 0.7133789066037736 0.2578125 0.7250976566037736 0.259765625 0.7309570311320754 0.2705078125 0.747070312264151 0.2724609375 0.747070312264151 0.3037109375 0.717773437735849 0.306640625 0.7133789066037736 0.30859375 0.7075195311320754
18 0.345703125 0.7749023433962264 0.34765625 0.7690429688679246 0.341796875 0.7397460933962264 0.3330078125 0.7265625 0.3232421875 0.7265625 0.31640625 0.7368164066037736 0.314453125 0.7426757811320754 0.314453125 0.7602539066037736 0.31640625 0.7661132811320754 0.3232421875 0.776367187735849 0.3271484375 0.7792968754716981 0.3388671875 0.782226562264151 0.3427734375 0.7792968754716981 0.345703125 0.7749023433962264
18 0.37109375 0.6401367188679246 0.3671875 0.6284179688679246 0.3642578125 0.624023437735849 0.3564453125 0.618164062264151 0.3466796875 0.618164062264151 0.3408203125 0.62109375 0.333984375 0.6313476566037736 0.33203125 0.6401367188679246 0.33203125 0.6577148433962264 0.333984375 0.6665039066037736 0.337890625 0.6782226566037736 0.3486328125 0.694335937735849 0.3525390625 0.694335937735849 0.37109375 0.6489257811320754 0.37109375 0.6401367188679246
18 0.5078125 0.7426757811320754 0.513671875 0.7221679688679246 0.513671875 0.7045898433962264 0.5068359375 0.694335937735849 0.5009765625 0.694335937735849 0.49609375 0.7016601566037736 0.494140625 0.7075195311320754 0.484375 0.7514648433962264 0.484375 0.7543945311320754 0.486328125 0.7602539066037736 0.4912109375 0.764648437735849 0.4931640625 0.764648437735849 0.4990234375 0.76171875 0.5 0.7602539066037736 0.5078125 0.7426757811320754
18 0.6015625 0.7280273433962264 0.599609375 0.7104492188679246 0.5947265625 0.703125 0.5908203125 0.700195312264151 0.5771484375 0.700195312264151 0.5703125 0.7075195311320754 0.56640625 0.7163085933962264 0.5625 0.7309570311320754 0.560546875 0.7397460933962264 0.560546875 0.7543945311320754 0.5654296875 0.76171875 0.5693359375 0.764648437735849 0.5810546875 0.764648437735849 0.591796875 0.7485351566037736 0.599609375 0.7338867188679246 0.6015625 0.7280273433962264
18 0.658203125 0.7016601566037736 0.654296875 0.6899414066037736 0.6435546875 0.6738281245283019 0.6396484375 0.670898437735849 0.6279296875 0.670898437735849 0.6240234375 0.6738281245283019 0.619140625 0.6811523433962264 0.619140625 0.6987304688679246 0.6376953125 0.73828125 0.6416015625 0.741210937735849 0.6494140625 0.741210937735849 0.6533203125 0.73828125 0.658203125 0.7309570311320754 0.658203125 0.7016601566037736
18 0.7080078125 0.600585937735849 0.712890625 0.5932617188679246 0.71484375 0.5874023433962264 0.71484375 0.5815429688679246 0.712890625 0.5727539066037736 0.7099609375 0.5683593754716981 0.7041015625 0.5625 0.7001953125 0.559570312264151 0.6767578125 0.55078125 0.6689453125 0.55078125 0.6650390625 0.553710937735849 0.658203125 0.5639648433962264 0.658203125 0.5698242188679246 0.66015625 0.5756835933962264 0.6650390625 0.583007812264151 0.6708984375 0.588867187735849 0.6982421875 0.6035156245283019 0.7021484375 0.6035156245283019 0.7080078125 0.600585937735849
18 0.65234375 0.49658203113207544 0.654296875 0.48779296886792456 0.654296875 0.4760742188679245 0.64453125 0.4262695311320755 0.642578125 0.4204101566037736 0.6357421875 0.41308593773584906 0.6240234375 0.41308593773584906 0.619140625 0.4204101566037736 0.6171875 0.4291992188679245 0.6171875 0.4409179688679245 0.625 0.48779296886792456 0.62890625 0.49951171886792456 0.6357421875 0.5097656245283019 0.6455078125 0.5097656245283019 0.650390625 0.5024414066037736 0.65234375 0.49658203113207544
18 0.70703125 0.4819335933962264 0.70703125 0.4731445311320755 0.705078125 0.4262695311320755 0.7001953125 0.421875 0.6884765625 0.421875 0.6845703125 0.42480468773584906 0.681640625 0.4291992188679245 0.677734375 0.4379882811320755 0.677734375 0.4643554688679245 0.6796875 0.4702148433962264 0.6884765625 0.483398437735849 0.6923828125 0.4863281245283018 0.7001953125 0.4863281245283018 0.7060546875 0.483398437735849 0.70703125 0.4819335933962264
18 0.583984375 0.4672851566037736 0.5859375 0.4438476566037736 0.583984375 0.4116210933962264 0.578125 0.3999023433962264 0.5673828125 0.38671875 0.5595703125 0.39550781226415094 0.5546875 0.4028320311320755 0.5546875 0.4204101566037736 0.556640625 0.4672851566037736 0.55859375 0.4731445311320755 0.5615234375 0.47753906226415094 0.5654296875 0.48046875 0.5751953125 0.48046875 0.583984375 0.4672851566037736
18 0.6318359375 0.3515625 0.634765625 0.3471679688679245 0.63671875 0.3413085933962264 0.642578125 0.3002929688679245 0.642578125 0.2915039066037736 0.6416015625 0.29003906226415094 0.6240234375 0.2753906245283019 0.6083984375 0.2753906245283019 0.6025390625 0.27832031226415094 0.595703125 0.2885742188679245 0.591796875 0.2973632811320755 0.58984375 0.3032226566037736 0.58984375 0.3120117188679245 0.59375 0.3325195311320755 0.59765625 0.3413085933962264 0.6044921875 0.3515625 0.6103515625 0.3574218754716981 0.6220703125 0.3574218754716981 0.6318359375 0.3515625
18 0.70703125 0.3559570311320755 0.70703125 0.3413085933962264 0.705078125 0.3354492188679245 0.6826171875 0.30175781226415094 0.6787109375 0.2988281245283019 0.6748046875 0.2988281245283019 0.6708984375 0.30175781226415094 0.6640625 0.3120117188679245 0.6640625 0.3237304688679245 0.677734375 0.3530273433962264 0.6826171875 0.36035156226415094 0.6904296875 0.36621093773584906 0.6982421875 0.36621093773584906 0.7041015625 0.36035156226415094 0.70703125 0.3559570311320755
20 0.546875 0.5141601566037736 0.541015625 0.49951171886792456 0.5341796875 0.489257812264151 0.5302734375 0.4863281245283018 0.5263671875 0.4863281245283018 0.521484375 0.4907226566037736 0.51953125 0.49658203113207544 0.51953125 0.5112304688679246 0.5302734375 0.530273437735849 0.5380859375 0.536132812264151 0.5400390625 0.536132812264151 0.5439453125 0.5332031245283019 0.544921875 0.5317382811320754 0.546875 0.5141601566037736