21 0.47227564125 0.16201923113207548 0.45977564125000003 0.09951923113207548 0.45112179500000005 0.08966346132075471 0.425320513125 0.06826923113207548 0.40016025624999996 0.06105769245283019 0.39615384625 0.062259615094339624 0.377884615625 0.08004807735849057 0.32227564125 0.15841346132075473 0.32067307687499996 0.16201923113207548 0.32051282062500003 0.1649038462264151 0.3201923075 0.17379807735849057 0.32211538437500004 0.1901442311320755 0.32612179500000005 0.2055288462264151 0.37291666687499997 0.23076923113207548 0.400480769375 0.2387019226415094 0.44567307687499996 0.19591346132075474 0.471634615625 0.1649038462264151 0.47227564125 0.16201923113207548
9 0.51233974375 0.2610576924528302 0.510897435625 0.2572115386792453 0.5083333331250001 0.25432692264150947 0.4963141025 0.24783653867924527 0.493269230625 0.2473557688679245 0.489262820625 0.24807692264150946 0.48237179500000005 0.25384615377358494 0.478044871875 0.2641826924528302 0.475480769375 0.275 0.475480769375 0.2798076924528302 0.47676282062500003 0.29495192264150943 0.47884615375 0.3036057688679245 0.48125 0.30264423113207545 0.5110576925 0.26634615377358495 0.51233974375 0.2639423075471698 0.51233974375 0.2610576924528302
13 0.40192307687499995 0.3069711537735849 0.40016025624999996 0.3069711537735849 0.39823717937499997 0.30961538490566043 0.399358974375 0.3221153849056604 0.408012820625 0.32764423113207547 0.4224358975 0.3235576924528302 0.42435897437500003 0.3221153849056604 0.42628205125 0.31826923113207545 0.425 0.3161057688679245 0.41602564125 0.30985576886792454 0.40192307687499995 0.3069711537735849
21 0.787019230625 0.315625 0.75272435875 0.25048076886792453 0.630769230625 0.18605769245283021 0.629326923125 0.18870192264150942 0.62900641 0.19350961509433962 0.6344551281249999 0.33100961509433957 0.63525641 0.3348557688679245 0.6463141025 0.3629807688679245 0.7764423075000001 0.34423076886792453 0.78733974375 0.3228365386792453 0.78766025625 0.31826923113207545 0.787019230625 0.315625
21 0.312820513125 0.47139423113207546 0.31875 0.4625 0.31971153874999997 0.4591346150943396 0.32371794875 0.36129807735849057 0.323076923125 0.3533653849056604 0.32211538437500004 0.3514423075471698 0.28317307687500004 0.3605769226415095 0.260897435625 0.3689903849056604 0.24407051312499997 0.3954326924528302 0.21282051312499997 0.4615384613207547 0.21282051312499997 0.46298076886792455 0.21666666687500002 0.46802884622641505 0.28125 0.490625 0.29134615375 0.49110576886792456 0.2963141025 0.49014423113207545 0.30208333312499996 0.484375 0.312820513125 0.47139423113207546
9 0.266987179375 0.5579326924528302 0.261858974375 0.5596153849056604 0.25865384625 0.5629807688679246 0.257371795 0.5663461537735849 0.25721153874999997 0.5685096150943396 0.25865384625 0.5721153849056604 0.26474359 0.5730769226415094 0.273076923125 0.5699519226415094 0.274679486875 0.5680288462264151 0.275480769375 0.5644230773584905 0.27227564125000003 0.5600961537735849 0.266987179375 0.5579326924528302
21 0.532371795 0.5372596150943396 0.531730769375 0.5331730773584905 0.443108974375 0.4274038462264151 0.400320513125 0.38966346132075474 0.39246794875 0.3959134613207547 0.388301281875 0.4115384613207547 0.38782051312500004 0.4204326924528302 0.38846153875 0.4230769226415095 0.45496794875 0.6716346150943396 0.459294871875 0.6709134613207547 0.51746794875 0.6209134613207548 0.52259615375 0.6112980773584905 0.529166666875 0.5692307688679246 0.532371795 0.5372596150943396
9 0.56971153875 0.4149038462264151 0.564262820625 0.4060096150943396 0.560416666875 0.40408653867924527 0.552083333125 0.4038461537735849 0.548076923125 0.40528846132075474 0.54391025625 0.40841346132075473 0.5395833331250001 0.4149038462264151 0.53653846125 0.4235576924528302 0.53525641 0.44326923113207545 0.537019230625 0.4459134613207547 0.5407051281249999 0.44567307735849054 0.5644230768749999 0.4341346150943396 0.56875 0.4290865386792453 0.570352564375 0.4235576924528302 0.570512820625 0.41971153867924527 0.56971153875 0.4149038462264151
13 0.60753205125 0.45096153867924527 0.6155448718750001 0.4514423075471698 0.619871795 0.4497596150943396 0.621794871875 0.4475961537735849 0.6213141025 0.44326923113207545 0.619070513125 0.44014423113207546 0.6149038462499999 0.43846153867924526 0.60753205125 0.45096153867924527
9 0.61875 0.5442307688679245 0.6193910256249999 0.5370192311320754 0.61875 0.5329326924528301 0.5918269231250001 0.5024038462264151 0.58766025625 0.5048076924528302 0.58525641 0.509375 0.58349359 0.5221153849056605 0.58349359 0.5293269226415095 0.587019230625 0.5408653849056604 0.5900641025 0.5478365386792453 0.59503205125 0.5528846150943396 0.5993589743750001 0.5548076924528301 0.604166666875 0.5545673075471699 0.607371795 0.553125 0.61875 0.5442307688679245
18 0.713621795 0.5995192311320754 0.717948718125 0.5759615386792453 0.718108974375 0.5677884613207548 0.711378205 0.5487980773584905 0.70865384625 0.5461538462264152 0.696794871875 0.5391826924528301 0.693269230625 0.5389423075471699 0.687980769375 0.5413461537735849 0.681944444375 0.5477564103773586 0.6701923075 0.5680288462264151 0.66746794875 0.5992788462264151 0.66746794875 0.6271634613207547 0.6711538462500001 0.6326923075471699 0.6799679487500001 0.6338942311320754 0.68477564125 0.6331730773584906 0.6945512818749999 0.6266826924528301 0.70721153875 0.6112980773584905 0.713621795 0.5995192311320754
9 0.738301281875 0.6699519226415095 0.733012820625 0.66875 0.725 0.6699519226415095 0.718269230625 0.6776442311320754 0.716666666875 0.6836538462264151 0.717147435625 0.6903846150943396 0.73990384625 0.7024038462264152 0.747916666875 0.7043269226415094 0.749519230625 0.7016826924528301 0.749519230625 0.6901442311320755 0.748076923125 0.6824519226415094 0.74358974375 0.6747596150943396 0.738301281875 0.6699519226415095
9 0.574519230625 0.6971153849056604 0.566666666875 0.6908653849056604 0.559615384375 0.6884615386792453 0.551762820625 0.6882211537735848 0.54871794875 0.6894230773584905 0.536698718125 0.7021634613207547 0.53477564125 0.7076923075471698 0.53525641 0.7141826924528302 0.537019230625 0.7175480773584906 0.5485576925 0.7221153849056604 0.5708333331250001 0.7213942311320755 0.573878205 0.7194711537735848 0.57884615375 0.7129807688679246 0.5783653843750001 0.7091346150943396 0.574519230625 0.6971153849056604
13 0.36522435875 0.7411057688679246 0.36185897437500003 0.7399038462264151 0.35753205125 0.7403846150943396 0.33397435875 0.7504807688679246 0.31955128187500004 0.7668269226415094 0.318269230625 0.7713942311320754 0.32003205125 0.7759615386792452 0.35737179500000005 0.7992788462264151 0.360576923125 0.8 0.36522435875 0.7980769226415094 0.37115384625 0.7752403849056604 0.36698717937499997 0.7439903849056604 0.36522435875 0.7411057688679246