3 0.34310897437500004 0.22908653867924528 0.34166666687499997 0.2204326924528302 0.27900641 0.240625 0.2786858975 0.2439903849056604 0.28926282062500003 0.29495192264150943 0.294391025625 0.31442307735849057 0.298878205 0.315625 0.310897435625 0.31033653867924527 0.337820513125 0.25384615377358494 0.34310897437500004 0.2367788462264151 0.34310897437500004 0.22908653867924528
3 0.4213141025 0.2110576924528302 0.41714743562499995 0.20889423113207548 0.412019230625 0.21033653867924526 0.37644230749999996 0.2514423075471698 0.3798076925 0.2983173075471698 0.380769230625 0.3002403849056604 0.43221153875 0.3076923075471698 0.43349359 0.3064903849056604 0.44375 0.2752403849056604 0.443429486875 0.2670673075471698 0.42660256437500005 0.22067307735849057 0.4213141025 0.2110576924528302
7 0.58525641 0.14206730754716979 0.57900641 0.13341346132075474 0.55272435875 0.12235576886792453 0.5016025643750001 0.12524038490566036 0.48990384625 0.13076923113207548 0.4610576925 0.1617788462264151 0.4548076925 0.17331730754716979 0.453365384375 0.178125 0.45272435875 0.18149038490566038 0.45496794875 0.18894230754716979 0.461378205 0.20504807735849057 0.465705128125 0.2125 0.47772435874999997 0.22764423113207546 0.48653846125 0.22932692264150942 0.60528846125 0.17764423113207548 0.58525641 0.14206730754716979
3 0.630448718125 0.24110576886792454 0.61971153875 0.24783653867924527 0.587019230625 0.28317307735849057 0.56858974375 0.3064903849056604 0.565865384375 0.3180288462264151 0.565705128125 0.3269230773584905 0.5681089743750001 0.33798076886792455 0.595512820625 0.34375 0.6544871793750001 0.3504807688679245 0.655448718125 0.34951923113207545 0.6676282050000001 0.2673076924528302 0.6576923075000001 0.24375 0.630448718125 0.24110576886792454
18 0.475 0.4182692311320755 0.49022435875 0.40336538490566043 0.494070513125 0.3975961537735849 0.50272435875 0.37307692264150943 0.503044871875 0.34158653867924527 0.502083333125 0.3375 0.494070513125 0.3189903849056604 0.490544871875 0.31322115377358495 0.48653846125 0.31033653867924527 0.47483974375000004 0.3064903849056604 0.408012820625 0.3158653849056604 0.404326923125 0.31754807735849055 0.39599359 0.32620192264150943 0.38862179500000005 0.34375 0.386378205 0.3533653849056604 0.38653846125 0.36514423113207545 0.39102564125 0.3846153849056604 0.40416666687499997 0.40817307735849057 0.41987179500000005 0.41995192264150943 0.43108974375000003 0.42475961509433957 0.439102564375 0.42620192264150947 0.46025641 0.4266826924528302 0.475 0.4182692311320755
7 0.26025641 0.4259615386792453 0.252083333125 0.41201923113207545 0.240384615625 0.40528846132075474 0.232371795 0.4048076924528302 0.228365384375 0.40817307735849057 0.22419871812499997 0.415625 0.22275641000000002 0.4235576924528302 0.21650641 0.5778846150943396 0.21602564125 0.6504807688679246 0.216987179375 0.6514423075471698 0.24407051312499997 0.6334134613207547 0.2548076925 0.5956730773584905 0.271794871875 0.49807692264150943 0.269871795 0.4507211537735849 0.26891025625000003 0.4471153849056604 0.26025641 0.4259615386792453
3 0.325801281875 0.45 0.30881410249999997 0.48533653867924526 0.30849359 0.4875 0.318108974375 0.5209134613207548 0.337179486875 0.5620192311320754 0.369070513125 0.5528846150943396 0.389423076875 0.5293269226415095 0.38733974375 0.45096153867924527 0.38653846125 0.45 0.325801281875 0.45
7 0.42852564125000003 0.6105769226415094 0.45897435875 0.5682692311320754 0.45977564125000003 0.5641826924528301 0.45881410250000004 0.5605769226415095 0.41586538437500004 0.5435096150943396 0.41330128187500004 0.54375 0.3014423075 0.6247596150943396 0.294871795 0.6317307688679246 0.286698718125 0.6463942311320754 0.2860576925 0.6497596150943395 0.28653846125 0.6569711537735848 0.29871794875 0.6668269226415094 0.306570513125 0.6665865386792452 0.36121794875 0.6512019226415094 0.408173076875 0.6286057688679246 0.42147435875 0.6189903849056604 0.42852564125000003 0.6105769226415094
20 0.5963141025 0.4704326924528302 0.57227564125 0.45240384622641505 0.570673076875 0.45504807735849057 0.5599358975 0.4939903849056604 0.56025641 0.5098557688679246 0.574519230625 0.5427884613207548 0.578044871875 0.5471153849056604 0.57996794875 0.5480769226415094 0.584134615625 0.5466346150943396 0.61522435875 0.5271634613207548 0.615384615625 0.5252403849056604 0.5963141025 0.4704326924528302
7 0.7336538462500001 0.3185096150943396 0.72724359 0.3221153849056604 0.719230769375 0.33004807735849057 0.7088141025 0.34807692264150947 0.7011217949999999 0.3673076924528302 0.699679486875 0.37283653867924527 0.6698717949999999 0.5286057688679245 0.6669871793750001 0.5543269226415094 0.6668269231249999 0.5564903849056604 0.6698717949999999 0.5680288462264151 0.689423076875 0.6103365386792453 0.744551281875 0.5213942311320754 0.773076923125 0.3420673075471698 0.7737179487500001 0.31442307735849057 0.7363782050000001 0.3173076924528302 0.7336538462500001 0.3185096150943396
3 0.728365384375 0.6185096150943395 0.7080128206249999 0.61875 0.70496794875 0.6197115386792452 0.702884615625 0.6223557688679245 0.7027243587499999 0.6242788462264152 0.70641025625 0.6387019226415095 0.7282051281249999 0.7040865386792453 0.7556089743750001 0.6709134613207547 0.7610576925 0.6564903849056604 0.759615384375 0.6463942311320754 0.7528846156250001 0.6346153849056604 0.728365384375 0.6185096150943395
3 0.68108974375 0.6927884613207548 0.682371795 0.6855769226415095 0.68365384625 0.6620192311320754 0.68365384625 0.6461538462264151 0.682371795 0.6403846150943396 0.675 0.6259615386792453 0.568269230625 0.5783653849056604 0.525320513125 0.5894230773584905 0.52483974375 0.590625 0.492628205 0.7204326924528301 0.494391025625 0.7245192311320754 0.599519230625 0.7995192311320755 0.607371795 0.7992788462264151 0.634615384375 0.7908653849056604 0.6463141025 0.7790865386792453 0.6552884612500001 0.7675480773584905 0.68108974375 0.6927884613207548
20 0.46666666687499997 0.6742788462264151 0.460416666875 0.6790865386792453 0.45272435875 0.6889423075471699 0.4514423075 0.6927884613207548 0.446794871875 0.7286057688679246 0.446955128125 0.734375 0.450801281875 0.7382211537735849 0.479326923125 0.734375 0.4798076925 0.7319711537735849 0.4764423075 0.6776442311320754 0.475320513125 0.6759615386792452 0.47099359 0.6728365386792453 0.46666666687499997 0.6742788462264151