10 0.35929487187500003 0.28317307735849057 0.3588141025 0.26995192264150947 0.358173076875 0.26754807735849057 0.3548076925 0.26298076886792454 0.349679486875 0.2596153849056604 0.345673076875 0.2586538462264151 0.33766025624999996 0.25817307735849054 0.32211538437500004 0.26346153867924527 0.31233974375 0.27379807735849054 0.30544871812499996 0.29879807735849057 0.305929486875 0.31057692264150943 0.31266025625 0.33629807735849054 0.31746794875 0.34182692264150943 0.32227564125 0.34447115377358495 0.329326923125 0.34639423113207546 0.334455128125 0.34567307735849057 0.33878205125 0.34182692264150943 0.35929487187500003 0.28317307735849057
18 0.457371795 0.11899038490566037 0.46025641 0.10673076886792453 0.459455128125 0.09567307735849057 0.45625 0.0759615386792453 0.45064102562499997 0.06826923113207548 0.44358974375000004 0.06514423113207547 0.432051281875 0.06754807735849057 0.42147435875 0.0742788462264151 0.416666666875 0.08389423113207548 0.41442307687499996 0.09254807735849056 0.4139423075 0.09663461509433963 0.41714743562499995 0.11899038490566037 0.425 0.13100961509433962 0.431730769375 0.13557692264150942 0.4400641025 0.1367788462264151 0.44567307687499996 0.13461538490566038 0.45560897437500003 0.1233173075471698 0.457371795 0.11899038490566037
21 0.6166666668749999 0.19278846132075472 0.580929486875 0.14639423113207548 0.574198718125 0.14350961509433963 0.56875 0.14254807735849057 0.55625 0.1423076924528302 0.54871794875 0.14375 0.486698718125 0.18149038490566038 0.485897435625 0.18557692264150943 0.489423076875 0.19350961509433962 0.53365384625 0.22067307735849057 0.537019230625 0.22211538490566038 0.603365384375 0.2317307688679245 0.607371795 0.22836538490566038 0.6173076925000001 0.19711538490566038 0.6166666668749999 0.19278846132075472
18 0.716666666875 0.21538461509433962 0.724519230625 0.2079326924528302 0.728365384375 0.19326923113207548 0.7282051281249999 0.18125 0.725320513125 0.16995192264150943 0.716826923125 0.15769230754716979 0.7051282050000001 0.14975961509433963 0.66891025625 0.13966346132075472 0.657852564375 0.1379807688679245 0.650320513125 0.14086538490566036 0.6451923075 0.1461538462264151 0.640865384375 0.153125 0.6402243587499999 0.1569711537735849 0.6400641025 0.16225961509433962 0.6423076925 0.17836538490566037 0.64503205125 0.18605769245283021 0.656891025625 0.1985576924528302 0.672916666875 0.2076923075471698 0.7016025643749999 0.2180288462264151 0.7131410256249999 0.2170673075471698 0.716666666875 0.21538461509433962
18 0.72852564125 0.35985576886792453 0.734134615625 0.3533653849056604 0.73621794875 0.3492788462264151 0.738301281875 0.34182692264150943 0.7386217949999999 0.33389423113207545 0.7375 0.33004807735849057 0.734134615625 0.32427884622641506 0.730608974375 0.3209134613207547 0.7173076924999999 0.3137019226415095 0.69102564125 0.3033653849056604 0.6818910256249999 0.3028846150943396 0.67596153875 0.3064903849056604 0.671955128125 0.3108173075471698 0.669391025625 0.3185096150943396 0.668429486875 0.32427884622641506 0.668269230625 0.3264423075471698 0.670833333125 0.3377403849056604 0.672916666875 0.3420673075471698 0.68141025625 0.3538461537735849 0.685416666875 0.3579326924528302 0.7011217949999999 0.3649038462264151 0.7131410256249999 0.36514423113207545 0.72852564125 0.35985576886792453
7 0.630769230625 0.34158653867924527 0.612980769375 0.31322115377358495 0.53766025625 0.2903846150943396 0.535737179375 0.2908653849056604 0.52403846125 0.3211538462264151 0.52371794875 0.3221153849056604 0.5304487181249999 0.35432692264150945 0.538141025625 0.3762019226415095 0.544871795 0.3872596150943396 0.56778846125 0.4014423075471698 0.58028846125 0.40120192264150945 0.5826923075 0.4002403849056604 0.630769230625 0.34158653867924527
1 0.498237179375 0.22788461509433963 0.466987179375 0.23028846132075473 0.45112179500000005 0.2360576924528302 0.44983974375 0.24254807735849054 0.44615384625 0.2788461537735849 0.44711538437500004 0.2824519226415095 0.45096153875 0.28197115377358495 0.494230769375 0.253125 0.500320513125 0.2471153849056604 0.5046474356249999 0.2399038462264151 0.50608974375 0.23221153867924527 0.498237179375 0.22788461509433963
1 0.428044871875 0.2711538462264151 0.42371794875 0.27139423113207545 0.423076923125 0.2735576924528302 0.423397435625 0.28317307735849057 0.424519230625 0.2860576924528302 0.43141025624999996 0.2923076924528302 0.44278846125 0.28870192264150946 0.444230769375 0.28701923113207545 0.444070513125 0.2810096150943396 0.44102564125 0.2776442311320755 0.428044871875 0.2711538462264151
20 0.30384615375 0.32620192264150943 0.29871794875 0.3247596150943396 0.2713141025 0.3350961537735849 0.266987179375 0.3377403849056604 0.26025641 0.3454326924528302 0.262820513125 0.3596153849056604 0.2661858975 0.3665865386792453 0.2713141025 0.3701923075471698 0.27724359 0.36995192264150945 0.283012820625 0.36682692264150946 0.30272435875 0.3526442311320755 0.3048076925 0.34591346132075473 0.30384615375 0.32620192264150943
18 0.394070513125 0.39879807735849054 0.39471153875 0.3908653849056604 0.39342948687499996 0.3858173075471698 0.35721153875 0.3533653849056604 0.35352564125 0.3521634613207547 0.349198718125 0.3533653849056604 0.34599359 0.3766826924528302 0.346794871875 0.39278846132075473 0.35016025624999997 0.4038461537735849 0.357051281875 0.4127403849056604 0.36506410250000004 0.4170673075471698 0.376923076875 0.4185096150943396 0.38509615375 0.4153846150943396 0.390865384375 0.40889423113207546 0.394070513125 0.39879807735849054
18 0.30608974375 0.48245192264150943 0.307371795 0.4747596150943396 0.30608974375 0.4584134613207547 0.30528846125000003 0.45408653867924526 0.30352564125000003 0.45024038490566043 0.29150641 0.43557692264150943 0.275641025625 0.4283653849056604 0.263301281875 0.4338942311320755 0.2599358975 0.43701923113207547 0.25096153875 0.453125 0.24983974374999998 0.4610576924528302 0.249358974375 0.4747596150943396 0.25 0.478125 0.25977564125 0.4997596150943396 0.27275641 0.5057692311320754 0.279487179375 0.5064903849056605 0.29647435875 0.49855769245283016 0.30352564125000003 0.49014423113207545 0.30608974375 0.48245192264150943
18 0.255608974375 0.6800480773584906 0.259455128125 0.678125 0.26378205125 0.6737980773584905 0.268269230625 0.6639423075471699 0.27147435875 0.6524038462264151 0.27147435875 0.6247596150943396 0.266987179375 0.6074519226415095 0.25705128187500004 0.5795673075471699 0.25368589750000003 0.5721153849056604 0.24471153874999999 0.5600961537735849 0.237820513125 0.5557692311320754 0.23141025625 0.5552884613207547 0.228365384375 0.5560096150943395 0.21858974374999998 0.5625 0.215865384375 0.5704326924528301 0.2150641025 0.5752403849056604 0.214583333125 0.5834134613207548 0.21666666687500002 0.5985576924528302 0.22724359 0.6389423075471699 0.235737179375 0.665625 0.240865384375 0.6740384613207547 0.24375 0.6769230773584906 0.251121795 0.6805288462264151 0.255608974375 0.6800480773584906
18 0.376602564375 0.7329326924528301 0.37900641 0.7283653849056604 0.379647435625 0.7216346150943396 0.379166666875 0.7115384613207547 0.37836538437500006 0.7088942311320754 0.37451923062500003 0.7028846150943396 0.361698718125 0.6908653849056604 0.33589743562499996 0.6728365386792453 0.32628205125 0.6697115386792453 0.321955128125 0.6694711537735849 0.315384615625 0.6713942311320754 0.31394230749999996 0.6862980773584906 0.314102564375 0.6935096150943396 0.318269230625 0.70625 0.32804487187500003 0.7206730773584905 0.337820513125 0.7274038462264151 0.35128205125 0.7336538462264152 0.36378205125 0.7372596150943396 0.373397435625 0.7355769226415094 0.376602564375 0.7329326924528301
18 0.380929486875 0.6478365386792453 0.39134615375000004 0.6420673075471699 0.40496794875 0.6266826924528301 0.40865384624999995 0.6149038462264151 0.4110576925 0.6033653849056604 0.410737179375 0.5918269226415095 0.40833333312500003 0.5853365386792453 0.404487179375 0.5814903849056604 0.39871794875 0.5790865386792453 0.39310897437500003 0.5798076924528301 0.35737179500000005 0.603125 0.35128205125 0.6112980773584905 0.349198718125 0.6177884613207547 0.348237179375 0.6230769226415095 0.349519230625 0.6317307688679246 0.35240384625 0.6391826924528301 0.35641025625 0.6444711537735849 0.36490384625 0.6490384613207547 0.368269230625 0.6497596150943395 0.376762820625 0.6492788462264151 0.380929486875 0.6478365386792453
1 0.423397435625 0.5326923075471699 0.419230769375 0.5341346150943396 0.4139423075 0.5377403849056605 0.41009615375 0.5447115386792453 0.4088141025 0.5519230773584906 0.40865384624999995 0.5605769226415095 0.41121794875 0.5670673075471698 0.42371794875 0.5831730773584906 0.44262820499999994 0.5644230773584905 0.4514423075 0.5487980773584905 0.439102564375 0.5360576924528302 0.42852564125000003 0.5326923075471699 0.423397435625 0.5326923075471699
21 0.4349358975 0.42764423113207545 0.431730769375 0.4286057688679245 0.38814102562499997 0.4528846150943396 0.38461538437500004 0.45600961509433957 0.38413461562499995 0.45889423113207545 0.40657051312500003 0.5016826924528301 0.41426282062500003 0.5036057688679246 0.42403846125 0.503125 0.474519230625 0.4915865386792453 0.48253205125 0.4471153849056604 0.482852564375 0.43942307735849057 0.4349358975 0.42764423113207545
18 0.462980769375 0.7048076924528301 0.46362179500000006 0.7016826924528301 0.462980769375 0.6935096150943396 0.44935897437500005 0.6649038462264151 0.443429486875 0.6610576924528302 0.43125 0.6637019226415094 0.42788461562499996 0.6670673075471698 0.421634615625 0.6762019226415095 0.41987179500000005 0.6814903849056604 0.41891025625 0.6925480773584906 0.41987179500000005 0.7014423075471699 0.42403846125 0.7096153849056605 0.4338141025 0.7206730773584905 0.443269230625 0.7233173075471698 0.45496794875 0.7211538462264151 0.46057692312500004 0.7129807688679246 0.462980769375 0.7048076924528301
18 0.5413461537500001 0.6233173075471699 0.545673076875 0.6149038462264151 0.5474358975 0.6033653849056604 0.545673076875 0.5918269226415095 0.543269230625 0.5870192311320754 0.5375 0.5769230773584906 0.5152243587499999 0.5555288462264151 0.5056089743750001 0.5504807688679246 0.50128205125 0.55 0.4974358975 0.5509615386792452 0.494070513125 0.553125 0.491666666875 0.5564903849056604 0.48653846125 0.5716346150943395 0.48637820499999995 0.5800480773584905 0.48990384625 0.5908653849056604 0.49375 0.5966346150943396 0.503205128125 0.6074519226415095 0.51746794875 0.6199519226415094 0.525320513125 0.6247596150943396 0.53349359 0.6266826924528301 0.5413461537500001 0.6233173075471699
18 0.5985576925 0.6774038462264151 0.5956730768749999 0.6581730773584905 0.593108974375 0.6540865386792453 0.591666666875 0.6526442311320754 0.589423076875 0.6538461537735849 0.5634615387499999 0.6793269226415094 0.5474358975 0.7122596150943395 0.54503205125 0.7209134613207547 0.540865384375 0.7451923075471698 0.540865384375 0.7637019226415095 0.5451923075 0.7752403849056604 0.55272435875 0.7788461537735849 0.56025641 0.7752403849056604 0.5644230768749999 0.7713942311320754 0.59615384625 0.7033653849056604 0.598076923125 0.6903846150943396 0.5985576925 0.6774038462264151
18 0.66634615375 0.6848557688679245 0.66009615375 0.6682692311320754 0.657852564375 0.6646634613207547 0.6467948718750001 0.65625 0.63733974375 0.6572115386792453 0.631570513125 0.6617788462264151 0.625 0.6704326924528301 0.619070513125 0.6884615386792453 0.6201923075 0.7009615386792453 0.639423076875 0.7262019226415094 0.64358974375 0.7264423075471699 0.650480769375 0.7247596150943396 0.6580128206249999 0.7197115386792453 0.662019230625 0.7134615386792452 0.665865384375 0.7009615386792453 0.66634615375 0.6848557688679245
18 0.649679486875 0.5877403849056604 0.6474358975 0.5721153849056604 0.643108974375 0.5596153849056604 0.630929486875 0.5504807688679246 0.619070513125 0.5516826924528302 0.61522435875 0.5538461537735849 0.607371795 0.5651442311320755 0.602884615625 0.5826923075471698 0.603365384375 0.5903846150943396 0.605929486875 0.6033653849056604 0.60753205125 0.6072115386792453 0.61121794875 0.6120192311320755 0.626762820625 0.6237980773584906 0.633012820625 0.6225961537735849 0.645833333125 0.6069711537735849 0.649679486875 0.5877403849056604
18 0.584455128125 0.4701923075471698 0.5786858975 0.45817307735849055 0.5698717950000001 0.45048076886792454 0.5586538462499999 0.4483173075471698 0.548076923125 0.4519230773584905 0.540544871875 0.4600961537735849 0.5349358975 0.47091346132075473 0.534615384375 0.48990384622641514 0.535416666875 0.49326923113207544 0.536698718125 0.49447115377358486 0.57147435875 0.5137019226415095 0.57628205125 0.5100961537735849 0.5826923075 0.5016826924528301 0.5854166668749999 0.4841346150943396 0.584455128125 0.4701923075471698
18 0.693269230625 0.5290865386792453 0.6980769231249999 0.5257211537735849 0.7048076925 0.5194711537735849 0.7088141025 0.5139423075471699 0.710576923125 0.5096153849056604 0.712019230625 0.5004807688679246 0.712019230625 0.4973557688679246 0.709455128125 0.48942307735849055 0.7048076925 0.4829326924528302 0.7011217949999999 0.48004807735849053 0.6889423075000001 0.4790865386792453 0.6575320512499999 0.48221153867924527 0.65016025625 0.4850961537735849 0.64278846125 0.4903846150943396 0.63125 0.5019230773584905 0.639583333125 0.5151442311320754 0.648878205 0.5259615386792452 0.655769230625 0.5310096150943396 0.67003205125 0.5341346150943396 0.67371794875 0.534375 0.689102564375 0.5305288462264152 0.693269230625 0.5290865386792453
18 0.779166666875 0.4454326924528302 0.781570513125 0.4314903849056604 0.78125 0.4278846150943396 0.7794871793750001 0.42283653867924526 0.758173076875 0.4074519226415095 0.74647435875 0.4026442311320755 0.73349359 0.40408653867924527 0.72483974375 0.41610576886792455 0.721955128125 0.42403846132075473 0.721794871875 0.42764423113207545 0.723397435625 0.4391826924528302 0.72852564125 0.44495192264150946 0.7323717949999999 0.44807692264150945 0.759294871875 0.4600961537735849 0.7673076925 0.45889423113207545 0.77147435875 0.45576923113207546 0.779166666875 0.4454326924528302
18 0.7826923075000001 0.6151442311320754 0.7826923075000001 0.6112980773584905 0.7767628206249999 0.5795673075471699 0.775480769375 0.5778846150943396 0.731570513125 0.5711538462264151 0.7290064099999999 0.5721153849056604 0.7282051281249999 0.5735576924528302 0.72516025625 0.5918269226415095 0.725 0.5987980773584906 0.7264423075 0.609375 0.73221153875 0.625 0.74022435875 0.6387019226415095 0.754647435625 0.6456730773584906 0.76746794875 0.6442307688679246 0.779647435625 0.6305288462264151 0.7826923075000001 0.6151442311320754