13 0.4296875 0.1743164066037736 0.4296875 0.17138671886792453 0.4248046875 0.1640625 0.4189453125 0.16113281226415094 0.3916015625 0.15820312452830187 0.3818359375 0.15820312452830187 0.37890625 0.1625976566037736 0.376953125 0.16845703113207547 0.376953125 0.17138671886792453 0.380859375 0.20654296886792453 0.3828125 0.2124023433962264 0.3857421875 0.21679687452830187 0.3896484375 0.21679687452830187 0.4267578125 0.17871093773584906 0.4296875 0.1743164066037736
14 0.5498046875 0.18164062452830187 0.5419921875 0.18164062452830187 0.5380859375 0.18457031226415094 0.537109375 0.1860351566037736 0.537109375 0.19189453113207547 0.5576171875 0.22851562452830187 0.5625 0.2211914066037736 0.564453125 0.21533203113207547 0.564453125 0.2006835933962264 0.5537109375 0.18457031226415094 0.5498046875 0.18164062452830187
14 0.6279296875 0.19921875 0.6171875 0.21533203113207547 0.61328125 0.2241210933962264 0.61328125 0.2446289066037736 0.6318359375 0.26074218773584906 0.6357421875 0.26074218773584906 0.6396484375 0.2578125 0.642578125 0.2504882811320755 0.634765625 0.2094726566037736 0.6279296875 0.19921875
18 0.7978515625 0.421875 0.80078125 0.4174804688679245 0.802734375 0.4116210933962264 0.8046875 0.3999023433962264 0.796875 0.3354492188679245 0.7939453125 0.33105468773584906 0.7822265625 0.328125 0.7724609375 0.328125 0.7666015625 0.33105468773584906 0.75390625 0.3500976566037736 0.74609375 0.3764648433962264 0.748046875 0.4028320311320755 0.75390625 0.4174804688679245 0.7568359375 0.421875 0.7685546875 0.43066406226415094 0.7763671875 0.43359375 0.7841796875 0.43359375 0.7978515625 0.421875
13 0.669921875 0.3764648433962264 0.65625 0.3266601566037736 0.6513671875 0.3222656245283019 0.6494140625 0.3222656245283019 0.6484375 0.3237304688679245 0.623046875 0.3676757811320755 0.623046875 0.3735351566037736 0.6396484375 0.40136718773584906 0.6572265625 0.4160156245283019 0.66015625 0.4116210933962264 0.66796875 0.3940429688679245 0.669921875 0.3852539066037736 0.669921875 0.3764648433962264
14 0.5107421875 0.29296875 0.5048828125 0.29296875 0.50390625 0.2944335933962264 0.50390625 0.3061523433962264 0.5068359375 0.3105468754716981 0.5302734375 0.33691406226415094 0.54296875 0.3120117188679245 0.54296875 0.3090820311320755 0.5380859375 0.3046875 0.5107421875 0.29296875
3 0.3671875 0.4409179688679245 0.37109375 0.4028320311320755 0.369140625 0.3735351566037736 0.3408203125 0.33691406226415094 0.3251953125 0.33691406226415094 0.2744140625 0.34863281226415094 0.2705078125 0.3515625 0.25390625 0.3764648433962264 0.2421875 0.3969726566037736 0.2431640625 0.3984375 0.3173828125 0.4863281245283018 0.3232421875 0.4921875 0.3505859375 0.506835937735849 0.3564453125 0.506835937735849 0.359375 0.5024414066037736 0.3671875 0.4409179688679245
18 0.44140625 0.3911132811320755 0.4208984375 0.3515625 0.4189453125 0.3515625 0.4150390625 0.35449218773584906 0.412109375 0.3588867188679245 0.41015625 0.3647460933962264 0.41015625 0.3793945311320755 0.4169921875 0.38964843773584906 0.4208984375 0.3925781245283019 0.4345703125 0.3984375 0.4404296875 0.3984375 0.44140625 0.3969726566037736 0.44140625 0.3911132811320755
18 0.4892578125 0.40136718773584906 0.4775390625 0.4042968745283019 0.4697265625 0.41015625 0.46484375 0.4174804688679245 0.462890625 0.4233398433962264 0.4677734375 0.4277343745283019 0.4736328125 0.4277343745283019 0.4794921875 0.42480468773584906 0.4833984375 0.421875 0.490234375 0.4116210933962264 0.490234375 0.4028320311320755 0.4892578125 0.40136718773584906
18 0.3134765625 0.515625 0.3095703125 0.515625 0.3037109375 0.5214843754716981 0.298828125 0.5288085933962264 0.296875 0.5346679688679246 0.294921875 0.5463867188679246 0.294921875 0.5581054688679246 0.2998046875 0.565429687735849 0.3056640625 0.565429687735849 0.3125 0.5522460933962264 0.31640625 0.5375976566037736 0.31640625 0.5200195311320754 0.3134765625 0.515625
1 0.38671875 0.7075195311320754 0.384765625 0.7016601566037736 0.3779296875 0.694335937735849 0.3623046875 0.688476562264151 0.3583984375 0.688476562264151 0.3388671875 0.694335937735849 0.3349609375 0.6972656245283019 0.32421875 0.7133789066037736 0.322265625 0.7221679688679246 0.32421875 0.7309570311320754 0.3349609375 0.7558593754716981 0.3408203125 0.7558593754716981 0.3818359375 0.735351562264151 0.384765625 0.7309570311320754 0.38671875 0.7250976566037736 0.38671875 0.7075195311320754
9 0.541015625 0.6958007811320754 0.529296875 0.6635742188679246 0.5166015625 0.635742187735849 0.5009765625 0.62109375 0.4931640625 0.6152343754716981 0.4833984375 0.612304687735849 0.4794921875 0.612304687735849 0.4736328125 0.6152343754716981 0.46875 0.6225585933962264 0.466796875 0.6342773433962264 0.47265625 0.6577148433962264 0.4970703125 0.694335937735849 0.5361328125 0.7265625 0.5400390625 0.7265625 0.544921875 0.7221679688679246 0.544921875 0.7163085933962264 0.541015625 0.6958007811320754
12 0.4794921875 0.530273437735849 0.4697265625 0.518554687735849 0.4658203125 0.515625 0.4501953125 0.5097656245283019 0.4384765625 0.5097656245283019 0.4375 0.5112304688679246 0.4375 0.5141601566037736 0.4384765625 0.515625 0.4873046875 0.5566406245283019 0.48828125 0.5551757811320754 0.48828125 0.5493164066037736 0.484375 0.5375976566037736 0.4794921875 0.530273437735849
10 0.6005859375 0.64453125 0.6103515625 0.641601562264151 0.62109375 0.6313476566037736 0.625 0.6196289066037736 0.625 0.6137695311320754 0.623046875 0.6049804688679246 0.615234375 0.5815429688679246 0.60546875 0.5639648433962264 0.5966796875 0.55078125 0.5888671875 0.5449218754716981 0.5791015625 0.541992187735849 0.5751953125 0.541992187735849 0.5673828125 0.5449218754716981 0.5615234375 0.547851562264151 0.55078125 0.5639648433962264 0.548828125 0.5698242188679246 0.546875 0.5815429688679246 0.546875 0.5961914066037736 0.548828125 0.6079101566037736 0.552734375 0.6196289066037736 0.5595703125 0.6328125 0.5712890625 0.641601562264151 0.5771484375 0.64453125 0.6005859375 0.64453125
9 0.5517578125 0.506835937735849 0.5439453125 0.50390625 0.5302734375 0.50390625 0.529296875 0.5053710933962264 0.533203125 0.5141601566037736 0.5341796875 0.515625 0.5400390625 0.518554687735849 0.5478515625 0.518554687735849 0.552734375 0.5141601566037736 0.552734375 0.5083007811320754 0.5517578125 0.506835937735849
18 0.6826171875 0.6328125 0.6748046875 0.629882812264151 0.6689453125 0.6328125 0.6630859375 0.6386718754716981 0.66015625 0.6430664066037736 0.66015625 0.6518554688679246 0.6689453125 0.670898437735849 0.6767578125 0.670898437735849 0.6826171875 0.665039062264151 0.6875 0.6577148433962264 0.6875 0.6401367188679246 0.6826171875 0.6328125
12 0.7509765625 0.606445312264151 0.75390625 0.6020507811320754 0.755859375 0.5639648433962264 0.7490234375 0.553710937735849 0.7353515625 0.553710937735849 0.7294921875 0.559570312264151 0.7265625 0.5668945311320754 0.724609375 0.5756835933962264 0.724609375 0.5815429688679246 0.7265625 0.5903320311320754 0.73046875 0.5991210933962264 0.7333984375 0.6035156245283019 0.7373046875 0.606445312264151 0.7451171875 0.609375 0.7509765625 0.606445312264151