13 0.3759765625 0.2636718754716981 0.384765625 0.2504882811320755 0.384765625 0.2475585933962264 0.36328125 0.20654296886792453 0.3623046875 0.20507812452830187 0.3564453125 0.20507812452830187 0.34375 0.2241210933962264 0.330078125 0.2504882811320755 0.32421875 0.2651367188679245 0.322265625 0.2709960933962264 0.322265625 0.2768554688679245 0.3291015625 0.2871093754716981 0.3330078125 0.29003906226415094 0.3349609375 0.29003906226415094 0.3525390625 0.28125 0.3701171875 0.26953125 0.3759765625 0.2636718754716981
18 0.7373046875 0.31933593773584906 0.7421875 0.3120117188679245 0.75 0.2885742188679245 0.751953125 0.2768554688679245 0.751953125 0.2475585933962264 0.744140625 0.2241210933962264 0.7373046875 0.21386718773584906 0.7255859375 0.20214843773584906 0.6767578125 0.18457031226415094 0.6552734375 0.18457031226415094 0.6513671875 0.1875 0.638671875 0.20654296886792453 0.63671875 0.21533203113207547 0.63671875 0.2241210933962264 0.6796875 0.3178710933962264 0.6904296875 0.3339843754716981 0.6982421875 0.33691406226415094 0.7138671875 0.33691406226415094 0.7294921875 0.328125 0.7373046875 0.31933593773584906
18 0.7978515625 0.515625 0.802734375 0.5024414066037736 0.802734375 0.4790039066037736 0.798828125 0.4672851566037736 0.7890625 0.4497070311320755 0.7763671875 0.43066406226415094 0.7724609375 0.4277343745283019 0.7587890625 0.4277343745283019 0.751953125 0.4379882811320755 0.751953125 0.4643554688679245 0.76171875 0.4907226566037736 0.767578125 0.5024414066037736 0.7763671875 0.515625 0.7802734375 0.518554687735849 0.7880859375 0.5214843754716981 0.7978515625 0.515625
18 0.357421875 0.4379882811320755 0.35546875 0.4321289066037736 0.3525390625 0.4277343745283019 0.3486328125 0.42480468773584906 0.3408203125 0.421875 0.3349609375 0.42480468773584906 0.33203125 0.4291992188679245 0.330078125 0.4350585933962264 0.330078125 0.4526367188679245 0.3369140625 0.45996093773584906 0.3408203125 0.4628906245283019 0.3486328125 0.4628906245283019 0.3525390625 0.45996093773584906 0.357421875 0.4526367188679245 0.357421875 0.4379882811320755
9 0.75 0.7895507811320754 0.755859375 0.7778320311320754 0.7578125 0.7719726566037736 0.759765625 0.7631835933962264 0.759765625 0.7514648433962264 0.75 0.7221679688679246 0.7470703125 0.717773437735849 0.7333984375 0.7265625 0.7216796875 0.73828125 0.71875 0.7426757811320754 0.71484375 0.7543945311320754 0.708984375 0.7807617188679246 0.70703125 0.7924804688679246 0.70703125 0.8071289066037736 0.7138671875 0.817382812264151 0.7177734375 0.8203125 0.7216796875 0.8203125 0.7275390625 0.817382812264151 0.7353515625 0.811523437735849 0.75 0.7895507811320754
9 0.3740234375 0.76171875 0.3662109375 0.758789062264151 0.365234375 0.7602539066037736 0.365234375 0.7836914066037736 0.3798828125 0.80859375 0.3896484375 0.80859375 0.39453125 0.8012695311320754 0.396484375 0.7895507811320754 0.3779296875 0.764648437735849 0.3740234375 0.76171875
9 0.3916015625 0.6503906245283019 0.3798828125 0.6503906245283019 0.3759765625 0.653320312264151 0.373046875 0.6577148433962264 0.37109375 0.6635742188679246 0.369140625 0.6782226566037736 0.3720703125 0.682617187735849 0.3759765625 0.682617187735849 0.3935546875 0.676757812264151 0.3984375 0.6694335933962264 0.3984375 0.6635742188679246 0.396484375 0.6547851566037736 0.3916015625 0.6503906245283019
9 0.4287109375 0.31933593773584906 0.427734375 0.3208007811320755 0.427734375 0.3266601566037736 0.4384765625 0.33984375 0.439453125 0.3383789066037736 0.439453125 0.3237304688679245 0.4365234375 0.31933593773584906 0.4326171875 0.31640625 0.4287109375 0.31933593773584906
9 0.6318359375 0.741210937735849 0.6357421875 0.741210937735849 0.638671875 0.7368164066037736 0.646484375 0.7104492188679246 0.646484375 0.7045898433962264 0.658112094375 0.6561416990566038 0.5927734375 0.6503906245283019 0.5888671875 0.647460937735849 0.5810546875 0.647460937735849 0.576171875 0.6547851566037736 0.57421875 0.6606445311320754 0.57421875 0.6870117188679246 0.576171875 0.6987304688679246 0.583984375 0.7163085933962264 0.5888671875 0.723632812264151 0.5966796875 0.7324218754716981 0.6025390625 0.735351562264151 0.6318359375 0.741210937735849
20 0.3408203125 0.59765625 0.3251953125 0.612304687735849 0.322265625 0.6166992188679246 0.314453125 0.6489257811320754 0.314453125 0.6518554688679246 0.3369140625 0.66796875 0.359375 0.6196289066037736 0.361328125 0.6108398433962264 0.361328125 0.5991210933962264 0.3603515625 0.59765625 0.3408203125 0.59765625
20 0.34375 0.48486328113207544 0.3291015625 0.47167968773584906 0.3095703125 0.47167968773584906 0.3037109375 0.47753906226415094 0.296875 0.48779296886792456 0.296875 0.4936523433962264 0.298828125 0.49951171886792456 0.3037109375 0.50390625 0.3134765625 0.50390625 0.3330078125 0.495117187735849 0.3388671875 0.4921875 0.34375 0.48486328113207544
20 0.5205078125 0.495117187735849 0.5146484375 0.489257812264151 0.4970703125 0.483398437735849 0.49609375 0.48486328113207544 0.4921875 0.49658203113207544 0.49609375 0.5288085933962264 0.5 0.5434570311320754 0.5224609375 0.5800781245283019 0.5556640625 0.583007812264151 0.5654296875 0.583007812264151 0.56640625 0.5815429688679246 0.5205078125 0.495117187735849
20 0.486328125 0.3735351566037736 0.48046875 0.3911132811320755 0.4814453125 0.3925781245283019 0.5263671875 0.3925781245283019 0.533203125 0.3823242188679245 0.5390625 0.3471679688679245 0.5361328125 0.34277343773584906 0.4951171875 0.36621093773584906 0.486328125 0.3735351566037736
20 0.57421875 0.2622070311320755 0.57421875 0.2534179688679245 0.572265625 0.2416992188679245 0.5625 0.20361328113207547 0.5615234375 0.20214843773584906 0.5419921875 0.19042968773584906 0.5322265625 0.19335937547169813 0.53125 0.19482421886792453 0.53125 0.1977539066037736 0.5390625 0.2446289066037736 0.54296875 0.2563476566037736 0.5458984375 0.26074218773584906 0.5498046875 0.2636718754716981 0.5732421875 0.2636718754716981 0.57421875 0.2622070311320755
20 0.7373046875 0.536132812264151 0.7255859375 0.530273437735849 0.6748046875 0.547851562264151 0.673828125 0.5493164066037736 0.6943359375 0.577148437735849 0.7041015625 0.583007812264151 0.7216796875 0.583007812264151 0.7294921875 0.5800781245283019 0.736328125 0.5639648433962264 0.73828125 0.5375976566037736 0.7373046875 0.536132812264151
1 0.41796875 0.3002929688679245 0.416015625 0.2915039066037736 0.4072265625 0.27832031226415094 0.3994140625 0.2753906245283019 0.3955078125 0.2753906245283019 0.3896484375 0.27832031226415094 0.380859375 0.2856445311320755 0.376953125 0.2944335933962264 0.376953125 0.3120117188679245 0.3798828125 0.31933593773584906 0.3974609375 0.3222656245283019 0.4150390625 0.3222656245283019 0.416015625 0.3208007811320755 0.41796875 0.3149414066037736 0.41796875 0.3002929688679245
12 0.43359375 0.5522460933962264 0.43359375 0.5434570311320754 0.4248046875 0.530273437735849 0.4169921875 0.524414062264151 0.4130859375 0.524414062264151 0.4072265625 0.52734375 0.4033203125 0.530273437735849 0.3984375 0.5375976566037736 0.396484375 0.5434570311320754 0.396484375 0.5668945311320754 0.400390625 0.5815429688679246 0.4111328125 0.59765625 0.4150390625 0.600585937735849 0.4208984375 0.600585937735849 0.423828125 0.5961914066037736 0.43359375 0.5522460933962264
7 0.701171875 0.4262695311320755 0.7001953125 0.42480468773584906 0.6181640625 0.41308593773584906 0.6171875 0.4145507811320755 0.611328125 0.4790039066037736 0.61328125 0.48486328113207544 0.6259765625 0.50390625 0.6435546875 0.515625 0.6455078125 0.515625 0.6728515625 0.483398437735849 0.701171875 0.4291992188679245 0.701171875 0.4262695311320755
14 0.7509765625 0.6328125 0.7451171875 0.6269531245283019 0.7353515625 0.6269531245283019 0.734375 0.6284179688679246 0.744140625 0.6694335933962264 0.7451171875 0.670898437735849 0.7490234375 0.670898437735849 0.751953125 0.6665039066037736 0.75390625 0.6606445311320754 0.75390625 0.6372070311320754 0.7509765625 0.6328125