13 0.2705078125 0.2431640622641509 0.2666015625 0.24023437452830187 0.2626953125 0.24023437452830187 0.2587890625 0.2431640622641509 0.2265625 0.2915039066037736 0.21875 0.3061523433962264 0.216796875 0.3120117188679245 0.216796875 0.3208007811320755 0.2177734375 0.3222656245283019 0.2626953125 0.3515625 0.2685546875 0.3515625 0.2734375 0.3383789066037736 0.27734375 0.2534179688679245 0.2705078125 0.2431640622641509
13 0.6767578125 0.36035156226415094 0.6796875 0.3559570311320755 0.6796875 0.3354492188679245 0.67578125 0.3208007811320755 0.6611328125 0.2988281245283019 0.64092354125 0.26689920094339625 0.625163126875 0.2854005575471698 0.6123046875 0.31347656226415094 0.611328125 0.3149414066037736 0.611328125 0.3178710933962264 0.6162109375 0.32519531226415094 0.6240234375 0.3339843754716981 0.6533203125 0.36035156226415094 0.6650390625 0.36328125 0.6728515625 0.36328125 0.6767578125 0.36035156226415094
21 0.404296875 0.19482421886792453 0.3896484375 0.16992187547169813 0.3759765625 0.15820312452830187 0.3740234375 0.15820312452830187 0.373046875 0.15966796886792453 0.330078125 0.2329101566037736 0.3330078125 0.23730468773584906 0.3759765625 0.28417968773584906 0.3798828125 0.2871093754716981 0.40625 0.2416992188679245 0.408203125 0.22998046886792453 0.408203125 0.20654296886792453 0.404296875 0.19482421886792453
7 0.6552734375 0.6503906245283019 0.6435546875 0.6503906245283019 0.6318359375 0.659179687735849 0.625 0.6694335933962264 0.603515625 0.7075195311320754 0.568359375 0.7954101566037736 0.5810546875 0.8203125 0.634765625 0.7426757811320754 0.66796875 0.6723632811320754 0.66796875 0.6665039066037736 0.666015625 0.6606445311320754 0.6611328125 0.653320312264151 0.6552734375 0.6503906245283019
7 0.4736328125 0.33691406226415094 0.4716796875 0.33691406226415094 0.470703125 0.3383789066037736 0.466796875 0.3500976566037736 0.46484375 0.3647460933962264 0.46484375 0.3764648433962264 0.46875 0.4204101566037736 0.4794921875 0.44824218773584906 0.49609375 0.3969726566037736 0.49609375 0.3911132811320755 0.48046875 0.3471679688679245 0.4736328125 0.33691406226415094
18 0.4833984375 0.20800781226415094 0.49609375 0.1889648433962264 0.5 0.17138671886792453 0.5 0.16845703113207547 0.49609375 0.15673828113207547 0.4912109375 0.14941406226415094 0.4833984375 0.14355468773584906 0.4541015625 0.14355468773584906 0.44921875 0.15673828113207547 0.447265625 0.16845703113207547 0.447265625 0.1860351566037736 0.44921875 0.19189453113207547 0.455078125 0.20361328113207547 0.4580078125 0.20800781226415094 0.4638671875 0.2109375 0.4755859375 0.2109375 0.4833984375 0.20800781226415094
18 0.2529296875 0.41308593773584906 0.255859375 0.4057617188679245 0.255859375 0.3940429688679245 0.2509765625 0.38671875 0.2373046875 0.38671875 0.2236328125 0.3925781245283019 0.2158203125 0.3984375 0.212890625 0.4028320311320755 0.208984375 0.4116210933962264 0.208984375 0.4174804688679245 0.2109375 0.4233398433962264 0.2138671875 0.4277343745283019 0.2177734375 0.43066406226415094 0.2255859375 0.43066406226415094 0.2451171875 0.41894531226415094 0.2529296875 0.41308593773584906
18 0.216796875 0.5200195311320754 0.216796875 0.5083007811320754 0.212890625 0.48779296886792456 0.208984375 0.4760742188679245 0.2001953125 0.4628906245283019 0.1962890625 0.45996093773584906 0.1904296875 0.45996093773584906 0.1865234375 0.4628906245283019 0.185546875 0.4643554688679245 0.185546875 0.48779296886792456 0.193359375 0.5112304688679246 0.197265625 0.5200195311320754 0.2041015625 0.530273437735849 0.2119140625 0.530273437735849 0.21484375 0.5258789066037736 0.216796875 0.5200195311320754
18 0.23046875 0.5844726566037736 0.23046875 0.5698242188679246 0.228515625 0.5639648433962264 0.2255859375 0.559570312264151 0.2197265625 0.5566406245283019 0.2158203125 0.5566406245283019 0.2109375 0.5639648433962264 0.208984375 0.5698242188679246 0.205078125 0.6020507811320754 0.205078125 0.6079101566037736 0.2099609375 0.6152343754716981 0.2138671875 0.618164062264151 0.2236328125 0.618164062264151 0.2265625 0.6108398433962264 0.228515625 0.6020507811320754 0.23046875 0.5844726566037736
18 0.482421875 0.7631835933962264 0.486328125 0.7485351566037736 0.486328125 0.7309570311320754 0.484375 0.7192382811320754 0.4716796875 0.700195312264151 0.4658203125 0.700195312264151 0.45703125 0.7133789066037736 0.45703125 0.7250976566037736 0.458984375 0.7338867188679246 0.462890625 0.7456054688679246 0.4677734375 0.752929687735849 0.4794921875 0.764648437735849 0.4814453125 0.764648437735849 0.482421875 0.7631835933962264
18 0.51953125 0.6840820311320754 0.517578125 0.6782226566037736 0.5146484375 0.6738281245283019 0.5107421875 0.670898437735849 0.4814453125 0.6621093754716981 0.4775390625 0.6621093754716981 0.474609375 0.6665039066037736 0.474609375 0.6752929688679246 0.4765625 0.6840820311320754 0.4794921875 0.688476562264151 0.4970703125 0.703125 0.5146484375 0.700195312264151 0.51953125 0.6899414066037736 0.51953125 0.6840820311320754
18 0.5615234375 0.6621093754716981 0.56640625 0.6547851566037736 0.56640625 0.6430664066037736 0.564453125 0.6313476566037736 0.556640625 0.6049804688679246 0.5478515625 0.5917968754716981 0.5380859375 0.5917968754716981 0.5322265625 0.59765625 0.529296875 0.6020507811320754 0.529296875 0.6108398433962264 0.53125 0.6196289066037736 0.541015625 0.6459960933962264 0.5517578125 0.6621093754716981 0.5556640625 0.665039062264151 0.5576171875 0.665039062264151 0.5615234375 0.6621093754716981
18 0.607421875 0.5346679688679246 0.6025390625 0.52734375 0.5986328125 0.524414062264151 0.5908203125 0.524414062264151 0.5869140625 0.52734375 0.583984375 0.5317382811320754 0.572265625 0.5668945311320754 0.5703125 0.5786132811320754 0.572265625 0.5874023433962264 0.5791015625 0.600585937735849 0.5888671875 0.5917968754716981 0.591796875 0.5874023433962264 0.603515625 0.5610351566037736 0.607421875 0.5463867188679246 0.607421875 0.5346679688679246
18 0.552734375 0.5375976566037736 0.5478515625 0.530273437735849 0.5439453125 0.52734375 0.5419921875 0.52734375 0.541015625 0.5288085933962264 0.537109375 0.5698242188679246 0.537109375 0.5756835933962264 0.5380859375 0.577148437735849 0.5419921875 0.577148437735849 0.55078125 0.5639648433962264 0.5546875 0.5522460933962264 0.5546875 0.5434570311320754 0.552734375 0.5375976566037736
18 0.685546875 0.48486328113207544 0.6806640625 0.47753906226415094 0.6767578125 0.47753906226415094 0.6728515625 0.48046875 0.658203125 0.5053710933962264 0.65625 0.5112304688679246 0.65625 0.5229492188679246 0.6611328125 0.530273437735849 0.6689453125 0.52734375 0.6728515625 0.524414062264151 0.68359375 0.5053710933962264 0.685546875 0.49951171886792456 0.685546875 0.48486328113207544
18 0.669921875 0.5668945311320754 0.669921875 0.5522460933962264 0.66796875 0.5463867188679246 0.6650390625 0.541992187735849 0.6591796875 0.536132812264151 0.6455078125 0.536132812264151 0.6376953125 0.5449218754716981 0.6328125 0.5522460933962264 0.630859375 0.5581054688679246 0.630859375 0.5668945311320754 0.6328125 0.5756835933962264 0.6396484375 0.5859375 0.6435546875 0.588867187735849 0.6591796875 0.588867187735849 0.66796875 0.5756835933962264 0.669921875 0.5668945311320754
18 0.6669921875 0.3984375 0.6572265625 0.3984375 0.6494140625 0.4042968745283019 0.6435546875 0.41015625 0.638671875 0.4174804688679245 0.62890625 0.4350585933962264 0.62890625 0.4467773433962264 0.6337890625 0.45410156226415094 0.6416015625 0.45410156226415094 0.6474609375 0.4511718745283019 0.669921875 0.4174804688679245 0.669921875 0.4057617188679245 0.6669921875 0.3984375
18 0.5 0.5141601566037736 0.498046875 0.5053710933962264 0.48828125 0.4790039066037736 0.4814453125 0.46875 0.4755859375 0.46875 0.46875 0.4790039066037736 0.46875 0.4907226566037736 0.470703125 0.49951171886792456 0.482421875 0.5288085933962264 0.4873046875 0.536132812264151 0.4970703125 0.536132812264151 0.5 0.5317382811320754 0.5 0.5141601566037736
18 0.4462890625 0.5683593754716981 0.4501953125 0.565429687735849 0.455078125 0.5581054688679246 0.455078125 0.5405273433962264 0.44921875 0.5053710933962264 0.447265625 0.49951171886792456 0.4404296875 0.489257812264151 0.4384765625 0.489257812264151 0.4345703125 0.4921875 0.4296875 0.49951171886792456 0.427734375 0.5053710933962264 0.427734375 0.5200195311320754 0.4296875 0.5405273433962264 0.431640625 0.5493164066037736 0.43359375 0.5551757811320754 0.4404296875 0.565429687735849 0.4443359375 0.5683593754716981 0.4462890625 0.5683593754716981
18 0.455078125 0.4291992188679245 0.45703125 0.4233398433962264 0.45703125 0.4145507811320755 0.453125 0.3999023433962264 0.4482421875 0.3925781245283019 0.4443359375 0.38964843773584906 0.4365234375 0.38964843773584906 0.4326171875 0.3925781245283019 0.423828125 0.4057617188679245 0.421875 0.4116210933962264 0.421875 0.4204101566037736 0.42578125 0.4321289066037736 0.4306640625 0.4394531245283019 0.4365234375 0.44238281226415094 0.4423828125 0.44238281226415094 0.4482421875 0.4394531245283019 0.455078125 0.4291992188679245
1 0.2705078125 0.495117187735849 0.271484375 0.4936523433962264 0.259765625 0.4497070311320755 0.2587890625 0.44824218773584906 0.2412109375 0.43359375 0.2353515625 0.43359375 0.2314453125 0.43652343773584906 0.2265625 0.4438476566037736 0.224609375 0.4497070311320755 0.22265625 0.4614257811320755 0.22265625 0.4760742188679245 0.224609375 0.4819335933962264 0.2353515625 0.4980468754716982 0.2392578125 0.500976562264151 0.2490234375 0.50390625 0.2587890625 0.500976562264151 0.2705078125 0.495117187735849
1 0.28515625 0.5874023433962264 0.2822265625 0.583007812264151 0.2724609375 0.588867187735849 0.267578125 0.5961914066037736 0.265625 0.6020507811320754 0.263671875 0.6108398433962264 0.263671875 0.6196289066037736 0.265625 0.6254882811320754 0.2724609375 0.635742187735849 0.2783203125 0.6386718754716981 0.2880859375 0.6386718754716981 0.298828125 0.6225585933962264 0.28515625 0.5874023433962264
1 0.384765625 0.4907226566037736 0.38671875 0.4790039066037736 0.38671875 0.4702148433962264 0.384765625 0.4643554688679245 0.3798828125 0.45703125 0.3720703125 0.45410156226415094 0.3486328125 0.46875 0.34765625 0.4702148433962264 0.34765625 0.4760742188679245 0.35546875 0.49658203113207544 0.3623046875 0.506835937735849 0.3701171875 0.5097656245283019 0.3798828125 0.50390625 0.380859375 0.5024414066037736 0.384765625 0.4907226566037736
1 0.416015625 0.7075195311320754 0.416015625 0.6987304688679246 0.4091796875 0.688476562264151 0.3994140625 0.682617187735849 0.3955078125 0.682617187735849 0.3876953125 0.6855468754716981 0.3837890625 0.688476562264151 0.376953125 0.6987304688679246 0.375 0.7045898433962264 0.373046875 0.7133789066037736 0.373046875 0.7338867188679246 0.375 0.7397460933962264 0.3779296875 0.7441406245283019 0.3837890625 0.7441406245283019 0.4013671875 0.7324218754716981 0.4140625 0.7133789066037736 0.416015625 0.7075195311320754
1 0.482421875 0.6137695311320754 0.4755859375 0.606445312264151 0.4658203125 0.600585937735849 0.4521484375 0.600585937735849 0.4462890625 0.6035156245283019 0.44140625 0.6108398433962264 0.44140625 0.6137695311320754 0.4443359375 0.618164062264151 0.4677734375 0.641601562264151 0.4794921875 0.641601562264151 0.484375 0.6342773433962264 0.484375 0.6196289066037736 0.482421875 0.6137695311320754
1 0.603515625 0.4291992188679245 0.603515625 0.4174804688679245 0.599609375 0.4057617188679245 0.5966796875 0.40136718773584906 0.5830078125 0.40136718773584906 0.578125 0.4086914066037736 0.57421875 0.4174804688679245 0.57421875 0.4350585933962264 0.5791015625 0.44238281226415094 0.5888671875 0.44824218773584906 0.5927734375 0.44824218773584906 0.5966796875 0.4453125 0.599609375 0.4409179688679245 0.603515625 0.4291992188679245
14 0.1865234375 0.515625 0.18359375 0.5200195311320754 0.18359375 0.5317382811320754 0.185546875 0.5375976566037736 0.2001953125 0.553710937735849 0.2080078125 0.553710937735849 0.2109375 0.5493164066037736 0.1884765625 0.515625 0.1865234375 0.515625
14 0.5361328125 0.37207031226415094 0.5224609375 0.36621093773584906 0.51171875 0.3793945311320755 0.509765625 0.3881835933962264 0.51171875 0.3940429688679245 0.5146484375 0.3984375 0.5205078125 0.3984375 0.5322265625 0.39550781226415094 0.537109375 0.3881835933962264 0.537109375 0.3735351566037736 0.5361328125 0.37207031226415094
9 0.2841796875 0.75 0.2763671875 0.747070312264151 0.2734375 0.7514648433962264 0.2734375 0.7543945311320754 0.2822265625 0.7675781245283019 0.2900390625 0.7675781245283019 0.29296875 0.7631835933962264 0.29296875 0.7602539066037736 0.2880859375 0.752929687735849 0.2841796875 0.75
9 0.2626953125 0.7265625 0.2587890625 0.7265625 0.25390625 0.7338867188679246 0.251953125 0.7397460933962264 0.251953125 0.7514648433962264 0.2529296875 0.752929687735849 0.2587890625 0.752929687735849 0.263671875 0.7456054688679246 0.265625 0.7397460933962264 0.265625 0.7338867188679246 0.2626953125 0.7265625
9 0.3837890625 0.629882812264151 0.3779296875 0.635742187735849 0.375 0.6401367188679246 0.375 0.6459960933962264 0.3779296875 0.6503906245283019 0.3916015625 0.6503906245283019 0.39453125 0.6459960933962264 0.39453125 0.6430664066037736 0.3896484375 0.629882812264151 0.3837890625 0.629882812264151
9 0.4296875 0.5229492188679246 0.4267578125 0.518554687735849 0.4189453125 0.518554687735849 0.416015625 0.5229492188679246 0.416015625 0.5258789066037736 0.4189453125 0.530273437735849 0.4287109375 0.5390625 0.4306640625 0.5390625 0.431640625 0.5375976566037736 0.431640625 0.5288085933962264 0.4296875 0.5229492188679246
9 0.595703125 0.1889648433962264 0.59375 0.18310546886792453 0.5869140625 0.17285156226415094 0.583984375 0.1772460933962264 0.583984375 0.1889648433962264 0.587890625 0.2006835933962264 0.5908203125 0.20507812452830187 0.5927734375 0.20507812452830187 0.59375 0.20361328113207547 0.595703125 0.19482421886792453 0.595703125 0.1889648433962264
20 0.3515625 0.5727539066037736 0.3466796875 0.565429687735849 0.3134765625 0.52734375 0.3095703125 0.524414062264151 0.30859375 0.5258789066037736 0.30859375 0.5346679688679246 0.314453125 0.5668945311320754 0.3271484375 0.583007812264151 0.3330078125 0.588867187735849 0.3486328125 0.594726562264151 0.3515625 0.5903320311320754 0.3515625 0.5727539066037736
20 0.3955078125 0.530273437735849 0.3828125 0.5493164066037736 0.384765625 0.5610351566037736 0.3916015625 0.5800781245283019 0.4091796875 0.583007812264151 0.4140625 0.5756835933962264 0.416015625 0.5698242188679246 0.416015625 0.5668945311320754 0.3955078125 0.530273437735849
20 0.3798828125 0.3574218754716981 0.3759765625 0.3574218754716981 0.373046875 0.3618164066037736 0.37109375 0.3676757811320755 0.361328125 0.4262695311320755 0.3857421875 0.44824218773584906 0.3984375 0.4262695311320755 0.40625 0.3881835933962264 0.40625 0.3823242188679245 0.3935546875 0.36621093773584906 0.3857421875 0.36035156226415094 0.3798828125 0.3574218754716981
20 0.4560546875 0.2578125 0.455078125 0.2592773433962264 0.443359375 0.2973632811320755 0.4443359375 0.2988281245283019 0.4677734375 0.30761718773584906 0.4697265625 0.30761718773584906 0.5126953125 0.28417968773584906 0.515625 0.2797851566037736 0.5146484375 0.27832031226415094 0.4560546875 0.2578125
20 0.58203125 0.19189453113207547 0.5810546875 0.19042968773584906 0.5576171875 0.18457031226415094 0.5478515625 0.18457031226415094 0.546875 0.1860351566037736 0.5390625 0.2211914066037736 0.5390625 0.2416992188679245 0.5458984375 0.2578125 0.5498046875 0.26074218773584906 0.5517578125 0.26074218773584906 0.5947265625 0.2431640622641509 0.595703125 0.2416992188679245 0.58203125 0.19189453113207547
20 0.3330078125 0.6738281245283019 0.33203125 0.6752929688679246 0.33203125 0.6928710933962264 0.33794421999999996 0.7242966660377358 0.358038200625 0.7069427735849056 0.3671875 0.6840820311320754 0.3671875 0.6606445311320754 0.3662109375 0.659179687735849 0.3330078125 0.6738281245283019
20 0.2392578125 0.653320312264151 0.2333984375 0.65625 0.23046875 0.6606445311320754 0.228515625 0.6665039066037736 0.228515625 0.6752929688679246 0.232421875 0.6870117188679246 0.2529296875 0.7207031245283019 0.2548828125 0.7207031245283019 0.279296875 0.6987304688679246 0.2451171875 0.65625 0.2392578125 0.653320312264151
3 0.326171875 0.4438476566037736 0.3251953125 0.44238281226415094 0.3076171875 0.4453125 0.302734375 0.4497070311320755 0.294921875 0.4731445311320755 0.302734375 0.4936523433962264 0.3056640625 0.4980468754716982 0.3076171875 0.4980468754716982 0.3291015625 0.4746093745283019 0.330078125 0.4731445311320755 0.330078125 0.4702148433962264 0.326171875 0.4438476566037736
3 0.607421875 0.3618164066037736 0.607421875 0.3588867188679245 0.58984375 0.2856445311320755 0.5888671875 0.28417968773584906 0.5302734375 0.31347656226415094 0.5263671875 0.31640625 0.525390625 0.3178710933962264 0.5263671875 0.31933593773584906 0.5830078125 0.39550781226415094 0.5869140625 0.3984375 0.5888671875 0.3984375 0.59375 0.3911132811320755 0.60546875 0.3676757811320755 0.607421875 0.3618164066037736
9 0.5927734375 0.2753906245283019 0.5858762949999999 0.27923343867924527 0.5893024725 0.2857431754716981 0.593185473125 0.2901972056603774 0.597296885625 0.2973921783018868 0.603515625 0.2827148433962264 0.607421875 0.2739257811320755 0.6044921875 0.26953125 0.5927734375 0.2753906245283019
9 0.4404296875 0.26074218773584906 0.4365234375 0.26074218773584906 0.431640625 0.2680664066037736 0.435546875 0.2885742188679245 0.4365234375 0.29003906226415094 0.4384765625 0.29003906226415094 0.439453125 0.2885742188679245 0.44140625 0.2797851566037736 0.44140625 0.2622070311320755 0.4404296875 0.26074218773584906
9 0.3974609375 0.31640625 0.392578125 0.3237304688679245 0.390625 0.3295898433962264 0.390625 0.3354492188679245 0.3935546875 0.33984375 0.3994140625 0.3457031245283019 0.40625 0.3354492188679245 0.41015625 0.3266601566037736 0.3994140625 0.31640625 0.3974609375 0.31640625
9 0.3642578125 0.33984375 0.3486328125 0.3339843754716981 0.3466796875 0.3339843754716981 0.345703125 0.3354492188679245 0.34375 0.3471679688679245 0.349609375 0.3647460933962264 0.3505859375 0.36621093773584906 0.3583984375 0.36621093773584906 0.361328125 0.3618164066037736 0.3671875 0.3471679688679245 0.3671875 0.3442382811320755 0.3642578125 0.33984375
9 0.3076171875 0.3808593754716981 0.306640625 0.3823242188679245 0.296875 0.4086914066037736 0.3056640625 0.421875 0.3076171875 0.421875 0.310546875 0.4174804688679245 0.31640625 0.4028320311320755 0.31640625 0.3999023433962264 0.310546875 0.3852539066037736 0.3076171875 0.3808593754716981
9 0.3408203125 0.33105468773584906 0.3291015625 0.328125 0.3251953125 0.328125 0.322265625 0.3325195311320755 0.32421875 0.3500976566037736 0.3310546875 0.36328125 0.3388671875 0.36621093773584906 0.33984375 0.3647460933962264 0.341796875 0.3471679688679245 0.341796875 0.3325195311320755 0.3408203125 0.33105468773584906
0 0.3193359375 0.33691406226415094 0.31640625 0.3413085933962264 0.31640625 0.3500976566037736 0.3173828125 0.3515625 0.3212890625 0.3515625 0.326171875 0.3442382811320755 0.326171875 0.3383789066037736 0.3251953125 0.33691406226415094 0.3193359375 0.33691406226415094
9 0.3388671875 0.45996093773584906 0.337890625 0.4614257811320755 0.337890625 0.4672851566037736 0.3408203125 0.47167968773584906 0.3447265625 0.47167968773584906 0.345703125 0.4702148433962264 0.345703125 0.4672851566037736 0.3427734375 0.4628906245283019 0.3388671875 0.45996093773584906
9 0.3310546875 0.524414062264151 0.330078125 0.5258789066037736 0.330078125 0.5346679688679246 0.3349609375 0.541992187735849 0.3369140625 0.541992187735849 0.33984375 0.5375976566037736 0.33984375 0.5317382811320754 0.3369140625 0.524414062264151 0.3310546875 0.524414062264151
9 0.3251953125 0.600585937735849 0.3173828125 0.6035156245283019 0.31640625 0.6049804688679246 0.3212890625 0.612304687735849 0.3251953125 0.6152343754716981 0.3369140625 0.6152343754716981 0.341796875 0.6108398433962264 0.341796875 0.6079101566037736 0.3369140625 0.6035156245283019 0.3251953125 0.600585937735849
9 0.2265625 0.5024414066037736 0.2138671875 0.4863281245283018 0.212890625 0.48779296886792456 0.212890625 0.4907226566037736 0.21484375 0.49658203113207544 0.2255859375 0.512695312264151 0.2275390625 0.512695312264151 0.228515625 0.5112304688679246 0.228515625 0.5083007811320754 0.2265625 0.5024414066037736
9 0.349609375 0.7250976566037736 0.3515625 0.7368164066037736 0.3525390625 0.73828125 0.359375 0.7192382811320754 0.359375 0.7133789066037736 0.3525390625 0.703125 0.3515625 0.7045898433962264 0.349609375 0.7250976566037736
9 0.5263671875 0.59765625 0.5166015625 0.600585937735849 0.5126953125 0.6035156245283019 0.509765625 0.6079101566037736 0.5107421875 0.609375 0.5146484375 0.612304687735849 0.5244140625 0.612304687735849 0.529296875 0.6049804688679246 0.529296875 0.5991210933962264 0.5283203125 0.59765625 0.5263671875 0.59765625
13 0.56640625 0.7192382811320754 0.5654296875 0.717773437735849 0.5537109375 0.71484375 0.5419921875 0.71484375 0.537109375 0.7221679688679246 0.537109375 0.7250976566037736 0.5400390625 0.729492187735849 0.5458984375 0.735351562264151 0.5537109375 0.73828125 0.5595703125 0.735351562264151 0.568359375 0.7280273433962264 0.56640625 0.7192382811320754