18 0.2890625 0.6518554688679246 0.287109375 0.6459960933962264 0.2822265625 0.6386718754716981 0.2783203125 0.635742187735849 0.2509765625 0.635742187735849 0.244140625 0.6459960933962264 0.244140625 0.6577148433962264 0.2470703125 0.665039062264151 0.2568359375 0.670898437735849 0.2802734375 0.670898437735849 0.2841796875 0.66796875 0.287109375 0.6635742188679246 0.2890625 0.6518554688679246
18 0.267578125 0.3706054688679245 0.2646484375 0.36621093773584906 0.2373046875 0.36621093773584906 0.228515625 0.3793945311320755 0.228515625 0.3852539066037736 0.2333984375 0.38964843773584906 0.2490234375 0.39550781226415094 0.2568359375 0.39550781226415094 0.2626953125 0.3925781245283019 0.267578125 0.3852539066037736 0.267578125 0.3706054688679245
18 0.4794921875 0.24609375 0.486328125 0.2358398433962264 0.48828125 0.22998046886792453 0.48828125 0.22705078113207547 0.466796875 0.1772460933962264 0.4619140625 0.16992187547169813 0.4541015625 0.17285156226415094 0.4501953125 0.17578125 0.443359375 0.1860351566037736 0.44140625 0.19189453113207547 0.439453125 0.2006835933962264 0.44140625 0.21533203113207547 0.44921875 0.2329101566037736 0.4541015625 0.24023437452830187 0.4599609375 0.24609375 0.4677734375 0.2490234377358491 0.4755859375 0.2490234377358491 0.4794921875 0.24609375
18 0.54296875 0.22705078113207547 0.54296875 0.2211914066037736 0.537109375 0.1772460933962264 0.53515625 0.17138671886792453 0.5341796875 0.16992187547169813 0.5244140625 0.16992187547169813 0.5185546875 0.17285156226415094 0.513671875 0.18017578113207547 0.51171875 0.1860351566037736 0.51171875 0.20654296886792453 0.517578125 0.2416992188679245 0.5185546875 0.2431640622641509 0.5205078125 0.2431640622641509 0.5283203125 0.24023437452830187 0.5400390625 0.23144531226415094 0.54296875 0.22705078113207547
18 0.59765625 0.21533203113207547 0.6015625 0.19482421886792453 0.6015625 0.1860351566037736 0.599609375 0.18017578113207547 0.5947265625 0.17285156226415094 0.5869140625 0.17285156226415094 0.5830078125 0.17578125 0.580078125 0.18017578113207547 0.578125 0.1860351566037736 0.5703125 0.2211914066037736 0.5703125 0.2241210933962264 0.572265625 0.22998046886792453 0.5771484375 0.23730468773584906 0.5830078125 0.24023437452830187 0.5888671875 0.24023437452830187 0.591796875 0.2358398433962264 0.59765625 0.21533203113207547
18 0.6865234375 0.3925781245283019 0.69140625 0.3852539066037736 0.693359375 0.3793945311320755 0.693359375 0.3735351566037736 0.69140625 0.3618164066037736 0.6591796875 0.328125 0.6552734375 0.328125 0.654296875 0.3295898433962264 0.650390625 0.3383789066037736 0.650390625 0.3588867188679245 0.654296875 0.3706054688679245 0.658203125 0.3793945311320755 0.6650390625 0.38964843773584906 0.6728515625 0.39550781226415094 0.6826171875 0.39550781226415094 0.6865234375 0.3925781245283019
21 0.58984375 0.2944335933962264 0.5888671875 0.29296875 0.5537109375 0.27246093773584906 0.5498046875 0.27246093773584906 0.5400390625 0.27832031226415094 0.50390625 0.3295898433962264 0.46875 0.3881835933962264 0.46875 0.3911132811320755 0.4775390625 0.4042968745283019 0.4970703125 0.41308593773584906 0.5400390625 0.41308593773584906 0.5712890625 0.41015625 0.57421875 0.4057617188679245 0.58984375 0.2944335933962264
21 0.4521484375 0.4453125 0.4150390625 0.4746093745283019 0.4033203125 0.4863281245283018 0.3984375 0.4936523433962264 0.39453125 0.5112304688679246 0.39453125 0.5141601566037736 0.4306640625 0.565429687735849 0.4853515625 0.559570312264151 0.513671875 0.4731445311320755 0.513671875 0.4643554688679245 0.4990234375 0.4394531245283019 0.4521484375 0.4453125
21 0.5478515625 0.541992187735849 0.4853515625 0.612304687735849 0.48046875 0.6196289066037736 0.48046875 0.7397460933962264 0.4873046875 0.752929687735849 0.5673828125 0.7324218754716981 0.58984375 0.6987304688679246 0.58984375 0.6928710933962264 0.548828125 0.5434570311320754 0.5478515625 0.541992187735849
21 0.6787109375 0.47753906226415094 0.6650390625 0.47753906226415094 0.6552734375 0.4863281245283018 0.6484375 0.49658203113207544 0.63671875 0.5170898433962264 0.6455078125 0.5390625 0.6533203125 0.5390625 0.6748046875 0.530273437735849 0.6806640625 0.524414062264151 0.693359375 0.49951171886792456 0.693359375 0.4907226566037736 0.6787109375 0.47753906226415094
18 0.3359375 0.7250976566037736 0.345703125 0.7045898433962264 0.353515625 0.6811523433962264 0.3505859375 0.676757812264151 0.3369140625 0.670898437735849 0.3291015625 0.6738281245283019 0.3212890625 0.6796875 0.296875 0.7192382811320754 0.294921875 0.7250976566037736 0.29296875 0.7338867188679246 0.29296875 0.7426757811320754 0.294921875 0.7485351566037736 0.2998046875 0.7558593754716981 0.3037109375 0.758789062264151 0.3115234375 0.758789062264151 0.3193359375 0.752929687735849 0.3359375 0.7250976566037736
1 0.2861328125 0.524414062264151 0.2783203125 0.518554687735849 0.2666015625 0.518554687735849 0.265625 0.5200195311320754 0.263671875 0.5932617188679246 0.2666015625 0.600585937735849 0.2724609375 0.600585937735849 0.28125 0.5874023433962264 0.29296875 0.5463867188679246 0.29296875 0.5375976566037736 0.291015625 0.5317382811320754 0.2861328125 0.524414062264151
1 0.357421875 0.4350585933962264 0.35546875 0.4204101566037736 0.3486328125 0.41015625 0.3408203125 0.41015625 0.330078125 0.4291992188679245 0.3203125 0.4584960933962264 0.3203125 0.4790039066037736 0.3232421875 0.483398437735849 0.3291015625 0.483398437735849 0.3369140625 0.47753906226415094 0.3515625 0.4555664066037736 0.35546875 0.4467773433962264 0.357421875 0.4350585933962264
1 0.3408203125 0.26660156226415094 0.3330078125 0.26074218773584906 0.3232421875 0.26074218773584906 0.2939453125 0.2636718754716981 0.29296875 0.2651367188679245 0.3232421875 0.31933593773584906 0.3388671875 0.31347656226415094 0.345703125 0.3032226566037736 0.34765625 0.2973632811320755 0.34765625 0.2856445311320755 0.345703125 0.2739257811320755 0.3408203125 0.26660156226415094
1 0.6376953125 0.2431640622641509 0.6279296875 0.2431640622641509 0.6240234375 0.24609375 0.607421875 0.2709960933962264 0.6474609375 0.3046875 0.654296875 0.2944335933962264 0.654296875 0.2768554688679245 0.65234375 0.2651367188679245 0.6484375 0.2534179688679245 0.6435546875 0.24609375 0.6376953125 0.2431640622641509
1 0.6083984375 0.46582031226415094 0.609375 0.4643554688679245 0.611328125 0.4555664066037736 0.611328125 0.4497070311320755 0.5810546875 0.4042968745283019 0.5732421875 0.4042968745283019 0.5703125 0.4086914066037736 0.568359375 0.4145507811320755 0.568359375 0.4262695311320755 0.5703125 0.4379882811320755 0.57421875 0.4497070311320755 0.5830078125 0.4628906245283019 0.5869140625 0.46582031226415094 0.5947265625 0.46875 0.6083984375 0.46582031226415094
1 0.7265625 0.5961914066037736 0.728515625 0.5874023433962264 0.728515625 0.5815429688679246 0.7265625 0.5756835933962264 0.7216796875 0.5683593754716981 0.7177734375 0.565429687735849 0.7021484375 0.565429687735849 0.697265625 0.5698242188679246 0.6953125 0.5756835933962264 0.6953125 0.5815429688679246 0.705078125 0.6108398433962264 0.7080078125 0.6152343754716981 0.7138671875 0.6152343754716981 0.7177734375 0.612304687735849 0.72265625 0.6049804688679246 0.7265625 0.5961914066037736
1 0.65234375 0.6284179688679246 0.6474609375 0.62109375 0.6376953125 0.612304687735849 0.6318359375 0.612304687735849 0.626953125 0.6166992188679246 0.62109375 0.6284179688679246 0.62109375 0.6313476566037736 0.6328125 0.6635742188679246 0.6357421875 0.66796875 0.6396484375 0.66796875 0.646484375 0.6577148433962264 0.65234375 0.6430664066037736 0.65234375 0.6284179688679246
1 0.6455078125 0.776367187735849 0.646484375 0.7749023433962264 0.6484375 0.7543945311320754 0.6484375 0.7456054688679246 0.640625 0.7016601566037736 0.6376953125 0.6972656245283019 0.6318359375 0.6972656245283019 0.6279296875 0.700195312264151 0.625 0.7045898433962264 0.62109375 0.7133789066037736 0.619140625 0.7192382811320754 0.619140625 0.7397460933962264 0.62109375 0.7573242188679246 0.626953125 0.7719726566037736 0.6298828125 0.776367187735849 0.6337890625 0.7792968754716981 0.6416015625 0.7792968754716981 0.6455078125 0.776367187735849
1 0.421875 0.7075195311320754 0.421875 0.6928710933962264 0.419921875 0.6840820311320754 0.4189453125 0.682617187735849 0.4150390625 0.682617187735849 0.4052734375 0.6855468754716981 0.3779296875 0.703125 0.376953125 0.7045898433962264 0.376953125 0.7133789066037736 0.3818359375 0.7265625 0.3857421875 0.729492187735849 0.4033203125 0.729492187735849 0.4130859375 0.723632812264151 0.419921875 0.7133789066037736 0.421875 0.7075195311320754
12 0.4453125 0.3120117188679245 0.4453125 0.3002929688679245 0.4423828125 0.29296875 0.4384765625 0.29296875 0.3779296875 0.33105468773584906 0.376953125 0.3325195311320755 0.375 0.3383789066037736 0.375 0.3442382811320755 0.3779296875 0.34863281226415094 0.3818359375 0.3515625 0.4189453125 0.3515625 0.4267578125 0.3457031245283019 0.439453125 0.3266601566037736 0.4453125 0.3120117188679245
9 0.7265625 0.4028320311320755 0.7255859375 0.40136718773584906 0.7060546875 0.40136718773584906 0.7021484375 0.4042968745283019 0.6953125 0.4145507811320755 0.693359375 0.4204101566037736 0.693359375 0.4291992188679245 0.6943359375 0.43066406226415094 0.7060546875 0.43066406226415094 0.7158203125 0.4277343745283019 0.72265625 0.4174804688679245 0.7265625 0.4057617188679245 0.7265625 0.4028320311320755
9 0.3154296875 0.588867187735849 0.310546875 0.5932617188679246 0.30859375 0.5991210933962264 0.30859375 0.6079101566037736 0.3095703125 0.609375 0.3173828125 0.6035156245283019 0.32421875 0.5961914066037736 0.32421875 0.5932617188679246 0.3212890625 0.588867187735849 0.3154296875 0.588867187735849
14 0.369140625 0.7602539066037736 0.369140625 0.7485351566037736 0.365234375 0.7368164066037736 0.3564453125 0.723632812264151 0.3525390625 0.7207031245283019 0.3447265625 0.7207031245283019 0.341796875 0.7250976566037736 0.341796875 0.7309570311320754 0.345703125 0.7456054688679246 0.3505859375 0.752929687735849 0.3544921875 0.7558593754716981 0.3642578125 0.76171875 0.3681640625 0.76171875 0.369140625 0.7602539066037736
17 0.4833984375 0.5800781245283019 0.4677734375 0.57421875 0.46484375 0.5786132811320754 0.466796875 0.5961914066037736 0.46875 0.6020507811320754 0.4697265625 0.6035156245283019 0.4833984375 0.606445312264151 0.486328125 0.6020507811320754 0.484375 0.5815429688679246 0.4833984375 0.5800781245283019
9 0.3857421875 0.48046875 0.384765625 0.4819335933962264 0.384765625 0.48486328113207544 0.3876953125 0.489257812264151 0.3896484375 0.489257812264151 0.390625 0.48779296886792456 0.390625 0.4819335933962264 0.3896484375 0.48046875 0.3857421875 0.48046875