3 0.3798828125 0.2109375 0.3759765625 0.20800781226415094 0.3740234375 0.20800781226415094 0.3701171875 0.2109375 0.3388671875 0.2490234377358491 0.337890625 0.2504882811320755 0.3681640625 0.3046875 0.3779296875 0.3046875 0.3935546875 0.30175781226415094 0.40234375 0.2885742188679245 0.408203125 0.23876953113207547 0.3974609375 0.22558593773584906 0.3798828125 0.2109375
3 0.634765625 0.5346679688679246 0.6083984375 0.4511718745283019 0.6005859375 0.4511718745283019 0.5927734375 0.45703125 0.5869140625 0.4628906245283019 0.53515625 0.5346679688679246 0.51171875 0.5932617188679246 0.51171875 0.5991210933962264 0.5126953125 0.600585937735849 0.5810546875 0.618164062264151 0.6220703125 0.6035156245283019 0.623046875 0.6020507811320754 0.634765625 0.5375976566037736 0.634765625 0.5346679688679246
18 0.5078125 0.1860351566037736 0.509765625 0.1743164066037736 0.509765625 0.1625976566037736 0.505859375 0.1303710933962264 0.5 0.11279296886792453 0.4931640625 0.10253906226415094 0.4814453125 0.10253906226415094 0.4765625 0.10693359339622642 0.47265625 0.11865234339622642 0.47265625 0.1420898433962264 0.4765625 0.18017578113207547 0.48046875 0.19189453113207547 0.484375 0.2006835933962264 0.4931640625 0.2109375 0.505859375 0.19189453113207547 0.5078125 0.1860351566037736
18 0.578125 0.1274414066037736 0.576171875 0.12158203113207545 0.5712890625 0.11425781226415094 0.5654296875 0.11132812452830189 0.5615234375 0.11132812452830189 0.5498046875 0.12011718773584906 0.544921875 0.1274414066037736 0.541015625 0.13623046886792453 0.5390625 0.14501953113207547 0.5390625 0.1508789066037736 0.541015625 0.15966796886792453 0.5458984375 0.16699218773584906 0.5498046875 0.16699218773584906 0.5771484375 0.14941406226415094 0.578125 0.14794921886792453 0.578125 0.1274414066037736
18 0.7001953125 0.14355468773584906 0.6962890625 0.140625 0.6826171875 0.140625 0.6787109375 0.14355468773584906 0.669921875 0.15673828113207547 0.66796875 0.1625976566037736 0.66796875 0.18017578113207547 0.6708984375 0.18457031226415094 0.7021484375 0.18457031226415094 0.708984375 0.16845703113207547 0.708984375 0.15966796886792453 0.70703125 0.1538085933962264 0.7001953125 0.14355468773584906
18 0.67578125 0.3090820311320755 0.669921875 0.2915039066037736 0.6640625 0.2797851566037736 0.6533203125 0.2636718754716981 0.6494140625 0.26074218773584906 0.6376953125 0.26074218773584906 0.62890625 0.2739257811320755 0.626953125 0.2797851566037736 0.626953125 0.2827148433962264 0.630859375 0.2944335933962264 0.6611328125 0.33984375 0.6728515625 0.33984375 0.677734375 0.3325195311320755 0.677734375 0.3178710933962264 0.67578125 0.3090820311320755
18 0.55859375 0.2475585933962264 0.560546875 0.23876953113207547 0.5595703125 0.23730468773584906 0.5439453125 0.234375 0.5380859375 0.234375 0.5322265625 0.23730468773584906 0.5126953125 0.2519531245283019 0.505859375 0.2592773433962264 0.501953125 0.2709960933962264 0.501953125 0.2797851566037736 0.50390625 0.2856445311320755 0.5107421875 0.29589843773584906 0.5205078125 0.29589843773584906 0.5283203125 0.29003906226415094 0.5478515625 0.26953125 0.55859375 0.2475585933962264
18 0.46875 0.3354492188679245 0.474609375 0.3032226566037736 0.474609375 0.2797851566037736 0.47265625 0.2739257811320755 0.4677734375 0.26660156226415094 0.4580078125 0.26660156226415094 0.451171875 0.2768554688679245 0.44140625 0.3090820311320755 0.439453125 0.3208007811320755 0.439453125 0.3500976566037736 0.4423828125 0.3574218754716981 0.4482421875 0.36035156226415094 0.4521484375 0.36035156226415094 0.4560546875 0.3574218754716981 0.46484375 0.3442382811320755 0.46875 0.3354492188679245
18 0.640625 0.3940429688679245 0.640625 0.3764648433962264 0.6337890625 0.36621093773584906 0.6259765625 0.36035156226415094 0.6064453125 0.35449218773584906 0.5908203125 0.3515625 0.5830078125 0.35449218773584906 0.5791015625 0.3574218754716981 0.576171875 0.3618164066037736 0.57421875 0.3706054688679245 0.576171875 0.3793945311320755 0.5849609375 0.3925781245283019 0.5888671875 0.39550781226415094 0.6083984375 0.4042968745283019 0.6279296875 0.4042968745283019 0.6376953125 0.3984375 0.640625 0.3940429688679245
18 0.7255859375 0.530273437735849 0.73046875 0.5229492188679246 0.732421875 0.5170898433962264 0.732421875 0.5053710933962264 0.73046875 0.49951171886792456 0.7255859375 0.4921875 0.7177734375 0.4863281245283018 0.6884765625 0.47167968773584906 0.6826171875 0.47167968773584906 0.6767578125 0.4746093745283019 0.669921875 0.48486328113207544 0.669921875 0.4936523433962264 0.673828125 0.5053710933962264 0.6787109375 0.512695312264151 0.7021484375 0.530273437735849 0.7099609375 0.5332031245283019 0.7197265625 0.5332031245283019 0.7255859375 0.530273437735849
18 0.75390625 0.4145507811320755 0.755859375 0.4086914066037736 0.755859375 0.3911132811320755 0.7470703125 0.37792968773584906 0.7431640625 0.375 0.7255859375 0.375 0.71484375 0.3911132811320755 0.71484375 0.4028320311320755 0.716796875 0.4086914066037736 0.7275390625 0.42480468773584906 0.7314453125 0.4277343745283019 0.7412109375 0.4277343745283019 0.7509765625 0.41894531226415094 0.75390625 0.4145507811320755
18 0.3935546875 0.73828125 0.419921875 0.6987304688679246 0.42578125 0.6870117188679246 0.427734375 0.6811523433962264 0.427734375 0.6665039066037736 0.42578125 0.6606445311320754 0.4208984375 0.65625 0.4091796875 0.65625 0.4052734375 0.659179687735849 0.3994140625 0.665039062264151 0.37890625 0.6958007811320754 0.37109375 0.7104492188679246 0.3671875 0.7192382811320754 0.3671875 0.7309570311320754 0.369140625 0.7397460933962264 0.3701171875 0.741210937735849 0.3779296875 0.747070312264151 0.3798828125 0.747070312264151 0.3857421875 0.7441406245283019 0.3935546875 0.73828125
13 0.794921875 0.6547851566037736 0.794921875 0.6489257811320754 0.7900390625 0.641601562264151 0.7412109375 0.606445312264151 0.7353515625 0.606445312264151 0.732421875 0.6108398433962264 0.728515625 0.6665039066037736 0.7333984375 0.6738281245283019 0.7373046875 0.676757812264151 0.7685546875 0.676757812264151 0.7841796875 0.670898437735849 0.7900390625 0.665039062264151 0.79296875 0.6606445311320754 0.794921875 0.6547851566037736
14 0.8056640625 0.5625 0.7998046875 0.5625 0.798828125 0.5639648433962264 0.7890625 0.5903320311320754 0.7890625 0.5961914066037736 0.7939453125 0.600585937735849 0.7998046875 0.59765625 0.806640625 0.5874023433962264 0.80859375 0.5786132811320754 0.80859375 0.5668945311320754 0.8056640625 0.5625
14 0.5078125 0.7221679688679246 0.5078125 0.7133789066037736 0.501953125 0.6987304688679246 0.4990234375 0.694335937735849 0.4951171875 0.694335937735849 0.494140625 0.6958007811320754 0.494140625 0.7250976566037736 0.49609375 0.7397460933962264 0.4970703125 0.741210937735849 0.5009765625 0.741210937735849 0.50390625 0.7368164066037736 0.505859375 0.7309570311320754 0.5078125 0.7221679688679246
14 0.7802734375 0.328125 0.7763671875 0.33105468773584906 0.7734375 0.3354492188679245 0.7734375 0.3413085933962264 0.7861328125 0.36035156226415094 0.7900390625 0.36328125 0.7958984375 0.36328125 0.798828125 0.3588867188679245 0.798828125 0.3559570311320755 0.7802734375 0.328125
9 0.49609375 0.3647460933962264 0.4951171875 0.36328125 0.4931640625 0.36328125 0.4892578125 0.36621093773584906 0.486328125 0.3706054688679245 0.484375 0.3764648433962264 0.484375 0.3823242188679245 0.486328125 0.3911132811320755 0.4892578125 0.39550781226415094 0.4912109375 0.39550781226415094 0.4921875 0.3940429688679245 0.49609375 0.3764648433962264 0.49609375 0.3647460933962264
9 0.365234375 0.6489257811320754 0.361328125 0.6313476566037736 0.357421875 0.6225585933962264 0.3525390625 0.6152343754716981 0.3505859375 0.6152343754716981 0.345703125 0.6225585933962264 0.34375 0.6284179688679246 0.34375 0.6401367188679246 0.345703125 0.6459960933962264 0.3544921875 0.659179687735849 0.3583984375 0.6621093754716981 0.3642578125 0.6621093754716981 0.365234375 0.6606445311320754 0.365234375 0.6489257811320754
9 0.5322265625 0.700195312264151 0.5283203125 0.700195312264151 0.525390625 0.7045898433962264 0.525390625 0.7163085933962264 0.52734375 0.7221679688679246 0.5302734375 0.7265625 0.5341796875 0.7265625 0.53515625 0.7250976566037736 0.53515625 0.7075195311320754 0.5322265625 0.700195312264151
14 0.3134765625 0.629882812264151 0.3076171875 0.629882812264151 0.296875 0.6459960933962264 0.291015625 0.6606445311320754 0.291015625 0.6694335933962264 0.2919921875 0.670898437735849 0.2978515625 0.670898437735849 0.3046875 0.6635742188679246 0.314453125 0.6401367188679246 0.314453125 0.6313476566037736 0.3134765625 0.629882812264151
1 0.298828125 0.4262695311320755 0.2958984375 0.41894531226415094 0.2861328125 0.41894531226415094 0.2822265625 0.421875 0.27734375 0.4291992188679245 0.275390625 0.4379882811320755 0.275390625 0.4526367188679245 0.27734375 0.4643554688679245 0.2802734375 0.46875 0.2880859375 0.4746093745283019 0.2900390625 0.4746093745283019 0.30078125 0.4614257811320755 0.298828125 0.4262695311320755
1 0.361328125 0.3676757811320755 0.3544921875 0.3574218754716981 0.3486328125 0.35449218773584906 0.3310546875 0.36035156226415094 0.330078125 0.3618164066037736 0.349609375 0.3999023433962264 0.36328125 0.4233398433962264 0.3642578125 0.42480468773584906 0.3701171875 0.42480468773584906 0.37109375 0.4233398433962264 0.37109375 0.3999023433962264 0.361328125 0.3676757811320755
1 0.322265625 0.5727539066037736 0.322265625 0.5581054688679246 0.3173828125 0.55078125 0.2939453125 0.5566406245283019 0.2900390625 0.559570312264151 0.287109375 0.5639648433962264 0.287109375 0.5668945311320754 0.291015625 0.5786132811320754 0.296875 0.5903320311320754 0.3037109375 0.59765625 0.3095703125 0.59765625 0.31640625 0.5874023433962264 0.322265625 0.5727539066037736
1 0.52734375 0.4467773433962264 0.52734375 0.4379882811320755 0.5244140625 0.43359375 0.5146484375 0.4277343745283019 0.5126953125 0.4277343745283019 0.51171875 0.4291992188679245 0.49609375 0.4584960933962264 0.49609375 0.4614257811320755 0.5009765625 0.46875 0.5068359375 0.47167968773584906 0.5107421875 0.47167968773584906 0.5166015625 0.46875 0.525390625 0.4555664066037736 0.52734375 0.4467773433962264
1 0.6484375 0.6840820311320754 0.6474609375 0.682617187735849 0.6201171875 0.682617187735849 0.5908203125 0.694335937735849 0.58984375 0.6958007811320754 0.6025390625 0.71484375 0.6123046875 0.7207031245283019 0.6220703125 0.723632812264151 0.6279296875 0.7207031245283019 0.6357421875 0.71484375 0.642578125 0.7045898433962264 0.6484375 0.6840820311320754
20 0.4443359375 0.609375 0.4404296875 0.612304687735849 0.435546875 0.6196289066037736 0.435546875 0.6372070311320754 0.4384765625 0.641601562264151 0.4443359375 0.641601562264151 0.455078125 0.6254882811320754 0.455078125 0.6137695311320754 0.4521484375 0.609375 0.4443359375 0.609375
27 0.712890625 0.6196289066037736 0.712890625 0.6108398433962264 0.7109375 0.6020507811320754 0.7080078125 0.59765625 0.7001953125 0.5917968754716981 0.6591796875 0.5683593754716981 0.6416015625 0.5800781245283019 0.640625 0.5815429688679246 0.640625 0.5874023433962264 0.66796875 0.6987304688679246 0.6728515625 0.706054687735849 0.6767578125 0.7089843754716981 0.6982421875 0.7089843754716981 0.703125 0.7016601566037736 0.712890625 0.6196289066037736