18 0.603515625 0.08642578113207547 0.6015625 0.07763671886792453 0.5927734375 0.06445312452830189 0.5888671875 0.061523437735849056 0.5810546875 0.05859375 0.5712890625 0.061523437735849056 0.5634765625 0.06738281226415094 0.55859375 0.07470703113207547 0.5546875 0.08642578113207547 0.5546875 0.08935546886792453 0.560546875 0.10693359339622642 0.5654296875 0.11425781226415094 0.5712890625 0.12011718773584906 0.5869140625 0.12011718773584906 0.59765625 0.10693359339622642 0.603515625 0.08642578113207547
18 0.505859375 0.15673828113207547 0.505859375 0.14501953113207547 0.4990234375 0.12890625 0.4892578125 0.12890625 0.4794921875 0.13476562452830187 0.4619140625 0.15234375 0.451171875 0.16845703113207547 0.447265625 0.18017578113207547 0.44921875 0.19189453113207547 0.4560546875 0.20214843773584906 0.4658203125 0.20214843773584906 0.4716796875 0.19921875 0.4970703125 0.17285156226415094 0.50390625 0.1625976566037736 0.505859375 0.15673828113207547
18 0.447265625 0.2651367188679245 0.44921875 0.2592773433962264 0.451171875 0.2446289066037736 0.44921875 0.23876953113207547 0.4404296875 0.22558593773584906 0.4306640625 0.21972656226415094 0.4208984375 0.22265625 0.4140625 0.2329101566037736 0.41015625 0.2446289066037736 0.41015625 0.2534179688679245 0.412109375 0.2622070311320755 0.416015625 0.2709960933962264 0.4208984375 0.27832031226415094 0.4326171875 0.27832031226415094 0.4423828125 0.27246093773584906 0.447265625 0.2651367188679245
18 0.396484375 0.3032226566037736 0.396484375 0.2885742188679245 0.39453125 0.2827148433962264 0.3896484375 0.2753906245283019 0.3857421875 0.27246093773584906 0.3759765625 0.27246093773584906 0.3681640625 0.27832031226415094 0.361328125 0.2885742188679245 0.357421875 0.2973632811320755 0.345703125 0.3295898433962264 0.341796875 0.3471679688679245 0.341796875 0.3588867188679245 0.3466796875 0.36621093773584906 0.3544921875 0.3691406245283019 0.3623046875 0.3691406245283019 0.3701171875 0.36328125 0.376953125 0.3530273433962264 0.396484375 0.3032226566037736
18 0.69921875 0.1860351566037736 0.69140625 0.1625976566037736 0.6884765625 0.15820312452830187 0.6806640625 0.15234375 0.6728515625 0.15234375 0.6669921875 0.15527343773584906 0.662109375 0.1625976566037736 0.66015625 0.17138671886792453 0.66015625 0.18017578113207547 0.673828125 0.21826171886792453 0.6826171875 0.23144531226415094 0.6923828125 0.23144531226415094 0.701171875 0.21826171886792453 0.701171875 0.19482421886792453 0.69921875 0.1860351566037736
18 0.822265625 0.4086914066037736 0.822265625 0.3793945311320755 0.81640625 0.3559570311320755 0.810546875 0.3383789066037736 0.8076171875 0.3339843754716981 0.7958984375 0.3222656245283019 0.7900390625 0.3222656245283019 0.7861328125 0.32519531226415094 0.783203125 0.3295898433962264 0.779296875 0.3413085933962264 0.779296875 0.3500976566037736 0.79296875 0.3999023433962264 0.798828125 0.4174804688679245 0.8037109375 0.42480468773584906 0.8134765625 0.42480468773584906 0.8203125 0.4145507811320755 0.822265625 0.4086914066037736
18 0.7509765625 0.3691406245283019 0.75390625 0.3647460933962264 0.759765625 0.3500976566037736 0.759765625 0.3266601566037736 0.7578125 0.3208007811320755 0.7509765625 0.3105468754716981 0.7412109375 0.3046875 0.7333984375 0.3046875 0.724609375 0.3120117188679245 0.71875 0.3266601566037736 0.71875 0.3325195311320755 0.720703125 0.3413085933962264 0.73046875 0.3706054688679245 0.7353515625 0.37792968773584906 0.7373046875 0.37792968773584906 0.7431640625 0.375 0.7509765625 0.3691406245283019
18 0.609375 0.4116210933962264 0.615234375 0.3764648433962264 0.615234375 0.3618164066037736 0.61328125 0.3530273433962264 0.6064453125 0.34277343773584906 0.5966796875 0.34277343773584906 0.5927734375 0.3457031245283019 0.587890625 0.3530273433962264 0.578125 0.3823242188679245 0.578125 0.4145507811320755 0.580078125 0.4204101566037736 0.5849609375 0.4277343745283019 0.5927734375 0.43066406226415094 0.6025390625 0.42480468773584906 0.60546875 0.4204101566037736 0.609375 0.4116210933962264
18 0.6220703125 0.512695312264151 0.62890625 0.5024414066037736 0.6328125 0.48779296886792456 0.630859375 0.4790039066037736 0.6259765625 0.47167968773584906 0.6181640625 0.46582031226415094 0.5908203125 0.46582031226415094 0.5751953125 0.47167968773584906 0.5703125 0.4790039066037736 0.568359375 0.48486328113207544 0.568359375 0.5053710933962264 0.5732421875 0.512695312264151 0.5810546875 0.518554687735849 0.5908203125 0.5214843754716981 0.6044921875 0.5214843754716981 0.6123046875 0.518554687735849 0.6220703125 0.512695312264151
18 0.708984375 0.5200195311320754 0.7109375 0.5141601566037736 0.712890625 0.5024414066037736 0.712890625 0.4936523433962264 0.708984375 0.4526367188679245 0.7001953125 0.4394531245283019 0.6943359375 0.4394531245283019 0.6884765625 0.44238281226415094 0.6875 0.4438476566037736 0.68359375 0.4526367188679245 0.68359375 0.4760742188679245 0.689453125 0.5141601566037736 0.6962890625 0.524414062264151 0.7001953125 0.52734375 0.7021484375 0.52734375 0.7060546875 0.524414062264151 0.708984375 0.5200195311320754
18 0.7783203125 0.47167968773584906 0.7822265625 0.46875 0.78515625 0.4643554688679245 0.787109375 0.4584960933962264 0.787109375 0.4497070311320755 0.7744140625 0.43652343773584906 0.7705078125 0.43359375 0.7431640625 0.42480468773584906 0.7314453125 0.42480468773584906 0.72265625 0.4379882811320755 0.72265625 0.4438476566037736 0.724609375 0.4526367188679245 0.7314453125 0.4628906245283019 0.7392578125 0.46875 0.7587890625 0.4746093745283019 0.7705078125 0.4746093745283019 0.7783203125 0.47167968773584906
18 0.8125 0.5493164066037736 0.7998046875 0.530273437735849 0.7841796875 0.518554687735849 0.7783203125 0.515625 0.7705078125 0.515625 0.7626953125 0.5214843754716981 0.759765625 0.5258789066037736 0.7578125 0.5317382811320754 0.7578125 0.5434570311320754 0.7626953125 0.55078125 0.7939453125 0.57421875 0.8056640625 0.57421875 0.8095703125 0.571289062264151 0.8125 0.5668945311320754 0.8125 0.5493164066037736
18 0.8076171875 0.676757812264151 0.8115234375 0.6738281245283019 0.818359375 0.6635742188679246 0.822265625 0.6489257811320754 0.8173828125 0.641601562264151 0.7802734375 0.6152343754716981 0.7744140625 0.6152343754716981 0.767578125 0.6254882811320754 0.767578125 0.6313476566037736 0.76953125 0.6430664066037736 0.771484375 0.6489257811320754 0.7822265625 0.665039062264151 0.7880859375 0.670898437735849 0.7958984375 0.676757812264151 0.8076171875 0.676757812264151
18 0.7138671875 0.706054687735849 0.7197265625 0.700195312264151 0.7265625 0.6899414066037736 0.728515625 0.6840820311320754 0.728515625 0.6635742188679246 0.7265625 0.6577148433962264 0.7236328125 0.653320312264151 0.7119140625 0.653320312264151 0.6884765625 0.670898437735849 0.68359375 0.6782226566037736 0.681640625 0.6840820311320754 0.681640625 0.6958007811320754 0.68359375 0.7016601566037736 0.6884765625 0.7089843754716981 0.6962890625 0.71484375 0.7001953125 0.71484375 0.7060546875 0.711914062264151 0.7138671875 0.706054687735849
18 0.6142578125 0.6972656245283019 0.619140625 0.6899414066037736 0.619140625 0.6665039066037736 0.6142578125 0.65625 0.5791015625 0.629882812264151 0.5712890625 0.6269531245283019 0.5654296875 0.6269531245283019 0.5595703125 0.629882812264151 0.552734375 0.6401367188679246 0.552734375 0.6577148433962264 0.5546875 0.6635742188679246 0.5615234375 0.6738281245283019 0.5732421875 0.6855468754716981 0.5927734375 0.700195312264151 0.6103515625 0.700195312264151 0.6142578125 0.6972656245283019
18 0.53515625 0.5844726566037736 0.5390625 0.5727539066037736 0.5390625 0.5639648433962264 0.537109375 0.5581054688679246 0.5322265625 0.55078125 0.5263671875 0.547851562264151 0.5185546875 0.547851562264151 0.5107421875 0.553710937735849 0.501953125 0.5668945311320754 0.494140625 0.5815429688679246 0.4921875 0.5874023433962264 0.4921875 0.6166992188679246 0.4990234375 0.6269531245283019 0.5029296875 0.629882812264151 0.5068359375 0.629882812264151 0.5126953125 0.6269531245283019 0.521484375 0.6137695311320754 0.53515625 0.5844726566037736
18 0.400390625 0.7514648433962264 0.40234375 0.7456054688679246 0.40234375 0.7338867188679246 0.3994140625 0.7265625 0.3896484375 0.717773437735849 0.3759765625 0.717773437735849 0.37109375 0.7221679688679246 0.3671875 0.7309570311320754 0.3671875 0.7426757811320754 0.369140625 0.7514648433962264 0.3720703125 0.758789062264151 0.3779296875 0.764648437735849 0.3857421875 0.764648437735849 0.3955078125 0.758789062264151 0.400390625 0.7514648433962264
1 0.4892578125 0.703125 0.498046875 0.6899414066037736 0.5 0.6840820311320754 0.5 0.6723632811320754 0.4677734375 0.6328125 0.4658203125 0.6328125 0.4619140625 0.635742187735849 0.451171875 0.6518554688679246 0.447265625 0.6694335933962264 0.447265625 0.6840820311320754 0.451171875 0.6987304688679246 0.4560546875 0.706054687735849 0.4638671875 0.711914062264151 0.4794921875 0.711914062264151 0.4833984375 0.7089843754716981 0.4892578125 0.703125
1 0.5673828125 0.3515625 0.5703125 0.3471679688679245 0.5703125 0.3383789066037736 0.564453125 0.3002929688679245 0.5595703125 0.29296875 0.5517578125 0.29296875 0.5458984375 0.2988281245283019 0.54296875 0.3032226566037736 0.5390625 0.3149414066037736 0.5390625 0.3237304688679245 0.541015625 0.3354492188679245 0.54296875 0.3413085933962264 0.5478515625 0.34863281226415094 0.5517578125 0.3515625 0.5595703125 0.35449218773584906 0.5673828125 0.3515625
1 0.568359375 0.1625976566037736 0.5654296875 0.15820312452830187 0.5615234375 0.15527343773584906 0.5537109375 0.15527343773584906 0.5439453125 0.15820312452830187 0.5322265625 0.16699218773584906 0.529296875 0.17138671886792453 0.525390625 0.18017578113207547 0.5234375 0.1889648433962264 0.5234375 0.2006835933962264 0.525390625 0.20654296886792453 0.5263671875 0.20800781226415094 0.5439453125 0.21386718773584906 0.5703125 0.1743164066037736 0.5703125 0.16845703113207547 0.568359375 0.1625976566037736
21 0.453125 0.5961914066037736 0.421875 0.3793945311320755 0.4189453125 0.375 0.4130859375 0.3691406245283019 0.4052734375 0.36328125 0.3974609375 0.36035156226415094 0.3759765625 0.36035156226415094 0.3662109375 0.36621093773584906 0.3515625 0.3881835933962264 0.34375 0.4057617188679245 0.33984375 0.4174804688679245 0.33203125 0.4497070311320755 0.302734375 0.5844726566037736 0.3056640625 0.5917968754716981 0.3115234375 0.59765625 0.3974609375 0.641601562264151 0.4072265625 0.641601562264151 0.4189453125 0.635742187735849 0.4501953125 0.600585937735849 0.453125 0.5961914066037736
9 0.5498046875 0.4277343745283019 0.5458984375 0.4277343745283019 0.53515625 0.4467773433962264 0.533203125 0.4526367188679245 0.533203125 0.4672851566037736 0.5341796875 0.46875 0.5439453125 0.46875 0.5478515625 0.46582031226415094 0.5546875 0.4555664066037736 0.5546875 0.4350585933962264 0.5498046875 0.4277343745283019
9 0.6328125 0.21533203113207547 0.634765625 0.2094726566037736 0.638671875 0.19189453113207547 0.638671875 0.1772460933962264 0.634765625 0.1538085933962264 0.6318359375 0.14941406226415094 0.6279296875 0.14941406226415094 0.6201171875 0.15527343773584906 0.6083984375 0.16699218773584906 0.59375 0.1889648433962264 0.583984375 0.21826171886792453 0.583984375 0.2446289066037736 0.58984375 0.2680664066037736 0.5947265625 0.27246093773584906 0.5966796875 0.27246093773584906 0.6064453125 0.26074218773584906 0.611328125 0.2534179688679245 0.6328125 0.21533203113207547
12 0.681640625 0.3793945311320755 0.6875 0.3676757811320755 0.69140625 0.3559570311320755 0.69140625 0.3413085933962264 0.673828125 0.2973632811320755 0.6708984375 0.29296875 0.6630859375 0.29296875 0.6552734375 0.2988281245283019 0.6494140625 0.3046875 0.634765625 0.3266601566037736 0.630859375 0.3354492188679245 0.630859375 0.3647460933962264 0.6328125 0.3706054688679245 0.6435546875 0.38671875 0.6513671875 0.3925781245283019 0.6669921875 0.3925781245283019 0.6748046875 0.38671875 0.681640625 0.3793945311320755
12 0.705078125 0.6342773433962264 0.703125 0.6225585933962264 0.69140625 0.5991210933962264 0.6845703125 0.588867187735849 0.6728515625 0.57421875 0.6630859375 0.5683593754716981 0.6494140625 0.5683593754716981 0.6416015625 0.571289062264151 0.6337890625 0.5800781245283019 0.62890625 0.5874023433962264 0.626953125 0.5991210933962264 0.626953125 0.6108398433962264 0.630859375 0.6284179688679246 0.6337890625 0.635742187735849 0.6943359375 0.64453125 0.7021484375 0.64453125 0.703125 0.6430664066037736 0.705078125 0.6342773433962264