20 0.25 0.3823242188679245 0.2529296875 0.38671875 0.3095703125 0.38378906226415094 0.3359375 0.3618164066037736 0.3115234375 0.30761718773584906 0.2861328125 0.28125 0.283203125 0.2856445311320755 0.25 0.3823242188679245
20 0.318359375 0.5258789066037736 0.3125 0.4936523433962264 0.30859375 0.4819335933962264 0.3056640625 0.47753906226415094 0.2646484375 0.47167968773584906 0.26171875 0.4760742188679245 0.267578125 0.49658203113207544 0.2783203125 0.524414062264151 0.3056640625 0.547851562264151 0.3134765625 0.547851562264151 0.31640625 0.5434570311320754 0.318359375 0.5375976566037736 0.318359375 0.5258789066037736
20 0.62109375 0.6166992188679246 0.625 0.5874023433962264 0.625 0.5815429688679246 0.5986328125 0.547851562264151 0.59765625 0.5493164066037736 0.580078125 0.6108398433962264 0.58203125 0.6518554688679246 0.5830078125 0.653320312264151 0.6064453125 0.64453125 0.6103515625 0.641601562264151 0.61328125 0.6372070311320754 0.6171875 0.6284179688679246 0.62109375 0.6166992188679246
20 0.6767578125 0.5332031245283019 0.6552734375 0.547851562264151 0.654296875 0.5493164066037736 0.6845703125 0.618164062264151 0.685546875 0.6166992188679246 0.6875 0.5961914066037736 0.6875 0.5551757811320754 0.68359375 0.5375976566037736 0.6806640625 0.5332031245283019 0.6767578125 0.5332031245283019
13 0.677734375 0.3090820311320755 0.6748046875 0.3046875 0.6513671875 0.28417968773584906 0.6455078125 0.28125 0.6220703125 0.28125 0.619140625 0.2856445311320755 0.611328125 0.3354492188679245 0.611328125 0.3413085933962264 0.6181640625 0.34863281226415094 0.6591796875 0.33984375 0.6728515625 0.3339843754716981 0.6796875 0.3237304688679245 0.6796875 0.3149414066037736 0.677734375 0.3090820311320755
13 0.4140625 0.4350585933962264 0.4111328125 0.43066406226415094 0.3916015625 0.421875 0.3681640625 0.421875 0.3525390625 0.42480468773584906 0.3427734375 0.4277343745283019 0.337890625 0.4321289066037736 0.33203125 0.4643554688679245 0.3369140625 0.47167968773584906 0.3681640625 0.48046875 0.3994140625 0.483398437735849 0.4052734375 0.47753906226415094 0.416015625 0.4614257811320755 0.41796875 0.4467773433962264 0.4140625 0.4350585933962264
18 0.333984375 0.6137695311320754 0.333984375 0.6049804688679246 0.33203125 0.5961914066037736 0.3271484375 0.588867187735849 0.3212890625 0.583007812264151 0.3154296875 0.583007812264151 0.2861328125 0.594726562264151 0.2822265625 0.59765625 0.2734375 0.6108398433962264 0.271484375 0.6166992188679246 0.2734375 0.6284179688679246 0.2802734375 0.6386718754716981 0.2880859375 0.64453125 0.3134765625 0.64453125 0.3232421875 0.6386718754716981 0.330078125 0.6284179688679246 0.333984375 0.6137695311320754
18 0.537109375 0.6079101566037736 0.533203125 0.5903320311320754 0.5234375 0.5668945311320754 0.5107421875 0.547851562264151 0.5029296875 0.541992187735849 0.4912109375 0.541992187735849 0.486328125 0.5522460933962264 0.484375 0.5581054688679246 0.484375 0.5727539066037736 0.486328125 0.5815429688679246 0.50390625 0.6196289066037736 0.5126953125 0.6328125 0.5263671875 0.6328125 0.53515625 0.6196289066037736 0.537109375 0.6079101566037736
18 0.4765625 0.7104492188679246 0.478515625 0.6987304688679246 0.4765625 0.6840820311320754 0.474609375 0.6782226566037736 0.4697265625 0.670898437735849 0.4619140625 0.6621093754716981 0.4521484375 0.65625 0.4326171875 0.65625 0.4267578125 0.6621093754716981 0.423828125 0.6665039066037736 0.421875 0.6723632811320754 0.419921875 0.6870117188679246 0.419921875 0.6928710933962264 0.4228515625 0.6972656245283019 0.4619140625 0.729492187735849 0.4677734375 0.729492187735849 0.470703125 0.7250976566037736 0.474609375 0.7163085933962264 0.4765625 0.7104492188679246
18 0.509765625 0.18017578113207547 0.5029296875 0.16992187547169813 0.5009765625 0.16992187547169813 0.49609375 0.18017578113207547 0.494140625 0.1860351566037736 0.494140625 0.19189453113207547 0.49609375 0.2094726566037736 0.498046875 0.21533203113207547 0.5009765625 0.21972656226415094 0.5048828125 0.21972656226415094 0.509765625 0.2124023433962264 0.509765625 0.18017578113207547
27 0.58203125 0.2211914066037736 0.5771484375 0.2109375 0.5732421875 0.20800781226415094 0.5712890625 0.20800781226415094 0.5537109375 0.22558593773584906 0.4990234375 0.29296875 0.4921875 0.3032226566037736 0.4990234375 0.31347656226415094 0.5498046875 0.36621093773584906 0.5595703125 0.36621093773584906 0.5625 0.3618164066037736 0.56640625 0.3471679688679245 0.583984375 0.2504882811320755 0.58203125 0.2211914066037736
4 0.66796875 0.48779296886792456 0.671875 0.4731445311320755 0.669921875 0.4379882811320755 0.6689453125 0.43652343773584906 0.6298828125 0.45703125 0.625 0.4643554688679245 0.625 0.4819335933962264 0.6337890625 0.495117187735849 0.6416015625 0.500976562264151 0.6474609375 0.50390625 0.6513671875 0.50390625 0.6591796875 0.500976562264151 0.66796875 0.48779296886792456
3 0.36328125 0.7250976566037736 0.357421875 0.7133789066037736 0.3525390625 0.706054687735849 0.3447265625 0.700195312264151 0.3251953125 0.703125 0.31640625 0.7104492188679246 0.314453125 0.7163085933962264 0.314453125 0.7250976566037736 0.322265625 0.7456054688679246 0.3291015625 0.7558593754716981 0.3505859375 0.76171875 0.3603515625 0.75 0.365234375 0.7426757811320754 0.36328125 0.7250976566037736
3 0.4794921875 0.46582031226415094 0.4619140625 0.47753906226415094 0.4609375 0.4790039066037736 0.4609375 0.4819335933962264 0.4658203125 0.489257812264151 0.4873046875 0.4980468754716982 0.490234375 0.4936523433962264 0.490234375 0.4790039066037736 0.4833984375 0.46582031226415094 0.4794921875 0.46582031226415094
1 0.4130859375 0.583007812264151 0.4052734375 0.577148437735849 0.3974609375 0.577148437735849 0.3876953125 0.5859375 0.384765625 0.5903320311320754 0.380859375 0.6049804688679246 0.38671875 0.6166992188679246 0.3896484375 0.62109375 0.3935546875 0.624023437735849 0.4013671875 0.62109375 0.4189453125 0.6035156245283019 0.423828125 0.5961914066037736 0.4130859375 0.583007812264151
11 0.5615234375 0.735351562264151 0.5498046875 0.7265625 0.5439453125 0.7265625 0.541015625 0.7309570311320754 0.541015625 0.7338867188679246 0.5419921875 0.735351562264151 0.5615234375 0.752929687735849 0.5634765625 0.752929687735849 0.56640625 0.7485351566037736 0.56640625 0.7426757811320754 0.5615234375 0.735351562264151
9 0.5029296875 0.38964843773584906 0.494140625 0.3969726566037736 0.490234375 0.4057617188679245 0.490234375 0.4116210933962264 0.4931640625 0.4160156245283019 0.4951171875 0.4160156245283019 0.4990234375 0.41308593773584906 0.505859375 0.4028320311320755 0.505859375 0.3940429688679245 0.5029296875 0.38964843773584906