21 0.546875 0.3823242188679245 0.541015625 0.2329101566037736 0.53515625 0.2006835933962264 0.517578125 0.1538085933962264 0.5126953125 0.14648437547169813 0.5068359375 0.14648437547169813 0.4267578125 0.15820312452830187 0.4033203125 0.16699218773584906 0.3837890625 0.17871093773584906 0.37890625 0.18310546886792453 0.376953125 0.1889648433962264 0.376953125 0.2211914066037736 0.3828125 0.3618164066037736 0.3857421875 0.36621093773584906 0.3935546875 0.3691406245283019 0.5439453125 0.38378906226415094 0.5458984375 0.38378906226415094 0.546875 0.3823242188679245
21 0.2060546875 0.4042968745283019 0.197265625 0.4174804688679245 0.19140625 0.4350585933962264 0.18359375 0.5141601566037736 0.1845703125 0.515625 0.2001953125 0.515625 0.263671875 0.4702148433962264 0.26171875 0.3940429688679245 0.2607421875 0.3925781245283019 0.2353515625 0.37792968773584906 0.2060546875 0.4042968745283019
13 0.6953125 0.4350585933962264 0.6953125 0.4291992188679245 0.693359375 0.4174804688679245 0.6875 0.3940429688679245 0.673828125 0.3530273433962264 0.6689453125 0.3457031245283019 0.6650390625 0.34277343773584906 0.6533203125 0.33984375 0.64453125 0.3471679688679245 0.638671875 0.3706054688679245 0.638671875 0.3793945311320755 0.64453125 0.4262695311320755 0.6484375 0.4409179688679245 0.6533203125 0.4453125 0.6552734375 0.4453125 0.6923828125 0.4394531245283019 0.6953125 0.4350585933962264
13 0.28125 0.6928710933962264 0.279296875 0.6225585933962264 0.2744140625 0.6152343754716981 0.2333984375 0.6152343754716981 0.228515625 0.6225585933962264 0.2265625 0.6342773433962264 0.232421875 0.7016601566037736 0.234375 0.7075195311320754 0.2421875 0.7250976566037736 0.2490234375 0.735351562264151 0.2587890625 0.735351562264151 0.2685546875 0.729492187735849 0.28125 0.6928710933962264
27 0.4541015625 0.4863281245283018 0.4248046875 0.495117187735849 0.4189453125 0.4980468754716982 0.4111328125 0.50390625 0.408203125 0.5083007811320754 0.3984375 0.5756835933962264 0.3984375 0.5991210933962264 0.4267578125 0.635742187735849 0.4326171875 0.635742187735849 0.435546875 0.6313476566037736 0.482421875 0.5258789066037736 0.4638671875 0.4863281245283018 0.4541015625 0.4863281245283018
3 0.6708984375 0.4921875 0.6298828125 0.524414062264151 0.62890625 0.5258789066037736 0.62890625 0.5815429688679246 0.6298828125 0.583007812264151 0.6748046875 0.57421875 0.6826171875 0.571289062264151 0.68359375 0.5698242188679246 0.6953125 0.5229492188679246 0.6708984375 0.4921875
3 0.369140625 0.6606445311320754 0.36328125 0.6372070311320754 0.3583984375 0.6328125 0.3486328125 0.6328125 0.34375 0.6372070311320754 0.341796875 0.6518554688679246 0.341796875 0.6870117188679246 0.3466796875 0.694335937735849 0.3505859375 0.694335937735849 0.3623046875 0.69140625 0.365234375 0.6870117188679246 0.369140625 0.6635742188679246 0.369140625 0.6606445311320754
18 0.318359375 0.2944335933962264 0.3134765625 0.2871093754716981 0.3095703125 0.2871093754716981 0.2919921875 0.30175781226415094 0.283203125 0.3178710933962264 0.28125 0.3266601566037736 0.28125 0.3471679688679245 0.283203125 0.3588867188679245 0.2919921875 0.3691406245283019 0.3056640625 0.3691406245283019 0.32421875 0.3149414066037736 0.32421875 0.3090820311320755 0.318359375 0.2944335933962264
20 0.3955078125 0.706054687735849 0.3837890625 0.7089843754716981 0.3828125 0.7104492188679246 0.37890625 0.7192382811320754 0.37890625 0.7280273433962264 0.3828125 0.7368164066037736 0.3935546875 0.752929687735849 0.3994140625 0.758789062264151 0.4091796875 0.758789062264151 0.421875 0.7368164066037736 0.3955078125 0.706054687735849
20 0.537109375 0.7192382811320754 0.5322265625 0.706054687735849 0.4951171875 0.6796875 0.4931640625 0.6796875 0.4814453125 0.6855468754716981 0.48046875 0.6870117188679246 0.48046875 0.6987304688679246 0.5029296875 0.729492187735849 0.5146484375 0.735351562264151 0.5263671875 0.73828125 0.5341796875 0.735351562264151 0.537109375 0.7309570311320754 0.537109375 0.7192382811320754
20 0.576171875 0.6752929688679246 0.576171875 0.6430664066037736 0.572265625 0.6313476566037736 0.5693359375 0.6269531245283019 0.5615234375 0.62109375 0.5439453125 0.6152343754716981 0.5400390625 0.6152343754716981 0.5166015625 0.624023437735849 0.515625 0.6254882811320754 0.515625 0.6284179688679246 0.5224609375 0.641601562264151 0.5634765625 0.682617187735849 0.5673828125 0.6855468754716981 0.5712890625 0.6855468754716981 0.57421875 0.6811523433962264 0.576171875 0.6752929688679246
20 0.533203125 0.5756835933962264 0.5263671875 0.559570312264151 0.5185546875 0.559570312264151 0.5068359375 0.5683593754716981 0.4912109375 0.583007812264151 0.484375 0.5932617188679246 0.486328125 0.6020507811320754 0.4892578125 0.606445312264151 0.4931640625 0.609375 0.4990234375 0.609375 0.5361328125 0.600585937735849 0.537109375 0.5991210933962264 0.533203125 0.5756835933962264
1 0.65625 0.7485351566037736 0.658203125 0.7426757811320754 0.658203125 0.7397460933962264 0.64453125 0.6958007811320754 0.6435546875 0.694335937735849 0.6337890625 0.700195312264151 0.62890625 0.7045898433962264 0.625 0.7163085933962264 0.625 0.7309570311320754 0.626953125 0.7397460933962264 0.630859375 0.7514648433962264 0.6376953125 0.758789062264151 0.6474609375 0.758789062264151 0.6513671875 0.7558593754716981 0.65625 0.7485351566037736
1 0.224609375 0.5932617188679246 0.2001953125 0.55078125 0.1962890625 0.547851562264151 0.1884765625 0.547851562264151 0.185546875 0.5522460933962264 0.18359375 0.5581054688679246 0.18359375 0.5727539066037736 0.189453125 0.5961914066037736 0.1962890625 0.606445312264151 0.2001953125 0.609375 0.2138671875 0.609375 0.224609375 0.5991210933962264 0.224609375 0.5932617188679246
14 0.3115234375 0.7441406245283019 0.3095703125 0.7441406245283019 0.3046875 0.7514648433962264 0.296875 0.7690429688679246 0.296875 0.7719726566037736 0.302734375 0.7924804688679246 0.3056640625 0.796875 0.318359375 0.7836914066037736 0.322265625 0.7661132811320754 0.322265625 0.7602539066037736 0.3115234375 0.7441406245283019
9 0.4775390625 0.659179687735849 0.470703125 0.6694335933962264 0.4716796875 0.670898437735849 0.4775390625 0.670898437735849 0.4814453125 0.66796875 0.484375 0.6635742188679246 0.484375 0.6606445311320754 0.4833984375 0.659179687735849 0.4775390625 0.659179687735849