11 0.4580078125 0.13183593773584906 0.4501953125 0.12890625 0.4365234375 0.12890625 0.435546875 0.1303710933962264 0.431640625 0.1420898433962264 0.431640625 0.14501953113207547 0.4326171875 0.14648437547169813 0.4423828125 0.14648437547169813 0.4619140625 0.14355468773584906 0.462890625 0.1420898433962264 0.462890625 0.13623046886792453 0.4580078125 0.13183593773584906
13 0.4619140625 0.14355468773584906 0.450782446875 0.1519086075471698 0.447575933125 0.1547143075471698 0.451171875 0.1772460933962264 0.4521484375 0.17871093773584906 0.4560546875 0.17871093773584906 0.466796875 0.16845703113207547 0.466796875 0.14794921886792453 0.4638671875 0.14355468773584906 0.4619140625 0.14355468773584906
13 0.5859375 0.3383789066037736 0.5927734375 0.34863281226415094 0.6005859375 0.3457031245283019 0.60546875 0.3413085933962264 0.60546875 0.3149414066037736 0.6025390625 0.3105468754716981 0.587890625 0.3237304688679245 0.5859375 0.3383789066037736
13 0.3818359375 0.26953125 0.375 0.2797851566037736 0.375 0.2856445311320755 0.3759765625 0.2871093754716981 0.3857421875 0.2871093754716981 0.38671875 0.2856445311320755 0.384765625 0.2709960933962264 0.3837890625 0.26953125 0.3818359375 0.26953125
13 0.5224609375 0.30175781226415094 0.521484375 0.3032226566037736 0.521484375 0.3061523433962264 0.525390625 0.3149414066037736 0.5283203125 0.31933593773584906 0.5302734375 0.31933593773584906 0.537109375 0.3090820311320755 0.5341796875 0.3046875 0.5224609375 0.30175781226415094
13 0.4384765625 0.682617187735849 0.4365234375 0.682617187735849 0.4306640625 0.688476562264151 0.427734375 0.6928710933962264 0.4306640625 0.6972656245283019 0.4384765625 0.703125 0.4404296875 0.703125 0.4453125 0.6928710933962264 0.4453125 0.6899414066037736 0.4423828125 0.6855468754716981 0.4384765625 0.682617187735849
11 0.3515625 0.3090820311320755 0.353515625 0.3149414066037736 0.3564453125 0.31933593773584906 0.3603515625 0.31933593773584906 0.36328125 0.3149414066037736 0.3671875 0.2973632811320755 0.3642578125 0.29003906226415094 0.3515625 0.3090820311320755
11 0.4814453125 0.34277343773584906 0.4775390625 0.3457031245283019 0.46875 0.3588867188679245 0.46875 0.3618164066037736 0.4716796875 0.36621093773584906 0.4755859375 0.36621093773584906 0.48046875 0.3588867188679245 0.486328125 0.3442382811320755 0.4853515625 0.34277343773584906 0.4814453125 0.34277343773584906
11 0.5712890625 0.2519531245283019 0.568359375 0.2563476566037736 0.56640625 0.2622070311320755 0.56640625 0.2739257811320755 0.5673828125 0.2753906245283019 0.5693359375 0.2753906245283019 0.576171875 0.2651367188679245 0.576171875 0.2534179688679245 0.5751953125 0.2519531245283019 0.5712890625 0.2519531245283019
18 0.42578125 0.6928710933962264 0.4296875 0.6840820311320754 0.4296875 0.6635742188679246 0.42578125 0.6489257811320754 0.4169921875 0.635742187735849 0.4091796875 0.6328125 0.4013671875 0.6328125 0.3955078125 0.635742187735849 0.392578125 0.6401367188679246 0.384765625 0.6752929688679246 0.384765625 0.6782226566037736 0.390625 0.6928710933962264 0.3974609375 0.703125 0.4033203125 0.706054687735849 0.4111328125 0.706054687735849 0.4189453125 0.703125 0.42578125 0.6928710933962264
18 0.455078125 0.3178710933962264 0.4482421875 0.30761718773584906 0.4443359375 0.30761718773584906 0.439453125 0.3149414066037736 0.439453125 0.3237304688679245 0.44921875 0.3530273433962264 0.4560546875 0.36328125 0.4619140625 0.36328125 0.46484375 0.3588867188679245 0.46484375 0.3442382811320755 0.455078125 0.3178710933962264
18 0.3046875 0.4584960933962264 0.3037109375 0.45703125 0.2998046875 0.45703125 0.2841796875 0.47167968773584906 0.28125 0.4760742188679245 0.28125 0.48486328113207544 0.2822265625 0.4863281245283018 0.2880859375 0.4863281245283018 0.2939453125 0.483398437735849 0.30078125 0.4731445311320755 0.3046875 0.4643554688679245 0.3046875 0.4584960933962264
6 0.357421875 0.4790039066037736 0.353515625 0.4262695311320755 0.341796875 0.4028320311320755 0.3369140625 0.39550781226415094 0.3271484375 0.38964843773584906 0.3251953125 0.38964843773584906 0.3203125 0.4028320311320755 0.314453125 0.4350585933962264 0.310546875 0.4731445311320755 0.310546875 0.48779296886792456 0.3125 0.5229492188679246 0.3349609375 0.5390625 0.3486328125 0.5390625 0.353515625 0.5288085933962264 0.357421875 0.5141601566037736 0.357421875 0.4790039066037736
27 0.26171875 0.5346679688679246 0.26953125 0.5170898433962264 0.271484375 0.5112304688679246 0.2734375 0.49951171886792456 0.265625 0.4497070311320755 0.263671875 0.4409179688679245 0.259765625 0.4291992188679245 0.255859375 0.4204101566037736 0.2451171875 0.4042968745283019 0.2392578125 0.40136718773584906 0.2353515625 0.40136718773584906 0.234375 0.4028320311320755 0.208984375 0.4526367188679245 0.208984375 0.4614257811320755 0.234375 0.5346679688679246 0.2392578125 0.5390625 0.2451171875 0.541992187735849 0.2490234375 0.541992187735849 0.2568359375 0.5390625 0.26171875 0.5346679688679246
12 0.404296875 0.3969726566037736 0.404296875 0.3735351566037736 0.40234375 0.3647460933962264 0.396484375 0.3442382811320755 0.392578125 0.3354492188679245 0.3876953125 0.328125 0.3818359375 0.3222656245283019 0.3720703125 0.3222656245283019 0.3671875 0.3295898433962264 0.3671875 0.3383789066037736 0.38671875 0.4145507811320755 0.3876953125 0.4160156245283019 0.3935546875 0.4160156245283019 0.3974609375 0.41308593773584906 0.400390625 0.4086914066037736 0.404296875 0.3969726566037736
12 0.435546875 0.5258789066037736 0.44140625 0.5112304688679246 0.44140625 0.5024414066037736 0.4384765625 0.4980468754716982 0.4189453125 0.48046875 0.4111328125 0.483398437735849 0.404296875 0.4936523433962264 0.40234375 0.5024414066037736 0.40234375 0.5170898433962264 0.404296875 0.5258789066037736 0.4072265625 0.530273437735849 0.4150390625 0.536132812264151 0.4267578125 0.536132812264151 0.4306640625 0.5332031245283019 0.435546875 0.5258789066037736
20 0.3681640625 0.15527343773584906 0.3642578125 0.15527343773584906 0.361328125 0.15966796886792453 0.359375 0.1655273433962264 0.359375 0.17138671886792453 0.3623046875 0.17578125 0.3759765625 0.1875 0.3779296875 0.1875 0.40234375 0.1655273433962264 0.4013671875 0.1640625 0.3681640625 0.15527343773584906
20 0.3369140625 0.5625 0.33203125 0.5698242188679246 0.33203125 0.5786132811320754 0.3330078125 0.5800781245283019 0.3388671875 0.5800781245283019 0.345703125 0.5727539066037736 0.345703125 0.5668945311320754 0.3427734375 0.5625 0.3369140625 0.5625
14 0.5322265625 0.6386718754716981 0.5302734375 0.6386718754716981 0.5224609375 0.64453125 0.521484375 0.6459960933962264 0.521484375 0.6518554688679246 0.5224609375 0.653320312264151 0.5244140625 0.653320312264151 0.5322265625 0.647460937735849 0.533203125 0.6459960933962264 0.533203125 0.6401367188679246 0.5322265625 0.6386718754716981
9 0.5283203125 0.670898437735849 0.5328686312500001 0.6729752216981132 0.5341563756250001 0.6685325037735849 0.5302734375 0.665039062264151 0.525270939375 0.6637034622641509 0.5244982925 0.6662145641509435 0.5283203125 0.670898437735849
1 0.521484375 0.4731445311320755 0.5185546875 0.46875 0.5126953125 0.4628906245283019 0.5029296875 0.45996093773584906 0.4970703125 0.45996093773584906 0.4892578125 0.4628906245283019 0.482421875 0.4731445311320755 0.4765625 0.49951171886792456 0.4833984375 0.5097656245283019 0.5263671875 0.5214843754716981 0.52734375 0.5200195311320754 0.529296875 0.5024414066037736 0.529296875 0.49658203113207544 0.525390625 0.4819335933962264 0.521484375 0.4731445311320755
9 0.6669921875 0.489257812264151 0.6640625 0.4936523433962264 0.6640625 0.5053710933962264 0.6689453125 0.5097656245283019 0.6708984375 0.5097656245283019 0.671875 0.5083007811320754 0.671875 0.4936523433962264 0.6689453125 0.489257812264151 0.6669921875 0.489257812264151
3 0.6865234375 0.41894531226415094 0.6845703125 0.41894531226415094 0.6728515625 0.42480468773584906 0.66796875 0.4379882811320755 0.666015625 0.4526367188679245 0.6748046875 0.46582031226415094 0.6767578125 0.46582031226415094 0.6982421875 0.45410156226415094 0.69921875 0.4526367188679245 0.705078125 0.4291992188679245 0.7041015625 0.4277343745283019 0.6865234375 0.41894531226415094
7 0.689453125 0.3852539066037736 0.6845703125 0.3808593754716981 0.6787109375 0.3808593754716981 0.6630859375 0.38671875 0.6455078125 0.4042968745283019 0.640625 0.4116210933962264 0.6328125 0.4467773433962264 0.6416015625 0.4628906245283019 0.6455078125 0.46582031226415094 0.6513671875 0.46582031226415094 0.6572265625 0.45996093773584906 0.669921875 0.4409179688679245 0.689453125 0.4028320311320755 0.689453125 0.3852539066037736
21 0.3984375 0.18017578113207547 0.3955078125 0.17285156226415094 0.3447265625 0.14941406226415094 0.3388671875 0.14941406226415094 0.2880859375 0.22265625 0.279296875 0.23876953113207547 0.27734375 0.2475585933962264 0.28125 0.2739257811320755 0.294921875 0.3383789066037736 0.2958984375 0.33984375 0.3134765625 0.34277343773584906 0.4189453125 0.26074218773584906 0.421875 0.2563476566037736 0.3984375 0.18017578113207547
21 0.55859375 0.20361328113207547 0.5546875 0.19482421886792453 0.5478515625 0.18457031226415094 0.5400390625 0.18164062452830187 0.4873046875 0.17578125 0.4384765625 0.20800781226415094 0.4375 0.2094726566037736 0.47265625 0.2944335933962264 0.4755859375 0.2988281245283019 0.4794921875 0.30175781226415094 0.5009765625 0.2988281245283019 0.564453125 0.2475585933962264 0.564453125 0.22705078113207547 0.55859375 0.20361328113207547
21 0.5087890625 0.3339843754716981 0.5068359375 0.3339843754716981 0.4951171875 0.34277343773584906 0.494140625 0.3442382811320755 0.4921875 0.3530273433962264 0.48228280625 0.3745177150943396 0.477333778125 0.39790187358490564 0.53078328375 0.44392783679245285 0.5537109375 0.42480468773584906 0.5654296875 0.41894531226415094 0.5791015625 0.41015625 0.587890625 0.4028320311320755 0.5087890625 0.3339843754716981
21 0.3203125 0.7836914066037736 0.359375 0.7045898433962264 0.361328125 0.6987304688679246 0.365234375 0.6577148433962264 0.32421875 0.5493164066037736 0.3232421875 0.547851562264151 0.3154296875 0.5449218754716981 0.2861328125 0.5449218754716981 0.2470703125 0.571289062264151 0.2421875 0.5786132811320754 0.23828125 0.5903320311320754 0.23046875 0.6166992188679246 0.23046875 0.6342773433962264 0.234375 0.6635742188679246 0.248046875 0.6928710933962264 0.306640625 0.7866210933962264 0.3095703125 0.7910156245283019 0.3154296875 0.7910156245283019 0.3203125 0.7836914066037736
21 0.61328125 0.5375976566037736 0.611328125 0.5317382811320754 0.6005859375 0.515625 0.5751953125 0.4921875 0.5693359375 0.4921875 0.568359375 0.4936523433962264 0.5 0.6020507811320754 0.5283203125 0.6328125 0.5576171875 0.647460937735849 0.5654296875 0.647460937735849 0.5908203125 0.641601562264151 0.591796875 0.6401367188679246 0.61328125 0.5434570311320754 0.61328125 0.5375976566037736
13 0.3642578125 0.13769531226415094 0.365234375 0.13623046886792453 0.365234375 0.13330078113207547 0.3642578125 0.13183593773584906 0.3623046875 0.13183593773584906 0.361328125 0.13330078113207547 0.3642578125 0.13769531226415094
13 0.3662109375 0.140625 0.365234375 0.1420898433962264 0.365234375 0.14501953113207547 0.3671875 0.1538085933962264 0.3701171875 0.15820312452830187 0.3740234375 0.16113281226415094 0.376953125 0.15673828113207547 0.376953125 0.1538085933962264 0.3662109375 0.140625