27 0.6396484375 0.2109375 0.638671875 0.2124023433962264 0.6416015625 0.21679687452830187 0.6455078125 0.21972656226415094 0.6474609375 0.21972656226415094 0.6484375 0.21826171886792453 0.6455078125 0.21386718773584906 0.6416015625 0.2109375 0.6396484375 0.2109375
27 0.5966796875 0.09375 0.5712890625 0.10253906226415094 0.5654296875 0.10839843773584906 0.5625 0.11279296886792453 0.556640625 0.12451171886792455 0.556640625 0.1274414066037736 0.6201171875 0.19921875 0.6357421875 0.2109375 0.6376953125 0.2109375 0.6484375 0.19482421886792453 0.6328125 0.15673828113207547 0.5966796875 0.09375
27 0.5146484375 0.17285156226415094 0.515625 0.17138671886792453 0.517578125 0.15673828113207547 0.4892578125 0.07617187547169811 0.4833984375 0.07617187547169811 0.4541015625 0.08789062452830189 0.4091796875 0.1171875 0.408203125 0.11865234339622642 0.408203125 0.12451171886792455 0.41015625 0.1303710933962264 0.4140625 0.1391601566037736 0.4169921875 0.14355468773584906 0.4228515625 0.14941406226415094 0.5009765625 0.17285156226415094 0.5146484375 0.17285156226415094
27 0.3330078125 0.12597656226415094 0.30859375 0.1743164066037736 0.302734375 0.1889648433962264 0.283203125 0.2416992188679245 0.283203125 0.2446289066037736 0.3037109375 0.2753906245283019 0.3076171875 0.2753906245283019 0.359375 0.2094726566037736 0.359375 0.19189453113207547 0.3359375 0.1303710933962264 0.3330078125 0.12597656226415094
27 0.3701171875 0.5214843754716981 0.3759765625 0.515625 0.37890625 0.5112304688679246 0.380859375 0.5053710933962264 0.3828125 0.4555664066037736 0.375 0.4379882811320755 0.3642578125 0.41894531226415094 0.3349609375 0.39550781226415094 0.3310546875 0.39550781226415094 0.328125 0.3999023433962264 0.328125 0.4204101566037736 0.345703125 0.5112304688679246 0.34765625 0.5170898433962264 0.3505859375 0.5214843754716981 0.3544921875 0.524414062264151 0.3642578125 0.524414062264151 0.3701171875 0.5214843754716981
27 0.49609375 0.4614257811320755 0.49609375 0.4497070311320755 0.4951171875 0.44824218773584906 0.4541015625 0.42480468773584906 0.4482421875 0.42480468773584906 0.4453125 0.4291992188679245 0.41796875 0.5024414066037736 0.41796875 0.5112304688679246 0.421875 0.5229492188679246 0.4267578125 0.530273437735849 0.4306640625 0.5332031245283019 0.4384765625 0.536132812264151 0.4873046875 0.4746093745283019 0.49609375 0.4614257811320755
27 0.337890625 0.6372070311320754 0.3349609375 0.6328125 0.3251953125 0.624023437735849 0.314453125 0.6401367188679246 0.3125 0.6459960933962264 0.3125 0.7690429688679246 0.3173828125 0.776367187735849 0.3232421875 0.776367187735849 0.3603515625 0.747070312264151 0.369140625 0.7338867188679246 0.3671875 0.7250976566037736 0.337890625 0.6372070311320754
27 0.4326171875 0.764648437735849 0.435546875 0.7602539066037736 0.435546875 0.7456054688679246 0.427734375 0.7133789066037736 0.408203125 0.6489257811320754 0.4033203125 0.641601562264151 0.3798828125 0.641601562264151 0.37890625 0.6430664066037736 0.37890625 0.6459960933962264 0.380859375 0.6752929688679246 0.392578125 0.7631835933962264 0.396484375 0.7778320311320754 0.3974609375 0.7792968754716981 0.4013671875 0.7792968754716981 0.4326171875 0.764648437735849
27 0.6015625 0.5844726566037736 0.603515625 0.5727539066037736 0.603515625 0.5581054688679246 0.6015625 0.5493164066037736 0.5732421875 0.4980468754716982 0.5380859375 0.46875 0.5302734375 0.46875 0.52734375 0.4760742188679245 0.501953125 0.5698242188679246 0.501953125 0.5786132811320754 0.5048828125 0.583007812264151 0.5126953125 0.588867187735849 0.5830078125 0.6035156245283019 0.5908203125 0.6035156245283019 0.599609375 0.5903320311320754 0.6015625 0.5844726566037736
27 0.66796875 0.5874023433962264 0.66796875 0.5727539066037736 0.65234375 0.5258789066037736 0.6318359375 0.47167968773584906 0.6259765625 0.47167968773584906 0.6181640625 0.47753906226415094 0.609375 0.4907226566037736 0.607421875 0.49658203113207544 0.607421875 0.5112304688679246 0.615234375 0.6166992188679246 0.6201171875 0.624023437735849 0.6279296875 0.629882812264151 0.6298828125 0.629882812264151 0.6650390625 0.5917968754716981 0.66796875 0.5874023433962264
27 0.6982421875 0.7324218754716981 0.70703125 0.7192382811320754 0.70703125 0.7075195311320754 0.666015625 0.6049804688679246 0.6630859375 0.600585937735849 0.646484375 0.6137695311320754 0.638671875 0.6635742188679246 0.638671875 0.6723632811320754 0.640625 0.6840820311320754 0.6708984375 0.7207031245283019 0.6806640625 0.729492187735849 0.6884765625 0.735351562264151 0.6943359375 0.735351562264151 0.6982421875 0.7324218754716981
27 0.763671875 0.4057617188679245 0.763671875 0.3911132811320755 0.76171875 0.3852539066037736 0.7587890625 0.3808593754716981 0.7451171875 0.3808593754716981 0.7021484375 0.41308593773584906 0.69921875 0.4174804688679245 0.69921875 0.4233398433962264 0.72265625 0.5083007811320754 0.7275390625 0.515625 0.7470703125 0.515625 0.7568359375 0.506835937735849 0.759765625 0.5024414066037736 0.763671875 0.4057617188679245
27 0.744140625 0.2885742188679245 0.7421875 0.2797851566037736 0.7333984375 0.26660156226415094 0.6552734375 0.28417968773584906 0.6474609375 0.29003906226415094 0.64453125 0.2944335933962264 0.64453125 0.3237304688679245 0.6787109375 0.39550781226415094 0.6806640625 0.39550781226415094 0.681640625 0.3940429688679245 0.7421875 0.3002929688679245 0.744140625 0.2944335933962264 0.744140625 0.2885742188679245
27 0.47265625 0.2944335933962264 0.4580078125 0.27246093773584906 0.4443359375 0.26074218773584906 0.4423828125 0.26074218773584906 0.4365234375 0.26660156226415094 0.43359375 0.2709960933962264 0.431640625 0.2768554688679245 0.43359375 0.3354492188679245 0.435546875 0.3413085933962264 0.4462890625 0.3515625 0.4931640625 0.37792968773584906 0.5 0.3588867188679245 0.5 0.3413085933962264 0.47265625 0.2944335933962264
18 0.5068359375 0.29296875 0.5205078125 0.29589843773584906 0.5263671875 0.29589843773584906 0.5322265625 0.29296875 0.5439453125 0.28417968773584906 0.55078125 0.2651367188679245 0.55078125 0.2475585933962264 0.548828125 0.2329101566037736 0.546875 0.22705078113207547 0.5439453125 0.22265625 0.5361328125 0.21386718773584906 0.5283203125 0.20800781226415094 0.4755859375 0.17285156226415094 0.4580078125 0.1640625 0.4404296875 0.1640625 0.4287109375 0.17285156226415094 0.419921875 0.1889648433962264 0.416015625 0.20654296886792453 0.416015625 0.21533203113207547 0.41796875 0.22705078113207547 0.419921875 0.2329101566037736 0.4326171875 0.2519531245283019 0.4423828125 0.26074218773584906 0.4794921875 0.28417968773584906 0.5068359375 0.29296875
18 0.5576171875 0.38671875 0.5517578125 0.3808593754716981 0.5419921875 0.375 0.5322265625 0.375 0.529296875 0.3793945311320755 0.52734375 0.3852539066037736 0.529296875 0.3940429688679245 0.5322265625 0.3984375 0.5595703125 0.42480468773584906 0.5712890625 0.42480468773584906 0.572265625 0.4233398433962264 0.572265625 0.4086914066037736 0.5576171875 0.38671875
21 0.3125 0.4497070311320755 0.3046875 0.4086914066037736 0.3017578125 0.4042968745283019 0.2587890625 0.4394531245283019 0.255859375 0.4438476566037736 0.22265625 0.5112304688679246 0.2236328125 0.512695312264151 0.2294921875 0.515625 0.2998046875 0.52734375 0.302734375 0.5229492188679246 0.306640625 0.5112304688679246 0.3125 0.4555664066037736 0.3125 0.4497070311320755
6 0.458984375 0.6020507811320754 0.4580078125 0.600585937735849 0.4482421875 0.59765625 0.4443359375 0.59765625 0.44140625 0.6020507811320754 0.439453125 0.6079101566037736 0.4375 0.6372070311320754 0.4375 0.6870117188679246 0.44921875 0.7280273433962264 0.4541015625 0.735351562264151 0.4580078125 0.73828125 0.482421875 0.7075195311320754 0.470703125 0.6313476566037736 0.458984375 0.6020507811320754
13 0.4150390625 0.3046875 0.41796875 0.2973632811320755 0.41796875 0.2944335933962264 0.4150390625 0.29003906226415094 0.3505859375 0.24023437452830187 0.3486328125 0.24023437452830187 0.345703125 0.2446289066037736 0.34375 0.2504882811320755 0.341796875 0.2622070311320755 0.33984375 0.3061523433962264 0.341796875 0.3559570311320755 0.3505859375 0.36328125 0.3564453125 0.36621093773584906 0.3583984375 0.36621093773584906 0.3623046875 0.36328125 0.4072265625 0.31347656226415094 0.4150390625 0.3046875
14 0.5986328125 0.2753906245283019 0.5751953125 0.26953125 0.5712890625 0.26953125 0.5634765625 0.27832031226415094 0.5625 0.2797851566037736 0.5654296875 0.28417968773584906 0.5810546875 0.29589843773584906 0.5947265625 0.29589843773584906 0.5986328125 0.29296875 0.6015625 0.2885742188679245 0.6015625 0.2797851566037736 0.5986328125 0.2753906245283019
20 0.70703125 0.1977539066037736 0.701171875 0.1860351566037736 0.6923828125 0.17285156226415094 0.6826171875 0.16699218773584906 0.6728515625 0.16699218773584906 0.669921875 0.17138671886792453 0.669921875 0.18017578113207547 0.673828125 0.1889648433962264 0.6884765625 0.20800781226415094 0.6943359375 0.21386718773584906 0.7099609375 0.22265625 0.712890625 0.21826171886792453 0.70703125 0.1977539066037736
20 0.609375 0.2006835933962264 0.6064453125 0.19628906226415094 0.6025390625 0.19628906226415094 0.5986328125 0.19921875 0.59375 0.20654296886792453 0.5859375 0.2211914066037736 0.583984375 0.22705078113207547 0.583984375 0.22998046886792453 0.5849609375 0.23144531226415094 0.5947265625 0.23730468773584906 0.6025390625 0.24023437452830187 0.603515625 0.23876953113207547 0.609375 0.2094726566037736 0.609375 0.2006835933962264
20 0.5986328125 0.34277343773584906 0.5927734375 0.33984375 0.5869140625 0.33984375 0.5810546875 0.34277343773584906 0.580078125 0.3442382811320755 0.568359375 0.3706054688679245 0.568359375 0.3735351566037736 0.5693359375 0.375 0.6044921875 0.38964843773584906 0.6064453125 0.38964843773584906 0.607421875 0.3881835933962264 0.60546875 0.3530273433962264 0.5986328125 0.34277343773584906
20 0.7197265625 0.5566406245283019 0.71875 0.5581054688679246 0.697265625 0.6401367188679246 0.701171875 0.6518554688679246 0.7060546875 0.659179687735849 0.7119140625 0.659179687735849 0.7265625 0.6372070311320754 0.740234375 0.5932617188679246 0.72265625 0.5610351566037736 0.7197265625 0.5566406245283019
20 0.6474609375 0.735351562264151 0.6318359375 0.723632812264151 0.6005859375 0.723632812264151 0.599609375 0.7250976566037736 0.6103515625 0.73828125 0.6455078125 0.770507812264151 0.6494140625 0.7734375 0.6513671875 0.7734375 0.65234375 0.7719726566037736 0.654296875 0.7456054688679246 0.6474609375 0.735351562264151
20 0.580078125 0.6928710933962264 0.57421875 0.6694335933962264 0.5615234375 0.6503906245283019 0.5576171875 0.647460937735849 0.5537109375 0.647460937735849 0.5498046875 0.6503906245283019 0.546875 0.6547851566037736 0.546875 0.6665039066037736 0.548828125 0.6723632811320754 0.5517578125 0.676757812264151 0.5654296875 0.69140625 0.5771484375 0.700195312264151 0.580078125 0.6958007811320754 0.580078125 0.6928710933962264
20 0.2880859375 0.5214843754716981 0.2861328125 0.5214843754716981 0.2724609375 0.530273437735849 0.26953125 0.5346679688679246 0.26953125 0.5405273433962264 0.2978515625 0.588867187735849 0.3154296875 0.5800781245283019 0.31640625 0.5786132811320754 0.31640625 0.5756835933962264 0.29296875 0.5288085933962264 0.2880859375 0.5214843754716981
20 0.3154296875 0.3691406245283019 0.3095703125 0.3691406245283019 0.3046875 0.3764648433962264 0.3046875 0.3852539066037736 0.306640625 0.3940429688679245 0.3076171875 0.39550781226415094 0.3173828125 0.39550781226415094 0.318359375 0.3940429688679245 0.318359375 0.3735351566037736 0.3154296875 0.3691406245283019
9 0.37890625 0.4233398433962264 0.37890625 0.4057617188679245 0.376953125 0.3999023433962264 0.3720703125 0.3925781245283019 0.3623046875 0.3925781245283019 0.357421875 0.3969726566037736 0.35546875 0.4028320311320755 0.35546875 0.4116210933962264 0.357421875 0.4174804688679245 0.3681640625 0.43066406226415094 0.3720703125 0.43359375 0.3740234375 0.43359375 0.376953125 0.4291992188679245 0.37890625 0.4233398433962264