3 0.3291015625 0.25488281226415094 0.3134765625 0.2431640622641509 0.3017578125 0.2431640622641509 0.2978515625 0.24609375 0.287109375 0.2622070311320755 0.28125 0.2739257811320755 0.28125 0.2797851566037736 0.2841796875 0.28417968773584906 0.3173828125 0.3046875 0.32421875 0.2944335933962264 0.33203125 0.2651367188679245 0.33203125 0.2592773433962264 0.3291015625 0.25488281226415094
21 0.4697265625 0.10546875 0.3818359375 0.14648437547169813 0.3779296875 0.14941406226415094 0.375 0.15673828113207547 0.37109375 0.18017578113207547 0.37109375 0.19189453113207547 0.4267578125 0.2753906245283019 0.4423828125 0.28125 0.4912109375 0.28417968773584906 0.5009765625 0.27832031226415094 0.5546875 0.2006835933962264 0.4697265625 0.10546875
14 0.595703125 0.1420898433962264 0.5927734375 0.13769531226415094 0.5791015625 0.13183593773584906 0.5673828125 0.13183593773584906 0.564453125 0.13623046886792453 0.564453125 0.14501953113207547 0.5693359375 0.15820312452830187 0.5908203125 0.16699218773584906 0.595703125 0.15966796886792453 0.59765625 0.1538085933962264 0.59765625 0.14794921886792453 0.595703125 0.1420898433962264
18 0.6728515625 0.19335937547169813 0.6591796875 0.19335937547169813 0.6533203125 0.19628906226415094 0.6435546875 0.20507812452830187 0.642578125 0.20654296886792453 0.642578125 0.2094726566037736 0.6533203125 0.21972656226415094 0.6787109375 0.22558593773584906 0.681640625 0.2211914066037736 0.68359375 0.21533203113207547 0.68359375 0.2094726566037736 0.6728515625 0.19335937547169813
9 0.7119140625 0.36035156226415094 0.7060546875 0.3574218754716981 0.6982421875 0.3574218754716981 0.697265625 0.3588867188679245 0.697265625 0.3618164066037736 0.7060546875 0.375 0.7119140625 0.37792968773584906 0.7177734375 0.375 0.71875 0.3735351566037736 0.71875 0.3676757811320755 0.7119140625 0.36035156226415094
21 0.779296875 0.5551757811320754 0.7607421875 0.536132812264151 0.7587890625 0.536132812264151 0.6845703125 0.5859375 0.6787109375 0.5917968754716981 0.669921875 0.6049804688679246 0.66796875 0.6166992188679246 0.66796875 0.6225585933962264 0.681640625 0.7133789066037736 0.6865234375 0.7207031245283019 0.7861328125 0.66796875 0.787109375 0.6665039066037736 0.796875 0.6108398433962264 0.779296875 0.5551757811320754
14 0.619140625 0.4584960933962264 0.623046875 0.4467773433962264 0.623046875 0.4350585933962264 0.6220703125 0.43359375 0.6181640625 0.43359375 0.5927734375 0.4394531245283019 0.5830078125 0.4453125 0.58203125 0.4467773433962264 0.58203125 0.4497070311320755 0.583984375 0.4555664066037736 0.5908203125 0.46582031226415094 0.5947265625 0.46875 0.6025390625 0.46875 0.6162109375 0.4628906245283019 0.619140625 0.4584960933962264
9 0.5947265625 0.606445312264151 0.5888671875 0.600585937735849 0.5771484375 0.600585937735849 0.568359375 0.6079101566037736 0.564453125 0.6166992188679246 0.564453125 0.6459960933962264 0.5673828125 0.6503906245283019 0.5712890625 0.6503906245283019 0.599609375 0.6196289066037736 0.599609375 0.6166992188679246 0.59765625 0.6108398433962264 0.5947265625 0.606445312264151
9 0.619140625 0.6928710933962264 0.619140625 0.6840820311320754 0.6181640625 0.682617187735849 0.6083984375 0.682617187735849 0.5888671875 0.6855468754716981 0.5859375 0.6899414066037736 0.5859375 0.6987304688679246 0.5908203125 0.7089843754716981 0.5986328125 0.71484375 0.6083984375 0.71484375 0.6142578125 0.7089843754716981 0.6171875 0.7016601566037736 0.619140625 0.6928710933962264
1 0.54296875 0.7456054688679246 0.5400390625 0.73828125 0.5048828125 0.717773437735849 0.5029296875 0.717773437735849 0.498046875 0.7250976566037736 0.49609375 0.7309570311320754 0.49609375 0.7397460933962264 0.5068359375 0.7558593754716981 0.5244140625 0.764648437735849 0.5341796875 0.764648437735849 0.5390625 0.7602539066037736 0.54296875 0.7485351566037736 0.54296875 0.7456054688679246
9 0.53515625 0.6899414066037736 0.53515625 0.6782226566037736 0.5263671875 0.665039062264151 0.5205078125 0.6621093754716981 0.5146484375 0.6621093754716981 0.5068359375 0.66796875 0.498046875 0.6811523433962264 0.498046875 0.6870117188679246 0.5 0.6928710933962264 0.5009765625 0.694335937735849 0.5263671875 0.7089843754716981 0.5283203125 0.7089843754716981 0.533203125 0.7016601566037736 0.53515625 0.6899414066037736
9 0.443359375 0.7250976566037736 0.44140625 0.7163085933962264 0.4345703125 0.706054687735849 0.4306640625 0.703125 0.4169921875 0.703125 0.412109375 0.7104492188679246 0.412109375 0.7133789066037736 0.421875 0.7426757811320754 0.4267578125 0.747070312264151 0.4365234375 0.747070312264151 0.44140625 0.7397460933962264 0.443359375 0.7338867188679246 0.443359375 0.7250976566037736
18 0.451171875 0.6079101566037736 0.451171875 0.6049804688679246 0.44921875 0.5991210933962264 0.4482421875 0.59765625 0.4462890625 0.59765625 0.4150390625 0.6328125 0.4140625 0.6342773433962264 0.4140625 0.6430664066037736 0.4169921875 0.647460937735849 0.4306640625 0.647460937735849 0.4345703125 0.64453125 0.4453125 0.6284179688679246 0.44921875 0.6196289066037736 0.451171875 0.6079101566037736
9 0.484375 0.5200195311320754 0.484375 0.5053710933962264 0.48046875 0.49658203113207544 0.4775390625 0.4921875 0.4658203125 0.4863281245283018 0.4619140625 0.4863281245283018 0.45703125 0.4936523433962264 0.45703125 0.49951171886792456 0.46484375 0.5463867188679246 0.4658203125 0.547851562264151 0.4677734375 0.547851562264151 0.4716796875 0.5449218754716981 0.48046875 0.5317382811320754 0.484375 0.5200195311320754
1 0.333984375 0.7836914066037736 0.337890625 0.7690429688679246 0.337890625 0.7543945311320754 0.3359375 0.7485351566037736 0.3203125 0.7163085933962264 0.3173828125 0.711914062264151 0.3154296875 0.711914062264151 0.3095703125 0.717773437735849 0.3046875 0.7250976566037736 0.294921875 0.7456054688679246 0.294921875 0.7573242188679246 0.298828125 0.7719726566037736 0.3076171875 0.78515625 0.3154296875 0.7910156245283019 0.3271484375 0.7910156245283019 0.3310546875 0.788085937735849 0.333984375 0.7836914066037736
9 0.330078125 0.6049804688679246 0.326171875 0.5932617188679246 0.3232421875 0.588867187735849 0.3154296875 0.583007812264151 0.3076171875 0.583007812264151 0.2939453125 0.5917968754716981 0.29296875 0.5932617188679246 0.29296875 0.5961914066037736 0.2998046875 0.606445312264151 0.3056640625 0.612304687735849 0.3232421875 0.624023437735849 0.3271484375 0.62109375 0.330078125 0.6137695311320754 0.330078125 0.6049804688679246
1 0.30078125 0.5170898433962264 0.30078125 0.5112304688679246 0.2939453125 0.500976562264151 0.2900390625 0.4980468754716982 0.2802734375 0.4980468754716982 0.275390625 0.5053710933962264 0.275390625 0.5141601566037736 0.27734375 0.5200195311320754 0.2802734375 0.524414062264151 0.2841796875 0.52734375 0.2919921875 0.52734375 0.2978515625 0.5214843754716981 0.30078125 0.5170898433962264
1 0.263671875 0.3706054688679245 0.2587890625 0.3574218754716981 0.2548828125 0.36035156226415094 0.251953125 0.3647460933962264 0.25 0.3706054688679245 0.244140625 0.4086914066037736 0.24609375 0.4174804688679245 0.2490234375 0.421875 0.2568359375 0.42480468773584906 0.2607421875 0.421875 0.267578125 0.4116210933962264 0.267578125 0.3852539066037736 0.263671875 0.3706054688679245